0.010896 1364.58185409931 12.36977359188 
0.011402 1191.84152505015 12.12965364684 
0.011909 1095.34666867086 12.23713161950 
0.012416 983.89236817441 9.27260762896 
0.012923 889.70234935756 7.22943002754 
0.013430 828.29402817551 11.56973260650 
0.013936 788.33339110577 9.41464723594 
0.014443 740.06354681819 7.17243194543 
0.014950 682.16061753909 6.41767753669 
0.015457 627.87874212805 5.22705581076 
0.015963 585.12880757427 4.93396441328 
0.016470 545.20748729875 4.49487967037 
0.016977 511.20212859930 3.87821821906 
0.017484 474.94390963540 3.23239346203 
0.017990 453.93368622379 3.25967670823 
0.018497 423.92701794344 2.57923366092 
0.019004 403.58364226150 2.39820014402 
0.019511 380.90324847337 2.16529490675 
0.020018 362.61465930715 2.08105706203 
0.020524 345.87244766157 1.99863232243 
0.021031 330.64587223342 1.86591703207 
0.021538 316.96556797442 1.72389211292 
0.022045 304.57190906008 1.66124300312 
0.022551 291.78113050440 1.45364170974 
0.023058 281.43199527921 1.41059519034 
0.023565 268.31044601933 1.50827801008 
0.024072 261.60760419167 1.70298449383 
0.024579 251.54229366380 1.76483091905 
0.025085 243.89008867988 2.01334888526 
0.025592 236.48759647541 2.09946574399 
0.026099 229.33417182005 2.05434910022 
0.026606 222.79582878999 1.69943162245 
0.027112 218.37006506613 1.74209231712 
0.027619 212.87974221047 1.58142325861 
0.028126 207.37165824638 1.48760050615 
0.028633 202.68943617096 1.39542398936 
0.029139 198.78749046140 1.27357040913 
0.029646 195.23669152155 1.20939069659 
0.030153 190.03474561805 1.19189283094 
0.030660 186.65357151950 1.00333098487 
0.031167 182.77449229341 0.92157070448 
0.031673 178.70858374150 0.94879245129 
0.032180 175.32496492552 0.90038367740 
0.032687 173.15564435245 0.93763380730 
0.033194 170.28569781966 0.87202424790 
0.033700 166.93485634626 0.75407488927 
0.034207 165.96521736627 0.73676010145 
0.034714 162.63672760298 0.78398477490 
0.035221 160.24710052134 0.73150327007 
0.035727 158.18878130483 0.68199683696 
0.036234 155.92743874155 0.66262519195 
0.036741 155.17729505537 0.69592580299 
0.037248 152.74723586811 0.69207421843 
0.037755 151.17083860201 0.62877659487 
0.038261 148.35416490884 0.62311558521 
0.038768 148.09202518393 0.58679277069 
0.039275 146.32440873141 0.59994651255 
0.039782 143.92837545136 0.59820072513 
0.040288 142.83425729797 0.54516744811 
0.040795 141.02652709088 0.53619784768 
0.041302 139.40527766559 0.56854561228 
0.041809 137.89296066873 0.54746216631 
0.042315 136.98941387101 0.53977579966 
0.042822 135.25001902041 0.55506613409 
0.043329 134.45025782022 0.54822543873 
0.043836 133.34574938909 0.53032607725 
0.044343 133.49677035715 0.51490262613 
0.044849 132.39393979078 0.53449308366 
0.045356 131.41179518073 0.51689776985 
0.045863 129.97540856230 0.53241274308 
0.046370 128.31807233772 0.50147328515 
0.046876 128.28864108963 0.48869154476 
0.047383 127.69870596342 0.52250537781 
0.047890 126.25539419693 0.48838673586 
0.048397 126.31121704116 0.49340018174 
0.048903 123.48520499470 0.49533312296 
0.049410 124.06899236575 0.48059602053 
0.049917 122.84767415426 0.46354259067 
0.050424 122.08589462281 0.47035459188 
0.050931 120.83265414865 0.45014804724 
0.051437 121.32091046359 0.44640343291 
0.051944 120.25181203449 0.43159995269 
0.052451 119.20315464396 0.44381785861 
0.052958 118.14522624708 0.43956249998 
0.053464 118.15050440890 0.43955725826 
0.053971 116.99806664801 0.43189764435 
0.054478 117.71926093544 0.44733200007 
0.054985 116.14275685431 0.45222496126 
0.055491 115.89095657884 0.44025877631 
0.055998 114.22418268002 0.43556824660 
0.056505 114.79223140910 0.42580441622 
0.057012 113.69541006900 0.42374866708 
0.057519 113.20358968779 0.44374040758 
0.058025 112.69990800654 0.41196931532 
0.058532 112.11363954832 0.40408672754 
0.059039 111.43743796823 0.40533259844 
0.059546 111.28742708559 0.44176575244 
0.060052 109.93337193072 0.41536655749 
0.060559 109.81281780456 0.41105481218 
0.061066 109.17131850968 0.38438481886 
0.061573 108.92139009829 0.40005483682 
0.062079 108.16186571290 0.40482145849 
0.062586 108.30677096289 0.40204429473 
0.063093 108.14961777907 0.37566727751 
0.063600 106.73295155612 0.38237986990 
0.064106 106.66736165854 0.39719380431 
0.064613 106.56947462159 0.40029445355 
0.065120 105.81607098018 0.37617268524 
0.065627 105.85611591808 0.38218607959 
0.066134 105.30420053447 0.37156190602 
0.066640 105.09390657752 0.37278734379 
0.067147 104.45487737434 0.37260171584 
0.067654 104.41778648989 0.37268424272 
0.068161 103.90809069949 0.36236607034 
0.068667 103.45801354070 0.37978396210 
0.069174 102.79794583321 0.36815963873 
0.069681 102.93954944678 0.35673020057 
0.070188 102.10766717373 0.36975273771 
0.070694 102.26584103131 0.36078039928 
0.071201 101.90794405732 0.36061935819 
0.071708 101.74194323297 0.35305194903 
0.072215 101.26108379828 0.35141101835 
0.072721 101.01488517289 0.36224098828 
0.073228 100.51561543291 0.33398465108 
0.073735 99.83587024821 0.34202359717 
0.074242 100.18680584221 0.34377948497 
0.074748 99.38813102094 0.34652245185 
0.075255 99.30890216719 0.33390374650 
0.075762 98.77453258289 0.33408066308 
0.076269 99.14130222634 0.34726299186 
0.076776 98.55971711489 0.33961250620 
0.077282 98.42985764330 0.32317902045 
0.077789 98.15847984161 0.32521165412 
0.078296 98.34208277234 0.33437022728 
0.078803 97.47770078606 0.32679066120 
0.079309 97.85656528297 0.34859564997 
0.079816 96.70138607684 0.32897239030 
0.080323 97.23270560585 0.33267201533 
0.080830 97.12894516448 0.31286893551 
0.081336 97.05552226174 0.33698033962 
0.081843 96.79281408547 0.34047566511 
0.082350 96.27928708853 0.32222550566 
0.082857 96.88714496359 0.32932050213 
0.083363 96.08881358890 0.33228644228 
0.083870 96.18222064374 0.32931831783 
0.084377 95.61522824207 0.34568170476 
0.084884 95.80141393753 0.33532895609 
0.085390 95.73507621926 0.34275151958 
0.085897 95.25047010235 0.33141983148 
0.086404 95.88199185721 0.32664276718 
0.086911 95.41350292019 0.32490915683 
0.087417 95.15625889755 0.33241222057 
0.087924 95.17741093740 0.33213349929 
0.088431 94.56192927877 0.32887427824 
0.088938 95.12135266882 0.32280353903 
0.089444 94.56962750728 0.32869971522 
0.089951 94.64832707392 0.32675233633 
0.090458 94.04883127140 0.32173088884 
0.090965 93.67263668813 0.31896515613 
0.091471 94.23258490910 0.32720605092 
0.091978 93.09001033260 0.33058944440 
0.092485 92.41087303748 0.35237762559 
0.092992 92.53507215189 0.33293161282 
0.093498 93.14524404998 0.34862631383 
0.094005 93.31396161002 0.34095045794 
0.094512 92.38182587813 0.32846595935 
0.095019 92.13542381174 0.33120178690 
0.095525 92.43429066402 0.33928566570 
0.096032 92.86336883205 0.32262899612 
0.096539 92.15514191300 0.32046631009 
0.097046 92.43653877267 0.32739588638 
0.097552 92.67743101423 0.32883346512 
0.098059 92.34483789890 0.33269798836 
0.098566 91.88446534757 0.32867552947 
0.099073 91.70104313264 0.32304934821 
0.099579 91.87978972951 0.32173895703 
0.100086 92.18635299366 0.32791299381 
0.100593 91.77435327310 0.32769547354 
0.101100 91.05341359099 0.33096953176 
0.101606 91.27100057993 0.31328558053 
0.102113 90.46344500413 0.29482558670 
0.102620 89.77411587517 0.30277500447 
0.103127 89.55952987280 0.30073841147 
0.103633 89.03978289176 0.29098329329 
0.104140 88.28251213946 0.30276669603 
0.104647 88.48455824503 0.29126737719 
0.105154 88.60319666537 0.30967610441 
0.105660 88.35273724091 0.31011574815 
0.106167 88.40950495466 0.30660134776 
0.106674 88.04357429681 0.31155123917 
0.107181 87.97492057540 0.30359937919 
0.107687 87.48292677811 0.30399009735 
0.108194 87.59945447493 0.29514070740 
0.108701 87.77778416952 0.28718847938 
0.109208 87.86534967459 0.29467360204 
0.109714 87.96394576745 0.29626147664 
0.110221 87.56290261757 0.29141994122 
0.110728 87.65905779678 0.29646783031 
0.111235 87.59738668303 0.28981122947 
0.111741 86.79790957887 0.28072526911 
0.112248 87.38040527430 0.28659896057 
0.112755 87.26520479691 0.28800268796 
0.113262 86.91780213634 0.28334130359 
0.113768 86.94014455396 0.27650384671 
0.114275 87.13786169601 0.28001464602 
0.114782 87.07538167520 0.27842878824 
0.115289 86.97371774974 0.28180116120 
0.115795 86.89333377198 0.27558739009 
0.116302 86.43572568790 0.27253913218 
0.116809 86.24050526186 0.27196406679 
0.117316 86.60380165740 0.27751822038 
0.117822 86.11776908048 0.28102103396 
0.118329 86.32281297690 0.26871561353 
0.118836 86.36617578294 0.27494221841 
0.119342 85.97593044482 0.27823393597 
0.119849 85.61507634768 0.27031760406 
0.120356 85.79571484430 0.27256289760 
0.120863 85.75399930161 0.25802035320 
0.121369 85.93214009288 0.25861476899 
0.121876 85.61904331447 0.26843972856 
0.122383 85.23846591908 0.26141039117 
0.122890 85.07296852567 0.26460575627 
0.123396 85.33513989333 0.26721750701 
0.123903 85.23213137531 0.26030761593 
0.124410 85.24322259644 0.26177118039 
0.124917 84.98322543959 0.25871627539 
0.125423 85.32176869871 0.26316844991 
0.125930 85.20650160591 0.26451682363 
0.126437 85.04858573767 0.25555913449 
0.126944 85.00790675025 0.26338909641 
0.127450 85.10259231198 0.25716993661 
0.127957 84.59267723794 0.25525576918 
0.128464 84.70628566432 0.25554246662 
0.128970 84.03322756467 0.25232455135 
0.129477 84.50722913945 0.25850967040 
0.129984 84.52642152892 0.25844323193 
0.130491 84.02967847131 0.25268641467 
0.130997 84.25763445896 0.25421116977 
0.131504 84.17848413150 0.24203157882 
0.132011 84.61431884382 0.25300590618 
0.132518 83.75273053331 0.24218633487 
0.133024 83.70262870363 0.25126115130 
0.133531 84.15231601512 0.24660905954 
0.134038 83.91368481733 0.25115506103 
0.134545 83.82591156200 0.24444597241 
0.135051 83.73118854684 0.24933780082 
0.135558 83.77194803796 0.24436825334 
0.136065 83.47717870161 0.24311467170 
0.136571 83.52170905499 0.24851388767 
0.137078 83.41221086511 0.25183825351 
0.137585 83.57692917783 0.24442475162 
0.138092 83.73293290266 0.24399163863 
0.138598 83.14959532389 0.24141924869 
0.139105 82.99329219358 0.24362296634 
0.139612 83.46291857428 0.24226344306 
0.140119 82.76059275618 0.24188942493 
0.140625 83.46667656118 0.24363611595 
0.141132 82.99154084098 0.23963038274 
0.141639 82.77540706041 0.23876338359 
0.142145 82.85582012750 0.24300997642 
0.142652 82.77028613310 0.23997965809 
0.143159 82.64569147949 0.23954194363 
0.143666 82.38759381960 0.24898577955 
0.144172 82.57428753260 0.24055735400 
0.144679 82.45589279139 0.23973481200 
0.145186 82.38465276505 0.24573355321 
0.145692 81.90016489166 0.23834995760 
0.146199 81.96501576629 0.24568785347 
0.146706 81.93512904737 0.24221519724 
0.147213 82.21106058931 0.23378262908 
0.147719 81.78929171437 0.24087792868 
0.148226 81.55124534648 0.23903749301 
0.148733 81.83251265457 0.23716686758 
0.149240 81.41233853456 0.24188499093 
0.149746 81.48714930932 0.24283374613 
0.150253 81.36052759707 0.23602836258 
0.150760 81.58449365380 0.24687387782 
0.151266 81.33242045571 0.24287814199 
0.151773 81.04108028541 0.23825564449 
0.152280 81.09493120648 0.24011558391 
0.152787 80.95672679048 0.24155003176 
0.153293 81.13995937676 0.24220112306 
0.153800 80.96143899719 0.24016110587 
0.154307 81.09838602856 0.24452066249 
0.154813 80.64964526372 0.23816476902 
0.155320 80.59222303085 0.24154907455 
0.155827 80.69097671324 0.23787824937 
0.156334 80.81108815102 0.23495913158 
0.156840 80.54127935982 0.23685594647 
0.157347 80.11674158292 0.23668964315 
0.157854 80.30080326546 0.23828268739 
0.158360 80.42707601568 0.23548631827 
0.158867 80.12740243374 0.24031500797 
0.159374 80.17808131844 0.23320486656 
0.159881 80.21287721845 0.23783851156 
0.160387 79.91010408947 0.23312956717 
0.160894 79.83810162619 0.23617135704 
0.161401 80.18214286639 0.22612552493 
0.161907 79.67666758249 0.23206965899 
0.162414 79.37415072693 0.23017311674 
0.162921 79.86854092781 0.23565659669 
0.163427 79.68184319803 0.23363569971 
0.163934 79.97051787652 0.23497360860 
0.164441 79.26445617622 0.23690796416 
0.164948 79.42527229204 0.23303309500 
0.165454 79.50747498728 0.23316036470 
0.165961 79.34562263589 0.23378954215 
0.166468 79.20519643205 0.23163446794 
0.166974 78.99199667055 0.22658096253 
0.167481 79.13803615576 0.22924601584 
0.167988 79.18810194360 0.23041885557 
0.168495 79.29291345050 0.23589311175 
0.169001 79.16031428931 0.23366999500 
0.169508 79.07980180621 0.23538614902 
0.170015 78.88977515819 0.22924388025 
0.170521 79.18698786304 0.23375217104 
0.171028 79.14708016108 0.23762728490 
0.171535 79.19594653190 0.23756698081 
0.172041 79.13949412241 0.24312264248 
0.172548 78.97989662692 0.23242777406 
0.173055 79.05753092927 0.23712425557 
0.173562 79.02736200193 0.23490355798 
0.174068 79.07361152977 0.23871121843 
0.174575 79.19722967881 0.23656919540 
0.175082 78.87708714054 0.23274931603 
0.175588 78.98631440484 0.23293638065 
0.176095 79.08051676142 0.24013889914 
0.176602 79.07977484702 0.23061466119 
0.177108 78.81505542340 0.23846692612 
0.177615 78.92475518427 0.23402187016 
0.178122 78.81385804007 0.23310553774 
0.178629 79.09757650743 0.23844845708 
0.179135 78.91047221793 0.23717680393 
0.179642 78.79631067444 0.23865812428 
0.180149 78.42448084775 0.23033572641 
0.180655 78.68423433604 0.24297868717 
0.181162 78.68922889833 0.23493854208 
0.181669 78.54158913013 0.23669061068 
0.182175 78.88845127917 0.24522663972 
0.182682 78.82270786518 0.24337561119 
0.183189 78.61378288677 0.24011258449 
0.183695 78.63620569211 0.24087898996 
0.184202 78.59577725683 0.25163156443 
0.184709 78.47583813720 0.23877454545 
0.185216 78.46979134570 0.24542417031 
0.185722 78.43073513289 0.24496195699 
0.186229 77.99110417707 0.24582912797 
0.186736 78.10362032152 0.24432781365 
0.187242 78.10712650578 0.24088870260 
0.187749 78.06583415686 0.24224755031 
0.188256 78.21778876445 0.24828626506 
0.188762 78.09347138712 0.25113564761 
0.189269 77.81669903484 0.24682437337 
0.189776 77.79184359393 0.24247265581 
0.190282 77.47145243732 0.24513362906 
0.190789 77.32239490623 0.23895792902 
0.191296 77.94029937206 0.24514295996 
0.191802 77.47657545779 0.24253227134 
0.192309 76.79877677054 0.23878880805 
0.192816 77.06083035172 0.24478248458 
0.193323 76.57139436128 0.23154437262 
0.193829 77.11285553186 0.23289962409 
0.194336 76.55173073962 0.23778255959 
0.194843 76.60385952151 0.23074907502 
0.195349 76.41424146152 0.23619453178 
0.195856 76.45648467531 0.23462718954 
0.196363 76.02396073249 0.23580084269 
0.196869 76.32538316132 0.23461680606 
0.197376 76.00694186431 0.22710498224 
0.197883 76.46876133974 0.22892596014 
0.198389 76.06885552573 0.22691948404 
0.198896 76.06679419860 0.22566436341 
0.199403 75.85582311247 0.22381913558 
0.199909 75.80599001803 0.22534950809 
0.200416 75.88967673013 0.22299308197 
0.200923 75.68066228561 0.22915559138 
0.201429 75.94155158275 0.22334271047 
0.201936 75.43130701910 0.22155373498 
0.202443 75.73845521543 0.22050527563 
0.202949 75.80583350596 0.21887177144 
0.203456 75.62387096520 0.22347507566 
0.203963 75.25887758314 0.21525808359 
0.204469 75.51653371634 0.22230964204 
0.204976 75.68431573719 0.21825559282 
0.205483 75.57070012343 0.21952570294 
0.205989 75.60365604186 0.21719726958 
0.206496 75.43300867257 0.21627371943 
0.207003 75.63454925078 0.21912171131 
0.207509 75.54197276889 0.21960249928 
0.208016 75.19892523129 0.21154775434 
0.208523 75.35696810677 0.21672450062 
0.209029 75.43180970131 0.20902504224 
0.209536 75.16876328048 0.21491915958 
0.210043 75.12175075900 0.21596363228 
0.210549 75.19431690745 0.20968812209 
0.211056 75.37096044407 0.20645407852 
0.211563 75.25854496730 0.21184787505 
0.212069 75.17119033588 0.21183393852 
0.212576 75.01760339167 0.20903482132 
0.213083 75.03233334454 0.20905159481 
0.213589 74.99265804798 0.21074601735 
0.214096 74.96959004779 0.20550789362 
0.214603 74.81982683922 0.20693668962 
0.215109 74.78063218217 0.20898370879 
0.215616 74.82707947340 0.20598930699 
0.216123 74.61568748379 0.20695844596 
0.216629 74.70039468601 0.20923927702 
0.217136 74.50714729665 0.21021556661 
0.217643 74.47453012185 0.20912958826 
0.218149 74.11158348714 0.20516453644 
0.218656 73.87795205701 0.21090560210 
0.219163 74.34763461485 0.21003761847 
0.219669 74.35514439835 0.20625683399 
0.220176 74.30950490943 0.20472965050 
0.220683 73.91958465464 0.20900689106 
0.221189 74.03752721601 0.20541877061 
0.221696 74.21269148680 0.20485542207 
0.222203 74.19493863998 0.20939553513 
0.222709 74.15004962608 0.20346349718 
0.223216 73.94793471321 0.19833362239 
0.223722 73.97994710726 0.20264477287 
0.224229 73.96755434373 0.20335519424 
0.224736 73.70803336552 0.20546851311 
0.225242 73.74149182742 0.20321636471 
0.225749 73.72421221663 0.20439581533 
0.226256 73.68562768160 0.20164118858 
0.226762 73.32274111699 0.20018837031 
0.227269 73.76011412844 0.20355654982 
0.227776 73.59813583594 0.20653732814 
0.228282 73.23249717314 0.20544189885 
0.228789 73.19697316051 0.20413430023 
0.229296 73.46916554447 0.20567071980 
0.229802 73.20228114547 0.19972707437 
0.230309 72.97632132738 0.19782775100 
0.230816 72.99253015147 0.19717069782 
0.231322 73.14815256917 0.20217749936 
0.231829 73.01134764308 0.20032791981 
0.232335 73.01263001660 0.20130948877 
0.232842 72.90183335587 0.20122117173 
0.233349 72.84858205142 0.19787000616 
0.233855 72.90500326143 0.19990772131 
0.234362 72.91183202186 0.19945140909 
0.234869 72.88271007914 0.19898934301 
0.235375 72.67983267422 0.20295420729 
0.235882 72.61847512227 0.19932117778 
0.236389 72.65810206807 0.19931313215 
0.236895 72.48755674805 0.20165516356 
0.237402 72.64930210082 0.19961233579 
0.237908 72.24748184083 0.19958154351 
0.238415 72.35508037268 0.20286705107 
0.238922 72.35068712104 0.20230926904 
0.239428 72.24154195584 0.19957340232 
0.239935 72.09495966702 0.20304524013 
0.240442 72.01493855208 0.20062612684 
0.240948 72.19984590937 0.19642170221 
0.241455 72.01773746423 0.19885448232 
0.241962 72.04426719203 0.19815204067 
0.242468 71.96745442600 0.19738176162 
0.242975 72.03865319705 0.19603176037 
0.243481 71.98769556481 0.19893376650 
0.243988 72.07060421345 0.20012129284 
0.244495 71.90752538168 0.20125473030 
0.245001 71.84774385170 0.19999150368 
0.245508 71.72833480246 0.19493067981 
0.246015 71.65044916944 0.19896770550 
0.246521 71.61614527736 0.19559043388 
0.247028 71.79369437093 0.19964686696 
0.247534 71.81418294025 0.19943201129 
0.248041 71.71661573129 0.19941660875 
0.248548 71.51675428964 0.19556503781 
0.249054 71.63264253055 0.19663447569 
0.249561 70.94726395847 0.19519484201 
0.250068 71.00826929459 0.19578817689 
0.250574 71.12227768656 0.20113740627 
0.251081 71.34486071456 0.19566652671 
0.251587 71.51070126463 0.19741108746 
0.252094 71.27746737879 0.19665408175 
0.252601 71.21691831885 0.19650490287 
0.253107 71.16809382990 0.19900956481 
0.253614 70.92225798067 0.19627302104 
0.254120 71.28906712211 0.19423313858 
0.254627 71.10151819454 0.19746493769 
0.255134 70.85029768440 0.19681091259 
0.255640 71.02724188387 0.19740911434 
0.256147 71.08136043316 0.19870346373 
0.256654 70.93250973398 0.19773141947 
0.257160 70.87614526121 0.19728322742 
0.257667 71.36309239498 0.19319678184 
0.258173 71.26159148899 0.20091062127 
0.258680 71.30784254777 0.19394831946 
0.259187 71.46190926413 0.19842422876 
0.259693 71.49719248111 0.19668987074 
0.260200 71.46270329653 0.19548846555 
0.260706 71.63924806745 0.19373461197 
0.261213 71.76168424385 0.19508614002 
0.261720 71.44600641013 0.19703447445 
0.262226 71.57698349300 0.19397012366 
0.262733 71.64124716682 0.19358217796 
0.263239 71.64551601298 0.19317296164 
0.263746 71.77133248200 0.19863773016 
0.264253 71.64413475499 0.19226581227 
0.264759 71.60114476046 0.19438020309 
0.265266 71.60746069507 0.19261975418 
0.265772 71.83553154436 0.19568229914 
0.266279 71.84584691326 0.19299865138 
0.266786 71.57281769799 0.19018420396 
0.267292 71.79166662497 0.19098753403 
0.267799 71.45853536232 0.19005020312 
0.268305 71.91098951687 0.19058471741 
0.268812 71.50466758396 0.19236713286 
0.269319 71.93785110197 0.18911106953 
0.269825 71.66180742385 0.18942946147 
0.270332 71.95254527447 0.19090876585 
0.270838 71.93887146664 0.19136150107 
0.271345 72.16044719803 0.19050624940 
0.271852 72.13122814742 0.19386195967 
0.272358 72.24020679515 0.19613472998 
0.272865 72.21647193305 0.18980764245 
0.273371 72.24117873730 0.19262306129 
0.273878 72.27441691590 0.18945432846 
0.274385 72.58368114132 0.19018520488 
0.274891 72.58916440338 0.18974973598 
0.275398 72.20512364655 0.19042140193 
0.275904 72.19476742872 0.18945960696 
0.276411 72.32964153670 0.18478356020 
0.276917 72.07867045809 0.18335556457 
0.277424 71.95484143259 0.18373442236 
0.277931 72.06848026769 0.18214694866 
0.278437 72.35102735296 0.18176077929 
0.278944 72.50497755067 0.18064125511 
0.279450 72.27577745208 0.18751987048 
0.279957 72.09153715893 0.18096067550 
0.280464 72.13356171479 0.18381618125 
0.280970 72.36958220566 0.18212768305 
0.281477 72.27864322957 0.18044284514 
0.281983 72.16450500679 0.18240428879 
0.282490 72.34560861517 0.18467412635 
0.282996 72.07890156991 0.18032804874 
0.283503 72.18788778233 0.18263999993 
0.284010 71.92710491600 0.18053327860 
0.284516 71.88236673152 0.18020538460 
0.285023 71.88513347556 0.17340450753 
0.285529 71.80270709730 0.17692635116 
0.286036 71.61408311268 0.17435773205 
0.286542 71.56135384093 0.17558175443 
0.287049 71.72030309974 0.17359313090 
0.287556 71.55932270381 0.17357080387 
0.288062 71.59736692880 0.17366761586 
0.288569 71.48385294763 0.17254378867 
0.289075 71.65807994462 0.17334828015 
0.289582 71.28143211735 0.17074557237 
0.290088 71.26205776963 0.16870619719 
0.290595 71.30631741062 0.16959513066 
0.291102 71.16050464870 0.17185660152 
0.291608 71.18119381537 0.16897843793 
0.292115 71.33709668088 0.16867802310 
0.292621 71.11669633931 0.16793499918 
0.293128 71.08128509459 0.16893427672 
0.293634 71.20581017864 0.16882291267 
0.294141 71.12321584040 0.16412122111 
0.294647 71.01572130318 0.16390344794 
0.295154 71.12945438278 0.16793389189 
0.295661 70.87601774973 0.16670442146 
0.296167 70.81066063630 0.16675606356 
0.296674 70.71358669617 0.16704552600 
0.297180 70.69370763069 0.16745395726 
0.297687 70.60239030124 0.16530105930 
0.298193 70.71885168810 0.16612464912 
0.298700 70.78901962680 0.16604574824 
0.299207 70.86455369776 0.16434052246 
0.299713 70.78999218891 0.16447675013 
0.300220 70.42276899663 0.16361479260 
0.300726 70.43092415261 0.16088159459 
0.301233 70.52654544081 0.16217983833 
0.301739 70.40983866173 0.16297417694 
0.302246 70.40670404378 0.16298340742 
0.302752 70.13365335881 0.16158944128 
0.303259 70.24847591330 0.16326946389 
0.303765 70.55817272874 0.16222592066 
0.304272 70.16228248083 0.15978272375 
0.304779 70.06275034750 0.15818785880 
0.305285 69.87902758805 0.16171722779 
0.305792 70.14546208195 0.15444580550 
0.306298 69.68865332227 0.16092443053 
0.306805 70.01955057004 0.16475934651 
0.307311 69.89010565713 0.15845444555 
0.307818 69.81075108775 0.15747128540 
0.308324 69.85232883910 0.15742565823 
0.308831 69.56791475858 0.15865772462 
0.309337 69.57119569580 0.15546990235 
0.309844 69.39247165331 0.15203059266 
0.310350 68.90035452851 0.15671980756 
0.310857 68.90655568510 0.15128180950 
0.311364 68.62223697278 0.15044900155 
0.311870 68.57550105252 0.14901362794 
0.312377 67.99909911684 0.14581770511 
0.312883 68.20948656916 0.14742013120 
0.313390 68.13477660329 0.14680194268 
0.313896 67.79144463617 0.14674417760 
0.314403 67.89256857152 0.14509539379 
0.314909 67.40942254048 0.14318183978 
0.315416 67.52614528938 0.14154757390 
0.315922 67.43822057958 0.14410739544 
0.316429 67.27410215433 0.14002680181 
0.316935 67.12101454879 0.14148923420 
0.317442 66.91133486281 0.14448514886 
0.317948 67.00560244572 0.14121669105 
0.318455 66.89763368732 0.14092789076 
0.318961 66.98015161208 0.14143815834 
0.319468 66.74049167650 0.14165354804 
0.319975 66.84521268385 0.14418310820 
0.320481 66.83122600710 0.14197619795 
0.320988 66.82239821723 0.14600166670 
0.321494 66.78208719664 0.14089225721 
0.322001 66.64822841715 0.16243886332 
0.322507 66.56787928919 0.14146560096 
0.323014 66.57012651523 0.14312517977 
0.323520 66.70482515614 0.14156457429 
0.324027 66.22054117340 0.14070970042 
0.324533 66.69164789364 0.14066912260 
0.325040 66.39276626027 0.13952011497 
0.325546 66.37127026139 0.14232479112 
0.326053 66.49147629999 0.13876776261 
0.326559 66.49804770852 0.13890746529 
0.327066 66.31767749609 0.13842313846 
0.327572 66.49274007813 0.14207583762 
0.328079 66.43588141141 0.13959727817 
0.328585 66.15135104020 0.13943027741 
0.329092 66.18232998267 0.13742461775 
0.329598 66.30350557466 0.14097575223 
0.330105 66.00976086429 0.13776817015 
0.330611 65.95628202462 0.13855375143 
0.331118 66.22021164445 0.13743462034 
0.331624 65.92062684555 0.13958134424 
0.332131 65.93847747796 0.13766521105 
0.332637 65.76971036489 0.13852607310 
0.333144 65.74331491050 0.13900662423 
0.333650 65.78112756912 0.13805548932 
0.334157 65.67043944470 0.14008880557 
0.334663 65.78975160585 0.13715309196 
0.335170 65.77470082104 0.14012549130 
0.335676 65.58416097627 0.14038528378 
0.336183 65.74533668080 0.13878382561 
0.336689 65.46065354703 0.13838296803 
0.337196 65.44513150375 0.13972659830 
0.337702 65.45187050916 0.13999990369 
0.338209 65.66700031429 0.13859658661 
0.338715 65.59163359796 0.13900898246 
0.339222 65.47307414645 0.14287027038 
0.339728 65.42471262680 0.13597160846 
0.340235 65.45728011372 0.22051627908 
0.340741 65.15102232251 0.14006427229 
0.341248 65.34738971413 0.14157620652 
0.341754 65.51147402960 0.14089284280 
0.342261 65.32513749481 0.14326827582 
0.342767 65.27398694818 0.13726405313 
0.343274 65.44931589912 0.13944658287 
0.343780 65.01882332851 0.14071895920 
0.344287 65.13065547223 0.13974089276 
0.344793 64.77097255631 0.13771091502 
0.345300 65.02451379299 0.14440279264 
0.345806 64.86541306205 0.14165188060 
0.346313 64.94188176189 0.14547157109 
0.346819 64.70528609216 0.14018985645 
0.347325 65.14340849754 0.14754398392 
0.347832 65.16703339035 0.14277949535 
0.348338 64.40911579337 0.14646618069 
0.348845 64.81867391770 0.14379065598 
0.349351 64.88708716145 0.14647541191 
0.349858 64.62388582846 0.14961390951 
0.350364 64.80278287225 0.14679408291 
0.350871 64.46881668423 0.14639669191 
0.351377 64.62249801961 0.14762206946 
0.351884 64.39490917053 0.14575863698 
0.352390 64.43861172196 0.14792608482 
0.352897 64.49673047577 0.15145161932 
0.353403 64.52444713657 0.14478150893 
0.353910 64.41877751455 0.14789421790 
0.354416 64.28552196158 0.14794961514 
0.354923 64.19498943894 0.14999631090 
0.355429 63.94944857839 0.15215540750 
0.355935 64.32109028869 0.15168398528 
0.356442 64.11759039845 0.15241647153 
0.356948 63.96361555786 0.15112827635 
0.357455 64.04455812283 0.15401707635 
0.357961 63.57447840726 0.15555687152 
0.358468 63.72969386401 0.15943120536 
0.358974 63.91553235833 0.21954711151 
0.359481 63.79264414638 0.20310886801 
0.359987 63.81263864142 0.20078337480 
0.360494 64.02781320877 0.19096103109 
0.361000 63.70727160550 0.19107712294 
0.361506 63.99485051432 0.18465559379 
0.362013 63.72759991121 0.18462837276 
0.362519 63.78324256740 0.18358624478 
0.363026 63.78633550915 0.18165716207 
0.363532 63.48749703613 0.18892691892 
0.364039 63.69879532031 0.18513004986 
0.364545 63.72966372629 0.18494240720 
0.365052 63.53284355412 0.18208516354 
0.365558 63.80024083397 0.18122058458 
0.366064 63.76511096936 0.18738443160 
0.366571 63.73705418948 0.18805507755 
0.367077 63.63798863058 0.18445924802 
0.367584 63.65713896031 0.18828848233 
0.368090 63.82758568044 0.18581079498 
0.368597 63.46513023995 0.18970060527 
0.369103 63.59460851218 0.18250692743 
0.369610 63.26943763458 0.19033783694 
0.370116 63.73261266389 0.18898222719 
0.370622 63.73260502472 0.18968707835 
0.371129 63.56502767628 0.19127052121 
0.371635 63.53367959186 0.19039886502 
0.372142 63.63310394906 0.19311447185 
0.372648 63.63187831882 0.18975917910 
0.373155 63.54820306650 0.19827040399 
0.373661 63.69231593882 0.19475032495 
0.374167 63.38128051914 0.19859555255 
0.374674 63.23768561452 0.19788197296 
0.375180 63.44662717210 0.19751533733 
0.375687 63.58178175517 0.20095916880 
0.376193 63.68728331111 0.20275891085 
0.376700 63.63444721700 0.19732786243 
0.377206 63.35226332820 0.20156559776 
0.377712 63.18134702973 0.19746933488 
0.378219 63.46111467871 0.20230611154 
0.378725 63.17344492917 0.20485950151 
0.379232 63.32251199209 0.20761108265 
0.379738 63.07346836785 0.20673238107 
0.380245 63.60956187973 0.21016413752 
0.380751 63.32282485646 0.20866147765 
0.381257 63.38675845558 0.21049280243 
0.381764 63.08609364171 0.20589432852 
0.382270 63.41017342578 0.20723379334 
0.382777 63.17662627924 0.21071473352 
0.383283 62.86255612051 0.20435695691 
0.383789 63.22812693950 0.20764108918 
0.384296 63.21641379320 0.21272821564 
0.384802 63.16447016022 0.21100779697 
0.385309 63.25848748592 0.20970177281 
0.385815 62.95129433215 0.20858890731 
0.386321 62.73631208357 0.20723311104 
0.386828 63.32587323665 0.21441536209 
0.387334 63.09627882735 0.21665238759 
0.387841 62.92974468613 0.21351508511 
0.388347 62.93519339797 0.21737763808 
0.388853 62.81746708298 0.21093902662 
0.389360 63.02997902033 0.21539913240 
0.389866 62.75973335922 0.21439349944 
0.390373 62.90104142875 0.21430970147 
0.390879 62.64024209013 0.21506818737 
0.391385 62.94341164650 0.21565974295 
0.391892 62.74431385620 0.21643872663 
0.392398 62.73119968744 0.21921434526 
0.392905 62.76064059336 0.22278714956 
0.393411 62.81401774368 0.22554411691 
0.393917 62.71533755016 0.22082618481 
0.394424 62.79274661637 0.22637426804 
0.394930 62.66098908264 0.22262953580 
0.395437 62.53556345092 0.22528902786 
0.395943 62.62047059267 0.22268803652 
0.396449 62.37409246462 0.29038993651 
0.396956 62.70464421107 0.22690681873 
0.397462 62.46877662235 0.23768541572 
0.397969 62.77345999645 0.23480105943 
0.398475 62.65702470295 0.23417089193 
0.398981 62.58525614189 0.23590181877 
0.399488 62.35932612593 0.23138249556 
0.399994 62.28504259680 0.24145295280 
0.400500 62.56054728667 0.24583470519 
0.401007 62.37431083540 0.23757298109 
0.401513 62.19756224184 0.24291052233 
0.402020 62.34825701039 0.24287323944 
0.402526 62.87420507484 0.25100795948 
0.403032 62.54695264812 0.24694792618 
0.403539 62.47139946156 0.25655878774 
0.404045 61.98049594990 0.24675535509 
0.404551 62.31917033429 0.26918422448 
0.405058 62.33745501726 0.26229400282 
0.405564 62.17012777385 0.26485207886 
0.406071 61.99544091725 0.25377893717 
0.406577 62.29540458932 0.25585640517 
0.407083 62.32759750046 0.26083838692 
0.407590 62.15544246693 0.27207595899 
0.408096 62.21534506418 0.27161294358 
0.408602 62.18461241143 0.27998210586 
0.409109 62.12962869607 0.25996611606 
0.409615 62.14916490511 0.27463242040 
0.410121 61.82466373639 0.26036198233 
0.410628 62.19202268605 0.25973878840 
0.411134 62.19122805294 0.26777514025 
0.411641 61.57139488488 0.26579214687 
0.412147 62.36943814779 0.26585906602 
0.412653 62.32511110139 0.27314381369 
0.413160 61.81516703798 0.26071837832 
0.413666 62.38732835931 0.26668359336 
0.414172 61.93021377515 0.27807478121 
0.414679 61.83359878315 0.26745592813 
0.415185 61.91540950178 0.29170444680 
0.415691 62.12335275349 0.27256161119 
0.416198 62.06789912149 0.27614046009 
0.416704 61.75772579148 0.28389135404 
0.417210 61.71397177651 0.29052081298 
0.417717 61.48947223389 0.28904548610 
0.418223 61.70663005642 0.28232772949 
0.418729 61.83792819499 0.28717915001 
0.419236 61.79694651282 0.29122226902 
0.419742 61.80945325476 0.26889366519 
0.420248 61.71910339770 0.27989193691 
0.420755 61.88439893637 0.27614267515 
0.421261 62.23204892046 0.28794569807 
0.421767 61.53709276867 0.27965538863 
0.422274 62.40255342722 0.27735900834 
0.422780 62.11836773198 0.27680298929 
0.423286 61.78979233973 0.28447654584 
0.423793 61.89324675625 0.28089443436 
0.424299 61.59292312381 0.28258555433 
0.424805 61.84022660101 0.28610560401 
0.425312 61.76903014419 0.29668432857 
0.425818 62.06072836945 0.29475982634 
0.426324 61.63950353720 0.30003364349 
0.426831 61.74265140980 0.29264631482 
0.427337 61.72347221866 0.30422774389 
0.427843 61.56770456764 0.30197533289 
0.428350 61.36760758076 0.31027374129 
0.428856 61.99590243543 0.30203833274 
0.429362 61.78409969523 0.30590302000 
0.429869 61.68100420982 0.31785844165 
0.430375 61.39129998264 0.31191388427 
0.430881 61.46676872907 0.32154934156 
0.431388 61.84120464488 0.31922804907 
0.431894 61.62658253147 0.32846597202 
0.432400 61.32294370301 0.32751498291 
0.432907 61.01685144820 0.31984550541 
0.433413 61.98545994060 0.34064700671 
0.433919 61.80217725570 0.33186011123 
0.434425 61.03536401636 0.33714549061 
0.434932 61.27652149720 0.33340295590 
0.435438 61.71400075878 0.35715912265 
0.435944 61.41145956513 0.34216644735 
0.436451 61.44274044647 0.33631573882 
0.436957 62.07455475221 0.37127193979 
0.437463 61.34647842215 0.35203874074 
0.437970 61.13198575694 0.35857018310 
0.438476 61.54938779544 0.37174509035 
0.438982 61.32970878455 0.36046366398 
0.439489 61.14474159822 0.38712865378 
0.439995 61.69350541581 0.35603212980 
0.440501 61.42948969094 0.38145300463 
0.441007 61.14609757342 0.38613129725 
0.441514 61.37217111941 0.38464308984 
0.442020 61.46509267193 0.39587515457 
0.442526 60.94402388018 0.40567822633 
0.443033 61.10410649215 0.39756403374 
0.443539 61.39614565431 0.40097601433 
0.444045 60.30135444740 0.39994417187 
0.444551 60.78059573201 0.41058273276 
0.445058 60.52587345397 0.41739291429 
0.445564 60.78583424718 0.43118806706 
0.446070 61.44250426559 0.42170992903 
0.446577 60.62781442037 0.43655150671 
0.447083 60.73260317728 0.45392968519 
0.447589 60.59715761896 0.44084599988 
0.448095 61.04623998691 0.46564580541 
0.448602 60.42638426936 0.46642512791 
0.449108 60.69309630310 0.47402054154 
0.449614 60.98436651899 0.48499122060 
0.450121 60.81306076029 0.50081953637 
0.450627 60.70706408402 0.49140630040 
0.451133 60.49338267716 0.51276977525 
0.451639 60.56731466111 0.53489314333 
0.452146 60.66485016756 0.50943599732 
0.452652 60.57034078004 0.52340569487 
0.453158 60.31326862409 0.54992722624 
0.453664 60.27798863663 0.54297575127 
0.454171 61.09896821271 0.60423628308 
0.454677 59.49643962021 0.58925396697 
0.455183 60.59469143096 0.62842567567 
0.455689 59.98823806366 0.63123493804 
0.456196 60.67013996234 0.66855849369 
0.456702 59.68654566945 0.64375371371 
0.457208 60.23762946586 0.66889348243 
0.457714 60.44256809204 0.77710660896 
0.458221 60.67127383947 0.77486065675 
0.458727 60.30151095156 0.76506034303 
0.459233 60.34748874868 0.83465058321 
0.459740 60.33363302442 0.83854069607 
0.460246 60.50644594107 0.88787146943 
0.460752 59.55170911953 0.96714150514 
0.461258 60.77065097938 0.98505639604 
0.461765 59.78414376810 1.06020220486 
0.462271 60.62268002790 1.07101056077 
0.462777 61.54311980696 1.16830695962 
0.463283 61.09279176359 1.25256642323 
0.463789 61.35928862964 1.41486559543 
0.464296 59.75461713223 1.35886748967 
0.464802 61.39318717091 1.42446135580 
0.465308 60.47094327948 1.47417103755 
0.465814 58.06326616149 1.58292013632 
0.466321 60.25092035131 1.73257531265 
0.466827 61.20611017903 1.87465284294 
0.467333 59.69302608864 1.86736208922 
0.467839 60.64214922812 2.03489239361 
0.468346 57.82286284753 2.32599320561 
0.468852 59.83935027829 2.55636078120 
0.469358 55.00334602179 2.87493161285 
0.469864 57.22348258320 2.83524210107 
0.470371 51.20626035071 3.59703454784 
0.470877 48.85013632670 3.97257765170 
0.471383 49.57601872173 5.28804323817 
0.471889 41.30774214692 6.33150293220 
0.472395 49.03728771906 5.71749538457 
0.472902 30.85928967731 9.15758500983 
