0.010896 1361.75442485453 12.38442993609 
0.011402 1211.46964864207 11.51045224480 
0.011909 1086.89858540794 11.33081089992 
0.012416 982.96089542353 8.84247166878 
0.012923 900.74659303336 9.11106773579 
0.013430 827.71263056923 11.30942429531 
0.013936 796.66042486096 8.69617374218 
0.014443 739.51668184457 7.79212610987 
0.014950 681.08419162961 6.60686323707 
0.015457 626.86751197506 5.64270959390 
0.015963 582.92882913637 5.22874829705 
0.016470 543.77059325076 4.15105255862 
0.016977 508.17705776573 4.04302265819 
0.017484 476.70851491166 3.30519270750 
0.017990 450.93089032013 3.26708470112 
0.018497 425.10810463299 2.77083805531 
0.019004 400.56318416771 2.50556624542 
0.019511 379.39575315725 2.35217485971 
0.020018 364.01590257675 2.10287457314 
0.020524 344.76037114253 1.96770496943 
0.021031 331.16388388068 1.94168846184 
0.021538 315.14468186784 1.67487825373 
0.022045 303.75263009242 1.71713693799 
0.022551 291.05481062960 1.56436637968 
0.023058 279.49573527631 1.45132767795 
0.023565 268.89160364596 1.51308281493 
0.024072 262.40513106120 1.67350833991 
0.024579 250.55144321065 1.65002905915 
0.025085 243.81755791206 2.14313920096 
0.025592 235.59001714162 2.11577342310 
0.026099 230.45453857405 2.15396896536 
0.026606 224.63609131092 1.67487149502 
0.027112 218.33153776945 1.76393087047 
0.027619 211.22514856052 1.61527133639 
0.028126 207.42286363650 1.47456270667 
0.028633 202.80593400116 1.39676309925 
0.029139 198.13270446783 1.18524171059 
0.029646 192.85048699370 1.18473521493 
0.030153 190.03380054502 1.22345388377 
0.030660 186.25477199350 0.99355344219 
0.031167 183.33358076560 0.94423555067 
0.031673 178.90320625353 0.95942800896 
0.032180 176.02403979252 0.90520799952 
0.032687 171.77097805960 0.90517430456 
0.033194 169.46733860781 0.87465588171 
0.033700 166.42898798070 0.74967306884 
0.034207 165.92150794141 0.78591269341 
0.034714 162.08515160066 0.78761405016 
0.035221 160.05972506828 0.74043328825 
0.035727 157.31967146655 0.71196368253 
0.036234 156.72757123514 0.66301315796 
0.036741 154.48818633318 0.68343267065 
0.037248 151.53382529963 0.60447016089 
0.037755 149.54916393301 0.60989457428 
0.038261 147.89466534575 0.62584589016 
0.038768 147.05208345313 0.59280827387 
0.039275 145.43679769882 0.63279948023 
0.039782 144.13004079026 0.59615998179 
0.040288 142.88699356117 0.55277505744 
0.040795 140.60454235331 0.55325288051 
0.041302 139.76306683965 0.57602475531 
0.041809 139.11763915055 0.58521014683 
0.042315 137.53282940468 0.57176012356 
0.042822 135.22168827922 0.54966382530 
0.043329 134.94994530712 0.53752334920 
0.043836 133.54673596805 0.53175572661 
0.044343 131.71181441084 0.50904854402 
0.044849 131.82065225858 0.52749007151 
0.045356 131.01482408132 0.48700982273 
0.045863 129.66107500576 0.50802157278 
0.046370 129.73520423326 0.50001927015 
0.046876 127.65206452755 0.51930710398 
0.047383 128.18806635832 0.46211236114 
0.047890 126.38502969491 0.49043615690 
0.048397 125.02203529392 0.50139731494 
0.048903 124.91548416318 0.47645458534 
0.049410 123.21234779672 0.49715694688 
0.049917 123.19643774678 0.45993310068 
0.050424 122.71027796421 0.45583180472 
0.050931 121.89612425016 0.46154046987 
0.051437 120.02831513682 0.44561032572 
0.051944 120.17617980731 0.45118201783 
0.052451 119.15395259226 0.47348455279 
0.052958 118.77732161693 0.44489430733 
0.053464 117.62252628004 0.43439530365 
0.053971 116.05924503685 0.44210445887 
0.054478 117.36695507144 0.43549293785 
0.054985 115.52189499055 0.42043746005 
0.055491 115.21212799848 0.44808478834 
0.055998 114.48881498813 0.41531620425 
0.056505 113.41936033322 0.43812329024 
0.057012 113.53832158256 0.43288980087 
0.057519 112.12123479741 0.43798621790 
0.058025 112.25562494210 0.41921383894 
0.058532 112.21809838523 0.41193055807 
0.059039 110.70069772203 0.39713159484 
0.059546 110.53285506751 0.41920837490 
0.060052 109.88306579798 0.42531663305 
0.060559 110.16741212390 0.41143086178 
0.061066 110.06033003802 0.38473967075 
0.061573 108.33133419970 0.39367403547 
0.062079 108.53156701518 0.40517217703 
0.062586 108.07505547915 0.38710918058 
0.063093 107.76051733060 0.38923508786 
0.063600 107.00513258624 0.39347419440 
0.064106 106.94057773827 0.38750679140 
0.064613 106.39434071709 0.38159528003 
0.065120 105.60706062163 0.35571257036 
0.065627 105.62859455716 0.37659479315 
0.066134 105.38911860270 0.36805970241 
0.066640 104.37232899160 0.39528882032 
0.067147 104.32895014980 0.37707445655 
0.067654 103.68950598511 0.37695823332 
0.068161 103.63112453232 0.37269856033 
0.068667 103.58177434103 0.36965814267 
0.069174 103.07448542862 0.37324668373 
0.069681 102.21797247625 0.35840476330 
0.070188 102.35938576671 0.35358199670 
0.070694 101.70307095388 0.35424587061 
0.071201 101.67538712411 0.36478042552 
0.071708 101.36263530814 0.35377399053 
0.072215 100.69178522977 0.35022282253 
0.072721 100.61415996787 0.35173679681 
0.073228 100.89772868628 0.35468726263 
0.073735 100.17953487096 0.33047963100 
0.074242 99.84311110907 0.35367593088 
0.074748 99.33518114545 0.35383634870 
0.075255 98.77214118276 0.34629769142 
0.075762 98.77442120408 0.33426860866 
0.076269 99.19094095796 0.34156770412 
0.076776 99.04977574668 0.32987904010 
0.077282 97.69384532957 0.32640142538 
0.077789 97.94235510888 0.32606486944 
0.078296 97.96817740985 0.32229739732 
0.078803 97.93644930137 0.33741398358 
0.079309 97.58903042283 0.34274987020 
0.079816 96.99159731216 0.32575243280 
0.080323 97.26071749032 0.33332881808 
0.080830 97.25741466361 0.32174584569 
0.081336 97.17243625778 0.33721543143 
0.081843 97.10710736695 0.33140182827 
0.082350 96.76356346463 0.33392338622 
0.082857 96.15392876498 0.32100489494 
0.083363 95.89985809968 0.33763167718 
0.083870 96.57015221098 0.33375503790 
0.084377 95.91004976779 0.31863281770 
0.084884 96.43193293469 0.33973085270 
0.085390 96.10119349383 0.32600800340 
0.085897 95.86084944603 0.32247122571 
0.086404 95.41965169431 0.32739877621 
0.086911 95.45961619666 0.34109814700 
0.087417 95.12451409748 0.32959486580 
0.087924 94.68686108672 0.33512651106 
0.088431 94.43987458662 0.32430104563 
0.088938 94.49022976644 0.32889467163 
0.089444 94.47654703738 0.32224401635 
0.089951 94.57316856654 0.33698252813 
0.090458 93.79293472462 0.32407800267 
0.090965 94.02910238257 0.32431312254 
0.091471 93.61374445902 0.33313460555 
0.091978 93.46936600827 0.33074476398 
0.092485 92.85170705447 0.35208009095 
0.092992 93.05461119858 0.33691588517 
0.093498 92.62365905914 0.35002091320 
0.094005 92.94786653115 0.33576185376 
0.094512 92.78065309150 0.32682366254 
0.095019 92.83680442553 0.33441186770 
0.095525 92.64118844511 0.34090892435 
0.096032 91.60494041489 0.32738561095 
0.096539 93.02209393521 0.32559068708 
0.097046 92.22845184361 0.32371675500 
0.097552 91.65666810097 0.33550691206 
0.098059 91.82931943155 0.32306011342 
0.098566 92.23453437381 0.32268382916 
0.099073 91.43430253683 0.33178131272 
0.099579 92.34244290637 0.32372934718 
0.100086 91.64923021702 0.33542829928 
0.100593 91.35571278602 0.31543783702 
0.101100 91.08131881178 0.31831827079 
0.101606 90.60823936746 0.30714202105 
0.102113 89.65745153278 0.30660788795 
0.102620 89.62088539460 0.29612516392 
0.103127 89.09112759764 0.29566176137 
0.103633 89.17699691799 0.29406472866 
0.104140 88.79041895924 0.29509466728 
0.104647 88.24344129186 0.29170495967 
0.105154 88.62658414564 0.30365361996 
0.105660 88.76211984620 0.30300791789 
0.106167 88.05211992281 0.31196868518 
0.106674 88.32900811698 0.29798768071 
0.107181 88.59123382440 0.29070634923 
0.107687 88.08913580747 0.29862722775 
0.108194 88.00324383368 0.30098891020 
0.108701 88.27794889088 0.30058311521 
0.109208 87.71641228009 0.29201763135 
0.109714 87.49789574289 0.29605172354 
0.110221 87.57975512019 0.29142898754 
0.110728 87.27192965887 0.28875991013 
0.111235 87.54820418355 0.28484381336 
0.111741 86.76049770814 0.28547877309 
0.112248 87.12524192137 0.28864582206 
0.112755 87.17899561311 0.28592053103 
0.113262 86.80964393707 0.28108094604 
0.113768 87.28796041290 0.29383875239 
0.114275 86.95623333882 0.27546219442 
0.114782 86.83032752308 0.28336132735 
0.115289 86.54005916543 0.27801898145 
0.115795 86.59347174570 0.27581183167 
0.116302 86.46873767545 0.27797745359 
0.116809 86.71991267426 0.27385900795 
0.117316 86.41318552728 0.27441266991 
0.117822 86.11223515744 0.26855018488 
0.118329 86.10084754767 0.26905693793 
0.118836 85.78945802955 0.26751565196 
0.119342 86.10692851171 0.27425852602 
0.119849 85.90844788034 0.27895656723 
0.120356 85.57350569199 0.27741088859 
0.120863 85.39430403900 0.27100061151 
0.121369 85.17666146017 0.25927553733 
0.121876 85.53764995343 0.26649029864 
0.122383 85.33272641291 0.25488555320 
0.122890 85.28864397048 0.27061508964 
0.123396 85.13353698739 0.26147398491 
0.123903 85.17207033100 0.25524622045 
0.124410 85.14552606836 0.26243509934 
0.124917 84.87188482845 0.26833897338 
0.125423 84.93495737976 0.26052600916 
0.125930 84.90268597803 0.25462607532 
0.126437 84.98926895562 0.25179320486 
0.126944 85.04746725958 0.26551016280 
0.127450 84.59128971963 0.25062645594 
0.127957 84.47687900701 0.25677195789 
0.128464 84.73239177442 0.25640131451 
0.128970 84.19108188820 0.25404819446 
0.129477 84.80501464596 0.25132908734 
0.129984 84.77967162414 0.24849457384 
0.130491 84.39158621093 0.25305320896 
0.130997 84.27136105535 0.24994451671 
0.131504 84.23986535163 0.24610135607 
0.132011 84.45233958472 0.25162209478 
0.132518 83.90138196023 0.25209366023 
0.133024 84.25723657063 0.25087079523 
0.133531 83.50238208782 0.24736007192 
0.134038 83.64026905572 0.25234269638 
0.134545 84.09467341509 0.24988895257 
0.135051 83.70712848930 0.25136085347 
0.135558 83.70237196845 0.24262974481 
0.136065 83.60530825151 0.24450534131 
0.136571 83.71692113770 0.24074790104 
0.137078 83.54660246203 0.25413226337 
0.137585 83.33029954026 0.24356711433 
0.138092 83.20327307332 0.24294704457 
0.138598 83.06740116144 0.24943047903 
0.139105 83.09378469117 0.23804817136 
0.139612 83.60705809651 0.23867654019 
0.140119 83.43251670743 0.24403483509 
0.140625 83.10276250884 0.24125224803 
0.141132 82.94050547624 0.24117882530 
0.141639 82.89685734211 0.23938443383 
0.142145 82.75775819185 0.24005931168 
0.142652 82.67069976031 0.24066339688 
0.143159 82.79578441178 0.23995915696 
0.143666 82.56638965296 0.24141574370 
0.144172 82.55403588272 0.23984430240 
0.144679 82.31000504076 0.23627476001 
0.145186 81.94694480426 0.24862078384 
0.145692 82.17882189346 0.23403423544 
0.146199 82.08029401584 0.23757090126 
0.146706 81.94442136080 0.24296576930 
0.147213 82.09802053177 0.24271238768 
0.147719 81.91912643985 0.24161523960 
0.148226 81.77202167457 0.24337209009 
0.148733 81.99683119750 0.24254521789 
0.149240 81.48885916800 0.24441504962 
0.149746 81.49324031933 0.23993454061 
0.150253 81.35434673272 0.23496648437 
0.150760 81.67042870495 0.24072072752 
0.151266 81.16781454604 0.24663623009 
0.151773 81.28549049966 0.24572321268 
0.152280 81.24760484621 0.24254830141 
0.152787 80.75502260706 0.23788827104 
0.153293 81.11598561733 0.23594647507 
0.153800 80.85263321091 0.23878222075 
0.154307 81.07549283180 0.23781155289 
0.154813 80.96066656154 0.23973097743 
0.155320 80.70169348749 0.23957323626 
0.155827 80.55670483793 0.24179960638 
0.156334 80.36862876865 0.23837589954 
0.156840 80.45166739816 0.24077440415 
0.157347 80.11601906875 0.23401188607 
0.157854 80.16010418034 0.23576184619 
0.158360 80.10204547512 0.23774657069 
0.158867 79.99083025662 0.23729149934 
0.159374 80.31081567081 0.23513086915 
0.159881 80.16747971616 0.23001483199 
0.160387 79.82648273099 0.23461650833 
0.160894 80.03021839636 0.24225993425 
0.161401 79.67796110722 0.23903639391 
0.161907 79.72555094072 0.23879535596 
0.162414 79.70397002280 0.23368512093 
0.162921 79.41927055762 0.23094990352 
0.163427 79.31342562035 0.23131612802 
0.163934 79.50488724041 0.23010169710 
0.164441 79.72775359907 0.23310802189 
0.164948 79.53405092778 0.23020263991 
0.165454 79.17721552695 0.23017663578 
0.165961 79.59630315013 0.23463277306 
0.166468 79.28577853756 0.23034304594 
0.166974 78.90072726426 0.22245355660 
0.167481 78.74345438630 0.22860643990 
0.167988 78.87830172272 0.22702285824 
0.168495 78.72558436378 0.23470241198 
0.169001 79.17880908189 0.23422766321 
0.169508 79.11036238055 0.23483798774 
0.170015 79.09376571077 0.23619594300 
0.170521 79.01708959221 0.23097851235 
0.171028 78.97163487850 0.22925297019 
0.171535 79.60833582455 0.23580580388 
0.172041 79.29719518472 0.24179853378 
0.172548 79.38184558078 0.23894254373 
0.173055 78.95448564898 0.23770357589 
0.173562 79.18099253487 0.23643231433 
0.174068 78.78329691772 0.23309992672 
0.174575 79.03045706283 0.23709200379 
0.175082 78.95351439087 0.23473114284 
0.175588 79.10023957611 0.24183315368 
0.176095 78.49841656289 0.23879083122 
0.176602 78.97370661592 0.23335317396 
0.177108 78.58767269258 0.23400585508 
0.177615 79.06665130412 0.23816889405 
0.178122 79.11516362496 0.24035119315 
0.178629 78.57910283987 0.23391268767 
0.179135 78.54057853272 0.23823777038 
0.179642 78.92741248543 0.23716273170 
0.180149 78.98107281355 0.24279814527 
0.180655 78.53091661700 0.23518683997 
0.181162 78.56977623956 0.24036709438 
0.181669 78.60977062934 0.24110281947 
0.182175 78.94196656346 0.24454892886 
0.182682 79.00574969691 0.24128837257 
0.183189 79.04045185072 0.24107183147 
0.183695 78.33696596721 0.24197942600 
0.184202 78.44795487593 0.24770261404 
0.184709 78.75632177198 0.24161564505 
0.185216 78.68316197853 0.24223403857 
0.185722 78.25495248354 0.23923660316 
0.186229 77.61352626206 0.24140448758 
0.186736 78.05227347791 0.24403268324 
0.187242 78.08291245640 0.24739851693 
0.187749 78.09631801055 0.24461700924 
0.188256 77.96669003143 0.24702054392 
0.188762 77.57063497844 0.23956627412 
0.189269 77.62047349635 0.24325383525 
0.189776 77.40025197242 0.24818364238 
0.190282 77.56524959370 0.24646816156 
0.190789 77.57655663929 0.25006089162 
0.191296 77.57033988260 0.24131166957 
0.191802 77.51091207525 0.24131616927 
0.192309 77.34245422029 0.24400575982 
0.192816 77.10686737251 0.23800760037 
0.193323 77.15968014118 0.23700119955 
0.193829 76.85816554453 0.23407663077 
0.194336 76.55997819463 0.24085601012 
0.194843 76.49720114247 0.23170229250 
0.195349 76.50738172444 0.22964235719 
0.195856 76.67594809002 0.23319267580 
0.196363 76.35585729248 0.23279847822 
0.196869 76.28907142380 0.23329309078 
0.197376 76.16838541441 0.22650740666 
0.197883 76.41133098539 0.22781827929 
0.198389 75.96938779937 0.22548607996 
0.198896 75.90223776843 0.22260772193 
0.199403 76.07855909554 0.22381386144 
0.199909 75.96410477940 0.22145206785 
0.200416 76.05529666293 0.22022192529 
0.200923 75.82677270223 0.22327618202 
0.201429 75.78953720176 0.21978445972 
0.201936 75.38849965316 0.21688324942 
0.202443 75.67167836798 0.21929807771 
0.202949 75.82475559758 0.22131145359 
0.203456 75.86712608357 0.22110500287 
0.203963 75.27674611685 0.21686559198 
0.204469 75.71666759710 0.21759261283 
0.204976 75.71947098774 0.21851199291 
0.205483 75.47430006614 0.21735289579 
0.205989 75.46571572723 0.21585206259 
0.206496 75.43271640257 0.21679818858 
0.207003 75.25456906169 0.21384781379 
0.207509 75.51973739587 0.21086396124 
0.208016 75.37362280390 0.21657029790 
0.208523 75.20053851813 0.21481415450 
0.209029 75.24713293475 0.21429681993 
0.209536 74.80957960201 0.21467424599 
0.210043 75.65471200434 0.21199219521 
0.210549 74.93330416519 0.21287672221 
0.211056 74.82676135575 0.21343657043 
0.211563 75.10811249699 0.20797833838 
0.212069 74.72085776749 0.21051717577 
0.212576 74.86981005123 0.20902233031 
0.213083 74.91942893688 0.21065848469 
0.213589 74.98831505311 0.21230597701 
0.214096 74.83252708336 0.20666043341 
0.214603 74.91059536293 0.20974734390 
0.215109 74.49420851202 0.20848739183 
0.215616 74.72977332196 0.20720872871 
0.216123 74.51740488358 0.21020053013 
0.216629 74.52292220816 0.20510918866 
0.217136 74.30377525217 0.20515286351 
0.217643 74.12497416281 0.20535638233 
0.218149 74.11868526386 0.20710797524 
0.218656 74.00044612991 0.20688621182 
0.219163 74.01719940139 0.20686440333 
0.219669 73.98380496344 0.20552038751 
0.220176 73.96608156655 0.20443176442 
0.220683 73.77403198265 0.20660102611 
0.221189 73.66653114395 0.20190205433 
0.221696 74.01204577404 0.20463708050 
0.222203 73.92705014937 0.20846937874 
0.222709 73.86528854574 0.20524901096 
0.223216 73.74062353606 0.20408629897 
0.223722 73.85301757307 0.20556253700 
0.224229 73.40348472956 0.20252421007 
0.224736 73.81143961215 0.20398960257 
0.225242 73.83355933928 0.19962447387 
0.225749 73.60545544429 0.20089798919 
0.226256 73.68636739171 0.20387066760 
0.226762 73.50148759716 0.20440836470 
0.227269 73.46492090525 0.20275243280 
0.227776 73.28018571406 0.20022089197 
0.228282 73.10884985839 0.19912030792 
0.228789 73.39212665946 0.19778761459 
0.229296 73.20712025906 0.20240198073 
0.229802 73.15316458015 0.20032028758 
0.230309 73.27742169759 0.20135290797 
0.230816 73.11723504222 0.20287739924 
0.231322 73.20029222754 0.20389697258 
0.231829 72.93229442426 0.20329840037 
0.232335 73.10366417386 0.19858235735 
0.232842 73.02634301896 0.20250818824 
0.233349 72.95238204036 0.19712278887 
0.233855 72.96787392076 0.19724450669 
0.234362 72.57458018767 0.19873381489 
0.234869 72.78966430546 0.19986264704 
0.235375 72.86035190846 0.20319507716 
0.235882 72.59706961015 0.20404336670 
0.236389 72.51946102553 0.20235607464 
0.236895 72.52678245243 0.20179040696 
0.237402 72.36375090618 0.20029075321 
0.237908 72.23534731300 0.19751813874 
0.238415 72.44208699879 0.20193584776 
0.238922 72.20216622779 0.19963944629 
0.239428 72.25325882397 0.20037702454 
0.239935 72.08491538308 0.20003911874 
0.240442 72.31011133092 0.19771823405 
0.240948 72.20787797765 0.19950317183 
0.241455 72.04159974178 0.20078924232 
0.241962 72.02168122489 0.19783739217 
0.242468 72.04132734487 0.20002678351 
0.242975 72.15772620662 0.20200705617 
0.243481 71.91171045278 0.20134283756 
0.243988 71.88863667134 0.19951495282 
0.244495 71.65511069826 0.19617430349 
0.245001 71.68979355858 0.20030220817 
0.245508 71.76365146365 0.19799826385 
0.246015 71.67338677534 0.19681196413 
0.246521 71.50109995197 0.19919118700 
0.247028 71.72344829684 0.19462472545 
0.247534 71.41712024892 0.19776956070 
0.248041 71.62053040228 0.19327426078 
0.248548 71.57607732942 0.19860543003 
0.249054 71.72636267228 0.19824434132 
0.249561 71.44072018440 0.19914673063 
0.250068 71.42304984284 0.19865458929 
0.250574 71.20397953458 0.19984318368 
0.251081 71.38682910455 0.19532388328 
0.251587 71.12965722182 0.19819711736 
0.252094 70.96539648215 0.19900268040 
0.252601 70.87841811727 0.19370998405 
0.253107 71.17864259306 0.19427613028 
0.253614 71.06924477350 0.19538795899 
0.254120 70.93777362235 0.19495325891 
0.254627 70.87653996556 0.19306570544 
0.255134 71.33291874543 0.19492486350 
0.255640 70.90006302923 0.19443020194 
0.256147 70.87791314313 0.19252144629 
0.256654 70.92794918745 0.19828255305 
0.257160 71.27819842269 0.19712035705 
0.257667 71.18638123338 0.19457235365 
0.258173 71.22717123442 0.19618046868 
0.258680 71.45192401936 0.19710236257 
0.259187 71.37825437568 0.19526804985 
0.259693 71.50035806321 0.19161277469 
0.260200 71.60449714562 0.19654844757 
0.260706 71.50623884092 0.19588660137 
0.261213 71.70921311500 0.19513917195 
0.261720 71.78456937765 0.19250929844 
0.262226 71.43865336856 0.19320311440 
0.262733 71.57265514784 0.19151130252 
0.263239 71.84982593786 0.19335273287 
0.263746 71.50182258076 0.19284426423 
0.264253 71.66655542818 0.19317550624 
0.264759 71.50061313154 0.19465999946 
0.265266 71.57784876794 0.18987593846 
0.265772 71.53228914234 0.19264325404 
0.266279 71.62950377927 0.19338628034 
0.266786 71.83923267370 0.19269688166 
0.267292 71.77104512081 0.19115945859 
0.267799 71.69482344129 0.19303466884 
0.268305 71.81181324099 0.18996473767 
0.268812 71.66976354824 0.19189186901 
0.269319 71.95108253359 0.18758839282 
0.269825 72.10559927879 0.19004534546 
0.270332 71.79908712347 0.18772328204 
0.270838 72.09877463146 0.18910684834 
0.271345 72.26641611390 0.19477004641 
0.271852 72.18925731071 0.19085194831 
0.272358 71.88984275207 0.19284391701 
0.272865 72.03093247313 0.18816548554 
0.273371 72.30620445581 0.19298226633 
0.273878 72.42454041633 0.18764779775 
0.274385 72.59171812292 0.18839350108 
0.274891 72.24486077232 0.19121933398 
0.275398 72.39724450640 0.18753914865 
0.275904 72.07866645234 0.18114312452 
0.276411 72.23006219230 0.18389784209 
0.276917 72.12138686088 0.18278925506 
0.277424 72.08391420219 0.18443158302 
0.277931 71.88776542248 0.18382832319 
0.278437 71.97250183980 0.18186503002 
0.278944 72.08677856325 0.18323361707 
0.279450 72.09367276219 0.18106778690 
0.279957 72.00989615388 0.17969272353 
0.280464 72.36616866164 0.18093623235 
0.280970 71.93579632560 0.18132995303 
0.281477 72.21500927478 0.17989373952 
0.281983 71.95122693237 0.18228521928 
0.282490 72.03261648985 0.18019746197 
0.282996 72.00025308862 0.18039748977 
0.283503 72.12289391963 0.18459546771 
0.284010 71.93156817657 0.18154268811 
0.284516 71.74216605362 0.17636301898 
0.285023 72.07075880700 0.17553598508 
0.285529 71.64173603896 0.17318980805 
0.286036 71.60855790156 0.17665554886 
0.286542 71.46614523432 0.17344332201 
0.287049 71.51451231021 0.17073920889 
0.287556 71.41089961716 0.17450112804 
0.288062 71.49975701131 0.17267338514 
0.288569 71.33577006736 0.17555310489 
0.289075 71.48358663217 0.16988853535 
0.289582 71.44663971388 0.17233020694 
0.290088 71.41215150063 0.17092357398 
0.290595 71.06752352483 0.17040868397 
0.291102 71.29555071551 0.17049269606 
0.291608 71.22448157905 0.17025601078 
0.292115 71.14602060499 0.16887687185 
0.292621 71.23127369717 0.16722917243 
0.293128 71.09231229231 0.16782311246 
0.293634 70.97706458399 0.16509594555 
0.294141 70.84401442649 0.16761645006 
0.294647 70.84480152602 0.16411016663 
0.295154 70.90906881469 0.16804379450 
0.295661 71.02518492281 0.16200437866 
0.296167 70.82003434999 0.16567295759 
0.296674 70.80519266078 0.16724291347 
0.297180 70.68580336739 0.16598284689 
0.297687 70.67801104058 0.16378027808 
0.298193 70.60790430021 0.16497814488 
0.298700 70.68287582294 0.16399133605 
0.299207 70.47304906006 0.16320963013 
0.299713 70.75331826531 0.16454119795 
0.300220 70.52373630107 0.16597802483 
0.300726 70.51409328288 0.16216927333 
0.301233 70.52844850104 0.16343666617 
0.301739 70.77963397426 0.16394334706 
0.302246 70.33343302612 0.16381396520 
0.302752 70.09520265340 0.15948681294 
0.303259 70.41118545457 0.16275762481 
0.303765 70.24335787492 0.16244726534 
0.304272 70.24158708104 0.16025367832 
0.304779 70.34533513711 0.16010043964 
0.305285 70.11472874189 0.15751584209 
0.305792 70.09654354172 0.16295691119 
0.306298 70.19196716206 0.15860787297 
0.306805 70.13803472813 0.16352020167 
0.307311 69.87574786823 0.15940388198 
0.307818 70.11124957055 0.16355073534 
0.308324 69.98468419864 0.15623725595 
0.308831 69.44744741963 0.15786651701 
0.309337 69.49697832703 0.15594832088 
0.309844 69.31437557042 0.15354989713 
0.310350 69.56305408825 0.15842526870 
0.310857 68.89478509145 0.15031116746 
0.311364 68.72784361802 0.15092235900 
0.311870 68.40964119147 0.15394039617 
0.312377 68.37068048388 0.14968873642 
0.312883 68.34854631719 0.14498131982 
0.313390 68.03522399515 0.14756148981 
0.313896 67.77778056678 0.14767846548 
0.314403 67.68324060978 0.14611810273 
0.314909 67.52845199772 0.14574352941 
0.315416 67.52229004508 0.14115278202 
0.315922 67.21930536360 0.14533513244 
0.316429 67.38899523767 0.14664523572 
0.316935 67.34075322377 0.14347258218 
0.317442 66.86990254698 0.14484469904 
0.317948 67.08448888300 0.14129434473 
0.318455 67.20448541086 0.14150798581 
0.318961 67.06007629234 0.14149253758 
0.319468 66.79245110121 0.14169750490 
0.319975 66.97131252115 0.14418876177 
0.320481 66.77869943442 0.14016973556 
0.320988 66.72623331672 0.14574413412 
0.321494 66.80185568672 0.14106051433 
0.322001 66.81216629602 0.15515899375 
0.322507 66.41284318755 0.14244927713 
0.323014 66.57557268551 0.14078510379 
0.323520 66.74466232146 0.14416366416 
0.324027 66.39235842040 0.14169567122 
0.324533 66.63036413866 0.14039270991 
0.325040 66.36789755947 0.13814611083 
0.325546 66.25732119936 0.14180929032 
0.326053 66.38770095208 0.13771468922 
0.326559 66.39164085915 0.13675267758 
0.327066 66.27954941542 0.13846856818 
0.327572 66.41204720903 0.13875641104 
0.328079 66.15236957180 0.13832177922 
0.328585 66.12020548919 0.13863845215 
0.329092 66.03173300424 0.13685246478 
0.329598 66.04474325347 0.13838518208 
0.330105 65.95486766269 0.13765874191 
0.330611 66.09468913161 0.13830567324 
0.331118 66.16468066314 0.13812811647 
0.331624 66.02867331335 0.13950030285 
0.332131 65.89229611790 0.14058036054 
0.332637 65.78353220141 0.13780214394 
0.333144 65.63944577296 0.13900206183 
0.333650 66.12755071322 0.13907752931 
0.334157 65.86378276948 0.14139748580 
0.334663 65.79916913393 0.13902277401 
0.335170 65.80831219187 0.14031671960 
0.335676 65.99676276825 0.14016283834 
0.336183 65.68670034672 0.13695893223 
0.336689 65.66281822619 0.13681454972 
0.337196 65.65623340822 0.13964304652 
0.337702 65.65799627122 0.14179790018 
0.338209 65.43025315545 0.13808019589 
0.338715 65.46404708847 0.13795036723 
0.339222 65.38581627444 0.14036171308 
0.339728 65.38625110683 0.13918961792 
0.340235 65.54994837163 0.24046173158 
0.340741 65.56606280638 0.13740260438 
0.341248 65.28121475449 0.13940592527 
0.341754 65.26250089930 0.13857384531 
0.342261 65.29260655221 0.13781109929 
0.342767 65.10872903713 0.13709210494 
0.343274 65.09810559193 0.14083966207 
0.343780 65.25528071310 0.13839050883 
0.344287 65.22337723202 0.13956603760 
0.344793 65.29560617693 0.13942914055 
0.345300 65.16506402596 0.14273101444 
0.345806 65.12999632957 0.14003291651 
0.346313 65.04916794480 0.14326393349 
0.346819 64.98708439386 0.14231524063 
0.347325 64.97488363702 0.14409678606 
0.347832 64.87685879992 0.14570403510 
0.348338 64.72272971317 0.14592943211 
0.348845 64.88725920936 0.14451899469 
0.349351 64.85380922957 0.14822301507 
0.349858 64.84424898350 0.14732572991 
0.350364 64.75279022638 0.14763848041 
0.350871 64.95817426776 0.14713668099 
0.351377 64.60726862001 0.14944605004 
0.351884 64.41481993371 0.15033735987 
0.352390 64.51207445962 0.14607951911 
0.352897 64.46700450484 0.15200990646 
0.353403 64.45174177314 0.14819720709 
0.353910 64.54282165372 0.15028765593 
0.354416 64.33644251785 0.15294833331 
0.354923 64.31190276179 0.15114936252 
0.355429 64.22414103635 0.15064067286 
0.355935 64.07984894547 0.14776079503 
0.356442 64.13333584938 0.15446556302 
0.356948 64.03784482914 0.15350619382 
0.357455 63.95868729634 0.15672859620 
0.357961 63.79643049877 0.15506236972 
0.358468 63.69534501018 0.15595760344 
0.358974 63.68785711025 0.22288273649 
0.359481 63.90173694817 0.20353852736 
0.359987 64.05670360417 0.20080260824 
0.360494 63.90029857941 0.18963373986 
0.361000 63.82743896166 0.18469662377 
0.361506 63.91895916406 0.18193855179 
0.362013 63.75175561564 0.18412955630 
0.362519 64.13297930403 0.18109259465 
0.363026 63.82183751664 0.18408285163 
0.363532 63.81555191559 0.18890136361 
0.364039 63.72792413898 0.17949305342 
0.364545 63.63809597827 0.18321363176 
0.365052 63.87051768230 0.18467975252 
0.365558 63.74394727384 0.18084693769 
0.366064 63.61956081690 0.18245879513 
0.366571 64.07957058313 0.18474591744 
0.367077 63.47850504312 0.18575524263 
0.367584 63.91685119942 0.18996758875 
0.368090 63.80800705128 0.18703161500 
0.368597 63.74991496010 0.18772628181 
0.369103 63.86546529354 0.18951305577 
0.369610 63.38513172287 0.19039447968 
0.370116 63.31700764252 0.19135722049 
0.370622 63.62246590414 0.19111673967 
0.371129 63.54360259858 0.19377819969 
0.371635 63.70990218527 0.19200229731 
0.372142 63.78923386965 0.19044335091 
0.372648 63.72374852195 0.18902532122 
0.373155 63.41395647087 0.19538244470 
0.373661 63.61821604980 0.19165745245 
0.374167 63.66209375331 0.19566325233 
0.374674 63.03901960319 0.19789662752 
0.375180 63.66176490307 0.20048924498 
0.375687 63.41087313205 0.19522133842 
0.376193 63.06156113802 0.19913986316 
0.376700 63.40355968657 0.20028507831 
0.377206 63.49197961336 0.20065722961 
0.377712 63.53722329733 0.19994162690 
0.378219 63.52704478301 0.20172392969 
0.378725 63.42190716195 0.20653192685 
0.379232 63.26922286257 0.20566919812 
0.379738 63.18875088898 0.20521264668 
0.380245 63.41042253922 0.21071365044 
0.380751 63.18081083179 0.20642304496 
0.381257 63.55854614144 0.21154936571 
0.381764 63.21837897342 0.21036071091 
0.382270 62.89266567503 0.20682666803 
0.382777 63.31550614107 0.20710661672 
0.383283 63.17599396149 0.20769554138 
0.383789 62.89082629897 0.20796121982 
0.384296 63.07628369595 0.20997483018 
0.384802 63.12663989526 0.21366161297 
0.385309 63.27503729482 0.20903714516 
0.385815 62.90507874091 0.20773270375 
0.386321 63.04835001879 0.21115538423 
0.386828 62.97375660239 0.21605421214 
0.387334 63.13598353721 0.21409831978 
0.387841 63.07050630745 0.21155985197 
0.388347 62.97563050125 0.21734833991 
0.388853 62.83267355501 0.21275413069 
0.389360 62.91954953520 0.21578660584 
0.389866 63.00575165377 0.22202327557 
0.390373 63.14480791456 0.22070504891 
0.390879 62.75604154358 0.22114474139 
0.391385 62.87165811539 0.21985228629 
0.391892 62.68072150326 0.22169600491 
0.392398 62.85600461263 0.22514653443 
0.392905 63.13270150161 0.22497600566 
0.393411 62.78582636070 0.22156122470 
0.393917 62.60373458813 0.21988381551 
0.394424 62.86558355444 0.22149577657 
0.394930 62.62470486386 0.23307029548 
0.395437 62.76434147005 0.22556674045 
0.395943 62.43036501747 0.22634312505 
0.396449 62.57882528344 0.48013936606 
0.396956 62.13314242955 0.22486766868 
0.397462 62.75709169496 0.23534906517 
0.397969 63.05532707596 0.23370514886 
0.398475 62.68775095246 0.22861997960 
0.398981 62.76776928438 0.24177838834 
0.399488 62.59299767682 0.23360876623 
0.399994 62.60784358211 0.23351601210 
0.400500 62.33561370652 0.24304585863 
0.401007 62.59095108011 0.23657722265 
0.401513 62.63704285965 0.24966620772 
0.402020 62.20369248287 0.24460081453 
0.402526 62.60878544279 0.24580001501 
0.403032 62.06607551823 0.24235315008 
0.403539 62.24513935055 0.25570522561 
0.404045 62.47649293330 0.25056939792 
0.404551 62.17841771642 0.26866436102 
0.405058 62.13913163819 0.26584782261 
0.405564 62.03647630440 0.25658843817 
0.406071 62.55032915103 0.25372928174 
0.406577 62.08441082006 0.25081392423 
0.407083 61.97869981682 0.25691219603 
0.407590 62.34136907443 0.26965603589 
0.408096 62.28789887626 0.27057306759 
0.408602 62.34410363075 0.27332262206 
0.409109 62.09839192428 0.26117215393 
0.409615 62.62396841719 0.26902827443 
0.410121 62.17482220520 0.26346112819 
0.410628 61.63978901425 0.26545663497 
0.411134 61.96984102818 0.26569055589 
0.411641 62.01791813949 0.27837050472 
0.412147 62.37795801619 0.26351631464 
0.412653 61.71706000899 0.27353201388 
0.413160 62.28318926043 0.25801713246 
0.413666 61.91141145292 0.26322672505 
0.414172 62.23907027041 0.28072410772 
0.414679 61.80932051690 0.26870213323 
0.415185 62.13735270899 0.29244150717 
0.415691 61.87193787735 0.27328757545 
0.416198 61.63174283488 0.27287155627 
0.416704 61.84005983787 0.28251235829 
0.417210 61.63222836933 0.27868055188 
0.417717 62.01629099316 0.29717926638 
0.418223 61.56102435263 0.27869953306 
0.418729 61.41510846395 0.27716662036 
0.419236 61.91333821664 0.28756121468 
0.419742 61.90813849490 0.26721584523 
0.420248 61.59937071492 0.26715547426 
0.420755 62.25914959507 0.27628996047 
0.421261 61.29868598355 0.27451453398 
0.421767 61.65697936324 0.28813928502 
0.422274 61.89603955221 0.28428985786 
0.422780 61.85840424144 0.27301025084 
0.423286 61.58567713522 0.28181982656 
0.423793 61.68968232875 0.27884365399 
0.424299 61.51278307947 0.28713387602 
0.424805 61.72371209612 0.29419047602 
0.425312 61.92792249130 0.29826951029 
0.425818 61.86523087964 0.27972989557 
0.426324 61.69513656463 0.29183298172 
0.426831 61.26332001047 0.30027719762 
0.427337 61.72101697235 0.30540412691 
0.427843 61.79173225490 0.29940051746 
0.428350 61.59530948854 0.29620647204 
0.428856 62.00940649261 0.30397773296 
0.429362 60.99528486342 0.30547943620 
0.429869 61.63135833469 0.32224370870 
0.430375 61.56712682928 0.30869533029 
0.430881 61.73123579080 0.32316560346 
0.431388 61.78841839375 0.30592228458 
0.431894 61.29100433570 0.31432294438 
0.432400 61.13974247328 0.32288581870 
0.432907 61.83192487606 0.32326107154 
0.433413 61.70786554211 0.34123206609 
0.433919 61.21440050701 0.33279786658 
0.434425 61.21489431476 0.32871033586 
0.434932 61.30041351151 0.33617484548 
0.435438 61.28791006947 0.35149144862 
0.435944 61.51240163436 0.33481722404 
0.436451 61.77253244113 0.35102415948 
0.436957 61.53080786992 0.36251374805 
0.437463 61.08014300527 0.34798198240 
0.437970 61.28520322484 0.35141085444 
0.438476 61.51589037839 0.36509814906 
0.438982 61.49446004725 0.35750483516 
0.439489 61.85875545270 0.38202927894 
0.439995 61.09164735875 0.35260671518 
0.440501 60.90356184245 0.37021694525 
0.441007 61.41626371132 0.39088656519 
0.441514 61.19519992911 0.37387989358 
0.442020 61.34487201755 0.41506993612 
0.442526 61.40238084112 0.40594686680 
0.443033 60.95886278408 0.39644550448 
0.443539 60.90176019465 0.40400888360 
0.444045 61.20298415777 0.40541688826 
0.444551 61.37789428830 0.41427761727 
0.445058 61.15826806630 0.41678124048 
0.445564 60.80742516685 0.43388050306 
0.446070 60.82412199623 0.43528745097 
0.446577 60.47291799682 0.44669695489 
0.447083 61.09221999624 0.44821771015 
0.447589 60.79635573409 0.45854121003 
0.448095 60.17988588321 0.46439291226 
0.448602 61.05322537271 0.47075779735 
0.449108 61.02272950087 0.48142206841 
0.449614 61.11395294086 0.49045587126 
0.450121 59.64787364127 0.48592428875 
0.450627 60.68594300974 0.52835088394 
0.451133 60.82093155058 0.51223014972 
0.451639 60.31339374962 0.50479171039 
0.452146 60.08962100018 0.51076841880 
0.452652 60.06590219113 0.52619661879 
0.453158 60.83282256361 0.55391746618 
0.453664 60.14752902926 0.53467060998 
0.454171 60.26889412498 0.57790470928 
0.454677 60.62811607516 0.62249694035 
0.455183 59.76794571879 0.62185895011 
0.455689 59.68963492372 0.60999126131 
0.456196 60.26377691757 0.66608575626 
0.456702 60.81076517011 0.66114740528 
0.457208 61.39476057430 0.68140112875 
0.457714 60.38480666255 0.74517490504 
0.458221 60.88665005494 0.77490241546 
0.458727 60.23340572402 0.79905029765 
0.459233 58.90126224419 0.82594680036 
0.459740 60.17889541949 0.82671000951 
0.460246 60.61517552092 0.90097498256 
0.460752 59.93794054713 0.97874416612 
0.461258 59.39510780887 0.93504269469 
0.461765 60.58646237242 1.07154375996 
0.462271 59.83895023070 1.04220530460 
0.462777 59.45061249420 1.17806730178 
0.463283 60.92367848070 1.29465594943 
0.463789 59.70603561945 1.34896654753 
0.464296 59.73197902878 1.32804523868 
0.464802 60.13995319105 1.34682499236 
0.465308 60.68800588407 1.51479373866 
0.465814 59.90056364862 1.67765272074 
0.466321 59.94470651503 1.68068076757 
0.466827 58.62757271314 1.75712948707 
0.467333 60.34845384901 1.89166775037 
0.467839 58.58599338987 1.97289884933 
0.468346 58.47529824745 2.37966941746 
0.468852 59.81389352791 2.55383057481 
0.469358 55.88952978388 2.89186535775 
0.469864 58.29189967494 2.82820480906 
0.470371 49.88301029077 3.44663469999 
0.470877 48.75316034825 3.95256207701 
0.471383 48.71406751447 5.07639676341 
0.471889 42.41561642308 6.53664246429 
0.472395 52.07567869354 5.84339099397 
0.472902 31.91797789941 9.34300383582 
