0.010896 1383.53258843168 11.96583527619 
0.011402 1219.09459704926 12.55479867690 
0.011909 1087.19802607792 11.27549571036 
0.012416 988.96680446953 10.31819749090 
0.012923 904.92142622755 7.34016634781 
0.013430 835.62767598654 11.73908145203 
0.013936 804.47087412350 9.53203199406 
0.014443 748.21196494485 7.60269122799 
0.014950 688.27816337584 6.79871647156 
0.015457 641.75572926562 5.31508234486 
0.015963 587.02491104185 5.03419853559 
0.016470 553.41904452642 4.14971619441 
0.016977 517.67583041147 3.86016104752 
0.017484 479.55451284684 3.23526913772 
0.017990 453.68497011812 3.36356852758 
0.018497 426.33748617211 2.69923807206 
0.019004 406.27285044206 2.49552165725 
0.019511 382.15112368830 2.30948819773 
0.020018 368.27404190050 2.14370505228 
0.020524 347.90770820852 1.98279103294 
0.021031 330.89028458831 1.91169738992 
0.021538 318.38131929932 1.80850365958 
0.022045 302.78966183747 1.74784721343 
0.022551 294.40293866323 1.54023636050 
0.023058 283.03099835212 1.55522923827 
0.023565 272.48646498495 1.58355716439 
0.024072 263.38904534081 1.74928517370 
0.024579 252.48203780004 1.76041644642 
0.025085 244.59691049147 2.15604952987 
0.025592 238.74271920296 2.12316389682 
0.026099 231.25573084545 2.22825582351 
0.026606 225.95338264754 1.63231913036 
0.027112 219.76430700804 1.74957859565 
0.027619 213.33393160345 1.54756822203 
0.028126 208.07449818766 1.48136554804 
0.028633 202.50185666690 1.38443806822 
0.029139 199.67784717434 1.18287997601 
0.029646 194.48520688722 1.07185062046 
0.030153 189.37424814620 1.13311752362 
0.030660 185.13368543982 1.10304705997 
0.031167 183.08884896124 0.92801271845 
0.031673 178.72806833906 0.92368081267 
0.032180 177.06702143210 0.87274520348 
0.032687 174.31936170428 0.89259808098 
0.033194 170.57107627732 0.84045759404 
0.033700 168.02438634611 0.78185213165 
0.034207 165.02465544883 0.72190047075 
0.034714 164.15498573712 0.80334982764 
0.035221 161.40898717119 0.73516929850 
0.035727 158.14923752745 0.66725220420 
0.036234 155.48572414689 0.66083385267 
0.036741 154.35542497789 0.68455443100 
0.037248 153.12371555101 0.66094785396 
0.037755 150.76048857675 0.66926744577 
0.038261 148.84857701995 0.58245515123 
0.038768 147.45350466256 0.58279949047 
0.039275 145.65997065872 0.61930132569 
0.039782 144.83649478518 0.57997427502 
0.040288 142.33630470844 0.55721083663 
0.040795 141.65817428901 0.56411117489 
0.041302 140.91226674733 0.54095611396 
0.041809 138.92868705798 0.55267242121 
0.042315 137.77912510064 0.55709612009 
0.042822 136.45660795610 0.55134334678 
0.043329 134.57986330362 0.51954693381 
0.043836 134.03970442764 0.52547618747 
0.044343 132.71053977084 0.56003285491 
0.044849 131.86600033995 0.53350415944 
0.045356 131.75074130214 0.50690989871 
0.045863 129.68638439746 0.52153322340 
0.046370 128.99217563588 0.50806384742 
0.046876 128.18796492026 0.51051302197 
0.047383 127.42416663441 0.48651044677 
0.047890 126.42640787621 0.48850771660 
0.048397 124.66944265817 0.46380233399 
0.048903 124.29671460114 0.46752287573 
0.049410 123.94546172044 0.47100711752 
0.049917 123.62887028276 0.46860938959 
0.050424 122.33990210552 0.45459052534 
0.050931 121.73893748670 0.45093890141 
0.051437 120.74671343806 0.44875002388 
0.051944 120.28785557253 0.43608109581 
0.052451 119.59725773694 0.43700291890 
0.052958 119.04803505639 0.43360192991 
0.053464 118.61456043570 0.44727161268 
0.053971 117.48517957250 0.44188294105 
0.054478 116.63568487262 0.43194160665 
0.054985 115.54468908690 0.43256575881 
0.055491 115.97317928218 0.43387235509 
0.055998 114.11343512168 0.42649014502 
0.056505 114.74608979136 0.40611520726 
0.057012 113.47100757876 0.43590300458 
0.057519 112.79353336884 0.44148264317 
0.058025 112.13520098545 0.41176775957 
0.058532 112.50827943942 0.40949528368 
0.059039 111.48523936560 0.43267998389 
0.059546 110.85623674205 0.42662701137 
0.060052 110.23305436845 0.42369311786 
0.060559 109.91920325150 0.40956469925 
0.061066 108.84489941634 0.41021731857 
0.061573 109.24927350965 0.40269444530 
0.062079 108.80342455336 0.39468219272 
0.062586 108.16103459814 0.41057331503 
0.063093 107.73227070946 0.37479663208 
0.063600 107.15225393488 0.37842235195 
0.064106 106.94783640144 0.38868715051 
0.064613 107.02722184744 0.40362972901 
0.065120 106.26933621233 0.37403596800 
0.065627 105.46300034291 0.37949530520 
0.066134 105.88215533379 0.37910936354 
0.066640 105.10605274716 0.38486345964 
0.067147 104.89942604813 0.35863528877 
0.067654 104.37500382878 0.36617100732 
0.068161 104.11139350293 0.37114097338 
0.068667 103.28151076796 0.37470942818 
0.069174 103.17182842391 0.37851596164 
0.069681 102.41200488420 0.37997581587 
0.070188 102.20027533166 0.36118481730 
0.070694 101.80562291164 0.35341762568 
0.071201 101.62169648176 0.36451889925 
0.071708 101.89352473576 0.35304668027 
0.072215 100.74555902385 0.35743476164 
0.072721 100.57492037191 0.35461067766 
0.073228 100.70256947604 0.33858005076 
0.073735 99.97668692804 0.35930056208 
0.074242 99.76078190348 0.35574788739 
0.074748 99.99778181162 0.35484974204 
0.075255 98.82517993137 0.34707013958 
0.075762 99.22152881003 0.35010076831 
0.076269 98.48468559386 0.34108341923 
0.076776 99.16123396111 0.33085975430 
0.077282 98.58463213317 0.32451311684 
0.077789 98.74087300158 0.33417691964 
0.078296 98.67055466399 0.34051588889 
0.078803 97.72873381235 0.32315838023 
0.079309 96.95090182593 0.32166807134 
0.079816 96.97926822176 0.33233043876 
0.080323 97.36502698930 0.33474373412 
0.080830 97.37840322193 0.32685265947 
0.081336 96.84211373550 0.33433907044 
0.081843 96.98371485660 0.33660710276 
0.082350 96.83453437201 0.33835824705 
0.082857 96.06289620463 0.33881547316 
0.083363 96.55804444651 0.33556534016 
0.083870 96.49692136141 0.33957893939 
0.084377 95.58660273118 0.33785911218 
0.084884 95.63282105443 0.32961618745 
0.085390 95.82061734830 0.33093537062 
0.085897 95.47723005291 0.34168502909 
0.086404 95.76925445534 0.33773084959 
0.086911 95.07329726482 0.33098326705 
0.087417 94.92482965967 0.32867903546 
0.087924 95.03240261736 0.33124928796 
0.088431 94.64417058011 0.33280149419 
0.088938 94.59097629984 0.32839582853 
0.089444 94.72937787271 0.32323115992 
0.089951 94.13353842950 0.33820152793 
0.090458 94.08015199106 0.32904869573 
0.090965 94.16423733730 0.31669657403 
0.091471 93.84256269589 0.32779972119 
0.091978 93.71254367329 0.32691104717 
0.092485 93.17583146148 0.34841196434 
0.092992 92.69615143316 0.33152796809 
0.093498 93.15881580067 0.33353602997 
0.094005 93.15186788372 0.33504076487 
0.094512 92.61616045124 0.32724055470 
0.095019 92.42201203803 0.33706943778 
0.095525 92.44991251364 0.33157679006 
0.096032 92.61575174869 0.33004841049 
0.096539 92.12577197267 0.32550735601 
0.097046 91.87379224237 0.33970377845 
0.097552 91.41948393947 0.33375189147 
0.098059 91.90756511623 0.33519325810 
0.098566 91.69836704846 0.32898985372 
0.099073 91.78789596522 0.32854504942 
0.099579 92.37312701498 0.31936178411 
0.100086 91.14732462041 0.31793906517 
0.100593 91.05102834943 0.32358995736 
0.101100 91.40907882602 0.31963427524 
0.101606 91.10535141033 0.30626518293 
0.102113 90.22041890504 0.29591145616 
0.102620 89.63191198869 0.30696394271 
0.103127 89.59569500382 0.30016577006 
0.103633 89.00391162695 0.29716190713 
0.104140 88.38625787279 0.29544803537 
0.104647 88.27443216381 0.29693040813 
0.105154 88.82094351417 0.29932497343 
0.105660 88.52612298503 0.30353833695 
0.106167 88.41851814029 0.30172769909 
0.106674 88.14633445000 0.29272178980 
0.107181 87.76177457910 0.28498943793 
0.107687 88.09054695225 0.30126079771 
0.108194 88.08132295151 0.29551016976 
0.108701 88.07963942210 0.30135784750 
0.109208 87.86778037049 0.30193995079 
0.109714 87.80107332149 0.28389163534 
0.110221 87.27769074907 0.28445084111 
0.110728 87.25962457563 0.29845368534 
0.111235 87.89495942503 0.29708285016 
0.111741 87.03250632916 0.28982048279 
0.112248 87.27859995683 0.28391551172 
0.112755 87.42349943758 0.28712739638 
0.113262 86.81219089106 0.27810564779 
0.113768 87.20096480194 0.28094632802 
0.114275 87.06370323256 0.27420342228 
0.114782 86.28556996150 0.27775343705 
0.115289 86.83360135588 0.27604356914 
0.115795 87.20761327763 0.27096230416 
0.116302 86.81892412464 0.27937757037 
0.116809 86.36966170558 0.27532577228 
0.117316 86.41366020117 0.27045834313 
0.117822 85.52302136059 0.27635332149 
0.118329 86.11703851013 0.26838198298 
0.118836 86.08133644255 0.26767026563 
0.119342 86.12470321132 0.26909385440 
0.119849 85.98171894508 0.26777523965 
0.120356 85.79268653656 0.26891100639 
0.120863 85.37642807728 0.26533187237 
0.121369 85.70740747681 0.26923571774 
0.121876 85.55260039213 0.26479408058 
0.122383 85.45341101109 0.26304073955 
0.122890 85.54881605843 0.27141959740 
0.123396 85.14351567870 0.26945056701 
0.123903 85.62538740561 0.26095528718 
0.124410 85.58739994139 0.26643765081 
0.124917 84.84844167151 0.25771267326 
0.125423 84.87589884823 0.26207741348 
0.125930 84.96167547917 0.26504347375 
0.126437 84.71651044167 0.25412990988 
0.126944 84.97889362710 0.25448140420 
0.127450 84.48844726764 0.25392393670 
0.127957 84.66087474425 0.25272804060 
0.128464 84.73446978527 0.25993317075 
0.128970 84.74565188523 0.25929036285 
0.129477 84.39560007221 0.25749445042 
0.129984 84.16009955237 0.25222226478 
0.130491 84.65103013753 0.24707803065 
0.130997 84.30627774315 0.24993065461 
0.131504 84.37139046673 0.25249557130 
0.132011 84.13635429130 0.24720248110 
0.132518 84.05105765645 0.24677582980 
0.133024 84.31684951683 0.24601295651 
0.133531 83.50633159573 0.24427475107 
0.134038 84.14941812161 0.24639848771 
0.134545 83.54436518260 0.24428147466 
0.135051 83.88299980548 0.24293301670 
0.135558 83.73334368367 0.25162555488 
0.136065 83.81240193405 0.23626079922 
0.136571 83.53560613725 0.24010790454 
0.137078 83.48649542361 0.24871332071 
0.137585 83.55380681813 0.24282814865 
0.138092 83.24472183571 0.25107654126 
0.138598 83.39171353727 0.24069287400 
0.139105 83.24572257757 0.24392066914 
0.139612 83.11230469869 0.23904277593 
0.140119 83.05695656318 0.24117641790 
0.140625 83.36712698483 0.24618373439 
0.141132 82.95371722030 0.23900419981 
0.141639 82.85765669864 0.24412785734 
0.142145 82.70162837743 0.24157141282 
0.142652 82.81563439771 0.23786173965 
0.143159 82.60038801706 0.23207541004 
0.143666 82.37209446675 0.23854407929 
0.144172 82.36059456019 0.24247198820 
0.144679 82.40082641191 0.23862177297 
0.145186 82.01624956476 0.24324260136 
0.145692 82.17418212506 0.24697292269 
0.146199 82.42446016419 0.24418089115 
0.146706 82.10357855004 0.24598730400 
0.147213 82.01238012572 0.24188697317 
0.147719 81.51868205751 0.23184816416 
0.148226 81.79227623343 0.24235334667 
0.148733 81.79644588911 0.23862744714 
0.149240 81.32261030929 0.23890944606 
0.149746 81.54376240730 0.24261995584 
0.150253 81.31789680153 0.24153206558 
0.150760 81.28877409550 0.23270197452 
0.151266 81.24845589622 0.24183052136 
0.151773 81.45879737873 0.23808348014 
0.152280 81.32504380131 0.23909224706 
0.152787 81.06883636421 0.23626067189 
0.153293 81.00764524587 0.23853637613 
0.153800 80.39990647643 0.23918737872 
0.154307 80.81391917428 0.23753927783 
0.154813 80.84756563412 0.24311180122 
0.155320 80.82535878006 0.23808079322 
0.155827 80.71192331108 0.24107187066 
0.156334 80.61305600123 0.23551529685 
0.156840 80.93478206847 0.23934116720 
0.157347 80.17133394988 0.24019431369 
0.157854 80.67273375485 0.23759325446 
0.158360 80.19465399200 0.23674533522 
0.158867 79.85915151200 0.23631506973 
0.159374 80.11043686781 0.24112232858 
0.159881 80.04100778906 0.23840219589 
0.160387 79.89398654401 0.23038853649 
0.160894 79.73148640662 0.23517881108 
0.161401 80.26108194727 0.23443983415 
0.161907 79.68754137921 0.23564910558 
0.162414 79.49462003187 0.23063029559 
0.162921 79.64100464018 0.22843558592 
0.163427 80.17433998971 0.23124915157 
0.163934 79.50574085023 0.23135388204 
0.164441 79.76907306055 0.23557017895 
0.164948 79.42600695571 0.22864087673 
0.165454 79.32544236274 0.23052923454 
0.165961 79.49355745280 0.22779808070 
0.166468 79.32252511033 0.23299814801 
0.166974 79.28396480952 0.22928634063 
0.167481 79.19571307986 0.22871049394 
0.167988 79.29327719364 0.22606327881 
0.168495 79.29646111734 0.23379906721 
0.169001 79.06210038110 0.23158648639 
0.169508 78.95261801843 0.22929162507 
0.170015 79.47382111749 0.23151033132 
0.170521 79.62530654890 0.23396716032 
0.171028 79.33788962982 0.23328701550 
0.171535 79.25808524771 0.23339670003 
0.172041 79.15267076096 0.23751150076 
0.172548 79.09115518491 0.23447817875 
0.173055 79.06013715891 0.23577195735 
0.173562 79.05438693683 0.23370401434 
0.174068 79.30870763478 0.23929077759 
0.174575 78.94676917780 0.23305670185 
0.175082 78.97945878536 0.23832110971 
0.175588 79.08929883937 0.23242908239 
0.176095 78.69220101746 0.23453918844 
0.176602 78.75326078401 0.23625153964 
0.177108 78.75405817357 0.23729713130 
0.177615 78.67276799932 0.23731767473 
0.178122 78.83399086353 0.24064925502 
0.178629 78.80365358309 0.23701247915 
0.179135 78.62678096548 0.24270405108 
0.179642 78.71750339998 0.23881365976 
0.180149 78.48397980970 0.23737225226 
0.180655 78.50467005050 0.23399357133 
0.181162 78.51803729340 0.23649094520 
0.181669 78.63792893971 0.23589073541 
0.182175 78.90286260373 0.24213530791 
0.182682 78.71103964447 0.23680445329 
0.183189 78.81770537563 0.24399725499 
0.183695 78.64276237537 0.24385488556 
0.184202 78.85394655421 0.24372445736 
0.184709 78.38463578297 0.24144451080 
0.185216 78.44709967857 0.23653968780 
0.185722 78.33716232025 0.24029395175 
0.186229 78.27481543604 0.24062884494 
0.186736 78.38057483926 0.24001971135 
0.187242 77.92180626971 0.23685304607 
0.187749 78.26548802008 0.24940677737 
0.188256 77.96732732647 0.24464810538 
0.188762 78.11362202563 0.24504662009 
0.189269 77.62943984747 0.24500324331 
0.189776 77.33518337916 0.24573451589 
0.190282 77.47631110417 0.24402675912 
0.190789 77.73310831308 0.24276506411 
0.191296 77.67807199543 0.24680210767 
0.191802 77.36415217741 0.24321850705 
0.192309 77.49863678016 0.24239177348 
0.192816 76.91429962853 0.24378379255 
0.193323 76.86941909075 0.23430524948 
0.193829 76.57050941806 0.23060458766 
0.194336 76.86506239531 0.24548327799 
0.194843 76.50920650798 0.23002265853 
0.195349 76.79914718807 0.23358223971 
0.195856 76.37399992219 0.23280071279 
0.196363 76.68597652411 0.22972537150 
0.196869 76.39947916058 0.23402377545 
0.197376 76.29134765686 0.22631687747 
0.197883 76.29633480591 0.22885605784 
0.198389 75.88948800757 0.22517027650 
0.198896 76.08213156190 0.22266642559 
0.199403 76.42719496609 0.22684968922 
0.199909 76.13709253669 0.22565567341 
0.200416 75.96753513784 0.21940916535 
0.200923 75.80059579436 0.22100455670 
0.201429 75.94434908361 0.21889962551 
0.201936 75.84201547684 0.22154637239 
0.202443 75.89854615089 0.21624207757 
0.202949 75.76865440352 0.22086212735 
0.203456 75.53204791024 0.22224144659 
0.203963 75.74258747279 0.21870550152 
0.204469 75.60168929308 0.21817019838 
0.204976 75.61884679809 0.21441766171 
0.205483 75.52665387653 0.21941312684 
0.205989 75.49939035197 0.21343931845 
0.206496 75.67934481685 0.21421464786 
0.207003 75.50629194292 0.21435165807 
0.207509 75.71170414176 0.21485363951 
0.208016 75.27811840453 0.21157103705 
0.208523 75.56027998696 0.21703790408 
0.209029 75.28874058370 0.21267740749 
0.209536 75.35022080408 0.21051843574 
0.210043 74.95512018816 0.21275714999 
0.210549 75.01158624600 0.21448632702 
0.211056 75.17040779277 0.21276607887 
0.211563 74.91940796225 0.20833490535 
0.212069 74.83811752067 0.20681504217 
0.212576 74.92670155576 0.20891719011 
0.213083 74.77867852243 0.20724413714 
0.213589 75.10069568149 0.20891719891 
0.214096 74.84698469748 0.20496101091 
0.214603 74.63082807121 0.20281067028 
0.215109 74.61298884857 0.20703837343 
0.215616 74.78949086466 0.20577689642 
0.216123 74.48038225711 0.20689195912 
0.216629 74.73675330557 0.20711160732 
0.217136 74.22301653440 0.20658295363 
0.217643 74.29740836745 0.20985027556 
0.218149 74.08813964269 0.21259856134 
0.218656 74.01903326090 0.20357234792 
0.219163 74.10413651873 0.21093444792 
0.219669 74.36025597456 0.20500192816 
0.220176 74.13361588869 0.20820330116 
0.220683 74.07677848908 0.20467782040 
0.221189 73.96498602668 0.20373234888 
0.221696 74.09055881295 0.20538965873 
0.222203 73.72612750433 0.20546796248 
0.222709 74.00261293452 0.20346742837 
0.223216 73.91732373884 0.20174017270 
0.223722 73.87530323763 0.19981275275 
0.224229 73.53983554759 0.20176352158 
0.224736 73.75442748324 0.20405475475 
0.225242 73.68972534516 0.20409112889 
0.225749 73.40933055522 0.20392615648 
0.226256 73.57372856779 0.20387817873 
0.226762 73.50572955817 0.20087602449 
0.227269 73.65480517104 0.20189488664 
0.227776 73.28550811730 0.20237132154 
0.228282 73.35722493024 0.19975608736 
0.228789 73.29741654369 0.19960558730 
0.229296 73.28565790040 0.20004898842 
0.229802 73.49062625962 0.20169273932 
0.230309 73.40738196941 0.20030978691 
0.230816 72.84260505882 0.19897123358 
0.231322 73.38054839545 0.20211573479 
0.231829 73.06661212073 0.20059924763 
0.232335 72.93076852075 0.20112654901 
0.232842 72.98691291095 0.20160079387 
0.233349 73.35031323283 0.19642073499 
0.233855 72.96530339575 0.19866869205 
0.234362 72.75048360735 0.19994089923 
0.234869 72.67929757662 0.20238285817 
0.235375 72.54221392618 0.19374584096 
0.235882 72.73737635427 0.20134487863 
0.236389 72.68326152012 0.19665212773 
0.236895 72.56598704498 0.20043893402 
0.237402 72.49367068023 0.20004848740 
0.237908 72.52907369537 0.20110855678 
0.238415 72.24632596720 0.19853152166 
0.238922 72.37815989908 0.19961779453 
0.239428 72.45569237083 0.19471161144 
0.239935 72.03124711124 0.19625219819 
0.240442 72.11494849004 0.19636496896 
0.240948 72.20279216997 0.19888954243 
0.241455 72.01305121649 0.20047289303 
0.241962 72.40777700548 0.19482695494 
0.242468 71.67650970788 0.19509410640 
0.242975 71.96330866747 0.19770276263 
0.243481 71.83226938209 0.20043634203 
0.243988 71.88108817280 0.19738114288 
0.244495 71.91842110523 0.19790793110 
0.245001 71.65963359707 0.19370418460 
0.245508 71.83064206248 0.19374352544 
0.246015 71.82530942328 0.19715750876 
0.246521 71.56127488806 0.20122482632 
0.247028 71.65732629131 0.20033181173 
0.247534 71.56946289075 0.19682658407 
0.248041 71.60952097725 0.20118971890 
0.248548 71.48992298869 0.19905648517 
0.249054 71.51766202304 0.19458749228 
0.249561 70.92651300618 0.19545200833 
0.250068 71.29507737867 0.19556328096 
0.250574 71.22020953052 0.19647916525 
0.251081 71.41005177150 0.19958038237 
0.251587 71.23170361251 0.19770423324 
0.252094 71.35483781191 0.19717214808 
0.252601 71.07580812181 0.19516124141 
0.253107 70.90737231958 0.19642907379 
0.253614 70.99192260800 0.19241535867 
0.254120 70.78183520026 0.19476647662 
0.254627 70.85105471423 0.19348864265 
0.255134 70.93233087866 0.19521703080 
0.255640 71.17100800478 0.19575968172 
0.256147 70.92441797587 0.19505576690 
0.256654 70.68387624708 0.19629693630 
0.257160 70.81435125429 0.19720315768 
0.257667 71.34419475700 0.19532082657 
0.258173 71.15348028720 0.19596286990 
0.258680 71.58808239996 0.19455489071 
0.259187 71.90321808075 0.19686256640 
0.259693 71.59764754460 0.19815290658 
0.260200 71.72975391377 0.19421865775 
0.260706 71.48525139022 0.19582323463 
0.261213 71.86827244839 0.19112592004 
0.261720 71.60810059406 0.19170664194 
0.262226 71.51075068234 0.19285984163 
0.262733 71.70824577920 0.19308005805 
0.263239 72.00014489313 0.19423668711 
0.263746 71.91111250361 0.19475165985 
0.264253 71.55187628228 0.19280511343 
0.264759 71.58601054684 0.19291120059 
0.265266 71.80589052293 0.19342371567 
0.265772 72.16394383553 0.19185630099 
0.266279 71.76272571019 0.18882219703 
0.266786 71.53141239337 0.19152847282 
0.267292 71.74234982164 0.19366985111 
0.267799 71.64361343848 0.18860528338 
0.268305 71.79320894786 0.18967254100 
0.268812 71.67841539924 0.18964328488 
0.269319 72.08148603474 0.18754195997 
0.269825 71.73730233964 0.18809071056 
0.270332 71.78889788660 0.18927438491 
0.270838 71.93696336910 0.19079853899 
0.271345 72.35193857292 0.19329758563 
0.271852 72.19527970536 0.19168344348 
0.272358 72.18748242929 0.19242270451 
0.272865 71.95073551666 0.19163718688 
0.273371 72.20854150557 0.18950586561 
0.273878 72.57994684389 0.19196450720 
0.274385 72.22364186167 0.19099933631 
0.274891 72.25422293855 0.18863932168 
0.275398 72.26712885719 0.18555166982 
0.275904 72.34813758389 0.18872747915 
0.276411 72.53910936195 0.18479286145 
0.276917 72.26054386004 0.18264286181 
0.277424 72.24664432035 0.18646759284 
0.277931 72.03513635985 0.18285407810 
0.278437 72.11885435635 0.18407976842 
0.278944 72.02466702901 0.18379933578 
0.279450 72.38914453330 0.18512765819 
0.279957 72.05168444379 0.18581006404 
0.280464 71.95665779060 0.17853579040 
0.280970 72.17252177258 0.18226201085 
0.281477 72.18531987476 0.17949415587 
0.281983 71.98428472361 0.18185999747 
0.282490 72.23266932081 0.18533926142 
0.282996 72.11820053704 0.18154467724 
0.283503 71.92460306109 0.18191328294 
0.284010 72.24160035450 0.17831333971 
0.284516 71.87316539533 0.18041507516 
0.285023 71.64266676967 0.18038800257 
0.285529 71.72361354419 0.17494674598 
0.286036 71.51686822360 0.17221317220 
0.286542 71.48784403957 0.17312091061 
0.287049 71.64396794393 0.17526500960 
0.287556 71.51091262742 0.17171041233 
0.288062 71.43608737995 0.16980313816 
0.288569 71.58550433416 0.16832032790 
0.289075 71.31787165640 0.17146919154 
0.289582 71.59918542750 0.16654976239 
0.290088 71.18245302117 0.16978665035 
0.290595 71.20436146021 0.16998926500 
0.291102 71.32685953777 0.16867151748 
0.291608 71.33382402252 0.16833237014 
0.292115 71.18796776482 0.16802224681 
0.292621 71.17111622297 0.16459376134 
0.293128 71.35132111511 0.16447555962 
0.293634 71.13456706959 0.16511154922 
0.294141 70.79042800526 0.16862081228 
0.294647 70.84265076133 0.16655033406 
0.295154 70.93536960910 0.16710908238 
0.295661 70.98676318791 0.16266484829 
0.296167 70.96958973711 0.16667596788 
0.296674 70.99259906688 0.16549515909 
0.297180 70.44162285004 0.16400955085 
0.297687 70.84668526480 0.16395145782 
0.298193 70.57445706738 0.16618149208 
0.298700 70.64664924856 0.16296837637 
0.299207 70.78757838726 0.16079724348 
0.299713 70.52764657081 0.16487849068 
0.300220 70.57338407669 0.16737643572 
0.300726 70.52893993575 0.16248038659 
0.301233 70.45826997841 0.16632410499 
0.301739 70.33145605850 0.16572159665 
0.302246 70.34052231718 0.16194279128 
0.302752 70.48022270587 0.16226118217 
0.303259 70.27300295211 0.16445052609 
0.303765 70.28590110083 0.16113274821 
0.304272 70.25237759933 0.15975521016 
0.304779 70.04708472328 0.15993813887 
0.305285 70.03376496203 0.15946065913 
0.305792 70.05863038729 0.16254319967 
0.306298 70.00043766375 0.15921215515 
0.306805 70.08912963631 0.16004962365 
0.307311 70.02756314554 0.16063277490 
0.307818 69.69614735874 0.15749108157 
0.308324 69.56290894413 0.15712773586 
0.308831 69.77321125093 0.15530539498 
0.309337 69.30690913150 0.15002370597 
0.309844 69.13186077243 0.15245451125 
0.310350 69.03832714130 0.15313908301 
0.310857 69.15518906844 0.15220647431 
0.311364 68.55298255992 0.15193885174 
0.311870 68.52507817181 0.15143587815 
0.312377 68.45012132929 0.14895293573 
0.312883 68.09779558664 0.14997017797 
0.313390 68.06435898411 0.14585840403 
0.313896 67.89258028670 0.14970768416 
0.314403 67.69467093159 0.14472598526 
0.314909 67.70301713248 0.14796077381 
0.315416 67.55584003342 0.14446812377 
0.315922 67.60540006793 0.14437179274 
0.316429 67.36594156782 0.13957271656 
0.316935 67.23451106635 0.14015975049 
0.317442 67.28626115379 0.14338784530 
0.317948 67.19117664555 0.14121321765 
0.318455 67.13140886040 0.13997646044 
0.318961 66.99952817448 0.13973140874 
0.319468 66.85424309444 0.14109324396 
0.319975 67.02838327911 0.14608153676 
0.320481 66.66042092133 0.14280967462 
0.320988 66.94572054513 0.14486198042 
0.321494 66.91074796102 0.14143748986 
0.322001 66.74563212531 0.14466766555 
0.322507 66.54654887142 0.13740076848 
0.323014 66.56683833835 0.14125505407 
0.323520 66.65748828582 0.14175504260 
0.324027 66.58426654573 0.14299299731 
0.324533 66.45505616366 0.14092824184 
0.325040 66.56479205490 0.14091332857 
0.325546 66.25597039614 0.13985702675 
0.326053 66.30906092168 0.13927706428 
0.326559 66.36112217538 0.13879495696 
0.327066 66.25313432996 0.13901419550 
0.327572 66.27277133454 0.13494823644 
0.328079 66.23287702361 0.13954035354 
0.328585 66.18522127007 0.13611683591 
0.329092 66.16861742008 0.13565306613 
0.329598 66.09073535656 0.13794884491 
0.330105 65.95859369897 0.13876696251 
0.330611 66.20692478734 0.13804780589 
0.331118 65.90137674782 0.14013050291 
0.331624 66.00810123339 0.13746346186 
0.332131 66.13606336752 0.13671795964 
0.332637 65.69208667605 0.13854608231 
0.333144 65.83026772309 0.13921318088 
0.333650 65.67487167516 0.14024273547 
0.334157 66.07479034331 0.13948940231 
0.334663 65.73380328455 0.13859127984 
0.335170 65.63535176310 0.14048850621 
0.335676 65.68259159269 0.13822723479 
0.336183 65.94039370834 0.14007776579 
0.336689 65.88453275171 0.13913866498 
0.337196 65.49562401437 0.13753702042 
0.337702 65.49347096811 0.14098348053 
0.338209 65.79029713290 0.13745332507 
0.338715 65.68862827802 0.13840326489 
0.339222 65.50059158326 0.14410668961 
0.339728 65.50551144906 0.13853783646 
0.340235 65.36143839173 0.20469645155 
0.340741 65.38959551675 0.14003370133 
0.341248 65.37081477167 0.14028263808 
0.341754 65.28748160434 0.13946885403 
0.342261 65.16614273482 0.13729397867 
0.342767 65.24827321221 0.13881474645 
0.343274 64.97338334716 0.13819184187 
0.343780 65.00908245783 0.14100250923 
0.344287 65.04793524619 0.14025944188 
0.344793 65.05727802964 0.13906416843 
0.345300 65.09790410485 0.14147102521 
0.345806 64.88629734825 0.14025919033 
0.346313 65.16828560275 0.14330545506 
0.346819 65.11082795739 0.14101504422 
0.347325 64.91783675160 0.14196808724 
0.347832 65.00117880158 0.14462154482 
0.348338 64.89867710007 0.14446824489 
0.348845 64.73745529976 0.14563283257 
0.349351 64.80844750342 0.14838514693 
0.349858 64.53963863438 0.15160007524 
0.350364 64.70329809707 0.14651828616 
0.350871 64.55766151957 0.14426347463 
0.351377 64.72208525812 0.15036545716 
0.351884 64.58558502127 0.14435944697 
0.352390 64.43694968314 0.14891346049 
0.352897 64.31747216678 0.14838965942 
0.353403 64.32002678552 0.15008948588 
0.353910 64.23617997734 0.14940794457 
0.354416 64.17730583809 0.14981875775 
0.354923 64.50965376434 0.15066731104 
0.355429 64.23951885013 0.15130763864 
0.355935 64.16547173208 0.15212397307 
0.356442 63.91643104311 0.15205199699 
0.356948 63.68874489474 0.15383666499 
0.357455 64.13439665359 0.15721644159 
0.357961 63.91963787625 0.15349326862 
0.358468 63.73195427825 0.15320799702 
0.358974 64.03152382874 0.22346538080 
0.359481 64.03815459349 0.20442276010 
0.359987 63.90319746553 0.19873291048 
0.360494 63.68940595629 0.19120093964 
0.361000 63.74298926687 0.18591084842 
0.361506 64.07901668789 0.18268247579 
0.362013 63.74941203570 0.18408481240 
0.362519 63.87847087739 0.18409625767 
0.363026 64.08642533077 0.18822497165 
0.363532 63.79806761342 0.18585675097 
0.364039 63.63275287099 0.18349632363 
0.364545 64.08626309454 0.18140134156 
0.365052 63.70033704399 0.18328956034 
0.365558 63.91392793519 0.18510351233 
0.366064 63.75615157714 0.18421090511 
0.366571 63.85942687059 0.18459651367 
0.367077 63.75457838381 0.18419484499 
0.367584 63.89615802213 0.18614389060 
0.368090 63.68737375500 0.18580921861 
0.368597 63.73127648771 0.18729797231 
0.369103 63.27339089938 0.18744048992 
0.369610 63.76237492550 0.19193807347 
0.370116 63.46143301397 0.18562231870 
0.370622 63.65975988488 0.18795922409 
0.371129 63.61840961634 0.19122122739 
0.371635 63.44187189648 0.18898045619 
0.372142 63.63910452415 0.19047266133 
0.372648 63.23319694522 0.19356649578 
0.373155 63.64885347405 0.19762875734 
0.373661 63.40856468774 0.19577153806 
0.374167 63.57634154587 0.19614076604 
0.374674 63.50434045379 0.19750517895 
0.375180 63.53068228116 0.19397597440 
0.375687 63.24617311640 0.20118198195 
0.376193 63.20435587676 0.19873786550 
0.376700 63.68328005225 0.20203991522 
0.377206 63.32938186349 0.20213822173 
0.377712 63.33665284435 0.20029014428 
0.378219 63.61189612138 0.20881392742 
0.378725 63.45749577466 0.20532701921 
0.379232 63.42568442177 0.20634320955 
0.379738 63.17572432345 0.20882685265 
0.380245 62.88779863078 0.20927931353 
0.380751 63.36452818347 0.20624162669 
0.381257 63.55441879899 0.20527749474 
0.381764 63.15642730174 0.21076978841 
0.382270 63.08978090179 0.20639190402 
0.382777 62.92894210341 0.20583679452 
0.383283 63.09593941729 0.20857713140 
0.383789 62.83187774684 0.21038952410 
0.384296 62.92790491596 0.21241726689 
0.384802 63.18643305074 0.21138368665 
0.385309 62.83733269702 0.20527213122 
0.385815 62.77660191949 0.21097592441 
0.386321 62.85817151454 0.20936354254 
0.386828 63.19576445030 0.21835100786 
0.387334 63.07213900710 0.21044260922 
0.387841 63.05652792855 0.21794655452 
0.388347 63.07666631357 0.21448491460 
0.388853 63.00028305289 0.20765578647 
0.389360 62.65458242533 0.21898455323 
0.389866 62.91149284508 0.21570511107 
0.390373 63.00258850932 0.21552957606 
0.390879 62.69707613013 0.21687598565 
0.391385 62.64803414523 0.21284983342 
0.391892 62.86974110801 0.21968981736 
0.392398 63.21716623919 0.21817010383 
0.392905 62.73891811723 0.21865994524 
0.393411 62.87868263332 0.22001076447 
0.393917 63.06955310592 0.22123533279 
0.394424 62.62498920868 0.22065102175 
0.394930 62.63098595493 0.22887011756 
0.395437 62.76646724992 0.22506266587 
0.395943 62.50493125982 0.22368120395 
0.396449 62.69387568948 0.38098510644 
0.396956 62.64096940759 0.22164375161 
0.397462 62.69982076475 0.22425588715 
0.397969 62.74591837936 0.22751127805 
0.398475 62.37451161960 0.23403990049 
0.398981 62.29675845516 0.23265753199 
0.399488 62.24390247572 0.23547556072 
0.399994 62.75702803825 0.24149947157 
0.400500 62.45846270974 0.24030144738 
0.401007 62.54548626652 0.23736978104 
0.401513 62.06726540295 0.24224780906 
0.402020 62.31421977574 0.24534165788 
0.402526 62.16228507574 0.24543007781 
0.403032 62.88913733165 0.24895334417 
0.403539 61.97529456439 0.25481119635 
0.404045 62.55295939509 0.24683001731 
0.404551 62.02308536157 0.26308137848 
0.405058 61.89951514351 0.25976872463 
0.405564 62.60035807705 0.26687812899 
0.406071 62.16437357999 0.25760838171 
0.406577 62.14015093596 0.24955108102 
0.407083 62.02931714313 0.25637508934 
0.407590 61.94959887432 0.26772581926 
0.408096 62.41454776029 0.27434915727 
0.408602 61.99848121645 0.27711279479 
0.409109 61.95564225909 0.26102397762 
0.409615 62.46437060190 0.27424494407 
0.410121 61.90886313584 0.26368290114 
0.410628 62.06423421222 0.26860528503 
0.411134 61.99785551791 0.26291233329 
0.411641 62.38241988621 0.26771108019 
0.412147 62.05932395586 0.26681548071 
0.412653 61.96390037125 0.27119953797 
0.413160 62.14204538668 0.26121815871 
0.413666 61.82008291772 0.27480704374 
0.414172 62.15021376687 0.28901646048 
0.414679 61.79632963529 0.26979479021 
0.415185 61.93547858132 0.28111932799 
0.415691 61.82140539906 0.27240357067 
0.416198 61.88632898647 0.27790384918 
0.416704 62.47791478550 0.28618370239 
0.417210 62.20413495085 0.27923606232 
0.417717 61.63054885025 0.29347968295 
0.418223 61.07234486778 0.27968208025 
0.418729 61.87186207199 0.27429727024 
0.419236 61.88314615785 0.27698811377 
0.419742 61.46493396129 0.27043917032 
0.420248 61.99826997487 0.27789567585 
0.420755 62.16156391763 0.27354518385 
0.421261 61.48584747262 0.28052568843 
0.421767 61.51983168127 0.28200524035 
0.422274 61.53983352382 0.28504820867 
0.422780 62.03468770819 0.28573417234 
0.423286 61.92254922557 0.28426400787 
0.423793 61.93919285655 0.28522590076 
0.424299 61.86099551146 0.28922609344 
0.424805 61.58140258391 0.28254193988 
0.425312 61.50747630027 0.28984634896 
0.425818 61.75657938378 0.28461029684 
0.426324 62.04520124315 0.30788335985 
0.426831 61.59688606538 0.30382260034 
0.427337 61.33579157889 0.29648301013 
0.427843 61.94269243339 0.29966233355 
0.428350 61.64917155191 0.30253289718 
0.428856 61.85080378591 0.29933452868 
0.429362 61.59340232723 0.30309443892 
0.429869 61.77971528756 0.30881695888 
0.430375 61.73143703983 0.32400779116 
0.430881 61.38244285437 0.31643745035 
0.431388 60.97078111790 0.31045310261 
0.431894 61.72613261534 0.32407154163 
0.432400 61.46077457328 0.33449120606 
0.432907 61.62699934427 0.32381648161 
0.433413 61.80045738947 0.33078691504 
0.433919 61.08773487065 0.34765182074 
0.434425 61.62879827465 0.33120730566 
0.434932 61.99370267246 0.34060392996 
0.435438 61.26933114812 0.34164690041 
0.435944 60.60000104502 0.32199662908 
0.436451 61.79191197584 0.34690083692 
0.436957 61.75256004045 0.35805150056 
0.437463 61.37016697818 0.34972189641 
0.437970 61.31014552898 0.34444966549 
0.438476 61.67930091110 0.34964852634 
0.438982 61.46500496603 0.35347833235 
0.439489 61.52390290351 0.37349157548 
0.439995 61.37818719720 0.36493585760 
0.440501 60.80967267731 0.37039888276 
0.441007 60.85580454670 0.37261290265 
0.441514 61.76172416873 0.38643004612 
0.442020 61.86539393641 0.38917217875 
0.442526 60.82311968182 0.39617397238 
0.443033 60.03000248521 0.37579461833 
0.443539 61.26810911144 0.40480849045 
0.444045 61.53235927925 0.40114655832 
0.444551 61.35213493120 0.41903071590 
0.445058 61.10019713389 0.44075212307 
0.445564 60.73386107365 0.41623235445 
0.446070 61.18772944490 0.43715212397 
0.446577 61.30281121646 0.42782019856 
0.447083 61.01246039884 0.44971797195 
0.447589 60.75577302120 0.45136777317 
0.448095 60.30402643289 0.45295859425 
0.448602 60.34030483579 0.46268748499 
0.449108 60.68701998312 0.47703085333 
0.449614 60.91338246073 0.48110313379 
0.450121 60.72552522151 0.48833503858 
0.450627 61.10113079441 0.50269466751 
0.451133 60.42904996038 0.51277406275 
0.451639 60.54349260643 0.52346047846 
0.452146 60.76037695283 0.52341622490 
0.452652 60.19803170842 0.55338094492 
0.453158 60.67122104842 0.56660270145 
0.453664 60.55720241562 0.57772222636 
0.454171 60.34957709641 0.55938876668 
0.454677 60.11547970484 0.61705082410 
0.455183 60.72504378555 0.61453880040 
0.455689 60.71366910052 0.62343712022 
0.456196 60.07436711663 0.65313639214 
0.456702 60.68455687088 0.65587586404 
0.457208 60.29358676892 0.65775048379 
0.457714 60.33154726922 0.74677753266 
0.458221 60.69780097012 0.73600925044 
0.458727 59.73106463765 0.78354008449 
0.459233 62.21120287822 0.83466411371 
0.459740 60.64604948295 0.86776843120 
0.460246 59.60128504731 0.86337812683 
0.460752 60.26665079858 1.01576130654 
0.461258 60.30479239810 1.06166695951 
0.461765 60.90085836989 1.12649778576 
0.462271 61.36176933468 1.06298946646 
0.462777 60.24963752055 1.20032315909 
0.463283 60.25257866582 1.24145186545 
0.463789 59.35179898249 1.34786118026 
0.464296 58.89844987877 1.34190419206 
0.464802 61.27217487547 1.42269327354 
0.465308 61.58360675981 1.50675472929 
0.465814 59.52222801019 1.59487008890 
0.466321 59.08663781708 1.79112521503 
0.466827 59.55008678352 1.81259234111 
0.467333 58.96980094006 1.93805570198 
0.467839 61.40613092082 2.04994287435 
0.468346 58.47924361213 2.30302733453 
0.468852 59.32986935106 2.56374030338 
0.469358 60.01963795941 2.89667796383 
0.469864 60.23842682273 3.17131271473 
0.470371 60.97038662153 4.00822614087 
0.470877 59.82228688629 4.59939487531 
0.471383 55.65544293459 5.22153528500 
0.471889 58.84834927999 7.52430377460 
0.472395 56.52532597656 5.94353753507 
0.472902 54.66696335743 13.04909449954 
