0.010896 1353.33729675693 14.38144747977 
0.011402 1215.11801303472 12.18620766382 
0.011909 1090.84457400928 11.82929564396 
0.012416 988.61291143611 9.27352909193 
0.012923 891.61861133496 8.07582997689 
0.013430 835.57445204694 11.18134685610 
0.013936 796.88188019208 9.49851986730 
0.014443 737.09893055212 7.53025815841 
0.014950 681.04221641576 6.59362571738 
0.015457 626.24534877186 5.65887243056 
0.015963 582.16413012681 5.14254978218 
0.016470 546.16604393454 4.14891643275 
0.016977 515.13841524415 3.91840448282 
0.017484 478.95978586855 3.40235340073 
0.017990 449.98978413830 3.02426054944 
0.018497 425.21497908035 2.79506755027 
0.019004 404.86503163289 2.47226261838 
0.019511 381.65165471973 2.26801471337 
0.020018 365.73941157442 2.19941735231 
0.020524 345.06921409393 1.93820619519 
0.021031 327.89480177920 1.88360325945 
0.021538 315.81796922717 1.65203376936 
0.022045 302.83410595947 1.65713144463 
0.022551 291.59941201546 1.54312386457 
0.023058 279.68447935382 1.52266670783 
0.023565 269.96161352882 1.48585000327 
0.024072 261.13866869541 1.68665016043 
0.024579 251.89828643556 1.66894834368 
0.025085 244.49308219161 2.10217552479 
0.025592 236.83587774727 2.10888170888 
0.026099 229.18089071550 2.25582360219 
0.026606 222.60718149456 1.70012213571 
0.027112 217.35630486208 1.77449874442 
0.027619 212.17675860831 1.50715141342 
0.028126 207.03793588875 1.52811397940 
0.028633 201.70359839869 1.37214445039 
0.029139 197.27154235980 1.19072812111 
0.029646 193.61232188200 1.10463695459 
0.030153 189.08858252725 1.15417661989 
0.030660 187.04214194099 1.02392969423 
0.031167 182.12878259175 0.93966093554 
0.031673 179.04970088135 0.91076522285 
0.032180 177.10152249434 0.88646302516 
0.032687 173.22879665140 0.88299278289 
0.033194 170.04298030155 0.82579537799 
0.033700 167.09822203311 0.75285717576 
0.034207 164.05733027973 0.78783809810 
0.034714 162.65264562063 0.77023327350 
0.035221 160.10558728151 0.72568316280 
0.035727 158.11712876392 0.69218360290 
0.036234 156.67888483819 0.67355427000 
0.036741 153.76166350295 0.69749896960 
0.037248 152.41840631468 0.63607622682 
0.037755 150.54911514990 0.62378203090 
0.038261 149.43081331193 0.60120525936 
0.038768 147.49693543257 0.60637302605 
0.039275 145.02855334344 0.60887643488 
0.039782 143.89443798677 0.56755537278 
0.040288 141.72148806584 0.61213524984 
0.040795 142.11897646920 0.54165832367 
0.041302 140.19075989286 0.54976513157 
0.041809 139.45556762050 0.52192415871 
0.042315 137.74733267323 0.52674234089 
0.042822 135.59595530038 0.52145185712 
0.043329 134.53515676575 0.55859448198 
0.043836 133.59037133115 0.53562604683 
0.044343 133.09999921520 0.52564865508 
0.044849 132.17115121867 0.53413223045 
0.045356 130.20160183407 0.49817092023 
0.045863 130.18310136889 0.51228686524 
0.046370 129.51404905687 0.50104929739 
0.046876 127.70239018134 0.49898640953 
0.047383 127.18237941192 0.47965909714 
0.047890 126.05073004785 0.49960132615 
0.048397 124.86273585224 0.46593457299 
0.048903 124.50066947137 0.47790321986 
0.049410 124.44866991281 0.48463336886 
0.049917 122.81324366604 0.46427876724 
0.050424 121.22599711967 0.45697902762 
0.050931 121.23628122482 0.46205799460 
0.051437 120.51828142470 0.44714700168 
0.051944 119.88816340875 0.45238510118 
0.052451 119.24207873178 0.45116376489 
0.052958 118.93859231968 0.43761174202 
0.053464 118.59930006465 0.45266890091 
0.053971 117.40240746964 0.45909589211 
0.054478 116.53551690953 0.45969148770 
0.054985 116.46808089001 0.42684318169 
0.055491 115.31118775928 0.43192308987 
0.055998 114.88507016349 0.42716839670 
0.056505 113.88527490251 0.43289252378 
0.057012 113.80272913152 0.43313141312 
0.057519 113.07182630050 0.44157243762 
0.058025 112.80210991407 0.40670860651 
0.058532 111.38714840908 0.42209864513 
0.059039 111.87643440983 0.42488058470 
0.059546 111.19901074226 0.41907849429 
0.060052 110.61633664295 0.40332439366 
0.060559 109.80531617648 0.39666542086 
0.061066 109.53943941116 0.40422242772 
0.061573 108.68279151761 0.41086132552 
0.062079 108.35052713301 0.39451869527 
0.062586 107.90365011983 0.40879644318 
0.063093 107.97859997708 0.39087414609 
0.063600 107.41949912722 0.40610705186 
0.064106 107.11915072634 0.38156327665 
0.064613 106.80892510864 0.40367535475 
0.065120 105.85855667946 0.37335890631 
0.065627 105.29691996649 0.37335771054 
0.066134 105.03414024806 0.37663594445 
0.066640 104.24308478261 0.39049657199 
0.067147 104.73615731017 0.38397283603 
0.067654 104.54189058962 0.37209120297 
0.068161 103.63276173169 0.36998874936 
0.068667 103.49027209306 0.36741083651 
0.069174 103.25705815504 0.35589102920 
0.069681 102.31972081232 0.37480772242 
0.070188 102.14450458881 0.36439983617 
0.070694 101.72440231855 0.35714579534 
0.071201 101.44046268329 0.36463757652 
0.071708 101.10573483179 0.35899852068 
0.072215 100.82647826990 0.35312768465 
0.072721 100.64302636902 0.35392998824 
0.073228 100.60193230825 0.34228689680 
0.073735 100.24032212633 0.34933230807 
0.074242 99.71799489956 0.36057142783 
0.074748 99.61405318596 0.32444255892 
0.075255 98.88218960114 0.34031329819 
0.075762 99.58020481433 0.35325879819 
0.076269 98.80837141419 0.34667397899 
0.076776 98.83976369210 0.33073209958 
0.077282 98.48516245603 0.31936762378 
0.077789 98.40180553205 0.32460731905 
0.078296 97.74889068608 0.32776892080 
0.078803 97.69580977501 0.32668532375 
0.079309 97.11061470196 0.32446343108 
0.079816 97.79599952381 0.33225259959 
0.080323 97.36095332441 0.33342414318 
0.080830 97.56164918849 0.33655745059 
0.081336 97.13422168399 0.35225165568 
0.081843 97.07465774402 0.32914066515 
0.082350 96.74369275806 0.33249476433 
0.082857 96.16480000858 0.33017979346 
0.083363 96.22342793941 0.33650307823 
0.083870 96.23998990399 0.32657381800 
0.084377 95.85175823769 0.32439712561 
0.084884 95.87340822694 0.32728658606 
0.085390 95.94137835053 0.32945715606 
0.085897 95.77172631796 0.32687256856 
0.086404 94.78995301999 0.33309602350 
0.086911 95.07121872952 0.33215728618 
0.087417 94.81384910203 0.33272096317 
0.087924 94.24194672257 0.33840115312 
0.088431 95.12317400815 0.34220711411 
0.088938 94.51148309223 0.32519234279 
0.089444 94.29947143746 0.32590685773 
0.089951 93.99204542565 0.32109816449 
0.090458 94.23686183920 0.32958710485 
0.090965 93.85225643974 0.33383674367 
0.091471 93.72492280528 0.33381636903 
0.091978 93.41365971323 0.33162818689 
0.092485 92.60473434369 0.34399597476 
0.092992 93.35386953364 0.33867035347 
0.093498 93.01431124198 0.33915516243 
0.094005 93.00377651943 0.33717781635 
0.094512 92.68422681652 0.33551058474 
0.095019 92.70807539314 0.32991166876 
0.095525 91.97500408735 0.32660759962 
0.096032 92.37452526134 0.32671739013 
0.096539 92.34034211702 0.34247708931 
0.097046 92.46143282986 0.33277966794 
0.097552 91.98759325374 0.33312017568 
0.098059 92.42324488228 0.32813613467 
0.098566 91.61472202405 0.31686959545 
0.099073 91.26878618631 0.33069064301 
0.099579 91.31315275793 0.32299593279 
0.100086 91.58973694938 0.31207582219 
0.100593 91.37157685215 0.31735510780 
0.101100 91.04923399570 0.32032534770 
0.101606 91.54820472800 0.32022869671 
0.102113 89.77377815950 0.29957536596 
0.102620 89.41391009915 0.29630346455 
0.103127 89.49550989565 0.29211704375 
0.103633 88.72430196058 0.29827051908 
0.104140 88.24499830053 0.30060611917 
0.104647 88.86129838681 0.29634624386 
0.105154 89.19512256696 0.30537279067 
0.105660 88.68365251826 0.30297631546 
0.106167 88.34173084709 0.30765590839 
0.106674 88.10736409416 0.29961430956 
0.107181 88.05275744240 0.29489643580 
0.107687 87.54854037343 0.30882490572 
0.108194 88.33065231769 0.29656556195 
0.108701 87.91228216078 0.29084929401 
0.109208 87.66740348207 0.29737708709 
0.109714 87.61367304662 0.28785634622 
0.110221 87.67703655723 0.29553013979 
0.110728 87.23692466392 0.29065048432 
0.111235 87.64295263956 0.27666482674 
0.111741 87.18526121704 0.28402015142 
0.112248 87.07409701984 0.27732687355 
0.112755 87.53268390120 0.28133423901 
0.113262 87.21681098402 0.27239004485 
0.113768 87.09025295451 0.28705098072 
0.114275 86.89817343537 0.28021431758 
0.114782 87.02668872052 0.27556554182 
0.115289 86.26533616394 0.27962035877 
0.115795 86.21327973991 0.27555255912 
0.116302 86.53749809521 0.27520213479 
0.116809 86.27690167558 0.26938349978 
0.117316 86.72693941178 0.27038337779 
0.117822 86.24073752515 0.28039213712 
0.118329 86.19319386751 0.27110517606 
0.118836 86.00613295857 0.27483940688 
0.119342 85.90960996725 0.26670270086 
0.119849 86.00545700641 0.25789684834 
0.120356 85.91847968838 0.26282076223 
0.120863 85.67423437150 0.27349423435 
0.121369 85.20348069990 0.26400483425 
0.121876 85.68498581161 0.26297870943 
0.122383 85.65803245296 0.25905253000 
0.122890 85.37165496389 0.26653326685 
0.123396 85.62132304421 0.25825428903 
0.123903 85.04257006333 0.26786257971 
0.124410 85.02255740864 0.25316488999 
0.124917 85.20869028877 0.26726752268 
0.125423 84.86927294112 0.26193148868 
0.125930 84.75093533262 0.26083116357 
0.126437 84.59150696093 0.25825775814 
0.126944 84.81459256905 0.25099461415 
0.127450 84.95985056105 0.25691096231 
0.127957 85.16544644964 0.24939206376 
0.128464 84.45605733753 0.26296032049 
0.128970 84.58582028556 0.24621671924 
0.129477 84.77655562206 0.25276242894 
0.129984 84.74390925054 0.25525712775 
0.130491 84.13166324880 0.25693120583 
0.130997 84.21792328638 0.25129094810 
0.131504 84.35861198186 0.24426795452 
0.132011 83.89142387649 0.24589860621 
0.132518 83.99622766753 0.24724522681 
0.133024 84.26390820218 0.24245907217 
0.133531 83.83900599257 0.24870425890 
0.134038 83.79474145111 0.24257511934 
0.134545 83.72067763936 0.24969470442 
0.135051 83.54343084369 0.24769387890 
0.135558 83.93792394095 0.24583599954 
0.136065 83.59461187910 0.24711966034 
0.136571 83.91577191419 0.24110532536 
0.137078 83.56678871126 0.24400559974 
0.137585 83.63407650687 0.24018335531 
0.138092 82.94525566272 0.24914136135 
0.138598 83.44691425226 0.24328791320 
0.139105 83.30034186938 0.24340324335 
0.139612 83.42312614622 0.24119089146 
0.140119 83.08771937781 0.24666111932 
0.140625 83.05912146301 0.24372422127 
0.141132 83.13437834805 0.23629887732 
0.141639 82.76592526347 0.24549564105 
0.142145 82.40854918654 0.24029288860 
0.142652 82.51826988003 0.24268476081 
0.143159 82.72515913185 0.23904370473 
0.143666 82.57942030364 0.23821517640 
0.144172 82.16045635338 0.23826862202 
0.144679 82.42802106434 0.24167385479 
0.145186 82.37547222733 0.24546442727 
0.145692 82.04781106889 0.24313183232 
0.146199 82.06938792891 0.24547314359 
0.146706 82.11465842185 0.24160660303 
0.147213 82.12555408168 0.24102613356 
0.147719 81.96420839198 0.24823712219 
0.148226 81.85733234335 0.24434995383 
0.148733 81.89540459205 0.23628540186 
0.149240 81.67963989848 0.24242926552 
0.149746 81.49557674582 0.24698334955 
0.150253 81.57016262804 0.24161039755 
0.150760 81.39876280284 0.24152172036 
0.151266 81.62777009639 0.23710897493 
0.151773 81.13264332094 0.23647638484 
0.152280 81.56912811436 0.24365602164 
0.152787 80.65541973962 0.23917278889 
0.153293 81.26170555220 0.24372708991 
0.153800 80.50012618007 0.24333643552 
0.154307 80.76584642270 0.25011635716 
0.154813 80.32635120350 0.23699865160 
0.155320 80.79180258014 0.24314445575 
0.155827 80.42184118698 0.24091934192 
0.156334 80.45765475242 0.23649190669 
0.156840 80.32619029782 0.23869014889 
0.157347 80.17725956214 0.23333528490 
0.157854 80.37524844652 0.23276749413 
0.158360 80.39135530587 0.23770618932 
0.158867 79.70548703034 0.23653443596 
0.159374 80.04701928773 0.23540005907 
0.159881 79.84910026834 0.23770446210 
0.160387 79.88856908661 0.23698469908 
0.160894 79.66118841469 0.23458423146 
0.161401 79.81006549273 0.23150215183 
0.161907 79.77514087420 0.23649205626 
0.162414 79.57348875371 0.23269740927 
0.162921 79.37880898686 0.23007318098 
0.163427 79.13236554503 0.23288683160 
0.163934 79.44047443369 0.23158277646 
0.164441 79.55634292696 0.23236057728 
0.164948 79.14183587983 0.22822822775 
0.165454 79.45216570594 0.23504885743 
0.165961 79.57031743358 0.23122714124 
0.166468 79.00526990866 0.22745946094 
0.166974 79.04927030080 0.22759728989 
0.167481 79.06593367793 0.23033455708 
0.167988 78.95154901803 0.22948136223 
0.168495 78.98955167207 0.23540936332 
0.169001 79.06059865530 0.23314504714 
0.169508 79.11519740593 0.23321782269 
0.170015 79.07059393267 0.23017052790 
0.170521 79.43707660054 0.23323938857 
0.171028 78.95934051198 0.23075552258 
0.171535 78.83843891635 0.23471183950 
0.172041 79.07516662494 0.23721321953 
0.172548 78.85878482223 0.23109780840 
0.173055 78.88596125197 0.23719148966 
0.173562 79.32512879091 0.23619652505 
0.174068 79.31197248491 0.24159596197 
0.174575 78.82664325948 0.23998130193 
0.175082 78.87002429486 0.23635185461 
0.175588 79.01750748951 0.23793213180 
0.176095 79.01779921456 0.24228604983 
0.176602 79.19965987666 0.24066630508 
0.177108 78.95226866404 0.23756305081 
0.177615 78.70638885975 0.24033708832 
0.178122 78.64117374606 0.23393614118 
0.178629 78.75179463966 0.23437775928 
0.179135 78.54357344194 0.23588146228 
0.179642 78.50045391616 0.23582080792 
0.180149 78.29889791858 0.23560567634 
0.180655 78.21371452932 0.23960406228 
0.181162 78.57608869436 0.22978020541 
0.181669 78.60882897474 0.23691609231 
0.182175 79.03052148227 0.24516535524 
0.182682 78.80403936135 0.24645053291 
0.183189 78.79830258228 0.24071566808 
0.183695 78.88248692559 0.23866685772 
0.184202 78.26953788466 0.23929675959 
0.184709 78.34267668371 0.24430816957 
0.185216 78.40187860120 0.24183798345 
0.185722 78.55816197277 0.24069082944 
0.186229 78.21851953775 0.23901720383 
0.186736 77.84783064306 0.24733346597 
0.187242 77.78872394510 0.23894491752 
0.187749 78.12922653832 0.24200054632 
0.188256 77.60318034060 0.24098967690 
0.188762 77.74024044245 0.24528326166 
0.189269 77.56850413001 0.24913213738 
0.189776 77.77440056639 0.24313206145 
0.190282 77.69942404616 0.24484541198 
0.190789 77.64869594132 0.24280985610 
0.191296 77.42461947549 0.23976016656 
0.191802 77.49972919003 0.24620211576 
0.192309 76.95999620064 0.24393908893 
0.192816 77.12526529318 0.24032387302 
0.193323 76.57033225714 0.23723841114 
0.193829 76.82800707426 0.23303186921 
0.194336 76.63717494748 0.23977311492 
0.194843 76.34646642419 0.23346809770 
0.195349 76.61287336003 0.23778741118 
0.195856 76.30192818001 0.23525382780 
0.196363 76.16559458781 0.23197197977 
0.196869 76.46580846294 0.23136718910 
0.197376 76.33240679766 0.22764184198 
0.197883 76.21784114706 0.23338251707 
0.198389 76.06170903894 0.23028192945 
0.198896 75.95511296327 0.23064076180 
0.199403 76.09286416234 0.22584936230 
0.199909 75.93891168159 0.22636813040 
0.200416 75.81967980209 0.22579979008 
0.200923 75.91954878508 0.22729857529 
0.201429 75.78466313304 0.22339198669 
0.201936 75.84223837876 0.21983858299 
0.202443 75.85598866671 0.21525637818 
0.202949 75.82340970093 0.22500429281 
0.203456 75.85161688915 0.21987763522 
0.203963 75.50328644423 0.21930953697 
0.204469 75.74333427130 0.21734269019 
0.204976 75.73237599305 0.21516165842 
0.205483 75.56054581688 0.22123898604 
0.205989 75.53136351915 0.21358453530 
0.206496 75.07557340607 0.21771970842 
0.207003 75.57089475050 0.21525747687 
0.207509 75.14133126157 0.21289962493 
0.208016 75.33938249127 0.21720649418 
0.208523 75.46642914043 0.20817309424 
0.209029 75.24331177247 0.21467757724 
0.209536 75.26787666400 0.20979697615 
0.210043 75.09097956688 0.21122701344 
0.210549 75.05523831581 0.21308776834 
0.211056 75.28300246202 0.20645480903 
0.211563 75.05232584555 0.21204073175 
0.212069 75.08275166556 0.20750141122 
0.212576 74.71504164600 0.20734630172 
0.213083 74.93463120018 0.20996093036 
0.213589 74.84387897010 0.20859574777 
0.214096 74.77481904256 0.20791753315 
0.214603 74.73266180606 0.20707143330 
0.215109 74.73513986650 0.20689202923 
0.215616 75.01449857589 0.21091858192 
0.216123 74.40508288637 0.20505670664 
0.216629 74.65026059366 0.20559039381 
0.217136 74.55150077840 0.20648646210 
0.217643 74.02583338013 0.20898367260 
0.218149 73.95751793230 0.20703362488 
0.218656 73.88563769983 0.20401810364 
0.219163 74.18940589077 0.20321975216 
0.219669 73.93718340875 0.20471059928 
0.220176 74.19404737863 0.20547053538 
0.220683 73.85038885100 0.20472901290 
0.221189 73.91998995703 0.20534204559 
0.221696 74.09183979798 0.20653899045 
0.222203 74.07898286322 0.20810815961 
0.222709 73.85368905656 0.20371566368 
0.223216 73.65183552574 0.20234855254 
0.223722 73.59404767314 0.20329219238 
0.224229 73.38320010202 0.20563224000 
0.224736 73.51417766964 0.20789364397 
0.225242 73.48855769574 0.19782793853 
0.225749 73.36442858114 0.20458857133 
0.226256 73.70462760770 0.20059915024 
0.226762 73.59788876268 0.20283604841 
0.227269 73.47223817022 0.20316380489 
0.227776 73.55910951225 0.20450200496 
0.228282 73.19356950547 0.19924530705 
0.228789 72.79272290942 0.20215840430 
0.229296 73.43646684103 0.20226994949 
0.229802 73.12799666315 0.20064704504 
0.230309 73.04551116741 0.19961720996 
0.230816 73.21880187466 0.19711959902 
0.231322 73.04593839901 0.20278834486 
0.231829 73.09717884956 0.19809621570 
0.232335 73.13280588879 0.20022339567 
0.232842 72.79118122501 0.20569496537 
0.233349 73.07637711068 0.19883774526 
0.233855 72.73498634142 0.19628344313 
0.234362 72.89677004319 0.20254474087 
0.234869 72.86842886642 0.19732200931 
0.235375 72.54583270505 0.19548725196 
0.235882 72.48922961656 0.19941412477 
0.236389 72.65410564862 0.19784801759 
0.236895 72.37678090561 0.19929092887 
0.237402 72.53301873338 0.19965039797 
0.237908 72.28613209187 0.19841251992 
0.238415 72.37910275093 0.20135468403 
0.238922 72.13472565576 0.19894170372 
0.239428 72.38162661899 0.19876110002 
0.239935 71.83943811617 0.20237956997 
0.240442 72.07496471199 0.19835802393 
0.240948 72.01180100908 0.20012700428 
0.241455 72.17440474628 0.20126976870 
0.241962 72.05185870230 0.20132245605 
0.242468 71.95249230644 0.19725869324 
0.242975 71.84636734662 0.20033945546 
0.243481 72.11305203996 0.19737507755 
0.243988 72.08349345109 0.19854002988 
0.244495 71.75577563475 0.19683041090 
0.245001 71.46482729205 0.19667789956 
0.245508 71.70850650028 0.19572067602 
0.246015 71.47742713855 0.19514284996 
0.246521 71.60531034864 0.19571392215 
0.247028 71.52075488319 0.19947504389 
0.247534 71.20569062038 0.19610268066 
0.248041 71.47960522319 0.19286406306 
0.248548 71.44082565804 0.19658216649 
0.249054 71.42944979638 0.19736872928 
0.249561 71.08158101472 0.19438174468 
0.250068 71.38258843073 0.19663333620 
0.250574 71.12059619474 0.19237501660 
0.251081 71.29616741494 0.19658600829 
0.251587 71.19503385383 0.19976908195 
0.252094 71.12504664462 0.19487240928 
0.252601 71.00401041923 0.19603935026 
0.253107 71.31242686936 0.20001591544 
0.253614 71.09500468990 0.19843863733 
0.254120 70.95167582906 0.19555950159 
0.254627 70.85623387179 0.19398479133 
0.255134 70.98419072246 0.19556440803 
0.255640 70.79815788138 0.19431069606 
0.256147 71.01750325062 0.19387091225 
0.256654 70.80548463207 0.20122485670 
0.257160 71.22590176502 0.19448168314 
0.257667 71.25529015743 0.19571708715 
0.258173 71.34788817371 0.19829611015 
0.258680 71.22890947311 0.19376268278 
0.259187 71.82091625786 0.19675114668 
0.259693 71.50196190482 0.19711692556 
0.260200 71.52780663347 0.19626390091 
0.260706 71.55478177878 0.19405164610 
0.261213 71.41407116546 0.19416373243 
0.261720 71.77553928990 0.19705206035 
0.262226 71.61667411594 0.19370774696 
0.262733 71.63898099970 0.19234111388 
0.263239 71.60155051758 0.19597376923 
0.263746 71.83231073335 0.19593802167 
0.264253 71.37601605628 0.19374458133 
0.264759 71.80561313800 0.18950762038 
0.265266 71.45156270719 0.19481807158 
0.265772 71.90008506211 0.19350292161 
0.266279 71.50811500595 0.19266958822 
0.266786 71.61669431200 0.18893729214 
0.267292 71.66282273378 0.19062064936 
0.267799 71.48474790411 0.18988611062 
0.268305 71.61980463953 0.19180275373 
0.268812 71.42479454992 0.19100303646 
0.269319 71.77987949391 0.18867758823 
0.269825 71.88117620445 0.19023802746 
0.270332 71.65296613276 0.18750287613 
0.270838 72.20019409726 0.19124143357 
0.271345 72.16951867248 0.19104303944 
0.271852 72.07107755708 0.19134376577 
0.272358 72.06955457757 0.19338421843 
0.272865 72.12064243650 0.19253327646 
0.273371 72.52641213896 0.19310199773 
0.273878 72.27030022246 0.19601231492 
0.274385 72.53541134325 0.19559490831 
0.274891 72.33414487284 0.18477693860 
0.275398 72.20669342680 0.18870240495 
0.275904 72.35208686191 0.18737881175 
0.276411 72.16765880533 0.18634030590 
0.276917 72.11154535778 0.18490937533 
0.277424 72.10526505247 0.18406990037 
0.277931 72.38524422219 0.18316427570 
0.278437 72.16721915760 0.18325239247 
0.278944 71.98330939083 0.18255273142 
0.279450 72.30660742723 0.18450663343 
0.279957 72.30690958972 0.18261915736 
0.280464 72.26397270461 0.17937370096 
0.280970 71.98062588952 0.18103053158 
0.281477 71.95613410954 0.18435728293 
0.281983 72.00433826542 0.18327393307 
0.282490 71.86287201880 0.17883999287 
0.282996 72.16078647030 0.18434097474 
0.283503 71.91409606291 0.18033965956 
0.284010 72.17268457041 0.17980242421 
0.284516 71.73676803977 0.18368337266 
0.285023 71.64268636010 0.17604589733 
0.285529 71.91875720991 0.17514625316 
0.286036 71.49920990903 0.17369688098 
0.286542 71.50803047446 0.17317071920 
0.287049 71.65476748005 0.17200155952 
0.287556 71.34048347619 0.17226499782 
0.288062 71.64123209738 0.17354035231 
0.288569 71.55093237707 0.17205129427 
0.289075 71.38227904119 0.17071127836 
0.289582 71.39675633259 0.17096992649 
0.290088 71.20886845067 0.17011117021 
0.290595 71.23645457329 0.16752960424 
0.291102 71.32346526253 0.17005770022 
0.291608 71.10430081920 0.16982796966 
0.292115 71.12823265127 0.16502814528 
0.292621 71.01883328999 0.16339282033 
0.293128 71.15532389418 0.16785635596 
0.293634 70.95981584575 0.16503246358 
0.294141 71.13780807959 0.16737290339 
0.294647 71.17938123656 0.16842570742 
0.295154 71.18818451974 0.16493691644 
0.295661 71.03079396601 0.16259883244 
0.296167 70.87969818539 0.16979452460 
0.296674 70.60558051200 0.16367962784 
0.297180 70.83724646960 0.16570232918 
0.297687 70.68525416502 0.16618223420 
0.298193 70.50668727741 0.16336163951 
0.298700 70.69348729532 0.16668899789 
0.299207 70.53314523343 0.16226994840 
0.299713 70.71189486479 0.16183848968 
0.300220 70.43376052214 0.16399723307 
0.300726 70.46617401319 0.16196157689 
0.301233 70.31570227612 0.16310574008 
0.301739 70.65794742061 0.16357286634 
0.302246 70.23007558195 0.16221121675 
0.302752 70.55797252619 0.16176215099 
0.303259 70.26806869778 0.16427235400 
0.303765 70.26760598820 0.16066642901 
0.304272 70.10282255083 0.16309614118 
0.304779 70.27591088308 0.16370875109 
0.305285 70.07588492060 0.15848513680 
0.305792 70.26792660318 0.16381884438 
0.306298 70.21668810935 0.15989421170 
0.306805 70.07101583872 0.16361206665 
0.307311 69.96786643819 0.15826274928 
0.307818 69.95239749360 0.15679301472 
0.308324 69.77068847255 0.15363798863 
0.308831 69.42486079269 0.15612728460 
0.309337 69.54421462396 0.15411138629 
0.309844 69.39775291278 0.15558178322 
0.310350 69.11802159928 0.15287382981 
0.310857 68.87230473506 0.15079219763 
0.311364 68.62490666895 0.15074597833 
0.311870 68.28421000266 0.14860399656 
0.312377 68.18919387602 0.14983210405 
0.312883 68.04019896111 0.14895705647 
0.313390 67.91138554707 0.14911561584 
0.313896 67.83486507201 0.14627548553 
0.314403 67.53001959766 0.14710935567 
0.314909 67.53592833548 0.14326580679 
0.315416 67.63809877493 0.14464433332 
0.315922 67.37533985852 0.14165699276 
0.316429 67.29390804140 0.14279061364 
0.316935 67.24246016799 0.14129821160 
0.317442 66.92431050837 0.14023983010 
0.317948 66.87252882263 0.14232068586 
0.318455 67.11185486645 0.13913305794 
0.318961 67.10309548592 0.14049144462 
0.319468 66.68439979626 0.14157808108 
0.319975 66.72820219114 0.14180838538 
0.320481 66.90435920565 0.14145003313 
0.320988 66.53535755307 0.14082974512 
0.321494 66.71735328580 0.14063249817 
0.322001 66.91144576085 0.16480312720 
0.322507 66.62474164507 0.13932883608 
0.323014 66.50138644546 0.13961604718 
0.323520 66.55447652117 0.13956162806 
0.324027 66.52526413565 0.14139175766 
0.324533 66.37030129780 0.14342933729 
0.325040 66.44939783714 0.14151264842 
0.325546 66.45157317170 0.14387035231 
0.326053 66.48757164447 0.13841517795 
0.326559 66.40775299013 0.13953271496 
0.327066 66.21844052970 0.13823360841 
0.327572 66.00353911231 0.13582797636 
0.328079 65.81144148939 0.13704799877 
0.328585 66.36939628201 0.13771057315 
0.329092 65.96270932355 0.13693691660 
0.329598 66.07116190026 0.14061847449 
0.330105 66.15257685760 0.13932534826 
0.330611 66.16903652102 0.13861455434 
0.331118 65.97163838583 0.13769523609 
0.331624 66.08300764700 0.13649711731 
0.332131 65.97969570480 0.13895882891 
0.332637 65.75505356443 0.13729955519 
0.333144 65.85902805124 0.13713597080 
0.333650 65.77500241193 0.13622556568 
0.334157 65.67261017300 0.13922139882 
0.334663 65.77197577279 0.14056293475 
0.335170 65.83267960611 0.13991826773 
0.335676 65.65702200904 0.13769242462 
0.336183 65.65956009051 0.13910008645 
0.336689 65.64841063980 0.13731988508 
0.337196 65.41153456073 0.14113598926 
0.337702 65.59421160571 0.13849568822 
0.338209 65.52100820841 0.13906973251 
0.338715 65.46635475251 0.13813501641 
0.339222 65.25766198675 0.13860732706 
0.339728 65.63058632589 0.14080563496 
0.340235 65.33949003598 0.20619577757 
0.340741 65.38558044314 0.13629868731 
0.341248 65.43811802380 0.13639533043 
0.341754 65.19987884872 0.13621338752 
0.342261 65.12800338869 0.14160911122 
0.342767 64.91856917835 0.13713674785 
0.343274 65.13777010323 0.14005547690 
0.343780 65.41953888861 0.13969978778 
0.344287 65.26342414640 0.14111348681 
0.344793 65.19364728527 0.14157636927 
0.345300 65.04697359090 0.13837379170 
0.345806 64.95815873682 0.14089331622 
0.346313 64.91393697906 0.14198266530 
0.346819 64.98700311925 0.14485195621 
0.347325 64.96216837279 0.14357703005 
0.347832 64.88234302777 0.14439193514 
0.348338 64.68383663790 0.14391546453 
0.348845 64.93427007830 0.14720892485 
0.349351 64.75443699617 0.14895844686 
0.349858 64.55844117787 0.14779439136 
0.350364 64.52951469796 0.14697459851 
0.350871 64.51387437184 0.14595317479 
0.351377 64.80462908056 0.14613271088 
0.351884 64.51182780182 0.14666206059 
0.352390 64.52572147728 0.14952768414 
0.352897 64.48702451975 0.14667217452 
0.353403 64.23293473341 0.14999205973 
0.353910 64.49492090291 0.14917589215 
0.354416 64.06943513911 0.15424766781 
0.354923 64.14695085482 0.15048671819 
0.355429 64.30909052442 0.15491615728 
0.355935 64.12431961142 0.15295395095 
0.356442 63.76079182612 0.15039470491 
0.356948 63.97207145691 0.15496665645 
0.357455 63.90965741934 0.15558954895 
0.357961 64.04409315017 0.15946993033 
0.358468 63.82173269345 0.15531739494 
0.358974 63.70051856305 0.21906580718 
0.359481 63.87268265304 0.20144030365 
0.359987 63.76342223836 0.19979428261 
0.360494 63.76370635004 0.19134198023 
0.361000 63.62483002496 0.18737814732 
0.361506 63.68281053933 0.18514729152 
0.362013 63.59057949352 0.18264752793 
0.362519 63.73697073024 0.18324158755 
0.363026 63.82895218705 0.18359143706 
0.363532 63.60325081797 0.18962932687 
0.364039 63.66555895171 0.18182075708 
0.364545 63.91284222343 0.18504844826 
0.365052 63.71188317157 0.18521888466 
0.365558 63.79825424408 0.18408892133 
0.366064 63.89953182698 0.18214175328 
0.366571 63.81553787732 0.18640795391 
0.367077 63.90212167775 0.18403246546 
0.367584 64.07958973595 0.18955026691 
0.368090 63.90673350434 0.18746617578 
0.368597 63.70764282067 0.18893179440 
0.369103 63.68744536579 0.18845463258 
0.369610 63.79863615738 0.19001480773 
0.370116 63.73470005751 0.18743127986 
0.370622 63.69887950795 0.18896975567 
0.371129 63.57750277278 0.19387066966 
0.371635 63.13390356703 0.18690480391 
0.372142 63.44164673075 0.19257084501 
0.372648 63.37989879440 0.19443960922 
0.373155 63.41564839507 0.19258498587 
0.373661 63.58313609451 0.19041478122 
0.374167 63.52522222010 0.19944642081 
0.374674 63.43930555615 0.19841668830 
0.375180 63.72903345788 0.19634154406 
0.375687 63.30771700828 0.19854638131 
0.376193 63.37064052797 0.19953290055 
0.376700 63.40112815810 0.20097736955 
0.377206 63.57950360978 0.20242882945 
0.377712 63.60505565162 0.20124687782 
0.378219 63.32118779921 0.20620653806 
0.378725 63.39728071543 0.20401071608 
0.379232 63.41011863734 0.21019901057 
0.379738 63.35325818635 0.20478045129 
0.380245 63.34783297372 0.20767398007 
0.380751 62.81850148186 0.20825519435 
0.381257 63.50381549223 0.20859059111 
0.381764 63.29449392307 0.20916324356 
0.382270 63.07253537993 0.20819520937 
0.382777 62.91003268121 0.20684315013 
0.383283 63.12296583754 0.21267419519 
0.383789 63.02455184661 0.21170271570 
0.384296 63.10860651024 0.20812347157 
0.384802 63.08082145463 0.20553728908 
0.385309 62.99878234732 0.21418720727 
0.385815 62.98132081402 0.21203012509 
0.386321 63.02003664472 0.20897344525 
0.386828 62.84236933306 0.21612526239 
0.387334 63.00093030503 0.20728066771 
0.387841 63.24616007249 0.21475126543 
0.388347 63.29745475453 0.21561595987 
0.388853 62.86696621870 0.21401353312 
0.389360 62.52736137538 0.21705109329 
0.389866 62.96417696510 0.21467719687 
0.390373 63.04303886519 0.21546776561 
0.390879 62.61475064351 0.21427154421 
0.391385 62.97140777368 0.22006872771 
0.391892 62.82194560624 0.22235119446 
0.392398 63.14684509373 0.22410515553 
0.392905 62.94628566249 0.22552870577 
0.393411 62.82024940357 0.22607090441 
0.393917 63.25227461122 0.22486125573 
0.394424 62.77168675288 0.22948098268 
0.394930 62.64689339156 0.22712242081 
0.395437 62.54892122066 0.23133180874 
0.395943 62.55753199207 0.22399064197 
0.396449 63.01451419958 0.39119198059 
0.396956 62.90613091487 0.22506102312 
0.397462 62.77841210190 0.23559720533 
0.397969 62.77293235684 0.23433561654 
0.398475 62.36579879394 0.22940940484 
0.398981 62.28327827553 0.23736269448 
0.399488 62.61432121608 0.23575242165 
0.399994 62.91311079129 0.23685983656 
0.400500 62.50398384539 0.24338509494 
0.401007 61.92796731799 0.23280713598 
0.401513 62.34160725894 0.23802551248 
0.402020 62.45749997962 0.24268736802 
0.402526 62.14965143411 0.24909662600 
0.403032 62.54738085818 0.24625003995 
0.403539 62.55021655556 0.25383592718 
0.404045 62.30049679753 0.24547753271 
0.404551 62.37006363095 0.26185837644 
0.405058 62.28970879003 0.26189929768 
0.405564 62.40228555848 0.26687798634 
0.406071 62.46992853069 0.25992751575 
0.406577 62.77284527165 0.25117965393 
0.407083 62.29057585784 0.25468291378 
0.407590 61.85880201821 0.26441060488 
0.408096 62.53847099915 0.27104574975 
0.408602 62.24075889877 0.26596129557 
0.409109 62.02085640632 0.26193235906 
0.409615 61.76513747983 0.26448159102 
0.410121 62.15915602776 0.26112029378 
0.410628 62.18811938377 0.26673090021 
0.411134 61.96733606148 0.26280366027 
0.411641 61.89128911523 0.27469848287 
0.412147 62.34543957106 0.26008165999 
0.412653 62.04822826868 0.26657277993 
0.413160 61.90242035022 0.26004744250 
0.413666 61.74611612992 0.26563452767 
0.414172 62.04374702046 0.27684141732 
0.414679 61.81704614788 0.26536246750 
0.415185 62.01907422722 0.28289250210 
0.415691 62.29227184718 0.27028601444 
0.416198 61.89286359911 0.27140562649 
0.416704 61.84686082861 0.29132176734 
0.417210 62.24111255126 0.28582438141 
0.417717 61.86560661606 0.29415833663 
0.418223 61.82789311973 0.27347551256 
0.418729 62.17168137254 0.29262244006 
0.419236 62.29608449663 0.28554958593 
0.419742 62.06740678517 0.27150833000 
0.420248 61.43140133090 0.26789761878 
0.420755 61.15081286567 0.28030882917 
0.421261 61.63087592391 0.26979424122 
0.421767 61.91909708820 0.27671227887 
0.422274 61.76798936446 0.28061093839 
0.422780 61.96013799793 0.28065213107 
0.423286 61.54840177454 0.28474160285 
0.423793 61.72381789100 0.28922457721 
0.424299 62.03527962754 0.28050616512 
0.424805 61.27237813186 0.29464778058 
0.425312 61.59821729024 0.30134516450 
0.425818 61.97985094740 0.28873438627 
0.426324 61.83868716738 0.29732300688 
0.426831 61.85554970945 0.29403651992 
0.427337 61.80986193668 0.31189823169 
0.427843 61.59888859836 0.30970120966 
0.428350 61.99709233297 0.30847070046 
0.428856 61.73511945375 0.30642757228 
0.429362 61.42050436728 0.30347085913 
0.429869 61.87910231208 0.31966269178 
0.430375 61.53901170894 0.31454295841 
0.430881 61.77007815396 0.32109035988 
0.431388 61.56825676148 0.31661218476 
0.431894 61.67752084506 0.31315241613 
0.432400 61.40525351263 0.32731662319 
0.432907 60.91207341418 0.31383240906 
0.433413 60.89650205236 0.33337912155 
0.433919 61.38739308274 0.33692583552 
0.434425 61.20612863603 0.32900850179 
0.434932 61.31809333264 0.33434079481 
0.435438 61.36396640360 0.35205702873 
0.435944 60.95609203840 0.33753545216 
0.436451 61.40299357260 0.33514984306 
0.436957 61.07955520964 0.35516399697 
0.437463 61.13838385936 0.35942207618 
0.437970 61.01447195675 0.35445160255 
0.438476 61.59338363031 0.36458995524 
0.438982 61.38571350661 0.36083405132 
0.439489 61.06631132046 0.37771054033 
0.439995 61.29763466775 0.35813732376 
0.440501 61.22298481971 0.37834314626 
0.441007 61.36517161207 0.37766348296 
0.441514 60.91001952354 0.38281196314 
0.442020 61.65454629898 0.39713226579 
0.442526 61.42821843036 0.38666579836 
0.443033 61.70058666280 0.39607726966 
0.443539 61.50771403733 0.39968596933 
0.444045 61.44223532481 0.42892372251 
0.444551 61.04298049966 0.39896071088 
0.445058 60.69721362001 0.40967911719 
0.445564 60.96375472622 0.42269066923 
0.446070 60.95326523686 0.41953124130 
0.446577 60.94311588951 0.42127554847 
0.447083 61.39268585649 0.47289918154 
0.447589 60.43169180210 0.45847595214 
0.448095 60.93868065696 0.45652041208 
0.448602 60.55639935143 0.46587655809 
0.449108 61.04487396303 0.50090843782 
0.449614 60.64065325924 0.47921908856 
0.450121 60.75129130567 0.48050502841 
0.450627 61.04397410363 0.50866064269 
0.451133 60.58197805925 0.52592643881 
0.451639 60.30069757409 0.51273130698 
0.452146 60.41940186900 0.53522380900 
0.452652 60.56588345480 0.54580889994 
0.453158 59.96528897844 0.56681468845 
0.453664 59.89130386711 0.58505572400 
0.454171 60.25324765502 0.58040814366 
0.454677 60.63709370217 0.60600395439 
0.455183 60.79909862921 0.60800798365 
0.455689 60.61005665152 0.62568003304 
0.456196 59.99036431035 0.67274875972 
0.456702 60.00055783571 0.66666384588 
0.457208 60.35154007467 0.69059688670 
0.457714 60.01233413462 0.75595795206 
0.458221 61.10302089027 0.73636571210 
0.458727 60.46981617707 0.79273002332 
0.459233 59.65700588632 0.83405957030 
0.459740 60.50433430334 0.85134371905 
0.460246 60.54329230167 0.87717980385 
0.460752 59.81717183545 0.95947481576 
0.461258 61.13104043909 1.02289679691 
0.461765 60.28254496411 1.07212055560 
0.462271 60.73054528456 1.07535106125 
0.462777 59.26242002366 1.17613666596 
0.463283 62.17618682352 1.31791158945 
0.463789 60.23727234262 1.39743094882 
0.464296 58.83800290414 1.34839919343 
0.464802 61.08164827020 1.38378605195 
0.465308 60.04702335063 1.47715304082 
0.465814 59.82276218279 1.61483325649 
0.466321 60.90930643717 1.72125964449 
0.466827 60.25918135269 1.83655279596 
0.467333 59.27342104320 1.94617317370 
0.467839 59.06700183193 1.86864109220 
0.468346 59.68149688743 2.28966940061 
0.468852 59.06523206234 2.53645937589 
0.469358 58.98318132412 2.93524030428 
0.469864 59.58104314438 3.03100992333 
0.470371 58.19738135300 3.94707406634 
0.470877 58.50921666621 4.42383544483 
0.471383 58.96169905086 5.63034684696 
0.471889 51.36674944280 6.61439590351 
0.472395 58.90172092486 6.73705345303 
0.472902 45.67150784520 11.20500020148 
