0.010896 1378.13232116441 13.25873891138 
0.011402 1223.66437062006 11.42272210991 
0.011909 1110.40448650783 11.56223941916 
0.012416 1001.98441274139 10.91820244383 
0.012923 914.00848878155 8.09329796303 
0.013430 848.34878231315 11.45170403488 
0.013936 814.10508179277 8.88119371500 
0.014443 761.86476671268 7.68499519014 
0.014950 703.97282215107 6.57147712899 
0.015457 649.11212643191 4.98423686945 
0.015963 606.55019605452 4.89397390473 
0.016470 565.14806884438 4.31743216310 
0.016977 532.15314383427 3.86366963590 
0.017484 496.31313088346 3.36956611979 
0.017990 473.72020212565 3.07425137364 
0.018497 448.43787716605 2.68403066625 
0.019004 421.66944659598 2.39802257788 
0.019511 402.09273580183 2.31943265073 
0.020018 381.97456947749 2.24934256369 
0.020524 367.20064551125 2.00845346684 
0.021031 350.15414653318 1.92638905337 
0.021538 336.52096862909 1.83498083128 
0.022045 323.80347171249 1.67131818074 
0.022551 312.81284587073 1.65766343501 
0.023058 299.61349882600 1.52530795377 
0.023565 289.98875306594 1.59709398529 
0.024072 279.82969730664 1.62317571085 
0.024579 270.89119779536 1.75058572316 
0.025085 262.36986267771 2.23180036098 
0.025592 255.56246685783 2.19485486025 
0.026099 249.71599256014 2.10829909072 
0.026606 242.59769944363 1.63644658158 
0.027112 236.63724438625 1.73666510785 
0.027619 229.47665014568 1.60030799496 
0.028126 224.03304324725 1.46691829795 
0.028633 219.44748657644 1.35504053144 
0.029139 215.63996235769 1.25128286991 
0.029646 210.40171618270 1.14268490104 
0.030153 207.15003622185 1.18863500116 
0.030660 203.27979538877 1.08511605130 
0.031167 197.80337601889 0.97384847627 
0.031673 194.77319251232 0.94495587308 
0.032180 192.65793292851 0.91205797834 
0.032687 189.58540537744 0.92163561999 
0.033194 186.65743355734 0.87794137766 
0.033700 180.97515253502 0.82163657279 
0.034207 179.92401411955 0.78934993458 
0.034714 176.70324003129 0.79572990793 
0.035221 173.98009053985 0.75929503618 
0.035727 171.15460880784 0.73182182234 
0.036234 169.78323625358 0.69360384660 
0.036741 166.43838435040 0.69098159650 
0.037248 165.02627524011 0.72552730822 
0.037755 163.37330266154 0.67101585982 
0.038261 160.78505566789 0.61137592058 
0.038768 159.47494111352 0.63130590709 
0.039275 158.65926479824 0.61172869937 
0.039782 155.99268448635 0.62099745711 
0.040288 154.46521074650 0.59894201709 
0.040795 152.64124831680 0.59584142039 
0.041302 150.70171026613 0.59264721292 
0.041809 150.34439357396 0.58871924279 
0.042315 148.92570445163 0.57310430983 
0.042822 146.85263278564 0.52080445312 
0.043329 144.98340960235 0.58357573928 
0.043836 143.81122560087 0.53971617742 
0.044343 143.05755971425 0.52701131342 
0.044849 141.39910076778 0.52578697657 
0.045356 140.74221829727 0.50845673299 
0.045863 139.53082034133 0.56324652900 
0.046370 138.05307653768 0.49660614945 
0.046876 136.98835491381 0.53762923341 
0.047383 135.54124709457 0.51151481738 
0.047890 134.98530262432 0.51758460159 
0.048397 133.85837621541 0.49631019544 
0.048903 133.41288288901 0.48590383632 
0.049410 132.61304827832 0.51294924511 
0.049917 131.53383632562 0.49457031860 
0.050424 130.54906989712 0.47422684681 
0.050931 129.65247958428 0.48177682293 
0.051437 128.10265787410 0.44999889318 
0.051944 127.88792634128 0.44874495152 
0.052451 125.80928826962 0.46116018045 
0.052958 125.59326284048 0.45636566293 
0.053464 125.77477007524 0.44808084869 
0.053971 124.61192511874 0.46525048306 
0.054478 123.70246141336 0.43796486957 
0.054985 122.25314518517 0.45274081548 
0.055491 121.78600486174 0.43823781435 
0.055998 120.93856945603 0.44797236479 
0.056505 120.19408659909 0.43441507498 
0.057012 120.51880052305 0.44859294305 
0.057519 119.27040237999 0.43845659528 
0.058025 119.30694054017 0.43444901471 
0.058532 117.89939898577 0.43943817319 
0.059039 117.12092603861 0.42560422132 
0.059546 116.63096447937 0.42444024524 
0.060052 115.74519308507 0.42800954114 
0.060559 114.98278420337 0.41674116767 
0.061066 114.76264447078 0.41388917303 
0.061573 114.93975057655 0.41036128648 
0.062079 113.20677649110 0.41115843868 
0.062586 113.28983198563 0.41066334815 
0.063093 112.69608580379 0.40670442282 
0.063600 111.78823692907 0.41966010901 
0.064106 111.62416515316 0.39614242870 
0.064613 111.43407312747 0.40549638412 
0.065120 111.06443047206 0.38782036199 
0.065627 110.06905124580 0.39083547751 
0.066134 110.26707902580 0.39067272510 
0.066640 109.41551518788 0.37878502400 
0.067147 108.71368371499 0.38136024460 
0.067654 108.67957742676 0.39146676287 
0.068161 108.01804005914 0.38124607938 
0.068667 107.37071132875 0.38455723938 
0.069174 107.37384040024 0.37172584913 
0.069681 106.98601162786 0.36653342101 
0.070188 106.40032446298 0.37039671424 
0.070694 105.83459650341 0.37113394406 
0.071201 105.73921936715 0.36841817823 
0.071708 105.06733306740 0.36215995157 
0.072215 104.41061385139 0.34618111533 
0.072721 104.48228969119 0.35123447140 
0.073228 103.57670232093 0.35157994571 
0.073735 103.64002954985 0.36504688109 
0.074242 103.68025170375 0.35141581865 
0.074748 103.21234591469 0.34878963591 
0.075255 102.76107871768 0.34491215510 
0.075762 102.36644698252 0.34375067042 
0.076269 101.84289750141 0.33720247813 
0.076776 102.10945180757 0.34375352484 
0.077282 101.41625186197 0.33589896102 
0.077789 100.94360073954 0.33096617386 
0.078296 101.72805141062 0.33856224467 
0.078803 100.52128504760 0.35323506570 
0.079309 100.26351173298 0.33778736460 
0.079816 100.45223060510 0.32922693577 
0.080323 99.93810100070 0.33149030214 
0.080830 100.02154064406 0.34166080038 
0.081336 100.08259754677 0.33228981560 
0.081843 99.55829262516 0.33924701756 
0.082350 99.84302858868 0.34184097798 
0.082857 99.32481220185 0.31861156192 
0.083363 99.13722241509 0.33310531374 
0.083870 99.08985522467 0.34091966686 
0.084377 98.11108581977 0.33773926251 
0.084884 97.94108430108 0.33279325935 
0.085390 97.95234316330 0.33256581718 
0.085897 97.60834327279 0.35670051779 
0.086404 97.86773961523 0.32855147946 
0.086911 97.36190746580 0.31849054661 
0.087417 97.04461836741 0.33389711220 
0.087924 96.93872522083 0.32910274353 
0.088431 97.22073297285 0.34382679882 
0.088938 96.74937906629 0.32641417197 
0.089444 96.04743955843 0.33671155518 
0.089951 96.09762108413 0.33302842889 
0.090458 95.58795354693 0.32586494481 
0.090965 95.80170083150 0.34222616164 
0.091471 95.52168894806 0.32924180374 
0.091978 95.34639452861 0.32271840080 
0.092485 94.38027671041 0.35810770704 
0.092992 94.74575044515 0.34342126612 
0.093498 94.92769511774 0.33382679740 
0.094005 94.04521101713 0.33194506380 
0.094512 94.11082289872 0.33757231627 
0.095019 94.37012224570 0.35505839513 
0.095525 94.53666002660 0.33528021488 
0.096032 93.87184771713 0.33621809403 
0.096539 93.71733938432 0.32651497810 
0.097046 93.84009606573 0.33690552305 
0.097552 93.28726319550 0.34118829567 
0.098059 93.68241359808 0.32614133840 
0.098566 93.01282639241 0.33103924195 
0.099073 92.39650599993 0.31929382809 
0.099579 93.07394522784 0.31858433286 
0.100086 92.63571437377 0.32251094674 
0.100593 92.44152011057 0.32576528999 
0.101100 92.64591379213 0.32305206791 
0.101606 92.30265203698 0.31534665629 
0.102113 90.70449515225 0.30691832547 
0.102620 90.94964279613 0.29701050500 
0.103127 90.09320143159 0.29993604892 
0.103633 90.28600824547 0.29632920416 
0.104140 89.99313163164 0.29899797316 
0.104647 89.59902404574 0.30164313941 
0.105154 89.48968008731 0.31021061995 
0.105660 90.02996938678 0.30777214327 
0.106167 89.07840861358 0.30587778481 
0.106674 88.44754465183 0.30407195728 
0.107181 89.72763434433 0.30217212041 
0.107687 89.23376456096 0.30198573000 
0.108194 88.79417621091 0.30221706659 
0.108701 88.55754337764 0.30519064032 
0.109208 88.80553126576 0.29315362002 
0.109714 88.96224946092 0.29024562716 
0.110221 88.10035494645 0.28685050295 
0.110728 88.11394943860 0.28801799036 
0.111235 88.09135379831 0.28679877037 
0.111741 87.70648831270 0.27957913216 
0.112248 88.31547646334 0.28079461371 
0.112755 87.74442458266 0.28791369590 
0.113262 87.71786477476 0.28657989498 
0.113768 87.88670655876 0.27580154753 
0.114275 87.55302161913 0.27233930660 
0.114782 87.45876387245 0.27966240534 
0.115289 87.69115071419 0.28373010984 
0.115795 87.57495697667 0.27781615988 
0.116302 87.09022863726 0.27589660438 
0.116809 87.44467249714 0.27267000038 
0.117316 86.62543304311 0.27153121207 
0.117822 86.91617135696 0.27368610543 
0.118329 86.65124536676 0.27601907531 
0.118836 87.00006985480 0.27095530511 
0.119342 86.37152462071 0.26937018125 
0.119849 86.53042999105 0.27643815113 
0.120356 86.19131160172 0.26811546795 
0.120863 86.64518818708 0.27730077866 
0.121369 86.06173221699 0.26696654363 
0.121876 86.09130909146 0.26528458395 
0.122383 86.01342110282 0.25922438679 
0.122890 85.96363400582 0.26165728806 
0.123396 85.96915307137 0.26383018977 
0.123903 85.53646354738 0.26235153447 
0.124410 85.33236473238 0.26966796598 
0.124917 85.30518601155 0.26428614475 
0.125423 85.82119704291 0.25937824552 
0.125930 85.42077855787 0.26473104127 
0.126437 85.31041564114 0.25821670889 
0.126944 85.45469378596 0.25621544587 
0.127450 85.48565965688 0.25957473684 
0.127957 84.85007781473 0.25190422678 
0.128464 84.86936875839 0.25635965642 
0.128970 84.72579386495 0.25492057316 
0.129477 85.31422622554 0.25704878439 
0.129984 85.04465116082 0.25739503996 
0.130491 84.81182897987 0.25188604825 
0.130997 84.25672641197 0.25359584355 
0.131504 84.44797479696 0.25516160837 
0.132011 84.41643850233 0.25016090423 
0.132518 84.39719274273 0.24788094433 
0.133024 84.49998205591 0.24711769564 
0.133531 84.10744698749 0.24484498111 
0.134038 84.38211100880 0.24723092095 
0.134545 84.19935876052 0.24986234797 
0.135051 84.15766728805 0.24849479808 
0.135558 84.32321406195 0.24667324008 
0.136065 83.96853861201 0.24912274492 
0.136571 83.82782430498 0.24408873901 
0.137078 83.56632890018 0.24653334214 
0.137585 84.09702664955 0.24494331043 
0.138092 83.72246070785 0.24688503704 
0.138598 83.63119727952 0.24401063457 
0.139105 83.63827487280 0.24067919219 
0.139612 83.52966367171 0.24005934160 
0.140119 83.13635914765 0.24696712187 
0.140625 83.08371018175 0.24299384762 
0.141132 83.21044092676 0.24446840954 
0.141639 82.88594703587 0.24940747995 
0.142145 82.86254836322 0.24535771571 
0.142652 83.08847940239 0.23902544980 
0.143159 83.14760777007 0.23937429051 
0.143666 82.69827190675 0.23952200834 
0.144172 82.83347049405 0.24505254956 
0.144679 82.38255310005 0.24398966456 
0.145186 82.48733465418 0.24244304448 
0.145692 82.37971754504 0.24347028945 
0.146199 82.37106913376 0.24788813250 
0.146706 82.38574477382 0.24409757859 
0.147213 82.35259209590 0.24374312011 
0.147719 82.22317147212 0.24148968386 
0.148226 81.92766529191 0.23887806677 
0.148733 81.81091287904 0.24549304468 
0.149240 81.60892052586 0.23835968640 
0.149746 81.86066948134 0.24039030411 
0.150253 81.66748566934 0.23709196961 
0.150760 81.69605357077 0.23955619599 
0.151266 81.23972924657 0.23874987333 
0.151773 81.63446829578 0.24231387360 
0.152280 81.34860307466 0.24348023605 
0.152787 81.16920600482 0.24103743935 
0.153293 81.28332643585 0.24166429204 
0.153800 81.11035444991 0.23805321096 
0.154307 80.75510902670 0.24046984981 
0.154813 80.96089409750 0.24378044186 
0.155320 80.51952182065 0.24611524415 
0.155827 81.05379494104 0.24133995480 
0.156334 80.81205997321 0.24522183007 
0.156840 80.79633424595 0.24437312084 
0.157347 80.63244780518 0.23509980295 
0.157854 80.42026334451 0.23439620867 
0.158360 80.48105517855 0.23439667402 
0.158867 80.52933636343 0.23676890067 
0.159374 80.49675475627 0.24097974424 
0.159881 80.42487017065 0.23601619023 
0.160387 79.93034485252 0.23015356032 
0.160894 80.24132067190 0.23611760916 
0.161401 79.85312870051 0.22845700507 
0.161907 80.02422991368 0.23820021750 
0.162414 80.04668420426 0.23545034001 
0.162921 79.70348261139 0.23384331468 
0.163427 79.80667877442 0.22976444502 
0.163934 79.64176236692 0.23563038652 
0.164441 79.61625507627 0.23096228837 
0.164948 79.70905654211 0.22997479900 
0.165454 79.38934107011 0.22929671331 
0.165961 79.70240276850 0.22773538341 
0.166468 79.40566681688 0.23366745694 
0.166974 79.18240474015 0.22716086458 
0.167481 79.16007098875 0.23180123401 
0.167988 79.38954621828 0.23124336894 
0.168495 79.41108698660 0.23514060435 
0.169001 79.47469978815 0.23107649005 
0.169508 79.27575670287 0.23217575332 
0.170015 79.31157234661 0.24210139286 
0.170521 79.41743362502 0.23161058697 
0.171028 79.34000688542 0.23533563182 
0.171535 79.50709965429 0.23679184328 
0.172041 79.36217209433 0.23579956212 
0.172548 78.76689463199 0.23434296289 
0.173055 79.05580717417 0.23722667566 
0.173562 79.50596632396 0.23420355626 
0.174068 79.35750025299 0.23991184379 
0.174575 79.09615697004 0.23823452698 
0.175082 79.04548815045 0.23848940822 
0.175588 79.05266552915 0.24020500554 
0.176095 78.90814386285 0.24133768633 
0.176602 79.00603564845 0.23886446612 
0.177108 79.38843349297 0.24357706507 
0.177615 78.43854792558 0.23620823175 
0.178122 78.73257590061 0.23573752653 
0.178629 78.52872694908 0.23429919241 
0.179135 78.72559827708 0.23977992267 
0.179642 78.78824023189 0.24412287075 
0.180149 78.81705158779 0.23870064541 
0.180655 78.92412485849 0.23331864319 
0.181162 78.67541989814 0.23870805210 
0.181669 78.71074098099 0.23621456397 
0.182175 79.28722319055 0.24196806757 
0.182682 78.74603582536 0.24951316013 
0.183189 78.92714872073 0.24487644599 
0.183695 78.51756559275 0.24507448058 
0.184202 78.52497552182 0.23731297472 
0.184709 78.17446286210 0.24250373812 
0.185216 78.40791380848 0.24425384321 
0.185722 78.20351726911 0.24124759447 
0.186229 78.26965794184 0.24320553927 
0.186736 78.28134169005 0.24462132145 
0.187242 78.10162903050 0.25038415785 
0.187749 78.11553547421 0.24540458895 
0.188256 77.91412350227 0.24624026319 
0.188762 77.89515721359 0.24651792140 
0.189269 77.68825154473 0.24680660203 
0.189776 77.55493965516 0.24617644936 
0.190282 77.63930226387 0.24607610588 
0.190789 77.74932690163 0.23892133893 
0.191296 77.54392194000 0.24404154018 
0.191802 77.39288713210 0.24897581167 
0.192309 77.30482180243 0.23811530589 
0.192816 77.00358361668 0.23917621525 
0.193323 76.91598303170 0.23611722396 
0.193829 76.97324773673 0.23819999654 
0.194336 76.48636191589 0.23459373426 
0.194843 76.78587914280 0.23680318787 
0.195349 76.60578205364 0.23426706529 
0.195856 76.52611843795 0.23017899497 
0.196363 76.48253175551 0.23761696454 
0.196869 76.25134435583 0.23122371109 
0.197376 76.57747278946 0.22866779600 
0.197883 76.21427348955 0.23078425652 
0.198389 76.32463688165 0.22733879323 
0.198896 76.20383612010 0.22606768653 
0.199403 76.25707156029 0.22049845521 
0.199909 75.85817130900 0.22111138235 
0.200416 75.87026790116 0.22630070472 
0.200923 75.69470436217 0.22875133980 
0.201429 75.86632254309 0.21955254382 
0.201936 75.92633024401 0.22115312260 
0.202443 75.82880393750 0.22328699709 
0.202949 75.73571429858 0.21966673333 
0.203456 75.74888912838 0.22029175938 
0.203963 75.49359326461 0.21314046583 
0.204469 75.42362057541 0.22222956105 
0.204976 75.40381369254 0.21417060134 
0.205483 75.35739800853 0.21750989726 
0.205989 75.33033051925 0.21419652946 
0.206496 75.47763760702 0.22017762486 
0.207003 75.63617927044 0.21767759927 
0.207509 75.75874323947 0.21629074112 
0.208016 75.28816471100 0.21574856954 
0.208523 75.35333057569 0.21899934684 
0.209029 75.50458938811 0.21360283922 
0.209536 75.20532499586 0.21210562656 
0.210043 75.37460687232 0.21612720497 
0.210549 75.50267169956 0.21586891192 
0.211056 75.14696431335 0.20733130704 
0.211563 75.16201377722 0.21011803708 
0.212069 75.12366593295 0.21415645873 
0.212576 75.06198930767 0.21103804350 
0.213083 75.16618900640 0.21391533206 
0.213589 74.89348483573 0.21279309393 
0.214096 74.58762375990 0.20619242291 
0.214603 74.53603409663 0.21019284578 
0.215109 74.80024380081 0.20696756390 
0.215616 74.86011655869 0.20682971147 
0.216123 74.68879975481 0.20579824515 
0.216629 74.43424787823 0.20530951212 
0.217136 74.39825697656 0.20875398926 
0.217643 74.05279073954 0.20896234455 
0.218149 74.10116639395 0.20916130987 
0.218656 74.09694970961 0.20324572577 
0.219163 74.36820398058 0.20843836613 
0.219669 74.22931555702 0.20761101957 
0.220176 74.14393311521 0.20483300964 
0.220683 74.10124090890 0.20799882493 
0.221189 73.86889183742 0.20675838697 
0.221696 73.97344531386 0.20377998801 
0.222203 73.97124003590 0.20864960392 
0.222709 73.91296460541 0.20319982527 
0.223216 73.73213882837 0.20414284671 
0.223722 73.95542434188 0.20533774306 
0.224229 73.61952777060 0.20373260898 
0.224736 73.73411548504 0.20521163193 
0.225242 73.94263299478 0.20264870002 
0.225749 73.56017890466 0.19778450515 
0.226256 73.29993464140 0.20669515879 
0.226762 73.45220596032 0.20448082759 
0.227269 73.54230003496 0.20182298896 
0.227776 73.18756541886 0.19939223352 
0.228282 73.36471703996 0.20473167834 
0.228789 73.28692352781 0.19952233506 
0.229296 73.40687725280 0.20069826995 
0.229802 73.28300246921 0.20258612797 
0.230309 73.30053073425 0.20261755113 
0.230816 73.32710945382 0.20188498713 
0.231322 73.15650920802 0.20285743788 
0.231829 72.98962271108 0.19969034182 
0.232335 73.00560848150 0.20145804541 
0.232842 73.00892634114 0.19909305693 
0.233349 72.82650004853 0.20357079502 
0.233855 72.69273829057 0.19618284012 
0.234362 72.86800227390 0.20185045575 
0.234869 72.67071576840 0.20110240334 
0.235375 72.67021375030 0.19993393002 
0.235882 72.82605955564 0.20024286134 
0.236389 72.49229352649 0.20124906350 
0.236895 72.52033411556 0.19721152316 
0.237402 72.12500388772 0.20022071949 
0.237908 72.41725534205 0.19803721787 
0.238415 72.28239731214 0.19664186061 
0.238922 72.57280652875 0.19946188118 
0.239428 72.32624588304 0.19959216708 
0.239935 72.46011350170 0.20022941938 
0.240442 72.03157809647 0.19775246799 
0.240948 72.30896248010 0.19852970084 
0.241455 72.01582095530 0.20112697902 
0.241962 72.21454527162 0.20152810471 
0.242468 72.04371614269 0.19719341152 
0.242975 72.13783507692 0.19943130707 
0.243481 71.97954578854 0.19612113831 
0.243988 71.95320502723 0.19974154419 
0.244495 71.81752293009 0.20152255674 
0.245001 71.74793984638 0.19683084124 
0.245508 71.43737375738 0.19751979238 
0.246015 71.92100625240 0.19756835941 
0.246521 71.69481938148 0.19898630629 
0.247028 71.38160193398 0.20003959472 
0.247534 71.48495130961 0.19655779262 
0.248041 71.82546418561 0.19882009720 
0.248548 71.58785058352 0.19628157019 
0.249054 71.39667548578 0.19614761042 
0.249561 71.13919913590 0.19239564817 
0.250068 71.33911648232 0.19682709799 
0.250574 71.43667602960 0.19683446223 
0.251081 71.45510053460 0.19601632689 
0.251587 71.33957010508 0.19681176011 
0.252094 70.84993304924 0.19809406758 
0.252601 71.14840517249 0.19846981837 
0.253107 71.09617926194 0.19792180698 
0.253614 71.03396370118 0.20062911732 
0.254120 70.91663201392 0.19498186976 
0.254627 71.13170351692 0.19826854592 
0.255134 71.06726517220 0.19511992014 
0.255640 70.70678464877 0.19957969977 
0.256147 71.22704646602 0.19350791794 
0.256654 70.61746182982 0.19772554531 
0.257160 71.04648925156 0.19882709165 
0.257667 71.40808508141 0.19776798381 
0.258173 71.49287870699 0.19824613125 
0.258680 71.51990456956 0.19651184977 
0.259187 71.65008029631 0.19392516846 
0.259693 71.55085710889 0.19527861176 
0.260200 71.46275258210 0.19694008016 
0.260706 71.46921404512 0.19350260550 
0.261213 71.86893608086 0.19390540535 
0.261720 71.59509198869 0.19550837096 
0.262226 71.60713881430 0.19184266184 
0.262733 71.77024587199 0.19350519316 
0.263239 71.49777961650 0.19559697484 
0.263746 71.66073185012 0.19340668847 
0.264253 71.44879424150 0.19396729174 
0.264759 71.88728548057 0.19165303668 
0.265266 71.78246824194 0.19675380640 
0.265772 71.65939984799 0.19289009953 
0.266279 71.87288243619 0.19448902405 
0.266786 71.82639181910 0.18907271014 
0.267292 71.86371791256 0.19608219192 
0.267799 71.63300407876 0.18974410761 
0.268305 71.74581324890 0.19210601045 
0.268812 71.65201742260 0.19044751776 
0.269319 71.72138433620 0.18904844199 
0.269825 71.99164421863 0.19058864285 
0.270332 72.11937243491 0.19234524400 
0.270838 72.37021588599 0.19013958987 
0.271345 72.17461713965 0.19231131457 
0.271852 72.09888599750 0.19060392130 
0.272358 72.46170293930 0.19811675893 
0.272865 72.37494416335 0.19060643303 
0.273371 72.29121369452 0.19105428954 
0.273878 72.40569505692 0.19267340814 
0.274385 72.42228063472 0.18918393024 
0.274891 72.46437694733 0.19217758363 
0.275398 72.40178666724 0.18923042580 
0.275904 72.34536187797 0.18884523863 
0.276411 72.41322609576 0.18574242753 
0.276917 72.28286612535 0.18628942430 
0.277424 72.19146826642 0.18645999761 
0.277931 72.31952871383 0.18507627774 
0.278437 72.15282807948 0.18455356276 
0.278944 72.40441043206 0.18177069317 
0.279450 72.20385215062 0.18130740935 
0.279957 72.33139088691 0.18461288725 
0.280464 72.35727111020 0.18203475504 
0.280970 72.09235666801 0.18191023204 
0.281477 72.14824097507 0.18193991100 
0.281983 72.36901012168 0.18426821771 
0.282490 72.31407936118 0.17988891133 
0.282996 72.28813346292 0.18465609716 
0.283503 72.34821431158 0.17988583384 
0.284010 72.11791428705 0.18003681828 
0.284516 71.85903778403 0.17843143363 
0.285023 71.92363471813 0.17530815224 
0.285529 71.56538627756 0.17688347450 
0.286036 71.73619437261 0.17404498368 
0.286542 71.63038679917 0.17673887786 
0.287049 71.81151348347 0.17498248001 
0.287556 71.47121158617 0.17567872630 
0.288062 71.54315369079 0.16990623732 
0.288569 71.43828159048 0.16940641041 
0.289075 71.63149795603 0.17245043323 
0.289582 71.73276646298 0.17103599688 
0.290088 71.51206227554 0.16930551088 
0.290595 71.30714933788 0.16792333560 
0.291102 71.17360569373 0.16872954308 
0.291608 71.44025505886 0.17126266985 
0.292115 71.28834598550 0.16817714617 
0.292621 71.15149185008 0.16549801539 
0.293128 70.99471188086 0.16659748888 
0.293634 71.07734282818 0.16899179331 
0.294141 71.46157314038 0.16787667046 
0.294647 71.04376854441 0.16748573769 
0.295154 71.33009215627 0.16785444358 
0.295661 70.90585163323 0.16437088889 
0.296167 71.35502673492 0.16403234707 
0.296674 70.90255351476 0.16205733678 
0.297180 70.84293469894 0.16779461556 
0.297687 70.77301417915 0.16709705289 
0.298193 70.62311334518 0.17024958701 
0.298700 70.69152679054 0.16462823146 
0.299207 70.76233010845 0.16484070252 
0.299713 70.58538642500 0.16481692673 
0.300220 70.78447484907 0.16518584141 
0.300726 70.56440492636 0.16310381641 
0.301233 70.22201550104 0.16551276990 
0.301739 70.80293144382 0.17000073497 
0.302246 70.35404655737 0.16404001395 
0.302752 70.20505037430 0.16131612066 
0.303259 70.27717710981 0.16190710097 
0.303765 70.37995242399 0.16218332143 
0.304272 70.19792795370 0.16136258978 
0.304779 70.29896754016 0.16028673444 
0.305285 70.14632295077 0.16285383868 
0.305792 70.02743597534 0.15868243829 
0.306298 70.04867876102 0.16048851893 
0.306805 70.15566784701 0.16296460950 
0.307311 69.95190120283 0.16090920448 
0.307818 70.00229179310 0.16068944977 
0.308324 70.03062535546 0.15613195451 
0.308831 69.48086184950 0.15759579442 
0.309337 69.34100519173 0.15437129977 
0.309844 69.48247448453 0.15212453111 
0.310350 69.37655071220 0.15592783295 
0.310857 68.96006550899 0.15145670897 
0.311364 68.67476043858 0.15310230576 
0.311870 68.60987389287 0.14777587903 
0.312377 68.03921205957 0.15048385287 
0.312883 68.22360411282 0.14832066002 
0.313390 68.12855457038 0.14606488117 
0.313896 67.82758819078 0.14840022031 
0.314403 67.70560745594 0.14523981161 
0.314909 67.84673885161 0.14448453966 
0.315416 67.70802438038 0.14230752617 
0.315922 67.21585306316 0.14507100617 
0.316429 67.74611088851 0.14502625075 
0.316935 67.76131818994 0.14272891050 
0.317442 67.19659607169 0.14288109966 
0.317948 67.36986936129 0.14203778318 
0.318455 67.20431485681 0.14432161658 
0.318961 67.08673663311 0.14222221796 
0.319468 66.84311193855 0.14203504403 
0.319975 66.78586776112 0.14332652431 
0.320481 66.72310360510 0.13985367799 
0.320988 66.81860613542 0.14415709775 
0.321494 67.01724053255 0.14091397901 
0.322001 66.69892285597 0.15510335168 
0.322507 66.67518304851 0.13796441994 
0.323014 66.69214660412 0.14389073365 
0.323520 66.60623410737 0.14228952348 
0.324027 66.64765093391 0.14065575087 
0.324533 66.51853995410 0.14184005066 
0.325040 66.61988126514 0.13913064463 
0.325546 66.53715265206 0.14347367140 
0.326053 66.25903788955 0.14010425387 
0.326559 66.36741885327 0.13880991487 
0.327066 66.38786823035 0.13796947737 
0.327572 66.36060333022 0.14009611099 
0.328079 65.98310183615 0.14034363627 
0.328585 65.83979384882 0.13901682207 
0.329092 66.15293639579 0.13846932328 
0.329598 66.15770859374 0.13846703030 
0.330105 66.03643122428 0.13635440098 
0.330611 66.25050479647 0.14092560067 
0.331118 66.13616452931 0.13748816799 
0.331624 65.91656717540 0.13931721595 
0.332131 65.95296369928 0.13916776563 
0.332637 65.88303775383 0.13847060721 
0.333144 65.72186589363 0.14037904519 
0.333650 65.98653935211 0.13708497609 
0.334157 65.88149287455 0.14017690126 
0.334663 65.61563851078 0.13830656100 
0.335170 65.79178959610 0.13859581570 
0.335676 65.60448876652 0.13863515862 
0.336183 65.64807631213 0.14123293370 
0.336689 65.44278223511 0.13845153371 
0.337196 65.46626760754 0.14132325766 
0.337702 65.36673410807 0.14026491686 
0.338209 65.67178913242 0.13739660430 
0.338715 65.37003433921 0.14001044894 
0.339222 65.52369863749 0.14060137383 
0.339728 65.36710507276 0.14030077212 
0.340235 65.36975873027 0.17888716280 
0.340741 65.30417758017 0.13982359708 
0.341248 65.19096416026 0.14041516538 
0.341754 65.32667483026 0.14046407238 
0.342261 65.33979880135 0.13908973637 
0.342767 65.36984541060 0.14232031647 
0.343274 65.16456102715 0.13616106233 
0.343780 65.21186566553 0.13920410979 
0.344287 65.19154560877 0.13885836826 
0.344793 65.38785280388 0.14170402930 
0.345300 65.10160842699 0.14195166074 
0.345806 65.25824593286 0.14297430222 
0.346313 65.29465576276 0.14419742741 
0.346819 65.06525287964 0.14314618802 
0.347325 65.06735593470 0.14178299187 
0.347832 65.33770870207 0.14279756287 
0.348338 64.78161796897 0.14460329679 
0.348845 65.02695626989 0.14505792595 
0.349351 64.88629731335 0.14829809274 
0.349858 64.61446777159 0.14864423280 
0.350364 64.95620086762 0.14746603144 
0.350871 64.61645416709 0.14593126699 
0.351377 65.05752273145 0.14869418764 
0.351884 64.52757630844 0.14608566923 
0.352390 64.51254963772 0.14972266557 
0.352897 64.29931426431 0.14577244151 
0.353403 64.53420093783 0.14844664423 
0.353910 64.37115665540 0.15087441754 
0.354416 64.29925492785 0.15368315859 
0.354923 64.16198648284 0.15403996453 
0.355429 64.08932469855 0.15417467338 
0.355935 64.30714383234 0.15235656446 
0.356442 63.96907860192 0.15435939577 
0.356948 64.11602809184 0.15009200510 
0.357455 64.07309412530 0.15324963119 
0.357961 64.04525107054 0.15499101918 
0.358468 63.87892024235 0.15570561800 
0.358974 63.42700981689 0.22036166291 
0.359481 64.09974288767 0.20410161765 
0.359987 63.84834117649 0.20238087661 
0.360494 63.82702747730 0.18591696398 
0.361000 64.08853842924 0.18708962825 
0.361506 63.96135924018 0.18352490281 
0.362013 63.94776208839 0.18714521535 
0.362519 63.80600444384 0.18289452420 
0.363026 63.65329537726 0.18158034630 
0.363532 63.62648418896 0.18454309422 
0.364039 63.80126277215 0.18169647384 
0.364545 63.79783105231 0.18416042433 
0.365052 63.76872357344 0.18354764525 
0.365558 64.07581960028 0.18460789932 
0.366064 63.99906615116 0.17854335828 
0.366571 63.58025649924 0.18611003637 
0.367077 63.86994714015 0.18687122159 
0.367584 63.98205189920 0.18892310157 
0.368090 63.66765219088 0.18582612750 
0.368597 63.60369677831 0.18814453753 
0.369103 63.60646409943 0.18969410970 
0.369610 63.92192379701 0.19108573528 
0.370116 63.70410299750 0.18928268568 
0.370622 63.46537148858 0.19052719741 
0.371129 63.77976000904 0.19581319603 
0.371635 63.65680180998 0.19012347927 
0.372142 63.45616304728 0.19125510163 
0.372648 63.53082925647 0.18999435702 
0.373155 63.72624875126 0.19433964838 
0.373661 63.51137119503 0.19704232485 
0.374167 63.72958327382 0.19504358907 
0.374674 63.60966809059 0.19831411908 
0.375180 63.12928386954 0.19631887527 
0.375687 63.64860215837 0.19888438259 
0.376193 63.41976042222 0.19614062570 
0.376700 63.15814191187 0.20146824374 
0.377206 63.44051921357 0.20296699835 
0.377712 63.37787403333 0.20263973320 
0.378219 63.25642144376 0.20349247662 
0.378725 63.32945718489 0.20812046043 
0.379232 63.13090114352 0.20908021382 
0.379738 63.11616690472 0.20350293623 
0.380245 63.02555266071 0.20565502195 
0.380751 63.54012293349 0.20591969466 
0.381257 63.20939937885 0.20937773878 
0.381764 63.22106766129 0.21045793425 
0.382270 63.20616892122 0.20721125349 
0.382777 63.16090322428 0.21143425382 
0.383283 63.19878439390 0.20712596174 
0.383789 63.19215953264 0.20623722367 
0.384296 62.87841375948 0.21466160921 
0.384802 63.38939484493 0.20991476837 
0.385309 62.81004735909 0.20883326101 
0.385815 62.79309607665 0.21163938044 
0.386321 62.72156171413 0.20958585242 
0.386828 63.36728924183 0.21326437654 
0.387334 63.05110649819 0.20800729617 
0.387841 63.01978408392 0.21371190451 
0.388347 62.89996343711 0.21524090404 
0.388853 62.96783117432 0.21504426023 
0.389360 62.87918888880 0.21280291469 
0.389866 62.93972632792 0.21180987640 
0.390373 63.12082025540 0.21669366279 
0.390879 62.70891635853 0.21945184278 
0.391385 62.81566974155 0.22572507472 
0.391892 62.75012476744 0.21989501244 
0.392398 62.89123277059 0.22276277548 
0.392905 62.76974472201 0.21991326162 
0.393411 62.95917322573 0.22152953832 
0.393917 62.78130860809 0.22103248491 
0.394424 62.76356112938 0.22395153893 
0.394930 62.95830294398 0.22889436470 
0.395437 62.56786507897 0.22886940295 
0.395943 62.63466898494 0.22564371532 
0.396449 62.83855141249 0.33178587817 
0.396956 62.73075592259 0.23044628149 
0.397462 62.56517269276 0.23003839663 
0.397969 62.55032848910 0.23896015627 
0.398475 62.43905910448 0.23382419329 
0.398981 62.80624815593 0.23382347725 
0.399488 62.69626045439 0.23628401771 
0.399994 62.56807765817 0.23617107661 
0.400500 62.27042886586 0.24321363827 
0.401007 62.45975533078 0.24141613431 
0.401513 62.18012502277 0.23642824271 
0.402020 62.24070050462 0.23563491326 
0.402526 62.39626931108 0.24608438000 
0.403032 62.25323743575 0.24190085850 
0.403539 62.22004165072 0.24836845576 
0.404045 62.36202706843 0.24386456659 
0.404551 62.51551550770 0.26884173150 
0.405058 62.59087356680 0.26941630066 
0.405564 61.82598714034 0.25720474624 
0.406071 62.42878761820 0.25460381300 
0.406577 62.58302515386 0.26315963884 
0.407083 62.47234092011 0.25302854986 
0.407590 62.60838414608 0.26717326017 
0.408096 62.17472247301 0.27007883461 
0.408602 62.31580727463 0.27307718078 
0.409109 62.16341809603 0.26234431152 
0.409615 61.97997245093 0.27534528386 
0.410121 62.10671978406 0.26795468897 
0.410628 61.87336881885 0.25859641553 
0.411134 62.61136804167 0.26450490314 
0.411641 62.13918468800 0.27599081544 
0.412147 62.16268762787 0.26456184122 
0.412653 62.03787140385 0.26507495301 
0.413160 62.11142801941 0.26386054684 
0.413666 62.05238516692 0.26457236699 
0.414172 62.35907862498 0.28417761406 
0.414679 61.70445783472 0.26357491129 
0.415185 62.27773302312 0.28705285512 
0.415691 62.21115131759 0.26951342657 
0.416198 62.16094840138 0.28074711674 
0.416704 61.87563448837 0.28167146188 
0.417210 62.09764900901 0.27959363394 
0.417717 61.82855767870 0.29246742951 
0.418223 61.71929570313 0.27869994476 
0.418729 61.70282492860 0.28386065033 
0.419236 62.12459980033 0.27753311946 
0.419742 61.82805613451 0.26846019851 
0.420248 61.80336662447 0.27927330094 
0.420755 61.39924247305 0.28336001193 
0.421261 61.80230855536 0.27522774062 
0.421767 62.15635980834 0.27477595525 
0.422274 61.92155657344 0.27042908017 
0.422780 61.72840260138 0.28599168608 
0.423286 61.39356613444 0.28774201592 
0.423793 62.36264250722 0.28726574209 
0.424299 62.25688513647 0.28503631591 
0.424805 61.80318748658 0.27742375876 
0.425312 61.09646192643 0.29232766317 
0.425818 62.02291068667 0.29117404833 
0.426324 61.31860092072 0.29430623097 
0.426831 61.92497489083 0.28607496718 
0.427337 61.82432516205 0.30429427357 
0.427843 61.54678079658 0.30590261784 
0.428350 61.47209854341 0.31054453608 
0.428856 61.68068190693 0.30160557156 
0.429362 61.41509148321 0.29631582563 
0.429869 61.97054642795 0.31905081664 
0.430375 61.21444084317 0.32227988404 
0.430881 61.74747654245 0.29777405477 
0.431388 61.27145300565 0.32291671270 
0.431894 61.64471599845 0.31485708754 
0.432400 61.38044684539 0.33510394640 
0.432907 61.43123527452 0.31728952056 
0.433413 61.83711471459 0.33529914631 
0.433919 62.06326940998 0.33907404445 
0.434425 61.28604038184 0.34582717723 
0.434932 60.92537756412 0.33049185960 
0.435438 60.88545392965 0.34658862411 
0.435944 61.28504182143 0.34150508569 
0.436451 61.73959865127 0.33915606167 
0.436957 61.06675700965 0.36546442347 
0.437463 61.30088795054 0.35166576467 
0.437970 62.18016548415 0.35712212103 
0.438476 61.00676473659 0.37010749724 
0.438982 61.02817848986 0.35861398164 
0.439489 61.56131699539 0.37633657204 
0.439995 61.43124218187 0.37314390072 
0.440501 61.15811876853 0.37122852832 
0.441007 61.40748367810 0.38298789054 
0.441514 61.35657898673 0.37636462688 
0.442020 61.02187166929 0.39985905619 
0.442526 61.08877902140 0.40519691668 
0.443033 61.30212400228 0.40647577524 
0.443539 61.57059400947 0.38940311565 
0.444045 61.20694359586 0.41114941219 
0.444551 61.11444946673 0.42842696406 
0.445058 60.94733254543 0.40659784554 
0.445564 60.44563982008 0.43662744112 
0.446070 60.80827205529 0.42597446518 
0.446577 61.20177828993 0.42027644596 
0.447083 61.36726255951 0.46879935281 
0.447589 61.04285693319 0.45430690034 
0.448095 60.55906548875 0.46189451220 
0.448602 60.12162496204 0.45452262892 
0.449108 60.37136522443 0.47418000267 
0.449614 60.71374678008 0.46238479844 
0.450121 60.62781546191 0.48103307147 
0.450627 60.60900582664 0.49833180048 
0.451133 59.98382089085 0.51891976321 
0.451639 61.04137958548 0.53801754317 
0.452146 60.84502213102 0.54538985926 
0.452652 60.97750050215 0.54264172836 
0.453158 61.03712078827 0.59056992378 
0.453664 60.91708385639 0.58507811020 
0.454171 60.90273694009 0.57200885522 
0.454677 61.16317602433 0.61248130509 
0.455183 60.11826889684 0.61228401641 
0.455689 59.67205466136 0.59918663468 
0.456196 59.77735016066 0.66884948400 
0.456702 59.45710548538 0.68004013403 
0.457208 60.28706426387 0.67828068099 
0.457714 59.74915571940 0.72689221587 
0.458221 60.52957500714 0.80922673802 
0.458727 59.97763195308 0.77311569122 
0.459233 60.22276283008 0.82535588141 
0.459740 60.45600387171 0.91019145001 
0.460246 60.76804066501 0.87803863562 
0.460752 60.94134813695 0.96464738255 
0.461258 59.34137997854 0.97803135162 
0.461765 60.16049966615 1.13332192212 
0.462271 61.26580238174 1.07910430646 
0.462777 60.18560679750 1.21922209032 
0.463283 60.17176590149 1.24991237827 
0.463789 62.34482241952 1.35762466250 
0.464296 60.87875720234 1.43518730333 
0.464802 59.87606382484 1.35069479541 
0.465308 59.10312747782 1.51178607815 
0.465814 57.91187854925 1.55821146940 
0.466321 58.32387983952 1.71347254274 
0.466827 59.93030389369 1.80905156259 
0.467333 59.38356157255 1.96731000791 
0.467839 60.25143005975 1.98771260200 
0.468346 58.58378688716 2.22733272496 
0.468852 60.60449212094 2.61803087348 
0.469358 60.42212749104 2.93018989846 
0.469864 60.09272990215 2.99207156495 
0.470371 59.43961442295 3.90356842859 
0.470877 55.70229155781 4.23074568149 
0.471383 56.45103315264 5.28859452467 
0.471889 60.47100215578 7.86425886679 
0.472395 58.44714390078 6.46780949503 
0.472902 54.11762399403 13.22125570743 
