0.010896 1343.53649764786 12.44501302686 
0.011402 1200.30423416768 10.96544171325 
0.011909 1076.11689205929 10.28406996216 
0.012416 979.94689799265 10.00977194069 
0.012923 885.78575211887 8.34349425820 
0.013430 825.89257828703 11.08697073806 
0.013936 785.99370863365 9.84964943536 
0.014443 737.39094985024 7.33691303757 
0.014950 678.94648737259 6.66513576214 
0.015457 628.80048601467 5.28773098806 
0.015963 581.08185073586 5.07038636379 
0.016470 538.93441768233 4.30037230619 
0.016977 509.50989030966 3.71780214695 
0.017484 474.18923010211 3.29163147175 
0.017990 451.68479615621 3.03646025153 
0.018497 420.16811915544 2.66583129034 
0.019004 400.60837551012 2.34798816867 
0.019511 377.95465703415 2.19228278029 
0.020018 361.74823944106 2.21463777799 
0.020524 344.34486359619 1.99327111380 
0.021031 328.12385913285 2.04884807526 
0.021538 315.93845574227 1.75311757390 
0.022045 302.85679780897 1.75623127983 
0.022551 289.42886248689 1.52741285280 
0.023058 279.18685279111 1.46895806048 
0.023565 268.89587207697 1.54029149350 
0.024072 261.47271793046 1.78637667655 
0.024579 252.74502066911 1.66965283002 
0.025085 245.07101114758 2.06340201750 
0.025592 236.56350818989 2.10665677806 
0.026099 229.96279886623 2.15132082649 
0.026606 224.85978046239 1.74888882636 
0.027112 219.42593843238 1.71022833109 
0.027619 212.39024282726 1.55529215301 
0.028126 207.66476968901 1.47617327678 
0.028633 203.38722708458 1.34826152719 
0.029139 199.40506129986 1.19152968969 
0.029646 194.67723452902 1.15598122295 
0.030153 190.97080631526 1.17615704924 
0.030660 187.65518070591 1.03747393248 
0.031167 182.41539542515 0.91515210339 
0.031673 179.60875602110 0.93328437714 
0.032180 175.24834679752 0.92076913430 
0.032687 173.00936006728 0.92077066858 
0.033194 170.61499215520 0.81003542091 
0.033700 167.07638612906 0.80327853382 
0.034207 166.52954507274 0.72933435623 
0.034714 163.03648521493 0.78496920891 
0.035221 160.38701098340 0.70459127474 
0.035727 159.03250587990 0.66774609260 
0.036234 155.64453296973 0.66952368446 
0.036741 154.97247454642 0.67856978001 
0.037248 152.41808764531 0.67715428665 
0.037755 150.87196353514 0.62843256736 
0.038261 148.35620491065 0.60516338617 
0.038768 146.89000941631 0.56867523944 
0.039275 145.38727356632 0.57875108799 
0.039782 145.14584908682 0.58378160032 
0.040288 143.40916144549 0.58197891754 
0.040795 142.55493241756 0.56841923085 
0.041302 140.75682821314 0.57407413305 
0.041809 139.25914543407 0.57069363119 
0.042315 138.25064708710 0.57017927376 
0.042822 136.80822752167 0.53811295746 
0.043329 135.65616806871 0.53484311983 
0.043836 134.52716560826 0.54430403530 
0.044343 133.62344432911 0.51261725840 
0.044849 132.63414569515 0.50853132994 
0.045356 131.51340005012 0.50235364820 
0.045863 130.64658532873 0.49825371832 
0.046370 129.51954604567 0.50581906472 
0.046876 127.94812234258 0.48407466652 
0.047383 127.36133743063 0.49873529032 
0.047890 126.54270924142 0.49371495757 
0.048397 125.87235918329 0.46856340491 
0.048903 124.34666835041 0.48024933839 
0.049410 124.33562298304 0.46948930294 
0.049917 122.39524002051 0.47216881518 
0.050424 122.12079004100 0.46058308077 
0.050931 121.76801715828 0.44811122857 
0.051437 121.07867602221 0.45448043755 
0.051944 120.45108336146 0.45746869702 
0.052451 119.22210563392 0.43782640017 
0.052958 118.31312334989 0.44171607680 
0.053464 118.18764946570 0.44828888575 
0.053971 116.76441117231 0.46348186221 
0.054478 117.22673927149 0.43243559993 
0.054985 116.64125003854 0.41751447945 
0.055491 115.21771927819 0.44270512442 
0.055998 114.87444975892 0.42687729540 
0.056505 113.87627414470 0.43101123170 
0.057012 113.65021522982 0.42299032444 
0.057519 113.12901359228 0.43196261980 
0.058025 112.69117614331 0.39995101411 
0.058532 111.71500378918 0.43228573292 
0.059039 111.62966818408 0.40610466280 
0.059546 111.00525432316 0.42421107956 
0.060052 111.30624306882 0.42313192208 
0.060559 110.43483249040 0.39611253415 
0.061066 109.35902625819 0.43389167688 
0.061573 109.14499766892 0.41346254476 
0.062079 108.63109687412 0.40672218275 
0.062586 108.73023634777 0.41325815344 
0.063093 107.44030948452 0.39671138342 
0.063600 108.03627527650 0.40066901975 
0.064106 106.80254883644 0.39001882108 
0.064613 106.75662480950 0.37318485632 
0.065120 106.05370520449 0.40028313525 
0.065627 105.88414191198 0.36500493442 
0.066134 105.19631989064 0.38341543751 
0.066640 105.06150439055 0.36990097648 
0.067147 104.36883560500 0.37308240347 
0.067654 104.13675580621 0.36650314785 
0.068161 103.89644096478 0.36207652800 
0.068667 103.84444946712 0.36266139264 
0.069174 102.83872883498 0.37597987039 
0.069681 102.24573600836 0.37827754196 
0.070188 102.45387885207 0.37639522552 
0.070694 102.07412300095 0.35175121013 
0.071201 102.01387701263 0.35690190660 
0.071708 101.95605507885 0.36522318252 
0.072215 101.09363684838 0.34629651079 
0.072721 101.10829293413 0.35221538513 
0.073228 100.47264550191 0.34732118993 
0.073735 99.52643018716 0.34290593493 
0.074242 100.03252959741 0.34192029167 
0.074748 99.87406436885 0.35001770807 
0.075255 98.89598822054 0.32247077871 
0.075762 98.80254098177 0.33938236848 
0.076269 98.88513428434 0.33300054682 
0.076776 98.67525598421 0.32886476868 
0.077282 98.47391670945 0.33125638905 
0.077789 98.38473835052 0.32510142202 
0.078296 97.92758690666 0.32580762067 
0.078803 97.62657108612 0.33053290496 
0.079309 97.65906870977 0.32875762812 
0.079816 97.66311344336 0.33722431998 
0.080323 97.42675223104 0.33749822844 
0.080830 97.36793377817 0.33518343109 
0.081336 97.27412914283 0.34261161751 
0.081843 96.88589959076 0.34308597525 
0.082350 96.99833672433 0.32702108278 
0.082857 96.67332612009 0.32760833951 
0.083363 96.29229769610 0.32878014995 
0.083870 96.43549949454 0.33504995507 
0.084377 96.23869723638 0.33520475130 
0.084884 95.94075557878 0.32931744080 
0.085390 95.86797477898 0.33355368229 
0.085897 95.57624214493 0.33158568188 
0.086404 95.02663462665 0.33106881701 
0.086911 95.22881285502 0.33418597015 
0.087417 95.20007516776 0.33060050725 
0.087924 94.94398627159 0.33473836852 
0.088431 94.84980036031 0.33373418390 
0.088938 94.91419330996 0.32588884791 
0.089444 94.77553909796 0.33614271750 
0.089951 94.30526466535 0.32819438365 
0.090458 94.26703145448 0.32406446573 
0.090965 93.69313259469 0.32981777552 
0.091471 93.64508160930 0.33597612566 
0.091978 92.80516831850 0.32488184231 
0.092485 92.12689140746 0.35316822571 
0.092992 93.23095767512 0.34748733322 
0.093498 93.08234270313 0.33404640294 
0.094005 92.50350682479 0.33175411970 
0.094512 93.05116191099 0.33508567222 
0.095019 92.74841173237 0.34605990784 
0.095525 92.52630754149 0.34423474127 
0.096032 92.73901500160 0.33015790315 
0.096539 91.93037520741 0.32267826147 
0.097046 91.80726927614 0.33176946066 
0.097552 92.35014191629 0.33669828803 
0.098059 92.17029352613 0.32793426763 
0.098566 92.38074659699 0.32203125134 
0.099073 92.50126262821 0.31724925221 
0.099579 91.25648594337 0.32526546744 
0.100086 91.27426010517 0.33043094709 
0.100593 91.53249755033 0.31762890307 
0.101100 91.44960865375 0.32591506929 
0.101606 90.74725011318 0.30785492623 
0.102113 90.29198084678 0.30609971100 
0.102620 90.16947431385 0.29428266154 
0.103127 89.46796447404 0.30095908667 
0.103633 89.34213794509 0.30329250043 
0.104140 88.86144894225 0.29574558673 
0.104647 88.85171928838 0.29963306313 
0.105154 88.68256030102 0.30310476228 
0.105660 88.84251591119 0.31715719398 
0.106167 88.13420719980 0.30450806987 
0.106674 88.42928323557 0.31816522577 
0.107181 87.82788303199 0.31089573182 
0.107687 88.05686765085 0.29954673735 
0.108194 88.32496242468 0.29655313301 
0.108701 88.35596919831 0.29469550610 
0.109208 87.82619609584 0.29182880343 
0.109714 87.64073221905 0.29280667369 
0.110221 87.70120680324 0.29014044974 
0.110728 87.83792191670 0.29056433645 
0.111235 87.58226022053 0.29260254076 
0.111741 87.10265416302 0.28081393236 
0.112248 87.42689736442 0.28514568715 
0.112755 87.11957747367 0.27739342830 
0.113262 87.39708349248 0.28288340162 
0.113768 86.81827192099 0.28483154586 
0.114275 86.91286798802 0.27349698623 
0.114782 86.32537349681 0.27247519140 
0.115289 86.93894554777 0.28169344196 
0.115795 86.55969227371 0.28224040539 
0.116302 86.47341656345 0.27409933427 
0.116809 86.58566588225 0.27515967024 
0.117316 86.49782151251 0.26670050737 
0.117822 86.32898962556 0.27232741770 
0.118329 85.91623765515 0.27364256249 
0.118836 86.20045030338 0.26411707635 
0.119342 85.80320601652 0.27272695866 
0.119849 86.01770658307 0.26157723600 
0.120356 86.04131169877 0.27742954572 
0.120863 85.66505995865 0.26970922744 
0.121369 85.35146224352 0.26395736453 
0.121876 85.87657560132 0.26855047530 
0.122383 85.56427343266 0.26616992231 
0.122890 85.37748452651 0.26961603708 
0.123396 85.72568369752 0.26450089401 
0.123903 85.27585863118 0.26415442986 
0.124410 85.40230625427 0.27157732711 
0.124917 85.06518288525 0.26182844303 
0.125423 85.17352225759 0.26971877998 
0.125930 85.37217552581 0.25802961111 
0.126437 84.65975146277 0.25888799548 
0.126944 84.43038404876 0.25295380241 
0.127450 84.49828928932 0.25219797998 
0.127957 84.70105044439 0.25788890403 
0.128464 84.66327162878 0.26055397112 
0.128970 84.19238689708 0.24886188409 
0.129477 84.63898865992 0.25748176373 
0.129984 84.52445848810 0.25516212153 
0.130491 83.87229544319 0.25078515184 
0.130997 84.20992685338 0.25065035754 
0.131504 84.18936954884 0.24978687224 
0.132011 83.77850175938 0.24107800800 
0.132518 84.24205178120 0.25472712168 
0.133024 84.14259603152 0.24668697374 
0.133531 84.43300732719 0.24480404921 
0.134038 83.62935470397 0.24749219136 
0.134545 83.72740953457 0.24719182545 
0.135051 83.54306683443 0.24191461447 
0.135558 83.70662585613 0.24481667127 
0.136065 83.38152608192 0.24147563247 
0.136571 83.52216903751 0.24691832783 
0.137078 83.48419459286 0.24875085674 
0.137585 83.37933566359 0.24469413111 
0.138092 83.24614076212 0.24167794376 
0.138598 83.26681580420 0.25103365863 
0.139105 83.02213613266 0.24402370779 
0.139612 83.05051005651 0.24294325961 
0.140119 83.05185011305 0.24456955437 
0.140625 82.91049969383 0.24585133104 
0.141132 82.89776721168 0.23864264175 
0.141639 82.75328287928 0.23692051800 
0.142145 82.92344495414 0.24175743846 
0.142652 82.55693221754 0.23838148536 
0.143159 82.68209952925 0.24020872576 
0.143666 82.46495429445 0.24026357788 
0.144172 82.04519446385 0.24253993607 
0.144679 81.99050357455 0.23693575654 
0.145186 82.34388295332 0.23947889296 
0.145692 82.07685618155 0.23772060358 
0.146199 81.85275004187 0.24281360983 
0.146706 81.69339330822 0.24160742331 
0.147213 82.02046283944 0.24296000337 
0.147719 81.70307819339 0.24210705044 
0.148226 81.62117208003 0.24493245816 
0.148733 81.66675431110 0.24866866917 
0.149240 81.15915025911 0.23817356200 
0.149746 81.37077123030 0.24377027797 
0.150253 81.22230708425 0.23618365346 
0.150760 81.17555834537 0.24349649383 
0.151266 81.04800202178 0.23834178026 
0.151773 80.98462974079 0.23959781921 
0.152280 80.94344068874 0.24487456266 
0.152787 80.86998289367 0.23962488684 
0.153293 80.91774330714 0.23575818809 
0.153800 80.64825861475 0.24070808698 
0.154307 80.63470015721 0.23661616422 
0.154813 80.91560791671 0.23987882552 
0.155320 80.31507694244 0.23935035589 
0.155827 80.51653568763 0.23918696978 
0.156334 80.51580165643 0.23449764849 
0.156840 80.32735915451 0.23520758241 
0.157347 80.17704330327 0.24045912388 
0.157854 79.89716348772 0.23896166592 
0.158360 79.82066270138 0.23690015476 
0.158867 80.06801496208 0.23351321888 
0.159374 80.24539232178 0.23220580449 
0.159881 79.74556514847 0.23656399854 
0.160387 79.90601753296 0.23311176276 
0.160894 79.76569233918 0.23324726815 
0.161401 79.91394412294 0.23098559021 
0.161907 79.71145013380 0.23428300893 
0.162414 79.66795037443 0.23619576269 
0.162921 79.38849666824 0.23126591317 
0.163427 79.45098175854 0.23078016346 
0.163934 78.90879400847 0.23597279425 
0.164441 79.32738390522 0.23163296405 
0.164948 79.23054644932 0.23291162402 
0.165454 79.18951858778 0.22500636070 
0.165961 79.13126729807 0.22948762399 
0.166468 79.02732406881 0.22902868910 
0.166974 79.14922351514 0.22994398708 
0.167481 78.75164751092 0.22409046391 
0.167988 79.37226562107 0.23056886407 
0.168495 79.27793576143 0.23321019005 
0.169001 79.24252300646 0.23521635572 
0.169508 78.98574976560 0.23387307976 
0.170015 79.16854050124 0.23041243108 
0.170521 78.94853770953 0.23641557761 
0.171028 79.32109447628 0.23106463555 
0.171535 78.68871584629 0.23983711515 
0.172041 79.06908174190 0.23607952987 
0.172548 79.28746445838 0.23596360950 
0.173055 78.80212754472 0.23792894266 
0.173562 79.06993959241 0.23813197932 
0.174068 78.84705700464 0.23721583388 
0.174575 78.85040511740 0.23589395547 
0.175082 78.36307242741 0.22682813293 
0.175588 78.37180507892 0.23814824344 
0.176095 78.73483720834 0.24032034294 
0.176602 78.87388774757 0.23704089926 
0.177108 78.88295156180 0.23945252766 
0.177615 78.30693128033 0.24195331738 
0.178122 78.60475716342 0.23309077146 
0.178629 78.54503308044 0.23900938333 
0.179135 78.55799246564 0.23940081774 
0.179642 78.67833997843 0.24296522497 
0.180149 78.74871790845 0.23597608066 
0.180655 78.69738639319 0.23722998418 
0.181162 78.31187915666 0.23499818580 
0.181669 78.57993373162 0.23904504082 
0.182175 78.69997441647 0.24364083986 
0.182682 78.39414109433 0.24203182993 
0.183189 78.43397116081 0.23464069053 
0.183695 78.53958155116 0.24507708325 
0.184202 78.43348080488 0.24705371253 
0.184709 78.22704019450 0.24377385654 
0.185216 78.30024824302 0.23737203801 
0.185722 77.89936943908 0.24696777617 
0.186229 78.09880631042 0.24447692503 
0.186736 78.05387944695 0.24555470553 
0.187242 77.84278718426 0.24890891579 
0.187749 77.85100129978 0.24782901427 
0.188256 77.79653709619 0.24834578478 
0.188762 77.62754838047 0.24443575716 
0.189269 77.35093905886 0.24510797688 
0.189776 77.83404141204 0.24593472114 
0.190282 77.33101022543 0.24347037695 
0.190789 77.69451176263 0.25022418533 
0.191296 77.53930199201 0.24720092527 
0.191802 76.97926895288 0.24355334719 
0.192309 77.37071187638 0.23691112777 
0.192816 76.88677509446 0.24086288933 
0.193323 76.85620956397 0.23871804258 
0.193829 76.79923480858 0.23739372587 
0.194336 76.68419295606 0.24194308596 
0.194843 76.42679635589 0.22670855800 
0.195349 76.08698765316 0.23239479725 
0.195856 76.64663234175 0.23382293615 
0.196363 76.51455001821 0.23320936659 
0.196869 76.26101713483 0.23329078923 
0.197376 76.20091641266 0.22965444144 
0.197883 76.03684340099 0.22461607231 
0.198389 76.11303359288 0.22511154579 
0.198896 75.96141026251 0.22530791933 
0.199403 75.97273356487 0.22494295015 
0.199909 75.67622435696 0.22438101290 
0.200416 75.58539290573 0.22469580176 
0.200923 75.73678890075 0.22270539762 
0.201429 75.40012553205 0.22636787112 
0.201936 75.68170902547 0.21854868555 
0.202443 75.84440904224 0.22313506939 
0.202949 75.60066513660 0.22447955159 
0.203456 75.45634581908 0.22187978776 
0.203963 75.43318198015 0.21626840627 
0.204469 75.80955673966 0.22433617950 
0.204976 75.26516472636 0.21577504772 
0.205483 75.47984237064 0.22028429940 
0.205989 75.37486347517 0.21550907708 
0.206496 75.35484476430 0.21371544276 
0.207003 75.51286011673 0.21508023323 
0.207509 75.04065732088 0.21596180153 
0.208016 75.09825977392 0.21112927650 
0.208523 75.46359739601 0.21238105458 
0.209029 75.23424163716 0.20768754429 
0.209536 75.17397103184 0.21321663349 
0.210043 75.23712877926 0.21800568376 
0.210549 75.01480857380 0.21142665054 
0.211056 75.02274547465 0.21298730910 
0.211563 74.88656202282 0.20908627883 
0.212069 74.91450964223 0.20746695848 
0.212576 75.04738486318 0.21061442036 
0.213083 74.91974442423 0.20966853474 
0.213589 74.64426933228 0.20367466307 
0.214096 74.83346610820 0.20747903799 
0.214603 74.86963558440 0.20659088902 
0.215109 74.43554280626 0.20771504336 
0.215616 74.38421610361 0.20596251586 
0.216123 74.52696615087 0.20486542866 
0.216629 74.51474088698 0.20402940114 
0.217136 74.19901823440 0.20746742888 
0.217643 74.06159805171 0.20760874123 
0.218149 74.18538703652 0.20972085413 
0.218656 74.31060019772 0.20918318655 
0.219163 74.00236021962 0.20548876341 
0.219669 74.17801835812 0.20384845671 
0.220176 73.81211924026 0.20514485996 
0.220683 73.77909783988 0.20545484690 
0.221189 73.79733030689 0.20965398280 
0.221696 73.68955705811 0.20461877353 
0.222203 73.78418019787 0.20829110254 
0.222709 74.07143856101 0.20520247301 
0.223216 74.03820875475 0.20640710882 
0.223722 74.01795453942 0.20957795407 
0.224229 73.86254408249 0.20459467210 
0.224736 73.66294697871 0.20140552747 
0.225242 73.51747810428 0.20299099005 
0.225749 73.36394672132 0.20909699104 
0.226256 73.37525477623 0.20458908425 
0.226762 73.89475842888 0.20355145816 
0.227269 73.43604653710 0.20347617274 
0.227776 73.56693950434 0.20452285036 
0.228282 73.24067797922 0.20203189296 
0.228789 73.37608553121 0.19959255546 
0.229296 73.44634765857 0.20114901490 
0.229802 73.22637994385 0.20197363598 
0.230309 73.17606963183 0.20375026068 
0.230816 73.33305167805 0.20004615354 
0.231322 73.11998156679 0.20196050623 
0.231829 73.05094738954 0.19807050440 
0.232335 73.04778439992 0.20304007453 
0.232842 73.11651558429 0.19990312812 
0.233349 72.92046674690 0.19972040853 
0.233855 72.86052566567 0.20305734474 
0.234362 72.75147754245 0.19996665239 
0.234869 72.98062805855 0.20338939537 
0.235375 72.59322829075 0.20107194217 
0.235882 72.60256619677 0.20147452285 
0.236389 72.54325828436 0.19551016832 
0.236895 72.43405386688 0.20178781652 
0.237402 72.24507621411 0.20092288119 
0.237908 72.49628083660 0.19853620448 
0.238415 72.47840807665 0.19992863738 
0.238922 72.54788066987 0.19381633856 
0.239428 71.83985200393 0.19805481535 
0.239935 71.80972136185 0.19775731930 
0.240442 71.92312063087 0.20106622417 
0.240948 72.24418758090 0.19890634523 
0.241455 72.34563996267 0.19770104770 
0.241962 72.12620105921 0.19684604914 
0.242468 72.01697201188 0.19879176788 
0.242975 71.97126246350 0.20017150988 
0.243481 71.47204195253 0.19892110047 
0.243988 71.80191179434 0.19583367036 
0.244495 71.67287988075 0.19766948967 
0.245001 71.75191346760 0.19780750773 
0.245508 71.83008403125 0.19885419392 
0.246015 71.66958722316 0.19764982806 
0.246521 71.59397744216 0.19529624878 
0.247028 71.41908007980 0.19928324100 
0.247534 71.51292679017 0.19502093952 
0.248041 71.74950674157 0.19907002909 
0.248548 71.69885801050 0.19677527590 
0.249054 71.57768413156 0.20045986406 
0.249561 71.39654345093 0.19703926683 
0.250068 71.52202538023 0.19574412915 
0.250574 71.20684693683 0.19672546628 
0.251081 71.12620907986 0.19930341362 
0.251587 71.05865487634 0.19572554505 
0.252094 71.14836278653 0.19862565514 
0.252601 71.26590848023 0.19720232527 
0.253107 70.95027314116 0.19516686208 
0.253614 71.07686641736 0.19672861739 
0.254120 71.32628999267 0.19371239265 
0.254627 71.00553221798 0.19950179887 
0.255134 70.87584661740 0.19311066452 
0.255640 70.97829315877 0.19780700665 
0.256147 71.07320802896 0.19396727526 
0.256654 71.16025547330 0.19907054847 
0.257160 70.96939615934 0.19465195655 
0.257667 71.36548797562 0.19538639267 
0.258173 71.39047523596 0.19622100686 
0.258680 71.31567093670 0.19469216752 
0.259187 71.43503875906 0.19761911424 
0.259693 71.45251367494 0.19528034208 
0.260200 71.45944346720 0.19570445159 
0.260706 71.23172703675 0.19445433112 
0.261213 71.58644345038 0.19103246687 
0.261720 71.71471915157 0.19440201155 
0.262226 71.65453086852 0.19386233803 
0.262733 71.57747836572 0.19235473836 
0.263239 71.72073455045 0.19770878251 
0.263746 71.63181248538 0.19917443776 
0.264253 71.66942245424 0.19384821185 
0.264759 71.51581692139 0.18936071446 
0.265266 71.58434650788 0.19439667694 
0.265772 71.66322163321 0.18849585724 
0.266279 71.80791306896 0.19286977538 
0.266786 71.94006800132 0.19082940644 
0.267292 71.57006457679 0.19356361362 
0.267799 71.83741722350 0.19245985883 
0.268305 71.86455653512 0.19019650347 
0.268812 71.71729431015 0.19294591604 
0.269319 71.57727901186 0.18936166837 
0.269825 72.00939472927 0.18731827994 
0.270332 71.65546431594 0.18984829499 
0.270838 71.74561780417 0.19091226771 
0.271345 72.02403273304 0.19035661337 
0.271852 71.73250160676 0.19098969739 
0.272358 72.17204726505 0.19012322379 
0.272865 72.12444108300 0.19490144245 
0.273371 72.28104046705 0.19505560036 
0.273878 72.28245498529 0.19312579205 
0.274385 72.46845898240 0.19308042854 
0.274891 72.46020760990 0.18989951024 
0.275398 72.13000211865 0.18824735531 
0.275904 72.00210255662 0.18370742335 
0.276411 72.26519897788 0.18768912107 
0.276917 72.27442165852 0.18545015557 
0.277424 71.94594496827 0.18533422129 
0.277931 71.91577055046 0.18045951355 
0.278437 72.33305723839 0.18377537070 
0.278944 72.24960809731 0.18463788965 
0.279450 72.14602985562 0.18517918002 
0.279957 71.87812583675 0.18530587808 
0.280464 71.97163720255 0.18405343299 
0.280970 72.28033078277 0.17688293161 
0.281477 72.22522461355 0.18069793286 
0.281983 72.23687745738 0.18219611143 
0.282490 72.18639842285 0.18302087032 
0.282996 71.99701320319 0.18038271729 
0.283503 72.26767576064 0.18225894882 
0.284010 71.99315949220 0.18078449878 
0.284516 71.84014232057 0.17887603282 
0.285023 71.78795268751 0.18084150495 
0.285529 71.88522359686 0.17705666283 
0.286036 71.53406961762 0.17110699728 
0.286542 71.86351591001 0.17714129602 
0.287049 71.87541256796 0.17324801111 
0.287556 71.58191205496 0.17316122074 
0.288062 71.48605548306 0.17168415102 
0.288569 71.39001989736 0.17109584926 
0.289075 71.22912326917 0.17475126279 
0.289582 71.10871232540 0.16659283962 
0.290088 71.26014509611 0.16948157721 
0.290595 71.38660593757 0.16731603035 
0.291102 71.32398920452 0.17161294256 
0.291608 71.22052609942 0.17016873008 
0.292115 71.30431947401 0.16947180873 
0.292621 71.13495057320 0.16839014651 
0.293128 70.83762328053 0.16634261486 
0.293634 71.04124985865 0.16664885495 
0.294141 71.01719848212 0.16756068837 
0.294647 71.05860211518 0.16892561505 
0.295154 70.90482248830 0.16673730377 
0.295661 71.02116018187 0.16709300456 
0.296167 70.94237070861 0.16272851718 
0.296674 70.66341548254 0.16528197128 
0.297180 70.44206067534 0.16516498081 
0.297687 70.58834900090 0.16694174206 
0.298193 70.70501743587 0.16328300232 
0.298700 70.66436697067 0.16712353123 
0.299207 70.56641140766 0.16364196274 
0.299713 70.56607688263 0.16543127199 
0.300220 70.70864515872 0.16319880023 
0.300726 70.37665334776 0.16232223411 
0.301233 70.28388943303 0.16318159362 
0.301739 70.58615872937 0.16615500307 
0.302246 70.20667703716 0.16550454482 
0.302752 70.33778804706 0.16131190282 
0.303259 70.04343263816 0.16649017218 
0.303765 70.15654274049 0.16392359371 
0.304272 69.99109169188 0.15933055946 
0.304779 70.02808404602 0.15905231892 
0.305285 69.99065208244 0.15982648145 
0.305792 70.00769982219 0.16031543771 
0.306298 70.06119293004 0.15967084967 
0.306805 69.96273344616 0.16450945705 
0.307311 70.10626898830 0.15703391554 
0.307818 69.99633123443 0.16015708042 
0.308324 69.77902759273 0.15722407848 
0.308831 69.63639762783 0.15563341673 
0.309337 69.55901306572 0.15422464590 
0.309844 69.39943711306 0.15561292850 
0.310350 69.26073577815 0.15328253200 
0.310857 68.77867541079 0.15409866176 
0.311364 68.85021738723 0.15089472228 
0.311870 68.48453397752 0.15000090918 
0.312377 68.33809763308 0.15029280525 
0.312883 68.15655028678 0.14603800990 
0.313390 68.03117722371 0.15062887360 
0.313896 67.70212933900 0.14770825217 
0.314403 67.63611328911 0.14707376901 
0.314909 67.75653012137 0.14675400664 
0.315416 67.29025561056 0.14550999884 
0.315922 67.59905749085 0.14387573878 
0.316429 67.23256519896 0.13907286870 
0.316935 67.45915189685 0.14345900796 
0.317442 67.16820202206 0.14254313041 
0.317948 67.10129732792 0.14338800626 
0.318455 67.02311475867 0.14050300794 
0.318961 66.93597451753 0.14326792708 
0.319468 66.92714891464 0.14299363966 
0.319975 66.54408539755 0.14366641093 
0.320481 66.93231250991 0.14218702261 
0.320988 66.92126604759 0.14325642792 
0.321494 66.85913842739 0.14058520154 
0.322001 66.70471786878 0.15837627677 
0.322507 66.48403403511 0.14004115241 
0.323014 66.48492780376 0.13932085029 
0.323520 66.54037033020 0.14128595006 
0.324027 66.36243309095 0.14271790388 
0.324533 66.39656917676 0.14016697888 
0.325040 66.52706906232 0.13951884902 
0.325546 66.40267083165 0.14090642213 
0.326053 66.10546569735 0.13917090194 
0.326559 66.21748476972 0.13940237313 
0.327066 66.42910772639 0.13804787159 
0.327572 66.29899438182 0.13827550315 
0.328079 66.34289753016 0.13821709857 
0.328585 66.27296262253 0.13735186342 
0.329092 66.17630306021 0.13704741830 
0.329598 66.11383967833 0.13929252515 
0.330105 65.82802046430 0.13958754440 
0.330611 66.01699260221 0.14072487318 
0.331118 66.16904351758 0.13996344127 
0.331624 66.01602372923 0.13797376206 
0.332131 65.83202040406 0.13762739416 
0.332637 65.80655847493 0.14190943722 
0.333144 65.79805785814 0.13843499391 
0.333650 66.00917899167 0.13931460893 
0.334157 65.81863722096 0.13438094435 
0.334663 65.63453203609 0.13825675645 
0.335170 65.86837707467 0.14078846874 
0.335676 65.69002504261 0.13689243959 
0.336183 65.61248919565 0.13914283283 
0.336689 65.54287998664 0.13952598903 
0.337196 65.41801084527 0.13972673359 
0.337702 65.40466136227 0.13800735931 
0.338209 65.41636153268 0.13978625490 
0.338715 65.52381932950 0.13988098177 
0.339222 65.77139044987 0.13941671324 
0.339728 65.58069745460 0.13919868870 
0.340235 65.74789202197 0.21901655778 
0.340741 65.30233304836 0.13989893428 
0.341248 65.08144631310 0.13841012975 
0.341754 65.10464993996 0.13923196705 
0.342261 65.32721736358 0.14149884129 
0.342767 65.17850366442 0.14309543541 
0.343274 65.16203733967 0.14047362239 
0.343780 65.18361215978 0.14212013932 
0.344287 65.41584679268 0.13926417649 
0.344793 65.28015723216 0.13990933870 
0.345300 65.00652399423 0.14162264945 
0.345806 65.08124467266 0.14127845831 
0.346313 65.10194271742 0.14262078867 
0.346819 65.11741257221 0.14556609622 
0.347325 65.10933326757 0.14471549461 
0.347832 64.84825907597 0.14251893949 
0.348338 64.64181395344 0.14615903146 
0.348845 64.68217144355 0.14553414158 
0.349351 64.64447649366 0.14960622958 
0.349858 64.78761427851 0.15007395075 
0.350364 64.64033869993 0.14711664191 
0.350871 64.27588888789 0.14539913711 
0.351377 64.63918409514 0.14999022707 
0.351884 64.48082214824 0.14920176474 
0.352390 64.84618134788 0.14929386875 
0.352897 64.28964813914 0.14930541270 
0.353403 64.21469623494 0.14740407011 
0.353910 64.34829696326 0.15101567335 
0.354416 64.30147916957 0.15095502926 
0.354923 64.17986922902 0.15253997509 
0.355429 63.97437555292 0.15168869067 
0.355935 64.09223549861 0.15273982873 
0.356442 63.80629299933 0.15185892488 
0.356948 64.22304850620 0.15400017960 
0.357455 64.13704058207 0.15810318752 
0.357961 63.93663681965 0.15221547606 
0.358468 63.59947314167 0.15689693517 
0.358974 63.84735713212 0.22148712790 
0.359481 63.83598042826 0.20423463077 
0.359987 63.85953977658 0.19976275652 
0.360494 63.86282808408 0.19111654721 
0.361000 63.98006431831 0.18881206980 
0.361506 63.74400054027 0.18224817705 
0.362013 63.74912350948 0.18757789730 
0.362519 63.83847664702 0.18592839616 
0.363026 63.74962255358 0.18368298661 
0.363532 63.96671369782 0.18768537410 
0.364039 63.81437908446 0.18397857773 
0.364545 64.12230298188 0.18182374552 
0.365052 63.90428269349 0.18334388984 
0.365558 63.81837094993 0.17986395835 
0.366064 63.59863081471 0.18508899971 
0.366571 63.44920657282 0.18078588059 
0.367077 63.77139342182 0.18704085670 
0.367584 63.63941513646 0.18518971248 
0.368090 63.82512176334 0.18442471464 
0.368597 63.79464907124 0.18951755943 
0.369103 63.52874389546 0.18629736090 
0.369610 63.81902947857 0.19211352159 
0.370116 63.69824955873 0.18749459199 
0.370622 63.50386560226 0.18938097929 
0.371129 63.66082483418 0.19116304185 
0.371635 63.68411919393 0.18900675573 
0.372142 63.65224716748 0.19207528674 
0.372648 63.46857047677 0.19279235935 
0.373155 63.50096331067 0.19718630440 
0.373661 63.55882042693 0.19886309662 
0.374167 63.36466328909 0.19239604136 
0.374674 63.47277702266 0.19914104051 
0.375180 63.53703532074 0.19606768658 
0.375687 63.57698379559 0.19856940754 
0.376193 63.56357761940 0.19857977036 
0.376700 63.41840896869 0.20193683589 
0.377206 63.45070447531 0.20097519113 
0.377712 63.24507281538 0.20211130521 
0.378219 63.34284496715 0.20360675136 
0.378725 63.19527980747 0.20140912808 
0.379232 63.61351444171 0.20833336684 
0.379738 63.37273742783 0.20469085546 
0.380245 63.47938221384 0.20673724063 
0.380751 63.18459366936 0.20957970945 
0.381257 63.33115889483 0.20782824221 
0.381764 63.21768976023 0.20811866895 
0.382270 63.63989132256 0.20285161677 
0.382777 63.46874461688 0.21114665155 
0.383283 63.10349364523 0.20977592743 
0.383789 63.25064274825 0.20772398171 
0.384296 63.44817137818 0.21374365219 
0.384802 63.16070641132 0.21086895686 
0.385309 63.00943868443 0.21011098684 
0.385815 62.95621327581 0.20987744137 
0.386321 62.60092813691 0.21398187471 
0.386828 62.94664200855 0.21437460359 
0.387334 62.78886380346 0.20806476523 
0.387841 62.73350377482 0.20974730678 
0.388347 63.27076230464 0.21208703765 
0.388853 63.01218718258 0.21478648711 
0.389360 62.90785323695 0.21683488022 
0.389866 62.45188767842 0.21176181404 
0.390373 62.70630709329 0.22220334059 
0.390879 62.95265208386 0.21662832347 
0.391385 62.78535044462 0.21680961723 
0.391892 62.97850725188 0.21751571945 
0.392398 62.44448988392 0.22001136482 
0.392905 62.59558594884 0.21894890072 
0.393411 62.60233236905 0.22070876462 
0.393917 62.69216705848 0.22525392256 
0.394424 62.51509334769 0.21866919669 
0.394930 62.40701720436 0.22328020945 
0.395437 62.80217287079 0.22848584999 
0.395943 62.44246439041 0.22838166265 
0.396449 63.08699083049 0.41895083171 
0.396956 62.50255542531 0.22105660931 
0.397462 62.93654931450 0.23160046606 
0.397969 62.68362867710 0.22657019844 
0.398475 62.56787557322 0.23321595204 
0.398981 62.91460995572 0.23630114090 
0.399488 62.40238337017 0.23024565693 
0.399994 62.65367859711 0.23846428188 
0.400500 62.50684679920 0.23496240720 
0.401007 62.55045330457 0.23011280384 
0.401513 62.20561834770 0.24170387171 
0.402020 62.27590007065 0.24983987136 
0.402526 62.38200239971 0.25372656388 
0.403032 62.59420648609 0.24969195406 
0.403539 62.39610427058 0.26113333392 
0.404045 62.01314077204 0.24175310546 
0.404551 62.41450552255 0.26030278588 
0.405058 62.29971044067 0.27190086901 
0.405564 62.05693427677 0.25412973184 
0.406071 62.09355358676 0.25257389202 
0.406577 62.32786235986 0.25866278240 
0.407083 62.10597846818 0.25988184438 
0.407590 62.35084876866 0.26550489248 
0.408096 62.31198655924 0.26987117633 
0.408602 62.82568399174 0.27157194937 
0.409109 62.14192117799 0.26016534066 
0.409615 61.77815968511 0.27069980091 
0.410121 62.13593989819 0.26709895573 
0.410628 62.22831174818 0.26817518464 
0.411134 62.56305451571 0.26515126170 
0.411641 62.31194461095 0.27293545349 
0.412147 62.24141148468 0.26390352779 
0.412653 61.71421564852 0.25895892072 
0.413160 61.83135817386 0.27200766413 
0.413666 62.60660333617 0.26799770826 
0.414172 61.89027038749 0.28000657517 
0.414679 61.95479775340 0.26880998709 
0.415185 61.87613062155 0.28077757151 
0.415691 62.09774780850 0.27628423073 
0.416198 61.52908246673 0.27644692658 
0.416704 61.98402497772 0.28136963413 
0.417210 61.69914493986 0.28776596519 
0.417717 61.73620547998 0.28956439311 
0.418223 62.07609129525 0.28616216002 
0.418729 62.06759153687 0.28717702139 
0.419236 61.96499691910 0.28260781807 
0.419742 61.79856010319 0.26631949474 
0.420248 61.77434425435 0.27352529664 
0.420755 61.10291448912 0.28225840291 
0.421261 62.34896381921 0.27843396270 
0.421767 61.63541619371 0.28135867618 
0.422274 61.95623417211 0.28275474433 
0.422780 62.05129830955 0.28183377385 
0.423286 61.72958645170 0.28313199797 
0.423793 61.57465340929 0.28305852633 
0.424299 61.50984614311 0.28626869382 
0.424805 62.04349374084 0.29487896560 
0.425312 61.45134088353 0.29219670053 
0.425818 61.17884163355 0.28231289366 
0.426324 61.63458381593 0.30288101920 
0.426831 61.58429897753 0.29741444624 
0.427337 61.67181244609 0.31088846880 
0.427843 60.99656787804 0.29976278458 
0.428350 61.96477062222 0.30637539923 
0.428856 61.68778165889 0.29896492234 
0.429362 61.60360488540 0.29413912211 
0.429869 61.93274088152 0.31792309589 
0.430375 61.22016619515 0.30203829388 
0.430881 61.21220863551 0.31838314869 
0.431388 61.75956827557 0.31389673349 
0.431894 61.42137091141 0.32211184853 
0.432400 61.67915220482 0.32254597739 
0.432907 61.62741821088 0.31571858471 
0.433413 61.61742103562 0.34587622817 
0.433919 61.11677445961 0.33067567312 
0.434425 61.29724377294 0.33704668864 
0.434932 61.45826097817 0.33468196331 
0.435438 61.11686452535 0.34396495369 
0.435944 61.10315391063 0.33977543860 
0.436451 61.27927403405 0.34352368828 
0.436957 61.38765498183 0.34706497898 
0.437463 61.11098078987 0.35251787580 
0.437970 61.46645022617 0.34494208063 
0.438476 61.64003614986 0.34848861220 
0.438982 61.26418651721 0.36051537795 
0.439489 61.54637810652 0.37296920440 
0.439995 60.99654560809 0.36141365282 
0.440501 60.92133039383 0.35666864667 
0.441007 61.27959371303 0.38276631215 
0.441514 61.50384839678 0.38911126566 
0.442020 60.98795559077 0.40768517124 
0.442526 61.04241644019 0.38909953513 
0.443033 61.16161621707 0.40189352656 
0.443539 61.08599057205 0.39607661482 
0.444045 60.69754828391 0.43019502701 
0.444551 60.64982191249 0.40614889801 
0.445058 61.25705273801 0.42980362683 
0.445564 60.79017057114 0.43454250288 
0.446070 60.83876573638 0.42905008973 
0.446577 60.80668371847 0.43557656855 
0.447083 61.00643094202 0.46986686141 
0.447589 60.75296224508 0.46324729548 
0.448095 60.79554879388 0.45380982929 
0.448602 60.61727496081 0.47253376118 
0.449108 60.89512302324 0.46750044916 
0.449614 61.12204128375 0.46164071213 
0.450121 60.13736470624 0.49487077567 
0.450627 59.86773426357 0.50920504148 
0.451133 60.33035951824 0.50965191340 
0.451639 59.31751022483 0.52244397034 
0.452146 60.44636702819 0.53805190959 
0.452652 60.07458088943 0.51810871658 
0.453158 60.77541805128 0.56325745916 
0.453664 61.19077324331 0.58005310447 
0.454171 61.28162716642 0.59862682196 
0.454677 59.93617655069 0.63215325583 
0.455183 60.13675881203 0.60865295727 
0.455689 60.61771418028 0.64535371074 
0.456196 60.15388927350 0.65017796937 
0.456702 60.75015399343 0.63993812587 
0.457208 60.97725699644 0.71032659983 
0.457714 60.03637843095 0.74151374624 
0.458221 60.46502027633 0.74400306347 
0.458727 60.12397052797 0.76909939085 
0.459233 60.51398038115 0.82668471611 
0.459740 60.80773963619 0.85423125144 
0.460246 60.15956017655 0.86490929416 
0.460752 59.83101230510 0.99855232259 
0.461258 60.32472489231 1.00949540954 
0.461765 60.41762620190 1.09909229058 
0.462271 60.37370177272 1.04960632783 
0.462777 60.72337164146 1.15986183556 
0.463283 60.53871860761 1.23027543215 
0.463789 60.98772908391 1.30138142409 
0.464296 59.08343148408 1.38891258450 
0.464802 60.39759935766 1.34463924693 
0.465308 59.55308495908 1.48687772681 
0.465814 59.91841042094 1.63682269939 
0.466321 60.65073203763 1.77080817686 
0.466827 58.96747423690 1.85108625227 
0.467333 60.75650761700 1.90050624671 
0.467839 59.37088689084 2.02678701120 
0.468346 58.64392501976 2.29749100761 
0.468852 59.81231078839 2.61001812643 
0.469358 59.61184224835 2.94164650137 
0.469864 58.98960403891 3.00085955709 
0.470371 61.52076385753 3.92213904033 
0.470877 58.41583964089 4.40241972403 
0.471383 57.28065344211 5.35263669269 
0.471889 57.25058999278 7.33104119260 
0.472395 52.17721930238 5.67416372846 
0.472902 52.11593569371 12.81964856319 
