0.010896 1358.50650856962 14.50830841541 
0.011402 1197.34262615989 11.87364291660 
0.011909 1077.10803987001 10.87034772293 
0.012416 988.16376805173 9.11268368891 
0.012923 892.45809968178 7.59367986756 
0.013430 824.90350228123 11.12522570285 
0.013936 789.05158377664 8.90550602486 
0.014443 733.89682801091 7.82103208701 
0.014950 676.61905767541 6.52844587564 
0.015457 629.19145351652 5.25330488126 
0.015963 581.62510570793 5.03458876106 
0.016470 540.78554367858 4.21962294712 
0.016977 510.19325052815 3.87696561052 
0.017484 475.43514954097 3.25213108337 
0.017990 450.81415475772 3.14032364301 
0.018497 422.84136579378 2.83739806106 
0.019004 400.01472700335 2.24297385664 
0.019511 378.84070235729 2.31761176058 
0.020018 359.35865875327 2.19000049910 
0.020524 343.32573522049 2.04652408439 
0.021031 325.01802207517 1.89558527194 
0.021538 316.11162149733 1.73641169253 
0.022045 301.64926646042 1.59235226220 
0.022551 291.37147164884 1.49837445527 
0.023058 278.30082910815 1.45834898537 
0.023565 270.36584951661 1.52731958873 
0.024072 259.47698342357 1.75993097172 
0.024579 250.78596599852 1.66609763985 
0.025085 242.15507532724 2.21887957189 
0.025592 235.72060719257 2.24293689698 
0.026099 230.10223005541 2.22841004914 
0.026606 224.30625936118 1.60995543125 
0.027112 216.71153315406 1.85568864662 
0.027619 212.45099550817 1.58730298324 
0.028126 206.69328711439 1.48220213212 
0.028633 202.18701200756 1.32856483407 
0.029139 198.69664032681 1.11238032415 
0.029646 192.55616659217 1.09394391202 
0.030153 190.33500393151 1.13944908158 
0.030660 185.79584750449 1.07537466728 
0.031167 182.73316254875 0.88846344470 
0.031673 179.38029616390 0.93720331975 
0.032180 175.74876293493 0.89643631082 
0.032687 172.95969481659 0.90668100689 
0.033194 170.03661110742 0.79833614031 
0.033700 166.93007033369 0.75345374600 
0.034207 165.67460240285 0.71361507597 
0.034714 162.14574502805 0.72200873683 
0.035221 161.41883239538 0.76259197547 
0.035727 158.86931535890 0.70250280958 
0.036234 156.87899785433 0.65735917360 
0.036741 153.72760279854 0.67823387136 
0.037248 152.10755205477 0.64611533378 
0.037755 150.63548177683 0.62893469611 
0.038261 149.19972698950 0.60211879770 
0.038768 146.35486348620 0.60979816143 
0.039275 146.13197957188 0.60609145265 
0.039782 143.85296484620 0.56270427029 
0.040288 142.33539639858 0.55264913281 
0.040795 141.40900638463 0.51452363456 
0.041302 140.41858204525 0.56668076424 
0.041809 138.45394680356 0.52650475066 
0.042315 137.95477297843 0.54693718594 
0.042822 136.46527199179 0.50547621772 
0.043329 135.03314819648 0.54706730747 
0.043836 134.45781430325 0.51554241905 
0.044343 134.12192188420 0.53811056147 
0.044849 132.15531864460 0.52802106051 
0.045356 131.50598110973 0.54925555376 
0.045863 129.98243473909 0.51043104260 
0.046370 128.15739237801 0.51539852425 
0.046876 129.05651782729 0.49676892928 
0.047383 126.51556941008 0.47420336302 
0.047890 126.62233949390 0.47045248025 
0.048397 125.88315425637 0.49447587508 
0.048903 124.80937127410 0.44872692448 
0.049410 123.65201140536 0.49773240490 
0.049917 122.85904602979 0.46784543605 
0.050424 122.51625464783 0.46586628895 
0.050931 121.83839099091 0.44011007549 
0.051437 121.04818043214 0.44133520392 
0.051944 119.76136483177 0.43733831731 
0.052451 119.95854674234 0.46193319493 
0.052958 118.65094581019 0.42891553618 
0.053464 118.25001982255 0.44460644644 
0.053971 117.67615952982 0.45987064405 
0.054478 116.99774729445 0.44609449933 
0.054985 115.81650026658 0.45582687568 
0.055491 114.98392091863 0.44745423935 
0.055998 114.87648608278 0.42974865519 
0.056505 113.63424221125 0.40741447227 
0.057012 112.91723851640 0.42949059960 
0.057519 113.36959898859 0.42078361657 
0.058025 113.22606673040 0.42368767821 
0.058532 112.19393084764 0.41604513735 
0.059039 112.06511608025 0.40436990668 
0.059546 111.05640254809 0.41195091424 
0.060052 110.22579545196 0.39420745658 
0.060559 109.41246394857 0.40789816823 
0.061066 109.32532458165 0.40546054238 
0.061573 108.88988098454 0.40318016310 
0.062079 108.74799645005 0.39502072041 
0.062586 107.89630251574 0.39949036956 
0.063093 108.11025283183 0.38750790567 
0.063600 107.53564868641 0.38928927696 
0.064106 106.88867872456 0.39899680059 
0.064613 106.27202927670 0.38776100384 
0.065120 105.65939916132 0.38878797469 
0.065627 105.14110999218 0.38538472090 
0.066134 105.33077915131 0.36161729033 
0.066640 105.82323773549 0.36524575533 
0.067147 104.20916094039 0.39115610241 
0.067654 103.08332817698 0.38031134727 
0.068161 103.82706466641 0.36770990455 
0.068667 103.17336854904 0.35919763292 
0.069174 102.97813522687 0.36395437242 
0.069681 102.27819336854 0.36038822321 
0.070188 102.11382967450 0.36525175343 
0.070694 102.26231930155 0.35437465914 
0.071201 101.71863999909 0.35280421176 
0.071708 101.32473607307 0.36736718241 
0.072215 100.83783725019 0.36010253232 
0.072721 100.67998299231 0.34927338613 
0.073228 100.72326450102 0.33929718067 
0.073735 100.62314963597 0.35330937689 
0.074242 100.04878231638 0.35251120621 
0.074748 99.77802082114 0.35320433607 
0.075255 99.43453342993 0.32726707287 
0.075762 99.57935412449 0.33202120974 
0.076269 99.06916372978 0.35019854823 
0.076776 98.69554354362 0.34272141590 
0.077282 98.95047598714 0.33348080555 
0.077789 97.83371836377 0.33627640179 
0.078296 98.21342007320 0.32735708796 
0.078803 98.02051211243 0.32924210811 
0.079309 97.58331770750 0.33990556777 
0.079816 97.71938393761 0.33547466474 
0.080323 97.50600971202 0.32684271281 
0.080830 97.23134794778 0.33629082068 
0.081336 96.82809906990 0.34382990954 
0.081843 97.08016643897 0.33425693562 
0.082350 96.89671514094 0.32137048704 
0.082857 96.54855166153 0.33324526033 
0.083363 96.54626499109 0.32867478386 
0.083870 96.38725757758 0.32955057959 
0.084377 95.86457307643 0.34487684107 
0.084884 95.70420800778 0.32939127058 
0.085390 95.39612668361 0.33211862159 
0.085897 95.25194023612 0.32351447677 
0.086404 95.63326163927 0.33819088890 
0.086911 95.55280848702 0.33478675821 
0.087417 95.17059363766 0.32535174477 
0.087924 94.88690585236 0.32032541813 
0.088431 94.75933934176 0.33690348177 
0.088938 94.71579195600 0.33269096936 
0.089444 94.76004586540 0.33926080252 
0.089951 94.10850255863 0.31924421761 
0.090458 93.96061850775 0.32659531210 
0.090965 94.08850132010 0.33230278501 
0.091471 93.68176802953 0.33432322866 
0.091978 93.81638381308 0.32425385514 
0.092485 92.99998327539 0.34638137096 
0.092992 92.82957801513 0.34043662247 
0.093498 93.07798728259 0.35171398283 
0.094005 92.96328998286 0.33092072505 
0.094512 92.89978521827 0.33022888428 
0.095019 93.23659787765 0.32857198495 
0.095525 92.27118705506 0.34258309919 
0.096032 92.17857720217 0.32468915170 
0.096539 91.99905286765 0.33284378789 
0.097046 91.60007740793 0.32824121756 
0.097552 91.99615972068 0.33313911228 
0.098059 92.11973486579 0.32971512934 
0.098566 91.71227868242 0.32146168081 
0.099073 91.87850537532 0.32662732400 
0.099579 91.21324417875 0.32492488814 
0.100086 91.51039640301 0.32574381224 
0.100593 91.20772280629 0.33164409590 
0.101100 91.37011339415 0.31743737053 
0.101606 91.05851532214 0.31535633693 
0.102113 89.96359879063 0.30311072124 
0.102620 89.80606177799 0.29557215244 
0.103127 89.45655458077 0.30261542924 
0.103633 88.78268926489 0.29471025641 
0.104140 88.78156606135 0.28520792955 
0.104647 88.57750831009 0.29612636958 
0.105154 88.99030309294 0.31089647765 
0.105660 88.89728183397 0.30095968856 
0.106167 88.18004778464 0.29787077829 
0.106674 88.08527740086 0.31642730780 
0.107181 88.03561714848 0.30074573827 
0.107687 88.41112215254 0.30102087398 
0.108194 88.03664665441 0.29363336200 
0.108701 87.95394881029 0.29639053847 
0.109208 87.92425241081 0.29026753398 
0.109714 88.25408006444 0.28915507297 
0.110221 87.50301733888 0.28196337581 
0.110728 87.76436248857 0.28417040566 
0.111235 87.72354139914 0.28549794211 
0.111741 87.42431538462 0.28543082073 
0.112248 87.33449630701 0.28244659402 
0.112755 87.12085965002 0.28741852304 
0.113262 86.87652916983 0.28583625184 
0.113768 86.74418858524 0.26403881970 
0.114275 86.51040584642 0.28253385764 
0.114782 86.59992287329 0.28150431903 
0.115289 86.66688057685 0.26620894798 
0.115795 86.48633700013 0.27503958029 
0.116302 86.44055751759 0.26424316488 
0.116809 86.39305363679 0.25808432809 
0.117316 86.12558199332 0.27898065692 
0.117822 86.27352102703 0.27250220423 
0.118329 86.50016006567 0.27556597315 
0.118836 86.18238532407 0.26092445930 
0.119342 85.81827032739 0.26795323426 
0.119849 85.76953018281 0.27073952112 
0.120356 85.92029080536 0.26904303595 
0.120863 85.38867854356 0.26386029920 
0.121369 85.53277142635 0.25847294180 
0.121876 85.23668367878 0.26728331711 
0.122383 85.70059802074 0.26098129855 
0.122890 85.38840659543 0.26250717684 
0.123396 85.34436524536 0.27089110342 
0.123903 85.06829996111 0.25924567927 
0.124410 85.48999689580 0.26754046711 
0.124917 84.98200532241 0.25891119956 
0.125423 85.22055471001 0.25730434435 
0.125930 85.12377652361 0.25919719491 
0.126437 84.74638052521 0.25460818253 
0.126944 84.80904545155 0.25655928093 
0.127450 84.70653012098 0.25336980957 
0.127957 84.48920960013 0.26166442524 
0.128464 84.58113569382 0.26057099745 
0.128970 84.44167135446 0.24449964678 
0.129477 84.64976007823 0.25358433369 
0.129984 84.10090506389 0.26005903120 
0.130491 84.31858234586 0.25207346301 
0.130997 84.59877741801 0.24915774668 
0.131504 84.13729137651 0.24862088595 
0.132011 84.32007213904 0.25403629834 
0.132518 83.74845840940 0.25625967044 
0.133024 84.19068049560 0.24698299710 
0.133531 83.68825284180 0.24845236889 
0.134038 83.71295089585 0.24472962976 
0.134545 83.59493531785 0.24862905623 
0.135051 83.38865425820 0.24323427875 
0.135558 83.85159927739 0.23967834331 
0.136065 83.33676319815 0.24389807277 
0.136571 83.37723433901 0.23576187115 
0.137078 83.61852153563 0.24304768415 
0.137585 83.44845270098 0.24217531800 
0.138092 83.09204574708 0.24249109113 
0.138598 83.07868908169 0.24286999351 
0.139105 82.72101588302 0.23754087271 
0.139612 82.87102685363 0.24009179561 
0.140119 83.15183374362 0.24387049414 
0.140625 82.82801281284 0.23683020287 
0.141132 82.67512505244 0.23856991263 
0.141639 82.80537593985 0.24475139548 
0.142145 82.62790905806 0.25006285833 
0.142652 82.76246463258 0.23693116087 
0.143159 82.72589199354 0.24479858068 
0.143666 82.37639630587 0.23901899737 
0.144172 82.01491482064 0.23639283480 
0.144679 82.38096182702 0.24326129949 
0.145186 82.12612139760 0.24104769170 
0.145692 82.08075687898 0.24439764572 
0.146199 81.94628180156 0.24191165634 
0.146706 82.05326098138 0.24820071791 
0.147213 81.65359969395 0.24087251680 
0.147719 81.70113092676 0.24264933040 
0.148226 81.44999858760 0.23901308905 
0.148733 81.71025694556 0.24287876595 
0.149240 81.46443106093 0.24524953036 
0.149746 81.82394930088 0.24168975729 
0.150253 80.97378766082 0.24000604311 
0.150760 81.15649483575 0.23947800896 
0.151266 81.29514889448 0.24008572887 
0.151773 81.52823487539 0.24199533775 
0.152280 80.97345598726 0.24071001795 
0.152787 80.65936599716 0.24102340459 
0.153293 80.87819048195 0.23721425715 
0.153800 80.67363575299 0.23696560653 
0.154307 80.29034558860 0.23901080380 
0.154813 80.81063908245 0.24145882834 
0.155320 80.55263249224 0.24068465719 
0.155827 80.55443969194 0.23674031914 
0.156334 80.35413119111 0.24001643569 
0.156840 80.44901891833 0.23568497188 
0.157347 79.95475325741 0.23152615376 
0.157854 80.24950205131 0.23975111664 
0.158360 80.11055515253 0.23453346774 
0.158867 80.33030160266 0.23537636283 
0.159374 79.76190896176 0.23376595011 
0.159881 80.08772259126 0.23384738600 
0.160387 79.71394241587 0.23005883831 
0.160894 80.16711433025 0.23438030790 
0.161401 79.70087858989 0.23333507110 
0.161907 79.51696162328 0.23871712145 
0.162414 79.17017528081 0.23106883507 
0.162921 79.47163616353 0.22776256656 
0.163427 79.47588882300 0.23066192648 
0.163934 79.47573042502 0.23040783020 
0.164441 79.26152094769 0.23079266793 
0.164948 79.49277152588 0.23507265964 
0.165454 79.26899386242 0.23303064787 
0.165961 78.82217939728 0.22760718990 
0.166468 79.19539679202 0.23040893326 
0.166974 79.47119911014 0.22938148211 
0.167481 79.04165490686 0.23129794874 
0.167988 79.08461559791 0.22903475575 
0.168495 79.33887053584 0.23872417337 
0.169001 79.27261793290 0.23471176019 
0.169508 79.10412577107 0.23464439298 
0.170015 79.21039901045 0.22785845380 
0.170521 78.70963234276 0.23142154032 
0.171028 79.18930795344 0.23421501501 
0.171535 78.62062534728 0.23744352705 
0.172041 79.15958561347 0.23927733135 
0.172548 78.76114327561 0.23331269108 
0.173055 78.88914708919 0.23383104793 
0.173562 78.91443381592 0.24043281178 
0.174068 79.24891187720 0.23902595640 
0.174575 78.96196241076 0.23213441577 
0.175082 78.49482898494 0.23768865254 
0.175588 78.56570316376 0.23840827781 
0.176095 78.95363301285 0.23476576188 
0.176602 79.16447589988 0.23717236647 
0.177108 78.52940709634 0.24227687940 
0.177615 78.65463904197 0.23830596604 
0.178122 78.97119143729 0.23416354109 
0.178629 78.75861401723 0.23348339337 
0.179135 78.38354923920 0.23555064254 
0.179642 78.40934629942 0.23562870228 
0.180149 78.97341484933 0.23688052884 
0.180655 78.22401254388 0.23801485914 
0.181162 78.62893583615 0.24453763819 
0.181669 78.67549806654 0.24338585235 
0.182175 78.46791748412 0.23651409486 
0.182682 78.81892147150 0.24168602534 
0.183189 78.91345255671 0.24485490285 
0.183695 78.52400576239 0.24302416312 
0.184202 78.44909743461 0.24323097794 
0.184709 78.49535220413 0.24553644378 
0.185216 78.37126951657 0.23733563007 
0.185722 77.89262801408 0.24429044678 
0.186229 77.92017594406 0.24402469590 
0.186736 77.86207312429 0.24165175874 
0.187242 77.94921401563 0.24484441117 
0.187749 77.80016672569 0.24885985108 
0.188256 77.45776028878 0.24547445703 
0.188762 77.65941717724 0.23968063353 
0.189269 77.54570389868 0.24616191681 
0.189776 77.52442755619 0.24778213988 
0.190282 77.62505445416 0.24870269728 
0.190789 77.20347687246 0.24691216588 
0.191296 77.25583372457 0.24460637993 
0.191802 77.40672718773 0.24095267424 
0.192309 77.33140018020 0.24240578566 
0.192816 76.99714502761 0.24372269380 
0.193323 76.69993016910 0.23740499300 
0.193829 76.96688213698 0.23853467728 
0.194336 76.71859021068 0.23795108599 
0.194843 76.25496825289 0.23119601597 
0.195349 76.32438909202 0.24226527663 
0.195856 76.40653846898 0.23703246132 
0.196363 76.14387419653 0.23255099560 
0.196869 76.21656053608 0.23273133893 
0.197376 76.12522799195 0.23596450065 
0.197883 76.04492139568 0.22401001733 
0.198389 75.93194003120 0.22578225710 
0.198896 75.44125647683 0.22556690604 
0.199403 76.03770619610 0.22107264699 
0.199909 75.72109986956 0.22446425784 
0.200416 76.00920529609 0.22030892499 
0.200923 75.64798237701 0.22234780214 
0.201429 75.84607651970 0.22398020062 
0.201936 75.86753270846 0.22034203429 
0.202443 75.40369763237 0.22040429615 
0.202949 75.72710912844 0.22575151505 
0.203456 75.25476354671 0.21527432192 
0.203963 75.85829198551 0.22103220189 
0.204469 75.74926313532 0.21920770250 
0.204976 75.68945218632 0.21981181483 
0.205483 75.33447829372 0.21640277362 
0.205989 75.31985294395 0.21893301540 
0.206496 75.36312366153 0.21321466792 
0.207003 75.74274045297 0.20993312816 
0.207509 75.34838931389 0.21637688480 
0.208016 75.05508928112 0.20976831461 
0.208523 75.41401290888 0.20958316475 
0.209029 74.93665935696 0.21075413880 
0.209536 75.35081639853 0.20784580093 
0.210043 75.18454898722 0.21027917049 
0.210549 75.50021643889 0.20809653893 
0.211056 74.90234435665 0.20626457641 
0.211563 74.89757263650 0.21197809143 
0.212069 74.95825044310 0.20723465903 
0.212576 74.86252842046 0.20768261282 
0.213083 74.97613088005 0.21183338682 
0.213589 74.89473271690 0.20896110085 
0.214096 74.55385827660 0.20590641685 
0.214603 74.68008394654 0.20731251456 
0.215109 74.53804110199 0.20479238768 
0.215616 74.70826470569 0.20661557069 
0.216123 74.18440383116 0.20308339833 
0.216629 74.36914895829 0.20526183621 
0.217136 74.12679397566 0.20906364866 
0.217643 74.10738941858 0.20941485088 
0.218149 74.23669059082 0.20659898657 
0.218656 74.37617724329 0.20386708291 
0.219163 74.05959335793 0.20543937929 
0.219669 73.80231195357 0.20607058878 
0.220176 73.89994974203 0.20262963990 
0.220683 73.79081014794 0.20086519610 
0.221189 74.20220681702 0.20712579475 
0.221696 73.91939257459 0.20324929498 
0.222203 73.84136182255 0.20247068423 
0.222709 73.73645914126 0.20162867698 
0.223216 73.88139248610 0.20564677855 
0.223722 73.64657915377 0.20333630464 
0.224229 73.83261503094 0.20306915813 
0.224736 73.77129989748 0.20431342883 
0.225242 73.47058820428 0.20330408367 
0.225749 73.44910845000 0.20469429195 
0.226256 73.66078598248 0.20315140982 
0.226762 73.43452604141 0.20543308629 
0.227269 73.51824233546 0.20027220084 
0.227776 73.56017154162 0.20139179027 
0.228282 73.12030055698 0.19805593027 
0.228789 73.23605387456 0.19898034913 
0.229296 73.02259619297 0.20240042326 
0.229802 73.10960886532 0.19823773083 
0.230309 73.24845885404 0.20101828404 
0.230816 73.15869830136 0.20003237634 
0.231322 73.23834500760 0.20480072643 
0.231829 73.12590886454 0.20533762124 
0.232335 73.16469411739 0.20327302394 
0.232842 72.63999516737 0.20380809047 
0.233349 72.91229426350 0.19885027660 
0.233855 72.72048786608 0.19971176924 
0.234362 72.96030141253 0.20391933154 
0.234869 73.00211421040 0.20278585729 
0.235375 72.67659270783 0.20270010175 
0.235882 72.68610009859 0.19684010023 
0.236389 72.58389387101 0.20162227030 
0.236895 72.62270559360 0.20294915021 
0.237402 72.41358172021 0.19452885405 
0.237908 72.24721234046 0.19626796329 
0.238415 72.62669344814 0.19973007640 
0.238922 72.15886873754 0.20135674301 
0.239428 72.18259833320 0.19899768886 
0.239935 72.35150219793 0.19581223850 
0.240442 72.24822301801 0.19754084927 
0.240948 72.08661358713 0.20094780057 
0.241455 72.04288613203 0.20107589683 
0.241962 72.17621279071 0.19947402680 
0.242468 71.90657094717 0.19758509906 
0.242975 72.18795574025 0.19765405753 
0.243481 71.82889779064 0.20017471785 
0.243988 71.88190303473 0.19774127469 
0.244495 71.81288803813 0.20053534004 
0.245001 71.62981526501 0.19744669544 
0.245508 71.77179931901 0.19847908633 
0.246015 71.69749956403 0.19771342921 
0.246521 71.63210845356 0.19753181885 
0.247028 71.51312564832 0.19959429651 
0.247534 71.46625545844 0.19609962497 
0.248041 71.38266583587 0.19745421015 
0.248548 71.43980627051 0.19546117243 
0.249054 71.57246390714 0.19517476210 
0.249561 71.29700087426 0.19640323577 
0.250068 71.41530706355 0.20105111642 
0.250574 71.42948442257 0.19737742814 
0.251081 71.17092909023 0.19631690811 
0.251587 71.15866891600 0.20117596353 
0.252094 71.17308838271 0.19501173111 
0.252601 71.04195895869 0.19494450230 
0.253107 71.08854663237 0.19440347642 
0.253614 71.29450851032 0.19785902367 
0.254120 70.93029477886 0.19403539569 
0.254627 71.02062209949 0.19547133989 
0.255134 71.06603232471 0.19668562375 
0.255640 70.98500263083 0.19771764069 
0.256147 70.75660850959 0.19150084538 
0.256654 70.91171214944 0.19867308534 
0.257160 71.16618710208 0.19922453174 
0.257667 71.07693069004 0.19429619769 
0.258173 71.42678957441 0.20105868259 
0.258680 71.43954081417 0.19657295187 
0.259187 71.32489794025 0.19390715176 
0.259693 71.22782810741 0.19440415006 
0.260200 71.40915013523 0.19560137807 
0.260706 71.59099776854 0.19499519250 
0.261213 71.62793678638 0.19481844939 
0.261720 71.60476542681 0.19413677213 
0.262226 71.37564403431 0.19381188193 
0.262733 71.82002156105 0.19467267893 
0.263239 71.74691397051 0.19564342849 
0.263746 71.75384928031 0.20028705443 
0.264253 71.58039513114 0.19221569428 
0.264759 71.71066868144 0.19443582760 
0.265266 71.63320983133 0.19402297889 
0.265772 71.87401657247 0.19310862687 
0.266279 71.67379851500 0.19431834624 
0.266786 71.50632111544 0.19096594004 
0.267292 71.64720014541 0.19143846565 
0.267799 71.75484494514 0.19020114466 
0.268305 71.68327606076 0.19106705112 
0.268812 71.90722248848 0.19254697352 
0.269319 71.65693693797 0.19282230717 
0.269825 71.93106035282 0.19041614255 
0.270332 71.81892019640 0.19479366802 
0.270838 72.10566846966 0.19270511667 
0.271345 72.05405536167 0.19353650499 
0.271852 72.28181252399 0.19291795051 
0.272358 72.41051024284 0.19307514117 
0.272865 72.21499609641 0.19727973740 
0.273371 72.18941703139 0.19217539830 
0.273878 72.49618074275 0.19279098930 
0.274385 72.29922911437 0.19048864233 
0.274891 72.36247461447 0.19305171847 
0.275398 72.25772753268 0.18438023567 
0.275904 72.24410415954 0.18861207418 
0.276411 72.38961493544 0.18585232473 
0.276917 72.49144015566 0.18203600481 
0.277424 72.25976392231 0.18609401956 
0.277931 72.29753417493 0.18521149030 
0.278437 71.91691747082 0.18407811792 
0.278944 71.97112320388 0.18271369502 
0.279450 72.21596036146 0.17855907601 
0.279957 72.16810730581 0.17897939146 
0.280464 72.10674715069 0.18017446677 
0.280970 72.06178172558 0.17767722265 
0.281477 72.10136152468 0.18301925601 
0.281983 72.09831619160 0.18236825226 
0.282490 72.23469728827 0.18336240423 
0.282996 72.03674916410 0.17796888559 
0.283503 72.02763195009 0.18195111956 
0.284010 71.99586204021 0.17984760094 
0.284516 72.04655894756 0.18035443634 
0.285023 71.81079693501 0.17697908461 
0.285529 71.62863577312 0.17370521121 
0.286036 71.69779037594 0.17302127974 
0.286542 71.75683255964 0.17128710885 
0.287049 71.70578528601 0.17211838187 
0.287556 71.55228738249 0.17196847677 
0.288062 71.43215733376 0.17115092060 
0.288569 71.55681379528 0.17172354954 
0.289075 71.37862374817 0.17168286962 
0.289582 71.30376664936 0.17295396105 
0.290088 71.50018230740 0.16944527794 
0.290595 71.26755433215 0.16755111497 
0.291102 71.23824227101 0.16916738262 
0.291608 71.08601545954 0.17149011250 
0.292115 71.04707652553 0.16790192661 
0.292621 71.21189742449 0.17058367727 
0.293128 71.09020135568 0.16815533803 
0.293634 71.17455313110 0.16639319662 
0.294141 71.10519411649 0.16701851327 
0.294647 70.83751410839 0.16818235195 
0.295154 70.89783959284 0.16439654807 
0.295661 70.71258523307 0.16321267040 
0.296167 70.82118693657 0.16543663563 
0.296674 70.87061294679 0.16201254049 
0.297180 70.57857577693 0.16413144651 
0.297687 70.97377693808 0.16511169210 
0.298193 70.72239500957 0.16280064621 
0.298700 70.51759928150 0.16434332033 
0.299207 70.59698520489 0.16200213502 
0.299713 70.51292996447 0.16400975321 
0.300220 70.43708575034 0.16600779256 
0.300726 70.46305099851 0.16584529941 
0.301233 70.60370500008 0.16652056328 
0.301739 70.49011222124 0.16299635787 
0.302246 70.15637463504 0.16296984556 
0.302752 70.45877327900 0.16162015076 
0.303259 70.33161428854 0.16092474364 
0.303765 70.23823382050 0.15931441694 
0.304272 70.29490547383 0.16114126120 
0.304779 70.04874231157 0.16201560739 
0.305285 70.12641807654 0.16058517888 
0.305792 70.02061902221 0.16021043330 
0.306298 70.07588916425 0.15911695777 
0.306805 70.08259116857 0.16211865225 
0.307311 70.02798766296 0.15970201401 
0.307818 70.00320279904 0.16108781835 
0.308324 69.81938453848 0.15669978837 
0.308831 69.38346373320 0.15503411627 
0.309337 69.29362696706 0.15236342084 
0.309844 69.30212797783 0.15628556491 
0.310350 69.13139493407 0.15663588789 
0.310857 68.97596159970 0.15203108369 
0.311364 68.81881535484 0.15284497638 
0.311870 68.35936924061 0.15013026085 
0.312377 68.24577483352 0.14890974875 
0.312883 68.12905713381 0.14698261291 
0.313390 67.92152558003 0.14671775691 
0.313896 68.11535041473 0.14598295501 
0.314403 67.58048449326 0.14418622019 
0.314909 67.87207825434 0.14144971394 
0.315416 67.48287648907 0.14480806500 
0.315922 67.57531230114 0.14613527357 
0.316429 67.32315416072 0.14396484274 
0.316935 66.91611359244 0.14096955264 
0.317442 67.35325753388 0.14426394762 
0.317948 67.26055918197 0.14253378722 
0.318455 67.07960457657 0.14272433001 
0.318961 67.41658339698 0.14146615533 
0.319468 67.14458048785 0.14078252682 
0.319975 67.08006974636 0.14240768167 
0.320481 66.78257477631 0.14378645702 
0.320988 66.90400983090 0.14318664538 
0.321494 66.73738882256 0.13862754204 
0.322001 66.52458636898 0.15380622450 
0.322507 66.62610510004 0.13958511292 
0.323014 66.65810718081 0.14338931779 
0.323520 66.75372347239 0.14203370413 
0.324027 66.49908048751 0.14309082809 
0.324533 66.61069187842 0.14053104459 
0.325040 66.45284838048 0.14150394533 
0.325546 66.30550771114 0.13823273160 
0.326053 66.34536752642 0.13864188233 
0.326559 66.41058762037 0.13831082032 
0.327066 66.24647766645 0.13863024510 
0.327572 66.14790825910 0.14150325741 
0.328079 66.05925649157 0.13980378556 
0.328585 66.27982736561 0.13871367764 
0.329092 66.04702877984 0.13809759939 
0.329598 65.75580240340 0.13721212537 
0.330105 66.02089088773 0.13921346643 
0.330611 65.92446497300 0.13810719183 
0.331118 65.95195898255 0.13811475697 
0.331624 65.83066708193 0.13838577637 
0.332131 65.74863684818 0.13873976593 
0.332637 66.08132437443 0.13895630455 
0.333144 65.85256395656 0.13814310697 
0.333650 65.72824054958 0.13760114059 
0.334157 65.98576352382 0.13999555456 
0.334663 65.88951180330 0.13816001123 
0.335170 65.72830370155 0.14043218677 
0.335676 65.96029421482 0.13744726648 
0.336183 65.77632141541 0.14091468183 
0.336689 65.62451344251 0.13710797028 
0.337196 65.66075886496 0.14393286966 
0.337702 65.44881293095 0.13837929772 
0.338209 65.76689169474 0.13736491242 
0.338715 65.64836043735 0.13838211350 
0.339222 65.48581675601 0.13850761491 
0.339728 65.36650169316 0.13810573646 
0.340235 65.43727048694 0.22201266551 
0.340741 65.36740445267 0.14112390235 
0.341248 65.13955469618 0.13769980567 
0.341754 65.24377545185 0.13927144183 
0.342261 65.10454078403 0.13928077133 
0.342767 65.20155831885 0.13843143495 
0.343274 65.30034691089 0.14007859041 
0.343780 65.24715161014 0.13712246700 
0.344287 65.26060658999 0.14170232515 
0.344793 65.03886245696 0.13827267302 
0.345300 64.99162004289 0.13755621698 
0.345806 64.79999308971 0.14130621893 
0.346313 65.10467182448 0.14399213593 
0.346819 64.65498633272 0.14563105059 
0.347325 64.92379888585 0.14227750078 
0.347832 64.76850913949 0.14245567107 
0.348338 65.20970156935 0.14445288315 
0.348845 64.97799041297 0.14566273984 
0.349351 64.96553730834 0.15232693588 
0.349858 64.76896190690 0.14908561072 
0.350364 64.66337477400 0.14609997111 
0.350871 64.54686739130 0.14683547192 
0.351377 64.51584115589 0.14918904793 
0.351884 64.44956404560 0.14733865013 
0.352390 64.48698913515 0.15051181551 
0.352897 64.56055735945 0.14942657390 
0.353403 64.45608706295 0.15001497562 
0.353910 64.22610545813 0.14977501882 
0.354416 64.18436642112 0.15609289818 
0.354923 64.34571746957 0.15100292393 
0.355429 64.11408559372 0.15126664216 
0.355935 64.28999609065 0.14785549564 
0.356442 63.66179779779 0.15164817699 
0.356948 63.87639812170 0.15260164737 
0.357455 63.97878393613 0.15690165491 
0.357961 63.87360485025 0.15622641967 
0.358468 64.06984991616 0.15677165652 
0.358974 63.71217979750 0.22303155713 
0.359481 63.73533996790 0.20356676997 
0.359987 63.99743091629 0.20113905098 
0.360494 63.84466835840 0.18966192550 
0.361000 63.73356277863 0.19169468614 
0.361506 63.87146098298 0.18710825425 
0.362013 64.05087856013 0.18534126265 
0.362519 63.91109220163 0.18438748300 
0.363026 63.61431458681 0.18335035563 
0.363532 63.76238883933 0.18757565174 
0.364039 64.01607215922 0.18230892798 
0.364545 63.75915848633 0.18287710955 
0.365052 63.72769486981 0.18569968461 
0.365558 63.77812864650 0.18343333746 
0.366064 63.57257502193 0.18151190901 
0.366571 63.55267644823 0.18288994281 
0.367077 64.03970679544 0.18621099275 
0.367584 63.52231402401 0.18974857736 
0.368090 63.35789358426 0.18541610481 
0.368597 63.68812866143 0.18954447728 
0.369103 63.76054748606 0.18943358221 
0.369610 63.96894601914 0.18674638137 
0.370116 63.46580741531 0.19028215613 
0.370622 63.56238461388 0.19136121350 
0.371129 63.56300512030 0.19824846031 
0.371635 63.62995618534 0.19370131996 
0.372142 63.26004580947 0.19810551037 
0.372648 63.47186116926 0.19394239838 
0.373155 63.64510114489 0.19515147267 
0.373661 63.33836687757 0.19246844640 
0.374167 63.58285285111 0.19439903036 
0.374674 63.64128955965 0.20324078676 
0.375180 63.01513486466 0.19084277042 
0.375687 63.22739285576 0.19974714585 
0.376193 63.23169967522 0.20211900275 
0.376700 63.24766695220 0.20259071316 
0.377206 63.22880749846 0.20187409326 
0.377712 63.34844093909 0.20416329461 
0.378219 63.17516605906 0.20813548641 
0.378725 63.05510289653 0.20639224394 
0.379232 63.26197162545 0.20577937023 
0.379738 63.61711597894 0.20412941155 
0.380245 63.19257431783 0.20706417467 
0.380751 62.82465067650 0.20505125919 
0.381257 63.03910822569 0.21137593938 
0.381764 62.81350471975 0.20808107447 
0.382270 63.11852029772 0.21195181102 
0.382777 63.45303445096 0.21270468267 
0.383283 63.40731429837 0.21013872351 
0.383789 63.02786677718 0.20901470775 
0.384296 63.06349169087 0.20966576332 
0.384802 62.86534865392 0.20380535716 
0.385309 63.12678397043 0.21272739473 
0.385815 62.96928188573 0.20445818921 
0.386321 62.93027816318 0.20968531298 
0.386828 63.11974431672 0.21462281324 
0.387334 62.77380296954 0.20952991739 
0.387841 63.23461720305 0.21112957342 
0.388347 63.09292388103 0.21350865738 
0.388853 62.93407531266 0.22076510132 
0.389360 62.72099928858 0.21527394893 
0.389866 62.82554446453 0.21332907954 
0.390373 62.75542284561 0.21948821291 
0.390879 63.07923959959 0.21378337149 
0.391385 62.77737588843 0.22124888116 
0.391892 62.90436763441 0.21583745943 
0.392398 63.05499602628 0.22587343750 
0.392905 62.52437300256 0.22055894684 
0.393411 62.72696731003 0.22429637691 
0.393917 62.76320506623 0.21718968069 
0.394424 62.63993134461 0.22844766426 
0.394930 62.62572791789 0.22692769771 
0.395437 62.57299837767 0.22751246180 
0.395943 62.95125184141 0.22682335325 
0.396449 62.52713584045 0.33697089671 
0.396956 62.74499512149 0.22420072013 
0.397462 62.67563068847 0.22870909648 
0.397969 62.27672413878 0.23186130058 
0.398475 62.55844053000 0.22806999188 
0.398981 62.63545831062 0.23780836519 
0.399488 62.68906128060 0.23497931261 
0.399994 62.43970060345 0.23952964195 
0.400500 62.51325406375 0.23734482890 
0.401007 62.46295847506 0.23302616720 
0.401513 61.97662698262 0.24194532137 
0.402020 62.44847704818 0.25171784351 
0.402526 62.47623067573 0.25305465723 
0.403032 62.70107606173 0.24771236528 
0.403539 62.75505672046 0.25476502301 
0.404045 62.34054950887 0.25101477647 
0.404551 62.38785458187 0.26427536259 
0.405058 62.26852271260 0.26612783608 
0.405564 62.39204079287 0.26050669033 
0.406071 62.07235617766 0.26239673374 
0.406577 62.55044809880 0.25262909853 
0.407083 61.94239701425 0.25636741137 
0.407590 62.05928631735 0.26954194569 
0.408096 62.48219872903 0.27096301114 
0.408602 61.67558218323 0.27455581326 
0.409109 61.98362708118 0.26332395967 
0.409615 62.41803131319 0.27131926029 
0.410121 61.60378816949 0.25792979646 
0.410628 62.00229326030 0.26291215013 
0.411134 61.80801016124 0.26990668789 
0.411641 61.97196598567 0.26788314767 
0.412147 61.85547677247 0.25748049508 
0.412653 61.91417470525 0.26238367689 
0.413160 61.99270562398 0.26424087497 
0.413666 62.06329816762 0.26453443214 
0.414172 62.27702042278 0.28397120374 
0.414679 61.65969854173 0.27630347030 
0.415185 62.23085463916 0.28670032864 
0.415691 61.74367251861 0.27160048433 
0.416198 61.95943385486 0.27310917766 
0.416704 61.97462462243 0.27712885825 
0.417210 61.63784116974 0.28293724647 
0.417717 62.08655898726 0.29522920026 
0.418223 61.72673311259 0.28141121725 
0.418729 62.02900988628 0.28272301101 
0.419236 61.45649322627 0.28019801614 
0.419742 61.48787486055 0.26558113645 
0.420248 61.70235620317 0.27598935923 
0.420755 61.51778519682 0.27572146208 
0.421261 61.59622047321 0.26899861964 
0.421767 61.94826245889 0.27472487970 
0.422274 61.72355030320 0.27544360974 
0.422780 61.73642293432 0.28121199136 
0.423286 61.23286278741 0.27907282228 
0.423793 61.46150571602 0.28187864341 
0.424299 61.56884736145 0.28944284525 
0.424805 61.88120369342 0.28448053419 
0.425312 61.69940132804 0.29083351740 
0.425818 61.51608500156 0.28680561720 
0.426324 61.82565287942 0.30813114546 
0.426831 61.64403934656 0.29376579514 
0.427337 61.49345538082 0.30974845565 
0.427843 61.81510092094 0.29649772355 
0.428350 61.10479731327 0.30024883338 
0.428856 61.46679596013 0.30054881042 
0.429362 61.54881262100 0.30481417212 
0.429869 61.48365068082 0.30538303990 
0.430375 60.99761214365 0.32024706233 
0.430881 61.69605361609 0.31605000031 
0.431388 61.56967388213 0.31142439655 
0.431894 61.72563492183 0.32306882579 
0.432400 60.98910386426 0.31886602656 
0.432907 61.51630109142 0.32458814314 
0.433413 61.88446235497 0.35328069075 
0.433919 61.25824565285 0.34149958373 
0.434425 61.68397388378 0.32695334555 
0.434932 61.70806162707 0.33321216648 
0.435438 61.65799932883 0.35650185709 
0.435944 60.93063957794 0.33572699500 
0.436451 61.20345030176 0.33744337722 
0.436957 61.09968836392 0.36281626522 
0.437463 61.88666148282 0.35236376804 
0.437970 60.84960274517 0.34869780097 
0.438476 61.50528756357 0.35956558543 
0.438982 61.25538205266 0.35605549678 
0.439489 61.10847574952 0.37052502298 
0.439995 61.79071226691 0.35552724031 
0.440501 61.54816535375 0.38577187538 
0.441007 61.44345728434 0.37483776303 
0.441514 61.27109784996 0.38502092500 
0.442020 60.84883074581 0.40106620535 
0.442526 60.96935622850 0.39162375601 
0.443033 60.65434425741 0.40015622163 
0.443539 60.94812286582 0.40024631885 
0.444045 61.39464405246 0.41619405787 
0.444551 60.73921389016 0.40685548436 
0.445058 60.89669453022 0.41487246590 
0.445564 61.17263983658 0.42559102468 
0.446070 61.35022822128 0.43482505649 
0.446577 61.23289453095 0.43075482760 
0.447083 60.97226267394 0.46004573193 
0.447589 61.13162505866 0.44948417676 
0.448095 60.44629978169 0.43011593904 
0.448602 60.58583687557 0.45661126236 
0.449108 60.42138719100 0.47463657797 
0.449614 60.18710719903 0.47592154245 
0.450121 60.05007949395 0.47651108811 
0.450627 60.44448815960 0.49811841546 
0.451133 61.39334336261 0.52251697983 
0.451639 60.65172585830 0.52411453806 
0.452146 60.28194895607 0.53332567038 
0.452652 60.76285702106 0.56114423609 
0.453158 61.15123408566 0.56156220595 
0.453664 60.16456638956 0.55247504786 
0.454171 60.06521098505 0.58002907647 
0.454677 60.25968210795 0.61513303604 
0.455183 61.59043765719 0.63025306448 
0.455689 59.75571977836 0.61638904923 
0.456196 60.14719663812 0.64428046344 
0.456702 60.17477968088 0.63825671846 
0.457208 60.11643371823 0.69344932684 
0.457714 59.76464412892 0.72671388062 
0.458221 60.41875474854 0.77710508676 
0.458727 59.70727028086 0.80386861113 
0.459233 59.90394529824 0.81139015613 
0.459740 59.76629727032 0.86405763178 
0.460246 59.77611945772 0.92376358085 
0.460752 61.24719951424 0.97094630052 
0.461258 59.44901154908 0.99619656850 
0.461765 60.11560222071 1.10768283766 
0.462271 61.59462632695 1.03622416279 
0.462777 61.24022866156 1.19859492475 
0.463283 60.19564874481 1.20424039869 
0.463789 60.47717398879 1.33585969475 
0.464296 59.97752850197 1.35474276041 
0.464802 59.35188104600 1.35083040916 
0.465308 60.26828813018 1.53376391609 
0.465814 59.98579272706 1.66237482224 
0.466321 59.51816223074 1.73074300166 
0.466827 59.78357996617 1.82361745705 
0.467333 60.96365489637 2.01031685564 
0.467839 59.22104149751 1.99377969612 
0.468346 58.92133042896 2.26980107017 
0.468852 58.66067857222 2.50644419829 
0.469358 56.96246599665 2.74246128284 
0.469864 57.41104965112 2.80979287246 
0.470371 58.02767964165 3.76195869952 
0.470877 57.89523032021 4.39580348877 
0.471383 60.08896981570 5.69417190154 
0.471889 57.10426581892 7.40650716666 
0.472395 54.99040449168 6.02938920172 
0.472902 59.62589880439 14.32774589972 
