0.010896 1336.97579075604 15.10235197007 
0.011402 1192.68772823357 12.54850967257 
0.011909 1076.30515134778 11.30609032634 
0.012416 971.56475994605 8.86273174798 
0.012923 877.71567848439 7.99881952962 
0.013430 812.98303467886 10.97325974983 
0.013936 777.38307126243 8.72338764668 
0.014443 729.70421161897 7.46252010220 
0.014950 674.44447333369 6.40726535335 
0.015457 622.48535745727 5.44321861967 
0.015963 574.84015101702 4.87481988696 
0.016470 541.67590954115 4.37393302497 
0.016977 504.00321215423 3.59287823177 
0.017484 473.80917735352 3.49170227491 
0.017990 447.30258029489 2.98557719925 
0.018497 419.37322167175 2.65679392737 
0.019004 396.47957503445 2.39293859634 
0.019511 378.78891829329 2.23312456512 
0.020018 359.26924687552 2.14679275114 
0.020524 341.73448426130 1.99721268898 
0.021031 326.09957007768 2.01413742824 
0.021538 313.52915487147 1.62728891086 
0.022045 299.60739808850 1.63434054251 
0.022551 287.85888642323 1.47597493017 
0.023058 279.68647041775 1.48132504789 
0.023565 267.87403049849 1.51040588779 
0.024072 259.06079803795 1.61540606306 
0.024579 248.25371503410 1.63113731501 
0.025085 244.69157603149 2.16051529362 
0.025592 234.70322820310 2.20055868634 
0.026099 228.01328434877 2.15323359738 
0.026606 222.66164982109 1.67155713165 
0.027112 217.32527827370 1.68902203903 
0.027619 211.94546602220 1.57856905720 
0.028126 206.92405061371 1.51112280941 
0.028633 201.29596339872 1.36967007640 
0.029139 196.82334841554 1.23120744546 
0.029646 192.75963732664 1.11063091998 
0.030153 189.25482413211 1.14668177268 
0.030660 185.32474430981 1.07180387317 
0.031167 182.79398936869 0.95562030369 
0.031673 178.09034821498 0.95826086376 
0.032180 175.91031204673 0.90391388583 
0.032687 173.73802152601 0.88800203917 
0.033194 170.00905945800 0.84812347786 
0.033700 166.80025926794 0.78665332262 
0.034207 165.03789917142 0.74307653925 
0.034714 161.97854582252 0.73809129325 
0.035221 160.16640162123 0.72005079723 
0.035727 157.75383216962 0.69656125176 
0.036234 156.21795329183 0.67716650073 
0.036741 153.78596656381 0.67341666162 
0.037248 152.11505842110 0.66490557977 
0.037755 150.70494146377 0.63430858403 
0.038261 148.70511196716 0.61054606237 
0.038768 146.68056952769 0.58749416865 
0.039275 145.29072915044 0.58752561631 
0.039782 143.68793604695 0.59044704238 
0.040288 143.12223123028 0.59284687081 
0.040795 140.39858473346 0.55502829217 
0.041302 139.64016641666 0.54988315971 
0.041809 138.71314107641 0.55146077608 
0.042315 137.88297349193 0.52934143436 
0.042822 135.94581583488 0.52066341121 
0.043329 135.67781390164 0.55590013273 
0.043836 133.90148736543 0.49674083875 
0.044343 133.21716667741 0.52842151436 
0.044849 131.58445529664 0.53216531418 
0.045356 130.84082383219 0.53410552367 
0.045863 130.52625265914 0.51167869867 
0.046370 128.92134728046 0.49417244077 
0.046876 127.94634352778 0.51203863732 
0.047383 126.78993093106 0.50790152209 
0.047890 126.37282112920 0.48399722344 
0.048397 125.63743655856 0.48924114011 
0.048903 124.02434099143 0.50510377673 
0.049410 123.54618695118 0.48366353092 
0.049917 123.66674532800 0.45936606399 
0.050424 121.41632715331 0.45859401963 
0.050931 121.28479055670 0.45211531960 
0.051437 120.57729678420 0.45365112224 
0.051944 119.93141254207 0.43088897725 
0.052451 118.64928590205 0.44457918648 
0.052958 118.62014500523 0.42482276610 
0.053464 117.66414765791 0.43282581960 
0.053971 116.77896260080 0.43781172376 
0.054478 116.49784233867 0.46460045926 
0.054985 116.13660112439 0.42724599777 
0.055491 115.05636618388 0.43007899139 
0.055998 114.38891429492 0.42671639530 
0.056505 114.38280822498 0.43874361750 
0.057012 113.10131927888 0.43960558897 
0.057519 113.34302218462 0.42722452912 
0.058025 112.29004121797 0.41024132645 
0.058532 112.00734547160 0.42696254948 
0.059039 111.19799821566 0.41452888672 
0.059546 111.29990497706 0.39969018059 
0.060052 110.83015911327 0.41781817256 
0.060559 109.90014696669 0.40243856557 
0.061066 109.29941618362 0.40481430834 
0.061573 108.49569107137 0.40643802598 
0.062079 107.96563325137 0.40932680552 
0.062586 108.13031829821 0.39991218561 
0.063093 107.04872294247 0.37665644575 
0.063600 106.60866918734 0.38941171897 
0.064106 107.49088665322 0.39765207334 
0.064613 106.33203163443 0.40076720180 
0.065120 105.62789805234 0.39316820037 
0.065627 105.56464118233 0.37662114873 
0.066134 104.94455407217 0.37280550870 
0.066640 105.54986135845 0.38876401006 
0.067147 103.90865987804 0.38421339300 
0.067654 104.20728733436 0.37950954308 
0.068161 103.53747578752 0.35832607260 
0.068667 103.47490553874 0.36621399178 
0.069174 103.03260528269 0.38088195696 
0.069681 102.57105268733 0.36953254825 
0.070188 102.25851533446 0.35185684946 
0.070694 101.53389460243 0.36301418650 
0.071201 101.59958658531 0.35185431537 
0.071708 101.76194082219 0.34541731427 
0.072215 100.72945534721 0.35935683619 
0.072721 100.85711508203 0.35113230388 
0.073228 100.68514431819 0.33923983416 
0.073735 100.04531344671 0.34186111588 
0.074242 100.56693151707 0.35730740827 
0.074748 99.45170751200 0.34992601671 
0.075255 99.70941760614 0.33751707683 
0.075762 99.05000266306 0.34403284834 
0.076269 98.98272709799 0.34778299866 
0.076776 98.61969673918 0.33531282769 
0.077282 98.11514537450 0.33381711264 
0.077789 97.70490801787 0.33889368452 
0.078296 98.05194587207 0.31489409985 
0.078803 97.71660687921 0.32750392377 
0.079309 97.56201345156 0.32076108856 
0.079816 97.90055348195 0.34002907482 
0.080323 97.53554285303 0.33246732640 
0.080830 97.36031013966 0.33338995638 
0.081336 97.44586344695 0.32977846711 
0.081843 96.96299902733 0.33033179011 
0.082350 97.06348610439 0.32527407238 
0.082857 96.14459738646 0.33489750561 
0.083363 97.35318475852 0.33955625743 
0.083870 96.12848343688 0.33239849306 
0.084377 96.36942784883 0.32680402811 
0.084884 96.17183174195 0.33192736509 
0.085390 95.65690719986 0.33187896891 
0.085897 96.00052471489 0.32341029575 
0.086404 95.71016943547 0.33442072248 
0.086911 95.46241481450 0.32782335259 
0.087417 95.52734797297 0.33337854941 
0.087924 94.87082078850 0.33610470589 
0.088431 94.90961467294 0.33368739954 
0.088938 94.64816328264 0.33100678523 
0.089444 94.03031522902 0.32821738140 
0.089951 93.88666874195 0.32515403560 
0.090458 93.80830989845 0.33820080288 
0.090965 93.98508619482 0.34175068963 
0.091471 93.62027484552 0.33281614821 
0.091978 93.34019575899 0.33984551726 
0.092485 92.96245520644 0.35554209378 
0.092992 92.97475151172 0.34082055155 
0.093498 92.40004313091 0.34112996429 
0.094005 92.47561157235 0.33579391069 
0.094512 92.84309481091 0.32859680764 
0.095019 92.43605010131 0.34370522286 
0.095525 92.18053188089 0.33465461518 
0.096032 92.29263790468 0.32231068675 
0.096539 92.10750178475 0.32586286127 
0.097046 91.81659335828 0.32793035698 
0.097552 91.51013130294 0.33771795549 
0.098059 92.11791750042 0.33267276672 
0.098566 92.03119098145 0.32236900273 
0.099073 91.70262157388 0.31086436853 
0.099579 91.50822339569 0.31768622144 
0.100086 91.50865773595 0.31711664701 
0.100593 91.98956484540 0.32616981874 
0.101100 91.32194816883 0.32326275924 
0.101606 90.73176257503 0.32152840924 
0.102113 90.35666313431 0.30305614519 
0.102620 90.36442726253 0.29430456252 
0.103127 89.26713719152 0.29681948711 
0.103633 89.40654063862 0.29705214829 
0.104140 88.49695271334 0.29463692895 
0.104647 88.66731252463 0.30477910474 
0.105154 88.52057320337 0.29608659433 
0.105660 88.27915313790 0.30205313552 
0.106167 88.40645637240 0.30056641963 
0.106674 87.89262413000 0.30525779283 
0.107181 88.24845212362 0.30452976041 
0.107687 88.01058824238 0.30227255137 
0.108194 87.83461111729 0.30340066172 
0.108701 87.96547266535 0.28275900619 
0.109208 87.47517328017 0.29270050257 
0.109714 87.79881448314 0.29695818047 
0.110221 87.60585727374 0.29615952657 
0.110728 87.60797691345 0.28513216045 
0.111235 86.94698015768 0.28898255753 
0.111741 87.14672711476 0.28276779500 
0.112248 87.27242329956 0.28413282393 
0.112755 87.69919954573 0.28348740700 
0.113262 86.97493812482 0.28219495951 
0.113768 86.64949229644 0.28504332391 
0.114275 87.30046929934 0.28305516983 
0.114782 86.58625481139 0.27546098106 
0.115289 86.35899712751 0.28172660927 
0.115795 86.89237970822 0.26705595187 
0.116302 86.36530111497 0.27415072871 
0.116809 86.37910411321 0.26100307185 
0.117316 85.78590582400 0.25873584676 
0.117822 86.24626462972 0.26984130387 
0.118329 85.95097344434 0.27090410652 
0.118836 86.08549714366 0.26688256680 
0.119342 85.94060870698 0.27900360629 
0.119849 85.67640936391 0.27813572971 
0.120356 85.92980273650 0.26447650619 
0.120863 85.72391766592 0.27052913608 
0.121369 85.58166300857 0.25485971932 
0.121876 85.78616812762 0.27021654799 
0.122383 85.41501354254 0.26683638957 
0.122890 85.18958135228 0.26949575937 
0.123396 85.33806051808 0.26846464908 
0.123903 85.25690976909 0.25737507482 
0.124410 84.93228565916 0.25895367505 
0.124917 85.34379436477 0.25884801531 
0.125423 84.65979974008 0.26084871580 
0.125930 84.88435777414 0.26195753391 
0.126437 84.86690894415 0.25780703837 
0.126944 84.96041279513 0.25253366787 
0.127450 85.00371766266 0.25378561604 
0.127957 84.74010420877 0.25187331838 
0.128464 84.49207517149 0.25188285748 
0.128970 84.57481807652 0.25754549229 
0.129477 84.19569660537 0.24906256212 
0.129984 83.95888345430 0.25216211233 
0.130491 84.40654292753 0.25267432812 
0.130997 84.09233317692 0.24420516313 
0.131504 83.97612787281 0.25185905335 
0.132011 84.24619023750 0.24694372592 
0.132518 83.68103840153 0.25426597029 
0.133024 84.06477984454 0.25024687276 
0.133531 83.69177475843 0.24872376035 
0.134038 83.93155106692 0.24289108309 
0.134545 83.59173325979 0.24810937482 
0.135051 84.12539165659 0.25290196381 
0.135558 83.50462040606 0.25318517811 
0.136065 83.71051826467 0.25117992379 
0.136571 83.38964103595 0.25441183588 
0.137078 82.99681535370 0.24492278162 
0.137585 83.46191446291 0.24494028052 
0.138092 83.18007107860 0.24085226783 
0.138598 83.19327343085 0.24927966085 
0.139105 82.97422666977 0.24126789119 
0.139612 83.06378325351 0.24056642389 
0.140119 82.94641855006 0.23717429766 
0.140625 83.05820412643 0.24110768068 
0.141132 82.55737353804 0.24167024277 
0.141639 83.01375285055 0.24196662323 
0.142145 82.67392999862 0.24568467679 
0.142652 82.14069225689 0.25055453109 
0.143159 82.57083022666 0.24100371289 
0.143666 82.52733906109 0.23918545218 
0.144172 82.24718355807 0.24270336344 
0.144679 82.24096520523 0.24375917047 
0.145186 82.17789892789 0.24484178563 
0.145692 81.94130044868 0.24211927696 
0.146199 81.63911794199 0.24857005755 
0.146706 81.72203193606 0.23611699372 
0.147213 81.52058351698 0.24608895229 
0.147719 82.03653214115 0.25011725403 
0.148226 81.45336941910 0.24062027261 
0.148733 81.58910175662 0.24242386594 
0.149240 81.37606616017 0.24055439058 
0.149746 81.75158448721 0.24385311622 
0.150253 81.16262607945 0.23900700073 
0.150760 81.57250741954 0.24011335457 
0.151266 81.01966702073 0.24517369063 
0.151773 81.24290912201 0.24140621215 
0.152280 80.98495102953 0.24033912820 
0.152787 80.63950346629 0.24370667091 
0.153293 80.96039920639 0.24358477867 
0.153800 80.40498829922 0.23363478284 
0.154307 80.41279671080 0.24590315843 
0.154813 80.72247668292 0.24147656806 
0.155320 80.38454091564 0.23501678484 
0.155827 80.65923109790 0.23652440932 
0.156334 80.51794580280 0.23894817569 
0.156840 80.56029560173 0.23422419832 
0.157347 79.98693790015 0.23621723561 
0.157854 80.41519676360 0.23617083833 
0.158360 80.16451460579 0.23315836941 
0.158867 80.04605956120 0.23864318468 
0.159374 79.78969005515 0.23556866792 
0.159881 79.79536331147 0.23612090877 
0.160387 79.53704041208 0.23289937047 
0.160894 79.72444160213 0.23660799025 
0.161401 79.77967870306 0.23639821830 
0.161907 79.36136293734 0.23380386812 
0.162414 79.49104396450 0.23303124364 
0.162921 79.48487916932 0.23366496899 
0.163427 79.35357930836 0.22867730972 
0.163934 79.20549508588 0.23321071277 
0.164441 79.43442126101 0.23591215310 
0.164948 79.11075314501 0.23142209379 
0.165454 79.24151911326 0.22986183267 
0.165961 78.98513030745 0.23344970912 
0.166468 78.92110543116 0.23193634854 
0.166974 78.87626819598 0.22651689273 
0.167481 78.83606360374 0.22831267519 
0.167988 78.79205522511 0.22861468056 
0.168495 78.88823378234 0.22911064420 
0.169001 79.00096313122 0.22899141463 
0.169508 78.86757619702 0.23201674516 
0.170015 79.20048804632 0.22782668438 
0.170521 79.00523251189 0.23631081195 
0.171028 79.14789901766 0.23183790630 
0.171535 78.82158724494 0.23615478112 
0.172041 78.87467147888 0.23565976950 
0.172548 78.58715388678 0.23352575090 
0.173055 78.72234359364 0.23791975825 
0.173562 78.96545207571 0.23240026499 
0.174068 78.96626641773 0.23712311545 
0.174575 78.86287058789 0.23549815731 
0.175082 78.64571679378 0.23516828835 
0.175588 78.76801246766 0.23708915494 
0.176095 78.96973401082 0.23795932222 
0.176602 79.09415248982 0.23729435866 
0.177108 78.66973195896 0.23552409591 
0.177615 78.67345101745 0.23889712968 
0.178122 78.51322919221 0.23804010692 
0.178629 78.92747211309 0.23846085281 
0.179135 78.82201023397 0.23818355296 
0.179642 78.58803573406 0.23573268062 
0.180149 78.31876828805 0.23186631528 
0.180655 78.65771527962 0.23762950321 
0.181162 78.42122298616 0.22821072137 
0.181669 78.26646331993 0.23268414956 
0.182175 78.78900815429 0.23988618718 
0.182682 78.74069180168 0.24456808432 
0.183189 78.55300432265 0.24139289635 
0.183695 78.26104070542 0.24402674279 
0.184202 78.71948175119 0.24253758564 
0.184709 78.37447231033 0.24105434969 
0.185216 78.34998873634 0.24161432452 
0.185722 78.07517965301 0.24675261976 
0.186229 77.82052788966 0.24295222504 
0.186736 77.70208128873 0.24263154975 
0.187242 78.27922026469 0.24034513718 
0.187749 78.00622472724 0.24992078667 
0.188256 77.56564176243 0.24691558286 
0.188762 77.41353816947 0.24597527335 
0.189269 77.69010146440 0.24295936632 
0.189776 77.40287977374 0.25197080332 
0.190282 77.46571351744 0.24090620081 
0.190789 77.59669239586 0.24443734758 
0.191296 77.30458816535 0.24432755350 
0.191802 77.30760215550 0.24333112238 
0.192309 77.29829461475 0.23732427900 
0.192816 77.03963497851 0.24413506900 
0.193323 76.73450654871 0.23954924096 
0.193829 76.77078810043 0.23347048825 
0.194336 76.44419062639 0.23429418135 
0.194843 76.64427976880 0.23071721843 
0.195349 76.65075803517 0.23848106004 
0.195856 76.28578763628 0.23165504470 
0.196363 76.19473331807 0.23060826238 
0.196869 76.12912799949 0.23009523945 
0.197376 76.43402235436 0.22485696648 
0.197883 76.00742986639 0.22821186057 
0.198389 75.90531726518 0.22718677312 
0.198896 75.69086428786 0.22499199923 
0.199403 75.84360841983 0.22511588046 
0.199909 75.64868072338 0.22688646919 
0.200416 75.70999919668 0.22303928080 
0.200923 75.55927095531 0.22465574558 
0.201429 75.67754969805 0.22376929020 
0.201936 75.64577643246 0.21828950489 
0.202443 75.35295200907 0.22090859957 
0.202949 75.25351291530 0.22764210932 
0.203456 75.70974025481 0.21678269092 
0.203963 75.49953323335 0.21968986614 
0.204469 75.62792557549 0.21659599607 
0.204976 75.35364672960 0.21764471757 
0.205483 75.25613906740 0.21752065543 
0.205989 75.35143594612 0.21706459001 
0.206496 75.34212976934 0.21619465394 
0.207003 75.41560674168 0.21222103927 
0.207509 75.10663202842 0.21640924326 
0.208016 75.25466268191 0.21535341415 
0.208523 75.22622742494 0.21568556957 
0.209029 74.99729866104 0.21319473784 
0.209536 74.93103698113 0.21368627217 
0.210043 75.20969744797 0.21704173027 
0.210549 74.91523840848 0.21833388678 
0.211056 75.05277604733 0.21627573345 
0.211563 74.92484108350 0.20788706684 
0.212069 74.45946724138 0.21131086036 
0.212576 74.72738182515 0.20965848092 
0.213083 74.85357186677 0.20762616148 
0.213589 75.17792590184 0.21310375109 
0.214096 74.83945482636 0.20698936081 
0.214603 74.86901635738 0.21083936533 
0.215109 74.75290913603 0.20879317805 
0.215616 74.50415651422 0.20249539384 
0.216123 74.62175474846 0.20828550821 
0.216629 74.23607072744 0.20201515432 
0.217136 74.40137343638 0.21239154572 
0.217643 73.84171482026 0.20760199652 
0.218149 74.20297277127 0.21055838908 
0.218656 74.08970984279 0.20221170577 
0.219163 74.14810833135 0.20305065450 
0.219669 74.02932967784 0.20735004497 
0.220176 73.93740705550 0.20336914482 
0.220683 73.73048645219 0.20692083787 
0.221189 74.03245825140 0.20728344846 
0.221696 73.78333278541 0.20583312723 
0.222203 74.05632790290 0.20297964159 
0.222709 73.97296869941 0.20279080894 
0.223216 73.80078247601 0.20547017121 
0.223722 73.65064879141 0.20357695679 
0.224229 73.57214418452 0.20211630756 
0.224736 73.66366507535 0.20342318135 
0.225242 73.89078690359 0.20114910108 
0.225749 73.62579317167 0.20027998976 
0.226256 73.69271892131 0.20374993891 
0.226762 73.54481118406 0.20867494461 
0.227269 73.14998666072 0.20400894420 
0.227776 73.36179129703 0.19934891903 
0.228282 73.44846046749 0.20122921515 
0.228789 73.51936141333 0.20265489053 
0.229296 73.27870732220 0.20132984403 
0.229802 73.33314660719 0.19990601201 
0.230309 72.99686105354 0.20106125218 
0.230816 73.03887481942 0.20257264229 
0.231322 73.07563141278 0.19994175864 
0.231829 72.69560189974 0.19932703147 
0.232335 72.94115410071 0.20188438670 
0.232842 72.57187636963 0.19978886463 
0.233349 72.78602317804 0.19527881793 
0.233855 72.75113587937 0.20127375750 
0.234362 72.76825889543 0.20043427301 
0.234869 72.64728784081 0.19994998456 
0.235375 72.88772764120 0.19961575068 
0.235882 72.57362251699 0.19779294971 
0.236389 72.60092064975 0.20109604127 
0.236895 72.39633930269 0.20070738157 
0.237402 72.36167728474 0.20076697834 
0.237908 72.19023072990 0.20222503110 
0.238415 72.56734501650 0.20013533446 
0.238922 72.09320252552 0.19955462371 
0.239428 71.97347719031 0.19930373314 
0.239935 72.28811180455 0.19800381400 
0.240442 72.19822364355 0.19731885722 
0.240948 72.02985956286 0.19464211325 
0.241455 71.98020520936 0.19936385476 
0.241962 71.99957658758 0.19923271982 
0.242468 72.08419227906 0.19436775689 
0.242975 72.14368604596 0.19952917858 
0.243481 71.71138158123 0.19896618108 
0.243988 71.87204108229 0.19340842742 
0.244495 71.64606678719 0.19935439910 
0.245001 71.67052654321 0.19913193348 
0.245508 71.67629123148 0.19739142701 
0.246015 71.63065956182 0.19901905693 
0.246521 71.78568030862 0.19566657461 
0.247028 71.42336137612 0.19711674180 
0.247534 71.50576088974 0.19406317148 
0.248041 71.56934839749 0.19641300797 
0.248548 71.54858421023 0.19527079657 
0.249054 71.66368181806 0.19884819461 
0.249561 71.30636464686 0.19803202436 
0.250068 70.96635081594 0.19805371400 
0.250574 71.53459190814 0.19735199730 
0.251081 71.07281320992 0.19538474857 
0.251587 71.30740304496 0.19662414206 
0.252094 71.21196561190 0.19687092220 
0.252601 71.07478477693 0.19567245612 
0.253107 70.88137000435 0.19578453827 
0.253614 71.14104449128 0.19610436776 
0.254120 70.86748737686 0.19382045012 
0.254627 70.91888993446 0.19765867671 
0.255134 71.10878305870 0.19611029019 
0.255640 70.91255555056 0.19669973028 
0.256147 70.69763606391 0.19174306946 
0.256654 71.04361552346 0.19732439356 
0.257160 70.99388620125 0.19645485143 
0.257667 71.17700398547 0.19501921721 
0.258173 71.16459749106 0.19843737166 
0.258680 71.33587896102 0.19861459648 
0.259187 71.18120938594 0.19407344432 
0.259693 71.55309039109 0.19493738727 
0.260200 71.40678297089 0.19519829997 
0.260706 71.62157032443 0.19187756106 
0.261213 71.62974884331 0.19520515166 
0.261720 71.56846002969 0.19706327192 
0.262226 71.55975808420 0.19346766274 
0.262733 71.72860034983 0.19163304938 
0.263239 71.69726897500 0.19266769107 
0.263746 71.73932588741 0.19622757215 
0.264253 71.66217545242 0.19366495698 
0.264759 71.68458331542 0.19191822424 
0.265266 71.73663887969 0.19393814787 
0.265772 71.34558541055 0.19410970482 
0.266279 71.89797298540 0.19312955942 
0.266786 71.47924454140 0.18901581000 
0.267292 71.82651121220 0.19371454734 
0.267799 71.62693416349 0.19501175226 
0.268305 71.54109841546 0.18894879256 
0.268812 71.69885191891 0.18972715053 
0.269319 71.63853957595 0.19034272246 
0.269825 71.89858442481 0.19083024271 
0.270332 71.75713567409 0.18853047919 
0.270838 72.01129970874 0.18977172705 
0.271345 72.04090245340 0.18844177633 
0.271852 72.16042633311 0.19337775757 
0.272358 72.41731604470 0.19323858978 
0.272865 72.23913546288 0.18966717011 
0.273371 72.47841844944 0.19097582092 
0.273878 72.24241679868 0.19379075868 
0.274385 72.23620883606 0.19373167975 
0.274891 72.10509396307 0.19179231963 
0.275398 72.18392991771 0.18954841577 
0.275904 72.29701456141 0.18464848054 
0.276411 72.17446071346 0.18577624513 
0.276917 72.28369644386 0.18724295318 
0.277424 72.26097978410 0.18651406373 
0.277931 72.23123726947 0.18388734610 
0.278437 72.11990353638 0.17849935635 
0.278944 72.25596370583 0.18240098179 
0.279450 72.06684774412 0.18346091955 
0.279957 71.98361624302 0.18659921957 
0.280464 72.03659607778 0.17873061888 
0.280970 71.82089128260 0.18472121703 
0.281477 72.09343639670 0.17967296191 
0.281983 72.24669823799 0.18295171103 
0.282490 72.03868757387 0.18521471369 
0.282996 72.08129650217 0.18315717671 
0.283503 71.91708309857 0.17831115394 
0.284010 72.03385328922 0.17900661274 
0.284516 71.75159931856 0.18105103559 
0.285023 71.90843581991 0.17919763645 
0.285529 71.69893477003 0.17778427069 
0.286036 71.72588062854 0.17736188929 
0.286542 71.62631993666 0.17248642498 
0.287049 71.89747402551 0.17640083765 
0.287556 71.51299492224 0.17485499818 
0.288062 71.57912179018 0.17276202059 
0.288569 71.34903671694 0.16905090500 
0.289075 71.38994546636 0.17047758708 
0.289582 71.33281834216 0.17065094501 
0.290088 71.35458670900 0.17122561538 
0.290595 71.21096755265 0.16790497596 
0.291102 71.31475445315 0.17129673715 
0.291608 71.51610806701 0.16982310235 
0.292115 71.10707409145 0.16973912097 
0.292621 71.24552528511 0.16934914921 
0.293128 71.03290440657 0.16750650862 
0.293634 71.01407323127 0.16591459684 
0.294141 70.84615229784 0.16899871655 
0.294647 70.95728215894 0.16665416382 
0.295154 71.02325935018 0.16851406801 
0.295661 71.02236024583 0.16799944243 
0.296167 70.86313841485 0.16503846887 
0.296674 71.08176896069 0.16583881435 
0.297180 70.72938010461 0.16732663434 
0.297687 70.70166990030 0.16522732321 
0.298193 70.65481920531 0.16535137118 
0.298700 70.68326291866 0.16669549717 
0.299207 70.70860802413 0.16257754714 
0.299713 70.53123401318 0.16765226429 
0.300220 70.83701878869 0.16596579456 
0.300726 70.58736992731 0.16597558741 
0.301233 70.58617898280 0.16276265656 
0.301739 70.35460700421 0.16460748670 
0.302246 70.43375771888 0.16451479968 
0.302752 70.27550659336 0.16062730277 
0.303259 70.15328192575 0.16329145246 
0.303765 70.41756880282 0.16387566395 
0.304272 70.25934793127 0.15880945895 
0.304779 69.86978104780 0.15984403631 
0.305285 70.16974346665 0.16245892263 
0.305792 70.34158775605 0.15906794288 
0.306298 70.20049371788 0.16241182830 
0.306805 69.83936980837 0.16349695021 
0.307311 70.04620202334 0.16001754133 
0.307818 69.96273139433 0.15705581062 
0.308324 69.59417505279 0.15435708310 
0.308831 69.32543197995 0.15590707892 
0.309337 69.47445821597 0.15408405995 
0.309844 69.14612101488 0.15327229016 
0.310350 69.33565298696 0.15178304652 
0.310857 68.90242380325 0.15020691191 
0.311364 68.79098463976 0.15432845212 
0.311870 68.63409899259 0.14960746917 
0.312377 68.30027457703 0.14583904437 
0.312883 68.05619778970 0.14906811503 
0.313390 68.30908269154 0.14719645867 
0.313896 67.87572547353 0.14374002309 
0.314403 67.86014590460 0.14599795028 
0.314909 67.76659706043 0.14496981547 
0.315416 67.40125650839 0.14549585007 
0.315922 67.48524749537 0.14265950522 
0.316429 67.21803011587 0.14334415064 
0.316935 67.54270931817 0.14308136581 
0.317442 67.26048791506 0.14262011269 
0.317948 67.12875755424 0.14404140037 
0.318455 67.27281239013 0.13971817597 
0.318961 67.15277254120 0.13917360427 
0.319468 66.89239749199 0.13818773429 
0.319975 66.95973380105 0.13988693605 
0.320481 66.65199933789 0.14106766964 
0.320988 66.90446792580 0.14816748863 
0.321494 66.65359020699 0.14225590239 
0.322001 66.74791651782 0.16043139936 
0.322507 66.27939728364 0.13887819630 
0.323014 66.38976124168 0.14103442790 
0.323520 66.55704558437 0.14271225356 
0.324027 66.32945307215 0.14216714308 
0.324533 66.53892772902 0.14300799370 
0.325040 66.27476390437 0.13871980272 
0.325546 66.35101803637 0.14095054798 
0.326053 66.15473734345 0.13811713548 
0.326559 66.41044622071 0.14170910548 
0.327066 66.32777550257 0.13730137643 
0.327572 66.23149781688 0.13767555608 
0.328079 65.90813900703 0.13622519993 
0.328585 66.06386135735 0.13481880369 
0.329092 66.06760669101 0.13744327291 
0.329598 66.17424196854 0.13600328787 
0.330105 66.19949230040 0.14046080171 
0.330611 66.09832816570 0.13890933220 
0.331118 66.11054962207 0.13870609695 
0.331624 66.24871096812 0.14057916981 
0.332131 65.91905798822 0.13904554139 
0.332637 65.85059097422 0.14044942182 
0.333144 65.66664934193 0.13893976343 
0.333650 65.85493753554 0.13685203193 
0.334157 65.88599950017 0.13739268958 
0.334663 65.89708037714 0.13870919821 
0.335170 65.87301503075 0.13790580609 
0.335676 65.79283614487 0.13547949145 
0.336183 65.44481377073 0.13742428055 
0.336689 65.87129923539 0.13827482630 
0.337196 65.67887204302 0.14015219505 
0.337702 65.59540487914 0.13733497057 
0.338209 65.58361220595 0.13971195620 
0.338715 65.63033114878 0.13740536822 
0.339222 65.67716794320 0.13616692558 
0.339728 65.45494649303 0.14008491281 
0.340235 65.39643538202 0.20708594647 
0.340741 65.35262985903 0.13729959007 
0.341248 65.59459439150 0.13992210625 
0.341754 65.20204549825 0.13762646583 
0.342261 65.30312189720 0.13830671456 
0.342767 65.09012032252 0.13527137530 
0.343274 65.03307445135 0.13805045475 
0.343780 65.19971618206 0.13958471235 
0.344287 65.08530730573 0.13751687182 
0.344793 65.30507900804 0.14269949877 
0.345300 65.13945922941 0.14178662080 
0.345806 65.14793344806 0.14279052590 
0.346313 65.00638301972 0.14094834211 
0.346819 64.93315541806 0.14323137571 
0.347325 65.10976142980 0.14624012392 
0.347832 64.75656515115 0.14526975188 
0.348338 65.02543349805 0.14406069479 
0.348845 64.64853773686 0.14831478400 
0.349351 64.86259668495 0.14722131243 
0.349858 64.70674487646 0.15037890058 
0.350364 64.66652587428 0.14605854890 
0.350871 64.68380679602 0.14761951736 
0.351377 64.46976825030 0.14551795146 
0.351884 64.70919874493 0.15057619702 
0.352390 64.62070616833 0.15196632956 
0.352897 64.58995786086 0.14771516405 
0.353403 64.47382274002 0.14813988790 
0.353910 64.23228479403 0.14842598411 
0.354416 64.15642755939 0.15018440880 
0.354923 64.45725252232 0.14689849605 
0.355429 64.35197754430 0.15175419840 
0.355935 64.19014452269 0.14875121911 
0.356442 64.23728855439 0.15487395976 
0.356948 63.87077415925 0.15045543323 
0.357455 63.71153296238 0.15761970837 
0.357961 63.92309700808 0.15847676937 
0.358468 63.49006690048 0.15744269412 
0.358974 63.92897215643 0.22236703423 
0.359481 63.82398052965 0.20573061785 
0.359987 63.54892650228 0.19898751378 
0.360494 63.77927130902 0.18962575204 
0.361000 64.14034420772 0.18637347156 
0.361506 63.98637056028 0.18430016293 
0.362013 63.84888637858 0.18837044345 
0.362519 63.93605073337 0.18494189337 
0.363026 63.73406826555 0.18290835642 
0.363532 63.73770437812 0.18838853380 
0.364039 63.84117804161 0.18170050779 
0.364545 63.89644406353 0.18331468185 
0.365052 63.74061510167 0.18610170551 
0.365558 63.73197727930 0.18105246038 
0.366064 63.71997138420 0.18608933481 
0.366571 63.77608735567 0.18412082361 
0.367077 63.90774631149 0.18628617905 
0.367584 63.79036437304 0.18903579247 
0.368090 63.98468527626 0.18836117609 
0.368597 63.76200430628 0.18756351473 
0.369103 63.66902162283 0.18565772405 
0.369610 63.72242891969 0.18890047946 
0.370116 63.75633711727 0.18937325022 
0.370622 63.61309630366 0.19203739838 
0.371129 63.59399620163 0.19612959159 
0.371635 63.51291830567 0.19058923863 
0.372142 63.72600642574 0.19773829364 
0.372648 63.64568927360 0.19515190816 
0.373155 63.51894466569 0.19878043799 
0.373661 63.44740781797 0.19528561932 
0.374167 63.49031458528 0.19648787671 
0.374674 63.57639347709 0.19776108167 
0.375180 63.34299753869 0.19741579594 
0.375687 63.67475744647 0.20209923585 
0.376193 63.43371297581 0.20381206997 
0.376700 63.41863119608 0.19547153543 
0.377206 63.56576117905 0.20098315573 
0.377712 63.17760413966 0.20225055125 
0.378219 63.03664924239 0.20294845377 
0.378725 63.05467937027 0.19792550249 
0.379232 63.50615622260 0.20900787103 
0.379738 63.48014669284 0.20486661133 
0.380245 62.93086194007 0.20522191652 
0.380751 63.42603160260 0.20678471952 
0.381257 63.31726149902 0.20508433629 
0.381764 62.99218619837 0.20866916606 
0.382270 63.16343369622 0.20550584192 
0.382777 62.83750076125 0.21267712596 
0.383283 62.92311301772 0.20958201863 
0.383789 63.29634454872 0.20909578171 
0.384296 63.05085625940 0.21259848574 
0.384802 63.73768958251 0.21676019713 
0.385309 63.26460633991 0.20608917750 
0.385815 62.84280508210 0.21206088446 
0.386321 62.87887927091 0.21092915163 
0.386828 62.92404855031 0.21556617871 
0.387334 62.91070141989 0.21349023653 
0.387841 63.39848593498 0.21516668174 
0.388347 62.85665783215 0.21618180472 
0.388853 62.80932116563 0.21165568002 
0.389360 62.77532406406 0.21766151872 
0.389866 62.69100554722 0.21039823558 
0.390373 62.93800176377 0.21211879692 
0.390879 62.94103243344 0.21632898267 
0.391385 62.93208208808 0.21665879733 
0.391892 62.67988109070 0.22097914398 
0.392398 63.26173967217 0.21945772370 
0.392905 62.62200857800 0.22075423334 
0.393411 62.95548110382 0.22924407620 
0.393917 62.82599509878 0.22725167113 
0.394424 62.77517130770 0.22505285640 
0.394930 62.78652597462 0.22642849216 
0.395437 62.85606587869 0.22977390135 
0.395943 63.12804361210 0.22778251812 
0.396449 62.72531496752 0.32002603461 
0.396956 62.76884117876 0.22857557044 
0.397462 62.67301742217 0.22836671485 
0.397969 62.47063310158 0.22945800088 
0.398475 62.23295198036 0.23516025588 
0.398981 62.56345531910 0.23699607771 
0.399488 62.57755708370 0.23588732898 
0.399994 62.32795293230 0.24006203212 
0.400500 62.26178225881 0.24011220230 
0.401007 62.56318521403 0.23479229679 
0.401513 62.35699033039 0.24675504500 
0.402020 61.97058209957 0.24304941806 
0.402526 62.72575250588 0.25047418986 
0.403032 62.37244796947 0.24790701257 
0.403539 61.89909127893 0.25556653418 
0.404045 62.33687344992 0.25061175564 
0.404551 62.37371249166 0.26761894469 
0.405058 62.52466243090 0.26565502236 
0.405564 62.09917043970 0.25876957443 
0.406071 62.67030758181 0.25270902230 
0.406577 62.61981862592 0.24928211079 
0.407083 62.01753815936 0.26109703996 
0.407590 62.28907779733 0.26358939915 
0.408096 62.10154915519 0.27027721437 
0.408602 62.13768280764 0.26610994255 
0.409109 61.99287569472 0.26297727627 
0.409615 61.76451975173 0.26905496060 
0.410121 62.38042418742 0.26133192572 
0.410628 62.05652015051 0.26145410113 
0.411134 62.38206386075 0.27249202469 
0.411641 62.32152760473 0.27251567495 
0.412147 62.12193887107 0.26548815584 
0.412653 61.60952353836 0.26861649906 
0.413160 61.80704855565 0.26001979052 
0.413666 61.93174124515 0.26324565114 
0.414172 61.77148398544 0.27611761773 
0.414679 61.86003905332 0.27261299887 
0.415185 61.93620405676 0.29017232768 
0.415691 62.00087447850 0.26972003049 
0.416198 62.15745317476 0.28406179788 
0.416704 62.22087770426 0.28566569438 
0.417210 62.03752986682 0.27871825568 
0.417717 62.28900277715 0.29722306034 
0.418223 62.02632058717 0.27766532632 
0.418729 62.00135901681 0.28594892977 
0.419236 61.84524677265 0.27596488871 
0.419742 61.72509343765 0.26970555817 
0.420248 61.86171946331 0.26896259683 
0.420755 62.09717377221 0.27970230109 
0.421261 61.55653086818 0.27780463552 
0.421767 61.78556611835 0.27372692706 
0.422274 61.61765968532 0.27409781750 
0.422780 61.94668978436 0.27348348159 
0.423286 61.60909431515 0.28378580778 
0.423793 61.06957999388 0.27186150019 
0.424299 61.47236327010 0.28123493361 
0.424805 62.08845311342 0.29396891674 
0.425312 61.43589442986 0.29966185502 
0.425818 61.60743287581 0.28132001594 
0.426324 61.49161947762 0.30940795859 
0.426831 61.83925657835 0.30086987754 
0.427337 61.67941516562 0.30562369687 
0.427843 61.97846932873 0.30186734415 
0.428350 61.69592060681 0.30508524747 
0.428856 61.84231371073 0.29653473869 
0.429362 61.71263366729 0.29633282078 
0.429869 61.65330886219 0.31118399660 
0.430375 61.55496988380 0.30516654021 
0.430881 61.00738634507 0.31094374786 
0.431388 61.66264255624 0.31838082505 
0.431894 61.49346433454 0.31954144649 
0.432400 61.77467094141 0.33714712787 
0.432907 61.68532786254 0.31596600994 
0.433413 61.81729206457 0.33070621780 
0.433919 61.29511060713 0.33359751194 
0.434425 61.25541176095 0.33013965041 
0.434932 61.37309844342 0.33447449880 
0.435438 61.62887025539 0.35909901797 
0.435944 61.81986055344 0.34189257905 
0.436451 60.63213483631 0.34761666859 
0.436957 61.23367432334 0.36703329299 
0.437463 61.36066855699 0.33713984752 
0.437970 61.31526664134 0.34407258656 
0.438476 61.77996478037 0.35507276894 
0.438982 61.21863094166 0.35373088009 
0.439489 61.66325907161 0.35994877746 
0.439995 60.45611401273 0.36372146973 
0.440501 60.70854145367 0.36898485020 
0.441007 61.85618856189 0.36794686454 
0.441514 61.27842314485 0.39316458191 
0.442020 61.01320932894 0.39054124865 
0.442526 61.31891100660 0.40349483424 
0.443033 61.12974030997 0.39505351412 
0.443539 61.02477884149 0.40684220908 
0.444045 61.34046024572 0.39510055785 
0.444551 61.16162916452 0.41213514543 
0.445058 61.21786398427 0.42433203219 
0.445564 61.19077384953 0.43951593030 
0.446070 60.48846244245 0.41146294502 
0.446577 61.24154979349 0.43397868480 
0.447083 60.77742853878 0.44528663598 
0.447589 60.44668199193 0.45870217063 
0.448095 61.61903878015 0.45097500036 
0.448602 60.90968479742 0.45888186994 
0.449108 61.03228248230 0.48613873053 
0.449614 60.34616922518 0.49084214477 
0.450121 60.29852356332 0.50423662948 
0.450627 59.83806353567 0.49078618500 
0.451133 60.48063320045 0.50134299675 
0.451639 61.31028021724 0.53644534262 
0.452146 61.01192469893 0.53625289168 
0.452652 60.84701790853 0.54239385599 
0.453158 60.54982959597 0.54456176821 
0.453664 60.40013506496 0.56207124070 
0.454171 60.25355050182 0.58000623828 
0.454677 60.09320627306 0.61390010799 
0.455183 60.42621985564 0.61577199805 
0.455689 60.02086659587 0.62640371850 
0.456196 60.11368843562 0.65336882288 
0.456702 60.39353986282 0.62943474993 
0.457208 59.69675429687 0.68556529416 
0.457714 60.43305641629 0.75425086000 
0.458221 60.63209260865 0.73233909293 
0.458727 59.40484246612 0.79747275435 
0.459233 59.39983414879 0.89376433299 
0.459740 60.58468164110 0.84442497526 
0.460246 59.95270689897 0.90004527020 
0.460752 60.75791140772 1.00374785006 
0.461258 60.59968232486 0.97438911204 
0.461765 60.13915988460 1.05405476094 
0.462271 60.09480111033 1.05258520405 
0.462777 58.48415372991 1.12593528613 
0.463283 59.64490499458 1.26888838709 
0.463789 59.82172235562 1.36633166308 
0.464296 62.30589211409 1.40662215922 
0.464802 60.25303804064 1.35051720912 
0.465308 61.10339531393 1.53045789839 
0.465814 59.72000042352 1.67519222168 
0.466321 60.98493841811 1.79784511058 
0.466827 59.95716361359 1.83395715402 
0.467333 61.02572542998 1.93914931957 
0.467839 61.50837308247 1.93387477569 
0.468346 59.47200115578 2.49704184551 
0.468852 58.32459407215 2.54062096645 
0.469358 59.38547578708 2.87536148391 
0.469864 59.09070078200 3.00090661811 
0.470371 60.07783760176 4.01324576629 
0.470877 57.67401789209 4.29335996168 
0.471383 56.87990210968 5.54166823146 
0.471889 52.85812747822 6.79288690089 
0.472395 52.14193594177 5.66502494917 
0.472902 51.64394095614 13.01091893781 
