0.010896 1370.73796562049 15.33842057479 
0.011402 1221.50811931246 10.35079793938 
0.011909 1093.59855156409 11.15792950794 
0.012416 987.04688027686 10.37636992865 
0.012923 894.57538521979 7.36724404523 
0.013430 831.38158353727 10.45667221335 
0.013936 798.01469322333 9.21309491943 
0.014443 745.91784016680 7.53483303091 
0.014950 685.06487226568 6.67200208387 
0.015457 635.69253005726 5.58091424031 
0.015963 586.38333444878 4.84469126182 
0.016470 548.37366297401 4.45151777468 
0.016977 516.01839996571 3.90889941600 
0.017484 476.52794527334 3.28489859650 
0.017990 448.68594670508 3.28244176000 
0.018497 425.72603311595 2.70910385362 
0.019004 402.69990329508 2.39248787139 
0.019511 382.66811189187 2.36363327263 
0.020018 361.19347653802 2.19780956726 
0.020524 347.26673464057 1.89321562130 
0.021031 329.20913253885 1.81303538482 
0.021538 315.79803637513 1.74595526037 
0.022045 304.50154019287 1.75283633192 
0.022551 290.03547944308 1.62922897535 
0.023058 281.83368247775 1.44153794572 
0.023565 270.71627814290 1.48578627655 
0.024072 261.17968953280 1.71738229909 
0.024579 252.95164772251 1.67867072748 
0.025085 243.74078660530 2.00228578148 
0.025592 236.63044584244 2.19936375339 
0.026099 229.32939696871 2.32133654336 
0.026606 223.64407577490 1.77352317990 
0.027112 217.64916003298 1.74318356464 
0.027619 212.77020246467 1.52429375937 
0.028126 207.12458178720 1.46212902261 
0.028633 203.66315491838 1.30662704711 
0.029139 200.20093927185 1.17423967540 
0.029646 193.11634556731 1.23526141783 
0.030153 191.24847160240 1.14991009100 
0.030660 186.45213285334 1.05749818356 
0.031167 182.66829696140 0.91329340692 
0.031673 179.19563110280 0.95255031769 
0.032180 176.52083184493 0.87790544294 
0.032687 172.98954975104 0.85979201440 
0.033194 170.09314887850 0.81149701213 
0.033700 166.67655446172 0.81449388938 
0.034207 166.22036532557 0.76854070337 
0.034714 162.03276740119 0.78290288391 
0.035221 159.77438604752 0.74545377624 
0.035727 158.84066075513 0.68640669839 
0.036234 155.65849853774 0.62515731414 
0.036741 154.46069533934 0.66898701593 
0.037248 153.20408414567 0.66845008471 
0.037755 150.34308379801 0.62004409612 
0.038261 147.99234049397 0.64242668054 
0.038768 146.91462124891 0.55669929989 
0.039275 145.76259086399 0.63342206606 
0.039782 143.81440282426 0.61282204040 
0.040288 142.66291143865 0.53951325847 
0.040795 141.46571981890 0.54950186576 
0.041302 140.53587662338 0.57770202955 
0.041809 137.40773998814 0.58462172752 
0.042315 137.86723727812 0.55370831838 
0.042822 137.21685630508 0.52769685374 
0.043329 135.21341667671 0.52808157865 
0.043836 133.54026713088 0.50574324581 
0.044343 132.41296721416 0.53070040119 
0.044849 132.36587301694 0.53492996027 
0.045356 130.72263044869 0.53089326293 
0.045863 129.92938172068 0.51677258535 
0.046370 128.54750078608 0.50581753647 
0.046876 128.67495403342 0.48188055475 
0.047383 126.35320215359 0.48653634185 
0.047890 125.62966066108 0.49265945067 
0.048397 125.44897422867 0.50895714502 
0.048903 124.25267664342 0.48203438770 
0.049410 124.02528076396 0.49382536508 
0.049917 123.27676670943 0.46919827981 
0.050424 121.60974372123 0.48291810111 
0.050931 121.30788913310 0.47259036056 
0.051437 120.22568845959 0.44952707249 
0.051944 120.49521116925 0.44466123244 
0.052451 119.96052100048 0.44443083564 
0.052958 118.28736406580 0.45009522878 
0.053464 118.04979388109 0.45710426305 
0.053971 116.86816355067 0.43920047647 
0.054478 117.09497588968 0.43722834451 
0.054985 116.15396759237 0.45390058355 
0.055491 115.17083099699 0.43355523708 
0.055998 115.39272599326 0.44073120153 
0.056505 113.82885899433 0.44816967590 
0.057012 113.42885581611 0.42465849162 
0.057519 113.17761157239 0.42863551224 
0.058025 113.10808811242 0.40195474362 
0.058532 111.98461619236 0.43506390561 
0.059039 111.66032674424 0.39644834120 
0.059546 110.73048138721 0.43006112996 
0.060052 110.47024375026 0.41930788758 
0.060559 110.14821717037 0.41045011511 
0.061066 110.01614782338 0.40784846390 
0.061573 108.53258164761 0.38231948862 
0.062079 108.18297569297 0.39473452660 
0.062586 108.30590737000 0.38917744776 
0.063093 107.81417053304 0.38924738897 
0.063600 107.23081069308 0.38850640042 
0.064106 107.03315013415 0.39942174847 
0.064613 106.44013354909 0.40015998990 
0.065120 105.81750480620 0.37900406587 
0.065627 105.44588862260 0.39245415078 
0.066134 105.07444052430 0.37359527856 
0.066640 104.74361421441 0.38828002083 
0.067147 104.56731045202 0.37576943916 
0.067654 104.63602845924 0.36536377528 
0.068161 104.16796327540 0.36865874216 
0.068667 103.50428787532 0.36836966325 
0.069174 103.07536018556 0.37373595752 
0.069681 103.04806098026 0.37228081504 
0.070188 102.51227828174 0.35088752418 
0.070694 102.39812261245 0.35160586753 
0.071201 101.78907456548 0.35852119534 
0.071708 102.32872559859 0.34752152968 
0.072215 100.54619443208 0.35693167035 
0.072721 100.36591776430 0.35380422488 
0.073228 100.63309732494 0.34964197136 
0.073735 99.49379283973 0.34281766731 
0.074242 99.93853560980 0.34837511614 
0.074748 99.68954127162 0.34634414450 
0.075255 99.56572758689 0.34079098627 
0.075762 99.27718727668 0.33124187229 
0.076269 98.66147513338 0.33947292591 
0.076776 98.62760673148 0.32958043277 
0.077282 98.44726307686 0.33860357382 
0.077789 97.85107773057 0.32416858617 
0.078296 97.92935296526 0.32081131761 
0.078803 97.41061446498 0.32059237362 
0.079309 97.05525706542 0.34760859467 
0.079816 97.42180569495 0.33433979531 
0.080323 97.23492727993 0.31816525825 
0.080830 97.79844257618 0.33372711362 
0.081336 97.20322515514 0.34752727948 
0.081843 96.83230692733 0.33989190108 
0.082350 96.79512934765 0.33017206859 
0.082857 96.62264427248 0.32669146252 
0.083363 96.52793776382 0.33509327436 
0.083870 95.60866262665 0.33739083225 
0.084377 95.86876993110 0.32567253179 
0.084884 95.74746599747 0.33981965628 
0.085390 95.60735227391 0.32163063265 
0.085897 95.41663164815 0.33529702646 
0.086404 95.42650428406 0.34104255987 
0.086911 95.42787416753 0.33687660608 
0.087417 94.91438012856 0.33629525155 
0.087924 94.77928959050 0.32960624788 
0.088431 94.84413369718 0.33506306400 
0.088938 94.87881383067 0.33003550243 
0.089444 94.26785161073 0.32516788750 
0.089951 94.13008323541 0.32355751407 
0.090458 93.72057128971 0.33625376911 
0.090965 93.85765089696 0.32501019978 
0.091471 93.85564499915 0.32819800244 
0.091978 93.50290854566 0.32587364001 
0.092485 92.03502625534 0.33526283952 
0.092992 93.20341466005 0.34569669657 
0.093498 93.76433219836 0.33258695805 
0.094005 93.30403194023 0.32730842201 
0.094512 92.72782490238 0.33004050797 
0.095019 92.77252089682 0.33211462568 
0.095525 92.39970208531 0.33189424661 
0.096032 92.64074511012 0.32394317930 
0.096539 92.20925680310 0.32038166577 
0.097046 91.75764584817 0.32060584118 
0.097552 91.80537259986 0.33442493100 
0.098059 91.90186503524 0.33217636207 
0.098566 91.44491365579 0.32358262064 
0.099073 91.63121330904 0.33366801491 
0.099579 91.82448064106 0.32247052298 
0.100086 91.60667747273 0.33096341160 
0.100593 91.86144594067 0.33133922678 
0.101100 90.76830342734 0.31680273309 
0.101606 91.14432782861 0.31243441890 
0.102113 89.60336827549 0.30650443816 
0.102620 89.58697037415 0.30070349263 
0.103127 89.15855083608 0.29615724579 
0.103633 89.51958943883 0.28196667186 
0.104140 88.68702902178 0.29254010229 
0.104647 88.67620341896 0.30657146341 
0.105154 88.65863150148 0.29920373285 
0.105660 88.33199362405 0.29378106672 
0.106167 87.78536683942 0.30694981191 
0.106674 88.14321091700 0.29749722711 
0.107181 88.18069473068 0.30151801045 
0.107687 88.20585797837 0.29679542426 
0.108194 88.11430363831 0.28764730587 
0.108701 88.34586695962 0.29810917631 
0.109208 87.46382624550 0.30571850215 
0.109714 88.00459022057 0.29316014254 
0.110221 87.86777944310 0.28493605227 
0.110728 87.43155751048 0.29507651112 
0.111235 87.18139582140 0.27832865099 
0.111741 87.48641974248 0.28675611302 
0.112248 87.13757972253 0.28639295518 
0.112755 86.91789264478 0.28550103131 
0.113262 87.06604554480 0.27873692588 
0.113768 86.92930750289 0.28319773492 
0.114275 86.72091905833 0.27698820584 
0.114782 86.87980460386 0.28117921794 
0.115289 86.81826103004 0.27842778903 
0.115795 86.84884128079 0.27499258982 
0.116302 86.28620068817 0.27986458216 
0.116809 86.41734209235 0.28240770441 
0.117316 86.30098978366 0.26785411382 
0.117822 85.88651219046 0.27569053812 
0.118329 86.27476949352 0.26998806095 
0.118836 86.40895735902 0.27232174681 
0.119342 86.30529499500 0.27923270873 
0.119849 86.11159336796 0.27075199854 
0.120356 85.59224974621 0.26758835614 
0.120863 85.69024261494 0.27284432220 
0.121369 85.40040215070 0.26898601293 
0.121876 85.20190657899 0.26888543698 
0.122383 85.55443976247 0.26347757619 
0.122890 85.31987876520 0.27228483077 
0.123396 85.38126625991 0.25519073173 
0.123903 85.22584451661 0.26472794006 
0.124410 85.55849301812 0.27059418613 
0.124917 85.37342550591 0.25826759756 
0.125423 85.00989655370 0.26151558469 
0.125930 85.29379301634 0.25769320314 
0.126437 85.11732299501 0.25375913763 
0.126944 84.83756676343 0.24837612547 
0.127450 84.85408013674 0.25927478018 
0.127957 85.23858970883 0.25766886246 
0.128464 84.95939144081 0.26830722229 
0.128970 84.64188191711 0.24634115551 
0.129477 84.39378630332 0.25076767885 
0.129984 84.00077936237 0.25922506032 
0.130491 84.65859463633 0.24923184312 
0.130997 83.98120757419 0.25019573651 
0.131504 84.46563417296 0.24591459130 
0.132011 84.00599004064 0.24783403409 
0.132518 83.92724062954 0.24596642995 
0.133024 84.22651223695 0.24271177392 
0.133531 83.84029868272 0.23534349112 
0.134038 83.62088618066 0.24634243378 
0.134545 83.57470401484 0.24008178868 
0.135051 83.60000319968 0.24312295833 
0.135558 83.82981001183 0.24183927265 
0.136065 83.62179066923 0.25149491389 
0.136571 83.46490780319 0.24599653336 
0.137078 83.61942187501 0.25699186836 
0.137585 83.41590657315 0.24902161183 
0.138092 83.49379959814 0.24497817765 
0.138598 83.03454945665 0.24487661982 
0.139105 83.10539054800 0.24247554847 
0.139612 82.90416677845 0.24750426800 
0.140119 83.16963282754 0.23950342656 
0.140625 83.16182271660 0.23866157774 
0.141132 82.89953015785 0.24164954295 
0.141639 83.05812113667 0.23641105187 
0.142145 82.82915992676 0.23402878053 
0.142652 82.69480079845 0.23956474287 
0.143159 82.72123249121 0.24448160308 
0.143666 82.43918176194 0.24259179513 
0.144172 82.48260276255 0.23983183398 
0.144679 82.11402174540 0.23776233671 
0.145186 82.59396701366 0.25098692416 
0.145692 82.03197761728 0.23753934557 
0.146199 82.06911257803 0.24147237516 
0.146706 81.65193664873 0.24319288375 
0.147213 82.26353048145 0.24247548270 
0.147719 82.02660566363 0.24182513765 
0.148226 81.84156500720 0.24468633511 
0.148733 81.52781152031 0.24458053589 
0.149240 81.51696442530 0.24347194972 
0.149746 81.61775866838 0.24250123088 
0.150253 81.46247986121 0.23873909355 
0.150760 81.76258902010 0.23915811679 
0.151266 81.05456414056 0.23918373690 
0.151773 81.22716373934 0.24100260632 
0.152280 81.18567140159 0.24288023111 
0.152787 80.83648002267 0.23949297913 
0.153293 80.87667850654 0.23472759882 
0.153800 80.70342886382 0.24057726143 
0.154307 80.54836680579 0.24334996887 
0.154813 80.58847126997 0.23574513223 
0.155320 80.50241898672 0.23881927045 
0.155827 80.47747137114 0.23434542566 
0.156334 80.47286876339 0.23820339405 
0.156840 80.53417421828 0.23821082841 
0.157347 80.11698835565 0.23090117782 
0.157854 80.26799271526 0.23296528943 
0.158360 80.05765326146 0.23498414839 
0.158867 80.35101813085 0.24059602773 
0.159374 80.00904041098 0.23721403957 
0.159881 80.04523737221 0.23576799618 
0.160387 79.63366484720 0.23026502652 
0.160894 79.99496256034 0.23817717135 
0.161401 79.97727118259 0.23607734575 
0.161907 79.51598428267 0.23418949728 
0.162414 79.74889846213 0.23697813317 
0.162921 79.67328049035 0.23237996367 
0.163427 79.49708995772 0.23185205027 
0.163934 79.15190555572 0.23226857524 
0.164441 79.51071212304 0.23085869288 
0.164948 79.09686971526 0.23115988226 
0.165454 79.18370178072 0.22999022643 
0.165961 79.33469036977 0.23143789620 
0.166468 79.34334836616 0.23253148627 
0.166974 79.17633403040 0.23472766340 
0.167481 78.92896240128 0.22190859185 
0.167988 79.23916515336 0.23117229763 
0.168495 78.73577666471 0.23767780391 
0.169001 78.79719644522 0.23290603967 
0.169508 79.08891597180 0.23355601835 
0.170015 79.10363890249 0.23405031087 
0.170521 79.44411720408 0.23283141348 
0.171028 79.17595553309 0.23150340864 
0.171535 79.24880982369 0.23901224132 
0.172041 78.72736026755 0.23395681042 
0.172548 78.58399860496 0.23685861880 
0.173055 78.92359859309 0.22797032231 
0.173562 79.09987772061 0.22858707535 
0.174068 79.06428070673 0.23666513190 
0.174575 79.03127856021 0.23613767143 
0.175082 78.74629067623 0.23260603111 
0.175588 78.84642559204 0.23946831437 
0.176095 78.94183961769 0.23814516422 
0.176602 78.88154326884 0.23220784174 
0.177108 79.13856706751 0.23367142933 
0.177615 79.02578459238 0.23513094426 
0.178122 78.26852775370 0.23008679959 
0.178629 78.78731049681 0.24047048472 
0.179135 78.73826968903 0.23663116980 
0.179642 78.47156195352 0.24198563958 
0.180149 78.63763447183 0.23548475939 
0.180655 78.49812987928 0.23913712641 
0.181162 78.44302120106 0.23413337508 
0.181669 78.85363681768 0.24107353657 
0.182175 79.09328769542 0.24609144584 
0.182682 78.58288706056 0.23983641551 
0.183189 78.49490393400 0.24138591970 
0.183695 78.60700961225 0.23825192312 
0.184202 78.40742977765 0.24290273503 
0.184709 78.23852600321 0.24347945094 
0.185216 78.15042064654 0.24313551390 
0.185722 78.57038505063 0.24616159305 
0.186229 78.24748039048 0.24756431696 
0.186736 77.94450203130 0.25016346383 
0.187242 78.19223045502 0.24389233253 
0.187749 78.10438597310 0.24910107946 
0.188256 78.08706515509 0.24717257232 
0.188762 77.85484372971 0.24344755737 
0.189269 77.53142601526 0.24344273911 
0.189776 77.53128301350 0.25288877916 
0.190282 77.79733168040 0.24130215279 
0.190789 77.68913882199 0.24230192428 
0.191296 77.20827885865 0.24689715098 
0.191802 77.53995359648 0.24205914365 
0.192309 77.17416888172 0.24235399711 
0.192816 76.98646827949 0.24180013398 
0.193323 76.99378481575 0.23630218804 
0.193829 76.84705579787 0.23323393098 
0.194336 76.53597127777 0.23527876905 
0.194843 76.49003466756 0.23538805465 
0.195349 76.36899977426 0.23109146698 
0.195856 76.44002906813 0.23439385241 
0.196363 76.44308338406 0.23362310229 
0.196869 76.21565666394 0.22987983567 
0.197376 76.19430197428 0.22312411845 
0.197883 75.88847891473 0.23006835981 
0.198389 76.14670025615 0.22883589066 
0.198896 75.73312165730 0.22655361839 
0.199403 76.16173493374 0.22583630942 
0.199909 75.81298439529 0.22505580764 
0.200416 75.82573576366 0.22877499941 
0.200923 75.78488105586 0.22354404981 
0.201429 75.55942296349 0.21690810344 
0.201936 75.72290409417 0.21989197054 
0.202443 75.78725020618 0.21858641974 
0.202949 75.40562721256 0.21915638348 
0.203456 75.55722746752 0.22293389566 
0.203963 75.64811306192 0.21888628022 
0.204469 75.46372011325 0.21623993005 
0.204976 75.35162290176 0.21320091078 
0.205483 75.45135523760 0.22023070089 
0.205989 75.48602133783 0.21498684135 
0.206496 75.28883318907 0.22294852856 
0.207003 75.41359821232 0.21181973396 
0.207509 75.44155396350 0.21830268526 
0.208016 75.21264417941 0.21455800849 
0.208523 75.49407677632 0.21642933154 
0.209029 75.14674136566 0.21204889920 
0.209536 74.93623502393 0.21272585492 
0.210043 75.30390059459 0.21527166103 
0.210549 75.13724483191 0.21074246542 
0.211056 74.99243764751 0.20663986504 
0.211563 75.13032738682 0.20967895452 
0.212069 74.73513442839 0.21071781432 
0.212576 74.45918182114 0.21489971474 
0.213083 75.02446644585 0.20817619497 
0.213589 75.18299991483 0.21190248303 
0.214096 74.91921178633 0.20700253855 
0.214603 74.62615223056 0.20878885369 
0.215109 74.64238074960 0.20405953073 
0.215616 74.55939934452 0.21299314480 
0.216123 74.38309081440 0.20311136617 
0.216629 74.28406245070 0.21002572493 
0.217136 74.54370623105 0.20656691221 
0.217643 74.10928182017 0.20740655497 
0.218149 74.19766700377 0.20656023780 
0.218656 74.33003831476 0.20623414851 
0.219163 74.22203567978 0.20930493464 
0.219669 74.16425524001 0.20798119189 
0.220176 74.29744120929 0.20535998652 
0.220683 73.80317120846 0.20706899496 
0.221189 74.13837526093 0.20373398204 
0.221696 73.81610262494 0.20416091274 
0.222203 74.09558417721 0.20811839992 
0.222709 73.93703850899 0.20205742775 
0.223216 73.81559718891 0.20274913020 
0.223722 73.55019656221 0.20387023677 
0.224229 73.96323718097 0.20538605982 
0.224736 73.59802458857 0.20512824557 
0.225242 73.60631005371 0.20097413836 
0.225749 73.48626184104 0.20527001974 
0.226256 73.64263146304 0.20505604684 
0.226762 73.50599330745 0.20038109885 
0.227269 73.50090303105 0.20315695225 
0.227776 73.34454944310 0.19835530293 
0.228282 73.46358679362 0.20147281161 
0.228789 73.01438658426 0.19778408687 
0.229296 73.36768299606 0.20082311374 
0.229802 73.46755432931 0.19885626890 
0.230309 72.94071458980 0.20033545240 
0.230816 73.12158147581 0.19838944908 
0.231322 73.24341757622 0.20739299428 
0.231829 72.88450146765 0.19839362642 
0.232335 73.19336062516 0.20129388220 
0.232842 72.68815996775 0.20379817204 
0.233349 73.01862453762 0.19681286723 
0.233855 72.78064834045 0.19746205837 
0.234362 72.96119682611 0.19719786096 
0.234869 72.70884720252 0.20031809436 
0.235375 72.47995419357 0.19574355057 
0.235882 72.56406840509 0.20049689151 
0.236389 72.34392439849 0.20177257948 
0.236895 72.50780610959 0.19701973488 
0.237402 72.14952211219 0.19778708593 
0.237908 72.45610417643 0.20305669321 
0.238415 72.23907138935 0.19905603965 
0.238922 72.50279153099 0.19793344897 
0.239428 72.17671156371 0.19885870033 
0.239935 72.07727208768 0.20209975711 
0.240442 72.20619047842 0.19594189728 
0.240948 71.84235243030 0.19584616637 
0.241455 71.91196216795 0.19990896673 
0.241962 72.17256218952 0.19744634998 
0.242468 71.77496212691 0.19724010589 
0.242975 71.92529206141 0.19808257643 
0.243481 71.76170504133 0.19818542768 
0.243988 71.88807987083 0.19896448094 
0.244495 71.83576261041 0.20144044178 
0.245001 71.82658881011 0.19881668952 
0.245508 71.99300112896 0.19774117198 
0.246015 71.71387789203 0.19465237268 
0.246521 71.74154766113 0.20036959644 
0.247028 71.51770078666 0.19709358035 
0.247534 71.37922405017 0.19783064389 
0.248041 71.54319116058 0.19560929279 
0.248548 71.47257560841 0.19449188590 
0.249054 71.40368789700 0.20010483658 
0.249561 71.55502065022 0.19713315639 
0.250068 71.51848994807 0.19851686925 
0.250574 71.51824820451 0.19907830462 
0.251081 71.27324799786 0.19897783604 
0.251587 71.35618049220 0.19540612697 
0.252094 71.19595331750 0.19578555511 
0.252601 71.32301017312 0.19648489522 
0.253107 71.05765895927 0.19967373496 
0.253614 71.13706016978 0.19680706086 
0.254120 70.92724758359 0.19431906738 
0.254627 70.83212496744 0.19535252081 
0.255134 71.07038987179 0.19314496802 
0.255640 70.72316771332 0.19175358226 
0.256147 70.96501148765 0.19622450267 
0.256654 70.77328537751 0.19195640344 
0.257160 70.94623965121 0.19687692678 
0.257667 71.29266232572 0.19403842012 
0.258173 71.52297445506 0.19646347711 
0.258680 71.68795377540 0.19407838953 
0.259187 71.33529471360 0.19598228545 
0.259693 71.34572807933 0.19263561989 
0.260200 71.21462583736 0.19347401766 
0.260706 71.55168552037 0.19796214948 
0.261213 71.57175929267 0.19966426168 
0.261720 71.74234061818 0.19352533217 
0.262226 71.34689156050 0.19390964803 
0.262733 71.36130427149 0.19288087336 
0.263239 71.60315158135 0.19307829891 
0.263746 71.57554758019 0.19441910528 
0.264253 71.56187400344 0.19490199925 
0.264759 71.40071489613 0.19136623364 
0.265266 71.73871486435 0.19393780619 
0.265772 71.80572688177 0.19326744529 
0.266279 71.63491033437 0.19406681229 
0.266786 71.40843356207 0.18789929985 
0.267292 71.50710850535 0.18821995683 
0.267799 71.84331855805 0.19230610815 
0.268305 71.62956593884 0.19081445496 
0.268812 71.41005087510 0.19116894793 
0.269319 71.58184068662 0.19424016825 
0.269825 71.70654714561 0.19125147153 
0.270332 72.00284088411 0.18693019542 
0.270838 72.15012260449 0.18978853223 
0.271345 71.94200357248 0.19110834331 
0.271852 72.24498089921 0.19124847778 
0.272358 72.31187300075 0.19105127776 
0.272865 72.10619408052 0.19152826080 
0.273371 71.83957299309 0.19329746546 
0.273878 72.35842133642 0.18902893996 
0.274385 72.22020762367 0.18817319785 
0.274891 72.50734760632 0.19189919553 
0.275398 72.49015247317 0.18773296114 
0.275904 72.17216230782 0.18586466031 
0.276411 72.31100330603 0.18724829351 
0.276917 72.15014153692 0.18443843494 
0.277424 72.34859223408 0.18556075802 
0.277931 72.06472571250 0.18395530265 
0.278437 72.24885591952 0.18120065632 
0.278944 72.04296389652 0.18284433265 
0.279450 72.03921755018 0.18049591560 
0.279957 72.10160052619 0.18549197964 
0.280464 72.15478987006 0.18534328716 
0.280970 72.25401831026 0.18265191709 
0.281477 72.04046110032 0.18106628090 
0.281983 72.09768147450 0.18243497614 
0.282490 72.18800128787 0.18029263322 
0.282996 72.19906396332 0.18228874212 
0.283503 72.01148418270 0.18374919134 
0.284010 72.13259656584 0.17919725118 
0.284516 71.78834946769 0.18032028488 
0.285023 71.66019224563 0.17930716786 
0.285529 71.60751201244 0.17350200485 
0.286036 71.53496254171 0.17342606062 
0.286542 71.65908139783 0.17479611316 
0.287049 71.74637840319 0.17023935347 
0.287556 71.50703123635 0.17305569352 
0.288062 71.57261015799 0.17558892284 
0.288569 71.51657249983 0.17010687935 
0.289075 71.53079459656 0.17033168270 
0.289582 71.31880891148 0.17257205725 
0.290088 71.48964452030 0.16806342429 
0.290595 70.90916243735 0.17157377030 
0.291102 71.31399708372 0.17021819116 
0.291608 71.11758876320 0.16492727810 
0.292115 71.35126111900 0.16739822769 
0.292621 70.95965793673 0.16717921308 
0.293128 70.84808052537 0.16468983931 
0.293634 71.13335534470 0.16410599385 
0.294141 70.92841938962 0.16601689904 
0.294647 71.06937452412 0.16739213513 
0.295154 70.74750672994 0.16677687068 
0.295661 70.92906393470 0.16269319527 
0.296167 70.86880846259 0.16448977091 
0.296674 70.87159334991 0.17035405041 
0.297180 70.78213909265 0.16413138556 
0.297687 70.86220700838 0.16656698209 
0.298193 70.74216198207 0.16384486554 
0.298700 70.37957222520 0.16407026843 
0.299207 70.55984862649 0.16474316423 
0.299713 70.36862247708 0.16550224539 
0.300220 70.35894198552 0.16735012175 
0.300726 70.49305613838 0.16263093754 
0.301233 70.34290887192 0.16219218819 
0.301739 69.97875572636 0.16357209068 
0.302246 70.47870578844 0.16302222714 
0.302752 70.31194837171 0.16371093466 
0.303259 70.56850331779 0.16141180476 
0.303765 70.17265062152 0.16122646276 
0.304272 69.87206780397 0.16117496248 
0.304779 70.28652373742 0.16211583854 
0.305285 70.45888789546 0.16046272516 
0.305792 70.19131323417 0.16080535669 
0.306298 70.02283227318 0.16192923952 
0.306805 69.97866435113 0.16459108194 
0.307311 69.95150343131 0.15706501893 
0.307818 69.96122641752 0.15825964916 
0.308324 69.78120580186 0.15788855435 
0.308831 69.47926480391 0.15623059595 
0.309337 69.29482103352 0.15594484019 
0.309844 69.30059245235 0.15179732429 
0.310350 68.96145190457 0.15386868795 
0.310857 68.86630666689 0.15268552647 
0.311364 68.43633683898 0.15022599357 
0.311870 68.56072060582 0.14744939393 
0.312377 68.34557402875 0.14901139918 
0.312883 68.22130792939 0.14632553627 
0.313390 68.09333195017 0.14723144881 
0.313896 68.06528966878 0.14660799237 
0.314403 67.61066074291 0.14234530876 
0.314909 67.58603943126 0.14399391192 
0.315416 67.66024915910 0.14199298869 
0.315922 67.41950690032 0.14586842944 
0.316429 67.29044078569 0.13999821635 
0.316935 67.26185521972 0.14033932515 
0.317442 67.07945950925 0.13986168764 
0.317948 67.24738298459 0.14054495811 
0.318455 67.04127602192 0.14099671019 
0.318961 66.82558517617 0.14299394221 
0.319468 66.95992756233 0.13999548083 
0.319975 67.03896169470 0.14237820889 
0.320481 66.75256399875 0.14220623313 
0.320988 66.42638720179 0.14409578039 
0.321494 66.56631733973 0.13918040237 
0.322001 66.94113435396 0.15047109215 
0.322507 66.59585630518 0.14240216623 
0.323014 66.69880337764 0.14285473503 
0.323520 66.45252584011 0.14204984781 
0.324027 66.53033810474 0.14086026048 
0.324533 66.40672956754 0.14001192221 
0.325040 66.60011129791 0.13780749440 
0.325546 66.48116843122 0.14104541953 
0.326053 66.10420876057 0.13919912985 
0.326559 66.15164114404 0.13780061047 
0.327066 66.34050973212 0.13843305478 
0.327572 66.16246081300 0.13994368341 
0.328079 66.43857184259 0.13721824053 
0.328585 66.16146857902 0.13759321102 
0.329092 65.93234618849 0.13796755095 
0.329598 66.15532654344 0.13974382983 
0.330105 66.20072030705 0.13916833179 
0.330611 65.98881034781 0.14003123591 
0.331118 65.85681562283 0.13885811640 
0.331624 65.83444229132 0.13939705478 
0.332131 65.76011929192 0.14093929143 
0.332637 66.00412849400 0.13915993682 
0.333144 65.95247848251 0.14168385254 
0.333650 65.93838201562 0.13875396012 
0.334157 65.82844757292 0.13824152132 
0.334663 65.92613006006 0.14190731873 
0.335170 65.55829893562 0.14072828936 
0.335676 65.77955842795 0.13607128021 
0.336183 65.89656139872 0.13825006044 
0.336689 65.69807065306 0.13844140290 
0.337196 65.58378371019 0.13927001467 
0.337702 65.60124445020 0.13940274199 
0.338209 65.27929287144 0.14087129837 
0.338715 65.48089932573 0.13861407327 
0.339222 65.62381242268 0.13704379896 
0.339728 65.53958417038 0.13820996912 
0.340235 65.35998265184 0.22595258154 
0.340741 65.22508731152 0.13858147016 
0.341248 65.35965809221 0.13712988000 
0.341754 65.19910826866 0.14030130732 
0.342261 65.08495714186 0.14003007212 
0.342767 65.31894877366 0.14021204095 
0.343274 65.08977396405 0.13989568262 
0.343780 65.24852240312 0.14003379919 
0.344287 65.18763110400 0.13917912906 
0.344793 65.12055299631 0.13599050653 
0.345300 65.06202325790 0.14127841319 
0.345806 65.07624675546 0.13790887200 
0.346313 64.92116623720 0.14484896347 
0.346819 64.92435142431 0.14368837164 
0.347325 64.95948962961 0.14195698741 
0.347832 64.99273668022 0.14291994859 
0.348338 65.13174801906 0.14842884665 
0.348845 64.88146231130 0.14578041060 
0.349351 64.76036840182 0.15047932038 
0.349858 64.89882553350 0.14831036637 
0.350364 64.68769168321 0.14758443634 
0.350871 64.61590023188 0.14429760276 
0.351377 64.34236823292 0.14630406404 
0.351884 64.84127436192 0.14857709013 
0.352390 64.78614677245 0.14816883598 
0.352897 64.18750780474 0.14756761598 
0.353403 64.27488556035 0.14835484738 
0.353910 64.22095192578 0.15179220317 
0.354416 64.29486159527 0.15013757233 
0.354923 64.29844101277 0.14866167324 
0.355429 64.26498202827 0.15378744512 
0.355935 64.17932172749 0.15110071355 
0.356442 64.07363541191 0.14913396530 
0.356948 63.87634680252 0.15133679126 
0.357455 63.75090978413 0.15451053291 
0.357961 63.88482361233 0.15580179308 
0.358468 63.90820484554 0.15555438410 
0.358974 63.87410984002 0.22113554288 
0.359481 64.00966248110 0.20614487581 
0.359987 63.97379014680 0.20030080177 
0.360494 63.77487888183 0.18921116258 
0.361000 63.79285632495 0.18981292772 
0.361506 63.77567090235 0.18352921036 
0.362013 63.67746322476 0.18146743912 
0.362519 63.82067816658 0.18407218607 
0.363026 63.56737349422 0.18243298121 
0.363532 63.91565225497 0.18834681624 
0.364039 63.77069793298 0.18215966708 
0.364545 63.83411359431 0.18435898947 
0.365052 63.78489154073 0.18583338390 
0.365558 63.82081044407 0.18516656970 
0.366064 63.82687948270 0.18152286677 
0.366571 63.83577482184 0.18467665830 
0.367077 63.87843059039 0.18516515694 
0.367584 63.84398823370 0.18718596631 
0.368090 63.71703878209 0.18769112893 
0.368597 63.72775633145 0.19042826384 
0.369103 63.84695608661 0.18746997454 
0.369610 63.54962325364 0.18893906679 
0.370116 63.42796935713 0.18549698945 
0.370622 63.67570999494 0.18781080414 
0.371129 63.53573835580 0.19376761231 
0.371635 63.59030345533 0.19361792031 
0.372142 63.57632658500 0.19249142531 
0.372648 63.44343864372 0.19365129438 
0.373155 63.94998160224 0.19629069244 
0.373661 63.71203289122 0.19728116828 
0.374167 63.28398494254 0.19789038664 
0.374674 63.44020312485 0.19828817247 
0.375180 63.36807274189 0.19727082780 
0.375687 63.44725565557 0.19644366690 
0.376193 63.57666322039 0.19980482147 
0.376700 63.75241590663 0.19734471205 
0.377206 63.40778569388 0.20021225522 
0.377712 63.14523785475 0.19873905718 
0.378219 63.46979811186 0.20551581046 
0.378725 63.09243940075 0.20377688670 
0.379232 63.33656253425 0.21123382956 
0.379738 63.40448147641 0.20408308410 
0.380245 63.30345331630 0.20637781099 
0.380751 63.31233654899 0.20739095316 
0.381257 63.13295161831 0.20461762933 
0.381764 63.06561728602 0.20857037461 
0.382270 63.53625017742 0.20662060197 
0.382777 63.12349693555 0.21023521963 
0.383283 63.44132419539 0.21175776445 
0.383789 63.20505719700 0.21165410415 
0.384296 62.77699882207 0.21219545345 
0.384802 63.29124779680 0.20877882128 
0.385309 63.16692893156 0.20971843696 
0.385815 62.92030614679 0.20907158148 
0.386321 63.25471065863 0.20938613861 
0.386828 62.71075768333 0.21294234983 
0.387334 62.91363130627 0.20877296789 
0.387841 63.11863540523 0.22193812577 
0.388347 62.63817839999 0.21213351299 
0.388853 62.79370226419 0.21416915468 
0.389360 62.76711897873 0.21634496508 
0.389866 62.88801925232 0.21605486054 
0.390373 62.56566402177 0.21242735003 
0.390879 62.93842044841 0.21873040996 
0.391385 63.11736987801 0.21906953976 
0.391892 62.86033209836 0.21601145078 
0.392398 62.67453603433 0.22016487314 
0.392905 62.78748110585 0.22067813685 
0.393411 62.63398252820 0.22351355818 
0.393917 62.55690188860 0.22271110726 
0.394424 62.95519488407 0.23053174692 
0.394930 62.80966137592 0.22838532761 
0.395437 62.65025028060 0.22584053500 
0.395943 62.58479531937 0.21830708797 
0.396449 62.75261545208 0.30773211604 
0.396956 62.39077071286 0.22571518219 
0.397462 62.90353234593 0.23787021835 
0.397969 62.45763450886 0.23236966387 
0.398475 62.74458477014 0.22711599490 
0.398981 63.00938072815 0.24367598643 
0.399488 62.45347734632 0.23136276406 
0.399994 62.34403895802 0.24042649872 
0.400500 62.48775919647 0.23728642318 
0.401007 62.66539790090 0.24212668334 
0.401513 62.53288460930 0.24648465037 
0.402020 62.37572397175 0.24622292440 
0.402526 62.01254375840 0.24983909299 
0.403032 62.33660932314 0.25096999161 
0.403539 62.45675130936 0.25116227265 
0.404045 62.32645861174 0.24517679008 
0.404551 62.32800533708 0.25972626223 
0.405058 62.35088250354 0.26286720191 
0.405564 62.29177255993 0.26191978633 
0.406071 62.23317442576 0.26154415907 
0.406577 62.50969390306 0.25504694536 
0.407083 62.43361000555 0.26137218496 
0.407590 62.05983989062 0.26998295639 
0.408096 62.34028893054 0.27747243623 
0.408602 62.04411835967 0.27322915449 
0.409109 61.74266032271 0.26754222983 
0.409615 62.32814506952 0.27151235011 
0.410121 62.27219226809 0.26533173942 
0.410628 61.92331059121 0.26364442136 
0.411134 61.84796682901 0.26749501970 
0.411641 62.25362957046 0.27348250345 
0.412147 62.18246187600 0.26267658144 
0.412653 62.37497183138 0.26742383316 
0.413160 62.21982961091 0.26545871561 
0.413666 62.01972206567 0.27464419171 
0.414172 61.62093976422 0.28033973252 
0.414679 61.81182186984 0.27535534253 
0.415185 61.72618915091 0.28133264543 
0.415691 62.35038052620 0.27318841091 
0.416198 61.78644455302 0.27725211426 
0.416704 61.97134598812 0.28572200660 
0.417210 61.65816377096 0.28851104399 
0.417717 61.73879992366 0.29382632070 
0.418223 61.58432339194 0.28083293602 
0.418729 61.61128100227 0.27362257894 
0.419236 61.78580854889 0.27600021481 
0.419742 61.60494163564 0.26938358622 
0.420248 61.95378400692 0.27437574894 
0.420755 61.86566061221 0.27494562890 
0.421261 61.53503885836 0.27239298766 
0.421767 61.74623550785 0.27472186195 
0.422274 61.87729825800 0.28763611718 
0.422780 62.24582655506 0.27959905881 
0.423286 61.08189608262 0.27843166124 
0.423793 61.42114421975 0.28510769488 
0.424299 61.79498918153 0.28364245736 
0.424805 61.79820148144 0.28963406951 
0.425312 61.33733344970 0.29490649090 
0.425818 61.70565507202 0.29909615499 
0.426324 61.43630226792 0.28556018038 
0.426831 61.84285282734 0.29727271698 
0.427337 62.30020083988 0.30683632365 
0.427843 61.25713018802 0.30247513766 
0.428350 61.91521659145 0.30028815094 
0.428856 61.54230211192 0.31288416936 
0.429362 61.51564709499 0.31131262318 
0.429869 61.76323531953 0.31401246868 
0.430375 61.44424128455 0.31713470760 
0.430881 61.39351458342 0.31603042027 
0.431388 61.49867555277 0.31296277902 
0.431894 61.69939672285 0.31507543232 
0.432400 61.02805944862 0.32123848350 
0.432907 61.20399606627 0.32245981289 
0.433413 61.56634861028 0.33263558134 
0.433919 61.37791319716 0.34069610374 
0.434425 61.47191028226 0.33859028581 
0.434932 61.43800176637 0.35918887190 
0.435438 61.51085252660 0.33519900530 
0.435944 60.69390037791 0.33869221120 
0.436451 61.28134587384 0.34933959405 
0.436957 61.29630020799 0.36286918494 
0.437463 61.02457180580 0.35207424419 
0.437970 61.08026946006 0.35329958016 
0.438476 61.13645372803 0.35519662960 
0.438982 61.94504789445 0.37184184884 
0.439489 61.26714350403 0.39028301196 
0.439995 61.58965371420 0.36724111907 
0.440501 60.84565415857 0.36847181430 
0.441007 61.06894759287 0.37834934507 
0.441514 61.10786089108 0.37343820862 
0.442020 61.38676612295 0.39274366771 
0.442526 60.86637770968 0.40733471240 
0.443033 61.89204099212 0.39541833314 
0.443539 61.37453680381 0.40971474500 
0.444045 61.41116238842 0.41045427005 
0.444551 60.94229800818 0.40041280824 
0.445058 60.71950536137 0.40075632596 
0.445564 60.87771135721 0.45072127167 
0.446070 61.22341765531 0.44499959897 
0.446577 61.23329073923 0.43552912147 
0.447083 60.53569833816 0.46232791931 
0.447589 60.51048906266 0.44999839588 
0.448095 61.10632256979 0.45823731123 
0.448602 60.95025267937 0.47535395192 
0.449108 61.15607698546 0.47998792522 
0.449614 60.83282866420 0.47800433132 
0.450121 60.59152142020 0.47344825260 
0.450627 60.59336538299 0.50517006813 
0.451133 60.21692840049 0.50911646916 
0.451639 60.58129230544 0.51525113463 
0.452146 59.91895758209 0.52578529091 
0.452652 60.34920133415 0.54363682751 
0.453158 60.43175800868 0.55062757631 
0.453664 59.51555252951 0.54148572212 
0.454171 60.68750986418 0.58188347815 
0.454677 60.00696253568 0.61219895594 
0.455183 59.89806075284 0.63127617406 
0.455689 60.64817975968 0.62038190622 
0.456196 59.66584550152 0.67236931026 
0.456702 60.15752067499 0.63586787556 
0.457208 60.32977077706 0.71097018595 
0.457714 59.95795789654 0.73827696525 
0.458221 60.17155908574 0.76440493458 
0.458727 60.48567830555 0.78331586237 
0.459233 59.32453600134 0.84837206782 
0.459740 60.18797897506 0.83513761433 
0.460246 60.33945896029 0.90188586941 
0.460752 59.87677428832 0.93942100080 
0.461258 60.60801233315 0.99025503825 
0.461765 58.82259137201 1.04536701185 
0.462271 60.45099165262 1.05180389018 
0.462777 60.67473617418 1.17347771965 
0.463283 59.67541202477 1.22949425308 
0.463789 60.49203886366 1.39959345187 
0.464296 60.64267408323 1.39386428622 
0.464802 60.96824268967 1.33553693483 
0.465308 59.78786985019 1.43242841212 
0.465814 61.04899208559 1.68468061450 
0.466321 60.24673660524 1.76797864014 
0.466827 60.41536080561 1.82066029211 
0.467333 59.81990577253 1.99055470631 
0.467839 59.01814863898 1.95483356607 
0.468346 60.75058480353 2.35700133251 
0.468852 58.70867497079 2.50149905939 
0.469358 59.74559084330 2.95809369301 
0.469864 58.21301991650 2.99538387827 
0.470371 60.02191563548 3.94592827284 
0.470877 58.80632884179 4.59161429368 
0.471383 56.38045509615 5.33391393795 
0.471889 56.66154272913 7.23736452500 
0.472395 52.52422451628 5.40275217444 
0.472902 51.24944591378 12.24031149978 
