0.010896 1366.31910128156 12.71135042544 
0.011402 1228.79475274013 12.03177207450 
0.011909 1098.78942486308 13.57922397576 
0.012416 1003.41041106573 9.35006055757 
0.012923 900.41650857234 7.90544564814 
0.013430 833.26216090230 11.54331860488 
0.013936 802.24313740084 9.18722618922 
0.014443 751.44096545329 7.95927221654 
0.014950 688.56627102974 6.41077420099 
0.015457 640.98157691724 5.59856409811 
0.015963 593.43886565894 5.10473435842 
0.016470 552.88433436024 4.23501070509 
0.016977 518.54243188374 3.69104910324 
0.017484 482.34419920631 3.39110829956 
0.017990 455.19484083749 3.07811840470 
0.018497 429.49252455939 2.71714601643 
0.019004 407.70791495563 2.52842683250 
0.019511 383.60620120662 2.31388693738 
0.020018 365.86936160869 2.20246305731 
0.020524 350.84111024974 1.94208519125 
0.021031 331.95414682046 2.03773652322 
0.021538 318.75551235108 1.72956217062 
0.022045 307.63558943800 1.66816557811 
0.022551 293.35648086785 1.64468355593 
0.023058 281.35517602358 1.60869888981 
0.023565 271.48383771481 1.66802640426 
0.024072 263.09067862778 1.71714356267 
0.024579 252.15705140001 1.70485929216 
0.025085 246.42400190185 2.17314175892 
0.025592 237.98822420839 2.16958325715 
0.026099 232.35906574810 2.11549587581 
0.026606 225.38193418202 1.66697894383 
0.027112 219.95805814516 1.73928872964 
0.027619 213.77531621377 1.54013539327 
0.028126 208.16054132879 1.47540834147 
0.028633 204.21221877474 1.35673212692 
0.029139 200.26414684119 1.16619888786 
0.029646 194.91411245563 1.19462073905 
0.030153 191.28837486259 1.12822217578 
0.030660 186.95179242305 1.09486282184 
0.031167 183.59678447711 0.95257024630 
0.031673 181.08680757102 0.96977765772 
0.032180 176.44313707273 0.88661938570 
0.032687 173.55648389549 0.88577665417 
0.033194 171.92554877341 0.85601769500 
0.033700 168.71827828364 0.76252974365 
0.034207 165.61953529806 0.77284255205 
0.034714 163.10606982547 0.78151249864 
0.035221 159.52443010311 0.74153091199 
0.035727 158.43148790009 0.72146211004 
0.036234 157.29485456171 0.64927231683 
0.036741 155.08820886635 0.68277647185 
0.037248 152.70483565736 0.65224829610 
0.037755 151.04639582477 0.68116107153 
0.038261 149.33159550796 0.60017127633 
0.038768 148.18770061345 0.60848812151 
0.039275 147.28608770013 0.64304895961 
0.039782 144.14112327805 0.59304612484 
0.040288 143.25201147825 0.58756825948 
0.040795 141.41154893727 0.55334332108 
0.041302 140.40874572500 0.55133493909 
0.041809 138.86107668743 0.56583185326 
0.042315 138.15120550032 0.50604049472 
0.042822 136.69041450773 0.54629006078 
0.043329 134.71479344292 0.58447338117 
0.043836 134.58703078654 0.55323539744 
0.044343 133.23694350930 0.51993035086 
0.044849 131.90951117028 0.50537004691 
0.045356 131.00415649050 0.53590729586 
0.045863 129.86970074763 0.50197715507 
0.046370 129.68716415288 0.49058091690 
0.046876 127.93263699412 0.50208736704 
0.047383 127.79835419702 0.51902913721 
0.047890 126.84897684829 0.47451300642 
0.048397 126.15329627483 0.47731865151 
0.048903 125.37917144484 0.47203392860 
0.049410 124.16883203170 0.47937615866 
0.049917 122.14507452576 0.46636101602 
0.050424 122.19192651959 0.46242787526 
0.050931 121.26326615542 0.44686098058 
0.051437 121.17779784049 0.44934234058 
0.051944 120.12168675735 0.43538675214 
0.052451 120.28434804666 0.45712050373 
0.052958 119.18929776927 0.46092511165 
0.053464 118.13720912646 0.45435987654 
0.053971 117.50886027384 0.45832335964 
0.054478 116.73971400430 0.43077485782 
0.054985 115.54732181994 0.43506276990 
0.055491 115.02998407063 0.44636461737 
0.055998 114.65364710359 0.43389612618 
0.056505 113.71535016250 0.42156271745 
0.057012 113.93981000565 0.43753640676 
0.057519 113.12024833734 0.42898274282 
0.058025 112.66948828935 0.40907785105 
0.058532 112.30492817973 0.43160665846 
0.059039 111.67138082685 0.40811742868 
0.059546 111.33674870431 0.42192597209 
0.060052 110.29278528800 0.41176167314 
0.060559 109.66215934595 0.40970886510 
0.061066 109.37691785938 0.41538843492 
0.061573 109.13717503267 0.41231125067 
0.062079 107.84985009512 0.41379225380 
0.062586 108.34612477505 0.38934434045 
0.063093 107.92025536881 0.37016294001 
0.063600 107.19579935389 0.38437189912 
0.064106 106.85827877285 0.38893680984 
0.064613 106.66927818560 0.39035410072 
0.065120 105.76079720732 0.39494948909 
0.065627 104.90221938483 0.36728619557 
0.066134 105.28269486795 0.38540775530 
0.066640 105.52197343474 0.36448542716 
0.067147 104.83549077669 0.36989449898 
0.067654 104.02238687158 0.34976123786 
0.068161 103.77671749642 0.36816511045 
0.068667 103.41267327700 0.37540541939 
0.069174 103.15725171687 0.37676892742 
0.069681 102.87193110272 0.35370589244 
0.070188 102.50356675119 0.34505598453 
0.070694 102.22849626104 0.34864741419 
0.071201 101.37530953055 0.36089542979 
0.071708 101.31527059770 0.35993477084 
0.072215 101.53722057858 0.35892544066 
0.072721 100.88606954566 0.35474011339 
0.073228 100.49385347261 0.34510252942 
0.073735 99.93561653387 0.34915088666 
0.074242 99.90975888384 0.34514761687 
0.074748 99.87374353210 0.34853704091 
0.075255 99.48915678803 0.32630351108 
0.075762 99.85808351022 0.34161252388 
0.076269 98.46552387778 0.34599381293 
0.076776 99.05609756330 0.34279778438 
0.077282 98.44495705651 0.32967456701 
0.077789 98.14330450686 0.33003795113 
0.078296 97.99718197812 0.31950818224 
0.078803 97.73069640305 0.33010871576 
0.079309 97.96024560320 0.33582424906 
0.079816 97.75741180861 0.31827812201 
0.080323 97.07063794679 0.33730429332 
0.080830 97.25293561115 0.32646421471 
0.081336 97.16282910838 0.32886120096 
0.081843 96.64776519974 0.34658429126 
0.082350 96.84167755052 0.33257466163 
0.082857 96.48316843916 0.32558157695 
0.083363 96.70313526252 0.32464880529 
0.083870 95.84642587261 0.33527644076 
0.084377 96.57481372991 0.33171325763 
0.084884 95.77460147828 0.31383039592 
0.085390 95.49649398465 0.32559827516 
0.085897 95.88200766519 0.33891798950 
0.086404 95.77045383973 0.33530226487 
0.086911 95.52149745663 0.33343979149 
0.087417 95.36828536670 0.32910696565 
0.087924 95.54840017274 0.33084799197 
0.088431 94.40486949955 0.32854856268 
0.088938 94.74669523338 0.33023075635 
0.089444 94.68366913871 0.32604494317 
0.089951 94.37845159689 0.32807350165 
0.090458 94.03063998080 0.32592552920 
0.090965 94.39846000342 0.32549602454 
0.091471 94.09434839868 0.33176480191 
0.091978 93.13289641012 0.32996250897 
0.092485 92.89140090789 0.34831973851 
0.092992 93.29911108743 0.34022687170 
0.093498 93.21433333586 0.34073181463 
0.094005 92.57549743083 0.33188357528 
0.094512 93.13256785380 0.32831498852 
0.095019 92.95409470210 0.33060311953 
0.095525 92.79161906049 0.33886213624 
0.096032 92.60284929098 0.32650409799 
0.096539 92.00839469467 0.33264452864 
0.097046 92.54837502581 0.32881626178 
0.097552 92.34787452091 0.33719938216 
0.098059 91.81215180532 0.34111757013 
0.098566 91.87507811248 0.33053440777 
0.099073 91.71134520639 0.32292746472 
0.099579 91.86114379286 0.32630230826 
0.100086 91.51849477058 0.31797026690 
0.100593 91.39674881658 0.33487616833 
0.101100 90.99792461391 0.32271982141 
0.101606 91.08415795693 0.30644917910 
0.102113 89.89271416326 0.30081542337 
0.102620 89.44723625683 0.30806607496 
0.103127 89.80869762593 0.29057867653 
0.103633 89.37611662506 0.28834922981 
0.104140 88.91251069502 0.29695202774 
0.104647 88.67495203446 0.29739872756 
0.105154 89.05981629254 0.29820383691 
0.105660 88.61365877089 0.30651905266 
0.106167 88.33882474812 0.30568291260 
0.106674 88.17635200064 0.29905532617 
0.107181 88.36128757245 0.29351642781 
0.107687 87.99428545953 0.30017586697 
0.108194 87.92328598940 0.30319069525 
0.108701 88.12357153830 0.29410406595 
0.109208 87.92341094391 0.29029032046 
0.109714 87.76464605769 0.28786607591 
0.110221 87.48109542549 0.28476591395 
0.110728 87.70227250747 0.29559584477 
0.111235 87.52050983174 0.28318965398 
0.111741 86.82693066226 0.28454009508 
0.112248 87.61725047970 0.28321828860 
0.112755 87.31369955441 0.28622952721 
0.113262 87.13334386200 0.28231023131 
0.113768 86.97308396352 0.28190156583 
0.114275 86.97724322841 0.27748483952 
0.114782 86.86702830182 0.27894344731 
0.115289 86.81504680300 0.27076535537 
0.115795 86.92082151077 0.27569534319 
0.116302 86.49059945972 0.27125988786 
0.116809 86.58104406050 0.27645558828 
0.117316 86.60887042954 0.26840423508 
0.117822 86.70091646739 0.27725667408 
0.118329 86.13061451048 0.26983946951 
0.118836 85.75706623515 0.26332366368 
0.119342 86.23512348561 0.27004149438 
0.119849 85.48987762438 0.27084715224 
0.120356 86.11252706488 0.27146384150 
0.120863 85.99244214089 0.27266752356 
0.121369 85.85325837957 0.26195118477 
0.121876 85.76159379940 0.26972484211 
0.122383 85.35744025496 0.26535882184 
0.122890 85.58259718324 0.26541526426 
0.123396 85.24518532389 0.26582539968 
0.123903 85.03157542389 0.26050701380 
0.124410 85.08743573972 0.25795110530 
0.124917 85.13005731607 0.26400043876 
0.125423 85.00624143299 0.26619809848 
0.125930 84.99826283015 0.25755991394 
0.126437 85.19295103467 0.25574230396 
0.126944 85.02855205382 0.25784668260 
0.127450 84.67337053580 0.25602873047 
0.127957 84.86413137275 0.26054379025 
0.128464 85.02428814628 0.25973652211 
0.128970 84.13798162845 0.25295754845 
0.129477 84.53200858660 0.25152997917 
0.129984 84.31638148693 0.26129333180 
0.130491 84.39210038746 0.24761906177 
0.130997 84.22976180388 0.25331076857 
0.131504 84.26203495820 0.25250581514 
0.132011 84.66938094945 0.25317423391 
0.132518 84.48074926332 0.24276074954 
0.133024 84.31097252028 0.24393245377 
0.133531 83.85794473447 0.24697503367 
0.134038 84.21803789590 0.24846923342 
0.134545 84.27613307164 0.24721586379 
0.135051 84.20392137217 0.24409899199 
0.135558 83.87689862774 0.24607777111 
0.136065 83.56007156266 0.24509668407 
0.136571 83.48777334710 0.24715652528 
0.137078 83.82078660754 0.24561731589 
0.137585 83.47165002867 0.24795095495 
0.138092 83.59057353157 0.24411505640 
0.138598 83.47844555521 0.24146484977 
0.139105 83.46206904914 0.24533204240 
0.139612 83.09466182551 0.24024056473 
0.140119 83.19222804470 0.24378129363 
0.140625 82.74254546938 0.23950383149 
0.141132 82.91634975232 0.23430932382 
0.141639 83.03434520917 0.24218462100 
0.142145 82.79300936792 0.24040118088 
0.142652 82.92135728957 0.24166707801 
0.143159 82.97046400373 0.24120923323 
0.143666 83.18387896593 0.24604532306 
0.144172 82.64219753433 0.23741491715 
0.144679 82.60186563079 0.23339060303 
0.145186 82.30469596756 0.24328369158 
0.145692 82.30748346041 0.23489620359 
0.146199 82.39880993688 0.24836278977 
0.146706 82.02882515149 0.24768367762 
0.147213 82.05950171810 0.24558325129 
0.147719 82.15038419724 0.24269080455 
0.148226 82.33401598803 0.24508653489 
0.148733 82.16355401367 0.24377840906 
0.149240 81.71730847038 0.23803236537 
0.149746 81.61360003639 0.24007652332 
0.150253 81.46562053388 0.23625666903 
0.150760 81.32427227534 0.23835880430 
0.151266 81.38925428483 0.24298546724 
0.151773 81.53379838326 0.24081498492 
0.152280 81.33597998412 0.23660556875 
0.152787 81.10979094032 0.24260877791 
0.153293 80.76068091333 0.23377512337 
0.153800 80.89227034838 0.23797960525 
0.154307 80.60379141221 0.23673098548 
0.154813 80.96965713002 0.24295126623 
0.155320 80.79378539696 0.23609135990 
0.155827 80.72607683163 0.23872867482 
0.156334 80.38650357085 0.23514753554 
0.156840 80.31547832981 0.23888270346 
0.157347 80.21687663153 0.23610912894 
0.157854 80.62906418117 0.23935395466 
0.158360 80.42634566174 0.23380311583 
0.158867 80.49722757645 0.23287191646 
0.159374 80.06993437202 0.23488771374 
0.159881 80.11158233727 0.23679892457 
0.160387 79.95368325767 0.23947567883 
0.160894 80.09360081713 0.23568145813 
0.161401 79.87388427754 0.23873747819 
0.161907 79.77111555796 0.23166944149 
0.162414 79.90809990941 0.23409204720 
0.162921 79.54986049863 0.23371367295 
0.163427 79.79468157744 0.23944253926 
0.163934 80.19804382280 0.23590878305 
0.164441 79.53143800317 0.23653580780 
0.164948 79.31373152630 0.22809394988 
0.165454 79.57701938336 0.22936230394 
0.165961 79.11810770189 0.22461486181 
0.166468 79.37151818716 0.22878607879 
0.166974 79.30998078995 0.23023722858 
0.167481 79.11454824012 0.22998287016 
0.167988 79.25553546745 0.23063598685 
0.168495 78.82803199209 0.23850104910 
0.169001 79.24380502362 0.22794770843 
0.169508 79.43234085545 0.24076210340 
0.170015 79.69871173058 0.23576372811 
0.170521 79.19729474010 0.22855315908 
0.171028 79.01786076660 0.23697583201 
0.171535 79.56352064708 0.22945522706 
0.172041 79.45344182973 0.23374325248 
0.172548 78.93742333133 0.23245010090 
0.173055 78.93265629622 0.23443304263 
0.173562 79.19538516336 0.24244589637 
0.174068 79.08901624544 0.23527816274 
0.174575 79.05484575564 0.23724428716 
0.175082 79.14445461833 0.23158862606 
0.175588 79.00581939116 0.23955359562 
0.176095 78.94616104305 0.24083778406 
0.176602 79.42549625079 0.23078764222 
0.177108 79.02643367610 0.23830096737 
0.177615 78.85713432698 0.23192785018 
0.178122 78.80719808100 0.23743257463 
0.178629 78.92471366937 0.24028902357 
0.179135 79.07749492358 0.24090066533 
0.179642 78.79831405210 0.23820295974 
0.180149 78.50464600233 0.23615300859 
0.180655 78.83581834986 0.23564527567 
0.181162 78.66585065479 0.23477352798 
0.181669 78.96623385615 0.23914714784 
0.182175 79.09857325056 0.24762157338 
0.182682 78.78331266157 0.23787911029 
0.183189 78.89548626629 0.24830190174 
0.183695 78.73798136329 0.24072671374 
0.184202 78.40647646681 0.24566741336 
0.184709 78.69343521410 0.24042623086 
0.185216 77.97504013979 0.23598456316 
0.185722 78.19097981299 0.24443136983 
0.186229 78.27052544072 0.24320706355 
0.186736 78.05379804258 0.24992583301 
0.187242 78.36225077823 0.24768008792 
0.187749 78.01905986583 0.24401421431 
0.188256 77.68649970317 0.24580989706 
0.188762 77.89326718067 0.24433512121 
0.189269 78.18535729658 0.24480716740 
0.189776 77.47336134732 0.24714491442 
0.190282 77.60485369866 0.24130189333 
0.190789 77.73632511470 0.24069639593 
0.191296 77.29841076037 0.24577562899 
0.191802 77.07617098517 0.24655194225 
0.192309 77.14629823459 0.23561426303 
0.192816 77.10295144402 0.23756914608 
0.193323 77.06591802446 0.23513111418 
0.193829 77.10801099180 0.23998589881 
0.194336 76.78095307373 0.24016320201 
0.194843 76.66744729919 0.23071431520 
0.195349 76.42069560502 0.23750604067 
0.195856 76.41344971311 0.23618906833 
0.196363 76.34824806927 0.23190339765 
0.196869 76.37167087278 0.22788891920 
0.197376 76.20149504435 0.22658619303 
0.197883 76.08271451506 0.22569970363 
0.198389 76.03801634318 0.23015426885 
0.198896 76.00523715913 0.22076611818 
0.199403 75.94674834590 0.22666936723 
0.199909 75.64474893691 0.22334526276 
0.200416 76.04773297623 0.22323402346 
0.200923 75.80963712270 0.22330996405 
0.201429 75.78952779034 0.22564751006 
0.201936 75.83324843962 0.22443836456 
0.202443 75.41056780012 0.22356111541 
0.202949 75.62582474769 0.22609013579 
0.203456 75.53670408479 0.22012653822 
0.203963 75.53268323977 0.21581551347 
0.204469 75.58533435525 0.21722129779 
0.204976 75.53976125164 0.21886299267 
0.205483 75.90733349145 0.21966197105 
0.205989 75.58494139001 0.21376522541 
0.206496 75.24489442673 0.21411180220 
0.207003 75.68686460518 0.21144748916 
0.207509 75.46705787299 0.21934794441 
0.208016 75.41779757183 0.21775244878 
0.208523 75.43815335671 0.21275548671 
0.209029 75.42958652385 0.21242091693 
0.209536 75.23018366975 0.21035949765 
0.210043 74.84432231542 0.21729722703 
0.210549 75.12166807233 0.21028014464 
0.211056 75.23153512745 0.20833769977 
0.211563 75.51909544426 0.20913112461 
0.212069 75.15712387852 0.21338611634 
0.212576 74.96298695679 0.20927818661 
0.213083 75.44379962193 0.21112464113 
0.213589 74.85150258514 0.21343370464 
0.214096 74.77814417447 0.20465480327 
0.214603 74.85247967143 0.20993479636 
0.215109 74.64189677940 0.20901002599 
0.215616 74.73741635060 0.20644117326 
0.216123 74.48990554006 0.20511659815 
0.216629 74.72901442828 0.20463617963 
0.217136 74.38681391738 0.20834921196 
0.217643 74.30736875902 0.21154965101 
0.218149 74.00822168655 0.20723679401 
0.218656 73.94283622683 0.20516590424 
0.219163 74.05614383192 0.20923365542 
0.219669 74.59682071409 0.20837794697 
0.220176 74.14941074254 0.20719943041 
0.220683 73.86991331336 0.20718412243 
0.221189 73.79625189841 0.20464957979 
0.221696 74.01795301876 0.20279803145 
0.222203 74.21031132529 0.20609021412 
0.222709 74.20575287077 0.20236028311 
0.223216 73.88988551333 0.20477458761 
0.223722 73.81537594907 0.20340124050 
0.224229 73.86388341220 0.20498785343 
0.224736 73.61911674532 0.20137337039 
0.225242 73.83290833544 0.20061429852 
0.225749 73.63136745849 0.20577063683 
0.226256 73.78427996335 0.20153598052 
0.226762 73.61303077628 0.20279235793 
0.227269 73.76046708733 0.20246828238 
0.227776 73.32464635085 0.20445357273 
0.228282 73.63006850152 0.20079688376 
0.228789 73.13157796245 0.20058505826 
0.229296 73.41866525285 0.19939410131 
0.229802 73.19275368369 0.19908392487 
0.230309 73.07658387385 0.19702129896 
0.230816 73.16572794063 0.20543433868 
0.231322 73.53070257387 0.20323598985 
0.231829 73.13039917961 0.20025952946 
0.232335 73.10238943182 0.20231225782 
0.232842 72.91644324228 0.20154124609 
0.233349 72.75001506345 0.19806399130 
0.233855 73.04807745979 0.20209059339 
0.234362 73.00383615395 0.20207894681 
0.234869 72.85543453140 0.20080168731 
0.235375 72.63126411787 0.20319046290 
0.235882 72.64837413868 0.20179924819 
0.236389 72.47214356265 0.20137438846 
0.236895 72.53748748426 0.19994869429 
0.237402 72.48908486907 0.20028883769 
0.237908 72.32181978151 0.19949048152 
0.238415 72.41036046052 0.20005737957 
0.238922 72.14158565910 0.19950419628 
0.239428 72.27916013323 0.19786200769 
0.239935 71.99319788698 0.19900210560 
0.240442 72.03350624653 0.19482040976 
0.240948 72.10784220985 0.19785637614 
0.241455 72.18663755874 0.19782231584 
0.241962 72.16433019592 0.20065412359 
0.242468 72.07605345063 0.20058492762 
0.242975 72.11805599310 0.19752561987 
0.243481 71.83476122205 0.19481213149 
0.243988 71.96610013589 0.19874520819 
0.244495 71.88168042712 0.20096372928 
0.245001 71.86352665735 0.19807374813 
0.245508 71.85972541402 0.19395659315 
0.246015 71.36945971906 0.19899718471 
0.246521 71.50642061223 0.19660489338 
0.247028 71.65952942429 0.19899085970 
0.247534 71.65252688956 0.19751709018 
0.248041 71.64515311620 0.19670204764 
0.248548 71.52975403085 0.19752320777 
0.249054 71.53188893431 0.19425350605 
0.249561 71.54747781882 0.19992544851 
0.250068 71.37282611422 0.19543916291 
0.250574 71.15219124220 0.20004092217 
0.251081 71.38876930619 0.19699797423 
0.251587 70.89003627442 0.19527818943 
0.252094 71.14319689837 0.19724513343 
0.252601 71.08924248375 0.19871598440 
0.253107 71.07958398099 0.19609654594 
0.253614 71.36732272381 0.20032425595 
0.254120 70.91139535798 0.19667528187 
0.254627 71.04065660715 0.19716041905 
0.255134 71.37383759836 0.19280437536 
0.255640 70.95268084341 0.19836052031 
0.256147 71.14738109420 0.19490561612 
0.256654 70.94067563072 0.20040479100 
0.257160 71.27835326417 0.19478112214 
0.257667 71.23100579103 0.19663743181 
0.258173 71.77930431059 0.19932113750 
0.258680 71.32054028850 0.19573637981 
0.259187 71.62025669134 0.19701900129 
0.259693 71.40583738517 0.19452509259 
0.260200 71.41736727995 0.19446967504 
0.260706 71.80769007824 0.19344113232 
0.261213 71.85278929415 0.19315077287 
0.261720 71.69845969482 0.19763046285 
0.262226 71.45207222582 0.19251913403 
0.262733 71.58320741866 0.19376631609 
0.263239 71.46474711203 0.19492683203 
0.263746 71.75829014386 0.19144940029 
0.264253 71.81601800311 0.19551489186 
0.264759 71.60481030840 0.19400321674 
0.265266 71.74212595532 0.19971697044 
0.265772 71.44097004199 0.19010286659 
0.266279 71.91316255532 0.19244550908 
0.266786 71.57226446802 0.19076318703 
0.267292 71.72080722490 0.18978518827 
0.267799 71.60277495242 0.19138818287 
0.268305 71.90785691460 0.19098952793 
0.268812 71.84735189218 0.19272549207 
0.269319 71.84088520681 0.18742796921 
0.269825 71.57835917305 0.18351344991 
0.270332 71.92246225575 0.19118770269 
0.270838 72.00711145064 0.18915791091 
0.271345 72.23232489473 0.19010590365 
0.271852 72.20242182221 0.19291139153 
0.272358 72.23036055662 0.19562197827 
0.272865 72.26692217085 0.19456157227 
0.273371 72.24610516711 0.18962946262 
0.273878 72.24358207811 0.19156498118 
0.274385 72.58653960575 0.18886308635 
0.274891 72.56722128398 0.19112238981 
0.275398 72.51317254849 0.18843732953 
0.275904 72.25670825442 0.18430199208 
0.276411 72.16160541447 0.18494754331 
0.276917 72.10402773856 0.18668316462 
0.277424 72.09151251174 0.18540227834 
0.277931 72.41577187168 0.18069972814 
0.278437 72.39889419926 0.18289783780 
0.278944 71.85049103760 0.18246841848 
0.279450 72.43619865064 0.18657244941 
0.279957 72.21851960146 0.18160480394 
0.280464 72.06323547489 0.18460235157 
0.280970 71.99061743503 0.18046592167 
0.281477 72.40801173145 0.18051065778 
0.281983 71.91437667495 0.18395514848 
0.282490 71.85340796364 0.18251401591 
0.282996 72.02327426808 0.18147444050 
0.283503 72.01493423752 0.17679564148 
0.284010 72.12606664372 0.17760961532 
0.284516 72.00038744107 0.17869813819 
0.285023 71.77140988179 0.17905220876 
0.285529 71.80352058978 0.17363209572 
0.286036 71.51061259963 0.17301896139 
0.286542 71.71561433414 0.17268668514 
0.287049 71.56924962624 0.17429931114 
0.287556 71.54337657784 0.17470894433 
0.288062 71.76735888972 0.17213606424 
0.288569 71.68273320650 0.16730999825 
0.289075 71.64992676532 0.16985076497 
0.289582 71.34412382114 0.17209193636 
0.290088 71.35662798606 0.17015428926 
0.290595 70.92348320217 0.16524655168 
0.291102 71.27152277527 0.16798965992 
0.291608 71.60106823132 0.16997219662 
0.292115 71.27525467719 0.16762688926 
0.292621 71.29139005203 0.16382430654 
0.293128 71.10352827883 0.16508243425 
0.293634 70.89588747939 0.16840939272 
0.294141 71.29318198304 0.16603708958 
0.294647 70.96553756258 0.16587696909 
0.295154 70.88905673608 0.16469293018 
0.295661 71.06475558907 0.16430378656 
0.296167 70.76460221758 0.16202592436 
0.296674 70.94711728338 0.16694000128 
0.297180 70.57541509134 0.16291985721 
0.297687 70.53844370581 0.16458193790 
0.298193 70.77520263161 0.16321129646 
0.298700 70.60190118843 0.16563047804 
0.299207 70.35651544578 0.16296993269 
0.299713 70.43508875867 0.16718057383 
0.300220 70.41780722917 0.16567387307 
0.300726 70.33329149630 0.16265913453 
0.301233 70.27991693205 0.16283180377 
0.301739 70.30873378636 0.16559858396 
0.302246 70.28411291634 0.16366780864 
0.302752 70.13381466190 0.16293183866 
0.303259 70.33309970371 0.16308046384 
0.303765 70.09144070141 0.15854812713 
0.304272 70.11053145272 0.15890936567 
0.304779 70.14423163729 0.15745909821 
0.305285 70.09546525581 0.16027749344 
0.305792 70.06467511162 0.16075695606 
0.306298 70.10575328593 0.16244969819 
0.306805 70.06923157501 0.16315597846 
0.307311 69.81162789202 0.15889404105 
0.307818 69.75149182467 0.15934592436 
0.308324 69.85423708796 0.15683167667 
0.308831 69.70707124458 0.15679041492 
0.309337 69.30315839982 0.15561225302 
0.309844 69.21876286748 0.15490227251 
0.310350 69.18843779385 0.15306870706 
0.310857 69.04659437129 0.15158719907 
0.311364 68.60990223892 0.15313523293 
0.311870 68.59118091453 0.14944945825 
0.312377 68.32372240424 0.15026391617 
0.312883 68.28613966815 0.14501896413 
0.313390 68.15166842960 0.14622293828 
0.313896 67.97911880798 0.14974013677 
0.314403 67.70781708468 0.14393969479 
0.314909 67.63959435139 0.14311377304 
0.315416 67.36352229552 0.14181942643 
0.315922 67.54837277819 0.14267421752 
0.316429 67.33598188107 0.14283385869 
0.316935 67.26388206299 0.14128009858 
0.317442 67.01464382055 0.14237764737 
0.317948 67.01543221790 0.14099820153 
0.318455 67.03666066771 0.14183842882 
0.318961 67.10153512298 0.14324134335 
0.319468 66.88974635190 0.14084924532 
0.319975 66.70166115780 0.14324285594 
0.320481 66.89127223574 0.13917463432 
0.320988 66.96146060772 0.14316268056 
0.321494 66.79473783308 0.14082153788 
0.322001 66.62151701316 0.14846155224 
0.322507 66.56938959451 0.14205130365 
0.323014 66.67071760791 0.13980121657 
0.323520 66.45601149668 0.14243272428 
0.324027 66.59154210685 0.14157633950 
0.324533 66.56142118377 0.14209134766 
0.325040 66.63862373064 0.14118728271 
0.325546 66.34737617286 0.13985499152 
0.326053 66.16102343093 0.13800422900 
0.326559 66.36319715644 0.13851230663 
0.327066 66.48628414634 0.13847692979 
0.327572 66.31804867685 0.13944999998 
0.328079 66.16609216487 0.13804893954 
0.328585 66.18644275121 0.13951713870 
0.329092 66.10487329612 0.13771697229 
0.329598 66.02862970517 0.13891155771 
0.330105 66.00349902591 0.13999685526 
0.330611 66.18365056409 0.14142664180 
0.331118 66.01440285952 0.13834028663 
0.331624 65.73776006133 0.13726522387 
0.332131 65.87032976896 0.14068149328 
0.332637 65.98423438726 0.13725293438 
0.333144 65.92971792216 0.13840872502 
0.333650 65.80742403004 0.13499612956 
0.334157 65.95089081961 0.13661661889 
0.334663 65.64029212403 0.13720129883 
0.335170 65.62084174961 0.13924133164 
0.335676 65.75030014263 0.13742107648 
0.336183 65.68255877300 0.13927314937 
0.336689 65.61046682239 0.13550857236 
0.337196 65.47028864873 0.14003941578 
0.337702 65.54014262115 0.14261767723 
0.338209 65.28525270409 0.13833368413 
0.338715 65.43107121086 0.13922129371 
0.339222 65.55257944214 0.14040819661 
0.339728 65.56440018310 0.13745268518 
0.340235 65.40085095664 0.22984307919 
0.340741 65.19595756150 0.13568768573 
0.341248 65.26197685965 0.13928543302 
0.341754 65.26940983889 0.13957257700 
0.342261 65.35621150123 0.14333585894 
0.342767 65.19416252065 0.13646447217 
0.343274 65.41148949854 0.13603676212 
0.343780 65.11819222627 0.13795231176 
0.344287 65.36977447876 0.13857413446 
0.344793 65.19414300220 0.13868969761 
0.345300 65.21215681552 0.14013097692 
0.345806 65.03182045238 0.13905357809 
0.346313 64.91894952334 0.13849069626 
0.346819 65.10555247338 0.14445073328 
0.347325 65.16012863941 0.14666002527 
0.347832 65.05004805002 0.14509830743 
0.348338 64.84471556711 0.14406819250 
0.348845 65.04617001506 0.14446436436 
0.349351 64.72931360698 0.15024123544 
0.349858 64.70836010706 0.15046877920 
0.350364 64.54478868979 0.14609560363 
0.350871 64.74335836996 0.14648793681 
0.351377 64.95308852310 0.14797936058 
0.351884 64.66828774742 0.14635798545 
0.352390 64.32082657448 0.14967536837 
0.352897 64.45599114667 0.14534694393 
0.353403 64.49264050129 0.14770018066 
0.353910 64.50036476994 0.14644384917 
0.354416 64.21526625626 0.15221635551 
0.354923 64.24592037291 0.15371688209 
0.355429 64.22355488167 0.15367604649 
0.355935 64.37847259946 0.15024476516 
0.356442 63.92422668995 0.15101735351 
0.356948 64.11154532068 0.15515388058 
0.357455 63.75691307178 0.15625631923 
0.357961 63.87930233018 0.15613387517 
0.358468 63.97898937103 0.15587011588 
0.358974 63.86832377050 0.22093003866 
0.359481 64.00805083162 0.20748883477 
0.359987 63.86262624745 0.20155670302 
0.360494 63.98441972553 0.18868567462 
0.361000 63.73008710387 0.18969552370 
0.361506 63.69515860875 0.18352424477 
0.362013 63.91935842553 0.18444833733 
0.362519 63.58067063336 0.18284538354 
0.363026 63.69106838602 0.18375014991 
0.363532 63.91921538329 0.18476505100 
0.364039 63.86313029225 0.18506377444 
0.364545 63.80938009276 0.18009458682 
0.365052 63.65409257295 0.18327918901 
0.365558 63.78898100196 0.18137041630 
0.366064 63.63250788117 0.18366746095 
0.366571 63.51114185067 0.18631309414 
0.367077 63.52744383936 0.18661351712 
0.367584 63.71273047677 0.18771389723 
0.368090 63.52757328992 0.18740006697 
0.368597 63.68411064522 0.19046756407 
0.369103 63.40016292588 0.18505498545 
0.369610 63.69170764590 0.18669736076 
0.370116 63.61118263994 0.18704086402 
0.370622 63.24569478050 0.18938187650 
0.371129 63.66536639344 0.19095688415 
0.371635 63.41966338505 0.19074640661 
0.372142 63.74079230303 0.19713475636 
0.372648 63.58416904340 0.18998162691 
0.373155 63.57313403979 0.19270609791 
0.373661 63.35383470896 0.19333525126 
0.374167 63.44144961692 0.19774551398 
0.374674 63.11750810741 0.19675671026 
0.375180 63.56740550659 0.19563491685 
0.375687 63.69944237167 0.19710592584 
0.376193 63.21499496745 0.20092023078 
0.376700 63.45695430482 0.20079811461 
0.377206 63.45787911548 0.19863129794 
0.377712 63.24120010074 0.20289529778 
0.378219 63.51138529845 0.20064004996 
0.378725 63.62879155964 0.20517716354 
0.379232 63.37298354887 0.20698867485 
0.379738 63.29977602757 0.20455003466 
0.380245 63.25116775462 0.20893079455 
0.380751 63.33712390900 0.20977764078 
0.381257 63.25957453795 0.21068036563 
0.381764 63.44096298632 0.21103567445 
0.382270 62.72041945944 0.21041384107 
0.382777 63.39283934619 0.21070987172 
0.383283 63.11598335177 0.21275669766 
0.383789 63.26168202960 0.21218268826 
0.384296 62.93418529031 0.21468653350 
0.384802 62.90649621811 0.20813670444 
0.385309 62.80412932565 0.20874568301 
0.385815 62.78908970415 0.21230374181 
0.386321 63.18821428613 0.21107600202 
0.386828 62.97362071116 0.20900669874 
0.387334 62.80623478880 0.20890633925 
0.387841 62.89438251209 0.21150852720 
0.388347 62.80768971876 0.21659737419 
0.388853 63.02861388055 0.21081195831 
0.389360 62.40553549302 0.21287220497 
0.389866 62.71565185286 0.21333257751 
0.390373 62.71657641599 0.21838242234 
0.390879 63.20984610818 0.21873776901 
0.391385 62.55388856984 0.21712918961 
0.391892 62.79510914028 0.22136671107 
0.392398 62.77255319976 0.22057394974 
0.392905 63.05491381120 0.21902399001 
0.393411 62.87285768400 0.22542437048 
0.393917 62.83070914285 0.22065163445 
0.394424 62.62094449999 0.21979042002 
0.394930 62.87079954848 0.22743400839 
0.395437 62.80803899349 0.22738963306 
0.395943 62.77339639390 0.22462582660 
0.396449 62.54425548164 0.36092625597 
0.396956 62.76736415916 0.22660367904 
0.397462 62.87085002413 0.22697313013 
0.397969 62.69587342102 0.23305851386 
0.398475 62.40856607187 0.22581722038 
0.398981 62.32147529148 0.23130834101 
0.399488 62.40372370690 0.23581310884 
0.399994 62.28045736259 0.23658281895 
0.400500 62.56612357868 0.23874224020 
0.401007 62.87467523367 0.24267985626 
0.401513 62.55104425322 0.24865130104 
0.402020 62.49403721772 0.24669981382 
0.402526 62.35267861854 0.25207755690 
0.403032 62.65369248282 0.24368878525 
0.403539 62.30049578280 0.24965825199 
0.404045 63.05584844640 0.25080630888 
0.404551 62.35718960012 0.26721856578 
0.405058 62.19415227535 0.27925537612 
0.405564 61.81945454870 0.25034590028 
0.406071 62.43186280586 0.25918292294 
0.406577 62.57639713212 0.24822363204 
0.407083 62.02127051541 0.25720130093 
0.407590 62.40672256107 0.27197861037 
0.408096 62.50698309018 0.28098812735 
0.408602 61.77200145166 0.28185672794 
0.409109 61.91854331932 0.25825813991 
0.409615 62.45357927306 0.27662072521 
0.410121 62.30609181076 0.26165111855 
0.410628 61.75300382192 0.26323081882 
0.411134 62.37635536688 0.26641752640 
0.411641 62.03359468471 0.26968532885 
0.412147 61.85232610873 0.27019969435 
0.412653 61.63728948042 0.26100880157 
0.413160 62.25124523611 0.26670803282 
0.413666 62.02190055806 0.26792481407 
0.414172 62.19742807111 0.28016002873 
0.414679 61.72760319053 0.26894320760 
0.415185 62.13051411858 0.28110844333 
0.415691 61.76804543377 0.26657876712 
0.416198 61.67485934022 0.27648765206 
0.416704 62.04170966731 0.28337112961 
0.417210 61.82522335081 0.28762627043 
0.417717 61.96549262732 0.28741855994 
0.418223 61.75476062812 0.27717740818 
0.418729 61.99952823810 0.28687203838 
0.419236 61.38039488987 0.28292455397 
0.419742 61.94550841465 0.27395286345 
0.420248 61.40674324846 0.27277593156 
0.420755 62.25608696610 0.27462661856 
0.421261 61.72323551156 0.26845657726 
0.421767 61.50007531569 0.28310531950 
0.422274 61.99487669645 0.28063964163 
0.422780 61.97543559037 0.27544643949 
0.423286 61.61720010183 0.28984749554 
0.423793 61.73472149110 0.27679782250 
0.424299 61.43457188308 0.28512474692 
0.424805 61.87246013866 0.28391497581 
0.425312 61.47696510780 0.29262000846 
0.425818 61.57314953901 0.29209025788 
0.426324 61.63409924362 0.30626490823 
0.426831 61.66669347930 0.29573816830 
0.427337 61.50438644190 0.29628263616 
0.427843 61.31783750076 0.29541735303 
0.428350 61.96307677961 0.29521909543 
0.428856 61.59884811718 0.30997930410 
0.429362 61.37813983837 0.30476722580 
0.429869 61.63617755694 0.31012736630 
0.430375 61.68734672085 0.31183382592 
0.430881 61.16695520398 0.30988132059 
0.431388 61.56567504681 0.30931233321 
0.431894 62.00358487155 0.31790200578 
0.432400 61.10365991192 0.32423571587 
0.432907 61.72929818225 0.31567570034 
0.433413 61.09756184250 0.33851143502 
0.433919 61.35486702054 0.33298238786 
0.434425 61.18990403018 0.32741928168 
0.434932 61.30271846962 0.33762563722 
0.435438 61.82938641012 0.35235584203 
0.435944 61.36639950700 0.33306641358 
0.436451 61.59380381617 0.33848079891 
0.436957 61.90069608244 0.35702619440 
0.437463 61.52537179852 0.34761435953 
0.437970 61.48541003212 0.35413954900 
0.438476 61.45596776685 0.37348406581 
0.438982 61.73328433661 0.36438004563 
0.439489 61.54319253474 0.36153305493 
0.439995 61.61057001931 0.37316633869 
0.440501 61.23428713238 0.36942675209 
0.441007 61.17840115081 0.37586023302 
0.441514 61.27588526296 0.38462263464 
0.442020 60.70395680446 0.40443882010 
0.442526 61.78523230126 0.39464141605 
0.443033 61.56078133782 0.39359298665 
0.443539 61.31909555149 0.39711600849 
0.444045 60.89241711084 0.40526187715 
0.444551 61.43988216758 0.42186588531 
0.445058 61.30973413182 0.43015637474 
0.445564 60.66051079899 0.44409724639 
0.446070 61.06753725570 0.43683746336 
0.446577 60.79863272843 0.43693540483 
0.447083 60.71689852763 0.45002765471 
0.447589 60.84053094893 0.47095742421 
0.448095 60.59277168462 0.45857975622 
0.448602 60.90964988855 0.44057134533 
0.449108 61.24455536650 0.49512929558 
0.449614 61.06834571285 0.47698603948 
0.450121 60.74350688568 0.48954993383 
0.450627 59.91035280825 0.51238513893 
0.451133 59.91180787296 0.49421751760 
0.451639 60.96824266086 0.52274639004 
0.452146 61.15798648070 0.54253163865 
0.452652 61.27398437774 0.55496829778 
0.453158 60.48633168924 0.56464019170 
0.453664 60.35251487307 0.55948794042 
0.454171 60.33577934457 0.59302850738 
0.454677 61.21402981153 0.58292093677 
0.455183 59.61357099800 0.60424922778 
0.455689 60.49610417339 0.65170673295 
0.456196 60.45381454593 0.69004495160 
0.456702 60.00987316354 0.62130587445 
0.457208 61.42091520012 0.70512119026 
0.457714 60.02510000361 0.76409522011 
0.458221 61.35241065387 0.75209175540 
0.458727 60.28353380750 0.77311074404 
0.459233 59.80792966094 0.80403194238 
0.459740 60.25553796979 0.86213803018 
0.460246 60.68850840028 0.91520652295 
0.460752 59.76291128756 0.97823846158 
0.461258 60.03270037553 0.99924427111 
0.461765 59.05916470759 1.06445351091 
0.462271 59.55265031594 1.04893151763 
0.462777 60.79194234308 1.22568547355 
0.463283 60.45772367859 1.24082023141 
0.463789 60.17431317262 1.36253555381 
0.464296 60.34467138945 1.37115315671 
0.464802 59.34451276700 1.33311538555 
0.465308 61.71382306088 1.50632875539 
0.465814 61.69197884394 1.66703085564 
0.466321 61.30853042119 1.69564803857 
0.466827 58.77715685741 1.82851600800 
0.467333 58.64148296978 1.84336990147 
0.467839 61.08082963060 2.14091210207 
0.468346 59.52448966747 2.34284420467 
0.468852 59.85112855718 2.56307245954 
0.469358 59.75353254699 2.93380696715 
0.469864 58.31862950730 3.05624797149 
0.470371 57.96367091311 3.77720915508 
0.470877 56.27441837705 4.27135727196 
0.471383 55.87237269540 5.26571712790 
0.471889 54.88120291152 7.12358099723 
0.472395 51.22350959844 5.67241457062 
0.472902 56.09267280407 13.95245831860 
