0.010896 1355.37979427418 13.48626712788 
0.011402 1213.09542467454 11.95233375330 
0.011909 1083.44185294983 12.81909344204 
0.012416 989.89121162609 8.33098523082 
0.012923 887.41350286975 7.94422238727 
0.013430 828.66155480725 11.14881382501 
0.013936 790.81423262703 9.27087454632 
0.014443 737.70835539704 7.70275893901 
0.014950 684.85567292257 6.25956918900 
0.015457 630.09119424930 5.70957460660 
0.015963 582.19244087308 4.96409634774 
0.016470 543.28941608475 4.22008977071 
0.016977 507.99793332249 3.89363808962 
0.017484 474.45643791559 3.52297380451 
0.017990 447.03142603483 3.07708184072 
0.018497 423.38510642671 2.57825110561 
0.019004 404.00822599857 2.53231557469 
0.019511 380.20939440213 2.28951512537 
0.020018 361.23119086569 2.29840489193 
0.020524 346.50941689620 1.80355166334 
0.021031 328.80831235628 1.91074742659 
0.021538 315.84132625352 1.72368612442 
0.022045 303.84816090678 1.94613535949 
0.022551 291.98761932434 1.60712766637 
0.023058 279.39967263987 1.47927388341 
0.023565 268.01686394824 1.59382580063 
0.024072 260.44417337501 1.74043571201 
0.024579 251.25302481048 1.72385164666 
0.025085 242.63847146417 2.18102084653 
0.025592 237.18192828507 2.06713960035 
0.026099 228.05845643996 2.22656982601 
0.026606 223.51917594443 1.62686280255 
0.027112 218.52736941841 1.83128641616 
0.027619 214.38506832914 1.50592209655 
0.028126 208.11893504954 1.52669119157 
0.028633 201.47694574312 1.39296973665 
0.029139 198.55215948278 1.23662775819 
0.029646 194.06713988053 1.16861251987 
0.030153 190.17945701754 1.16894346545 
0.030660 185.40314360006 1.03652598531 
0.031167 182.83559725219 0.91864341753 
0.031673 178.71733761245 0.88149986623 
0.032180 176.46993805647 0.88326558149 
0.032687 172.01801159759 0.85513031370 
0.033194 169.98625805394 0.83518703225 
0.033700 168.14521380945 0.74944721718 
0.034207 164.91524255774 0.78844520146 
0.034714 161.71280234589 0.76555432234 
0.035221 160.27798015353 0.73474957053 
0.035727 157.51709878648 0.69024851765 
0.036234 155.67273825965 0.68268023214 
0.036741 153.62789839178 0.69297587382 
0.037248 152.38021853752 0.63882076033 
0.037755 149.80079782596 0.62563430592 
0.038261 148.55042552881 0.62619710915 
0.038768 146.89741501175 0.57295153186 
0.039275 145.07301868777 0.57986636098 
0.039782 144.21570220023 0.59217903492 
0.040288 142.74809053836 0.53876172310 
0.040795 142.08579052500 0.57310019716 
0.041302 139.68389189930 0.58275494691 
0.041809 137.92793878655 0.56130933375 
0.042315 137.28053250269 0.56674159357 
0.042822 136.45824795195 0.53507531684 
0.043329 134.57944905939 0.52336271087 
0.043836 133.36075885282 0.51860014203 
0.044343 132.53288058832 0.51945268422 
0.044849 132.01294829427 0.53341251147 
0.045356 131.27928816477 0.50123195513 
0.045863 129.70153153384 0.51190358917 
0.046370 128.93537074915 0.52101901197 
0.046876 128.61642805332 0.50159693043 
0.047383 127.07383328952 0.47975492708 
0.047890 126.27757016259 0.49064201786 
0.048397 125.08081727086 0.48722764110 
0.048903 124.20225595496 0.51207711293 
0.049410 123.76762754663 0.47643290611 
0.049917 123.68515334808 0.46300292531 
0.050424 121.05019896344 0.46966625310 
0.050931 121.63490957632 0.44989280083 
0.051437 121.32119632932 0.45997408396 
0.051944 119.86367904905 0.45723272030 
0.052451 118.78925554022 0.44554473889 
0.052958 118.71007687688 0.43518606434 
0.053464 117.19561066959 0.43917774104 
0.053971 117.29987787480 0.43743638822 
0.054478 116.07879208093 0.44744031315 
0.054985 116.06550132199 0.43557477666 
0.055491 115.15677702995 0.45054457716 
0.055998 114.82933943811 0.44034636020 
0.056505 113.97962474008 0.42631167456 
0.057012 113.16473332178 0.42868852703 
0.057519 112.66012211989 0.43911638764 
0.058025 112.56461182936 0.41595132957 
0.058532 111.23649643295 0.42018917525 
0.059039 111.31619621493 0.41989462688 
0.059546 111.37604278220 0.41325178235 
0.060052 110.28236323832 0.41344333077 
0.060559 110.27537628111 0.41154674433 
0.061066 109.62046919663 0.39172206717 
0.061573 108.84401710958 0.39513673910 
0.062079 108.59744185913 0.39600134656 
0.062586 107.89963834369 0.40793490822 
0.063093 107.38091397898 0.38119120020 
0.063600 106.96951248605 0.38288253450 
0.064106 106.85489186981 0.38963844601 
0.064613 106.02054983705 0.39408816192 
0.065120 105.35556997312 0.38464894548 
0.065627 105.80226151118 0.38353535275 
0.066134 104.99032145110 0.39370818654 
0.066640 104.44577366242 0.38280989271 
0.067147 104.35750066881 0.38852870621 
0.067654 103.69416764083 0.37291493685 
0.068161 103.14683558981 0.35939793120 
0.068667 103.77882885641 0.36784536998 
0.069174 103.31753672877 0.37522422380 
0.069681 102.46246278136 0.37169017173 
0.070188 102.64436026166 0.36781233713 
0.070694 101.43853783958 0.35500429631 
0.071201 102.13005695039 0.37173746896 
0.071708 101.16649946270 0.36686422490 
0.072215 100.74335355635 0.36010134803 
0.072721 100.74550795335 0.34148578803 
0.073228 99.95013482609 0.35054628521 
0.073735 100.15492950104 0.35828473004 
0.074242 99.93932462845 0.34431976990 
0.074748 99.13312190686 0.33922244749 
0.075255 99.50407447171 0.34113096213 
0.075762 99.16477462221 0.35443140855 
0.076269 99.20102608637 0.34484340782 
0.076776 98.00679513166 0.34200864074 
0.077282 98.30509927362 0.32663261374 
0.077789 98.68696847887 0.32737234106 
0.078296 97.76149577841 0.33441356500 
0.078803 97.71524097234 0.33294668823 
0.079309 97.08209640300 0.33981413789 
0.079816 97.50608729742 0.33383094594 
0.080323 96.87901888833 0.32969141357 
0.080830 97.01100858597 0.33165729104 
0.081336 96.78815816169 0.33666985359 
0.081843 96.94818713779 0.33523426886 
0.082350 96.68524770097 0.33311907554 
0.082857 96.32090146438 0.33398937426 
0.083363 96.42024552208 0.33566187136 
0.083870 96.19722486919 0.32519601331 
0.084377 96.15663603462 0.33600822225 
0.084884 96.23666790580 0.32410477813 
0.085390 96.22366672965 0.32120232353 
0.085897 95.86909914801 0.34068857562 
0.086404 95.29292428938 0.32418084897 
0.086911 95.36101198605 0.32746342246 
0.087417 94.94164857935 0.33367398127 
0.087924 94.96301268321 0.33603768301 
0.088431 94.80290911604 0.33915537243 
0.088938 94.57257021969 0.33174964398 
0.089444 94.73473301206 0.33442589989 
0.089951 94.36189870377 0.32556038502 
0.090458 94.19666406489 0.33646442437 
0.090965 94.56213851506 0.33495630355 
0.091471 93.94170563941 0.32714813582 
0.091978 93.48022587890 0.32818217253 
0.092485 92.87908049655 0.35489977359 
0.092992 93.54525922791 0.34113578271 
0.093498 92.75749679995 0.32136201339 
0.094005 92.43736843693 0.33369893951 
0.094512 92.50903557937 0.32876867430 
0.095019 92.61981836790 0.32636364227 
0.095525 92.40846644864 0.32990521302 
0.096032 92.45144098047 0.32557358451 
0.096539 92.37904618496 0.33336155176 
0.097046 92.12923365083 0.33512046035 
0.097552 92.03224519445 0.33983593408 
0.098059 91.20525512594 0.32411519846 
0.098566 91.59809983131 0.31848209100 
0.099073 91.98008685232 0.31976013168 
0.099579 91.94848183934 0.33035173483 
0.100086 91.22411649430 0.31544805397 
0.100593 91.31437546961 0.31444292014 
0.101100 91.13952779821 0.31953079477 
0.101606 91.03053261752 0.31683555823 
0.102113 89.82310180562 0.31617711786 
0.102620 88.94880877351 0.29806137579 
0.103127 89.30845827475 0.29322694080 
0.103633 88.70327272612 0.29206238149 
0.104140 88.56991684210 0.29993842342 
0.104647 88.07355465275 0.30629279931 
0.105154 88.63794475778 0.29999342747 
0.105660 88.66810810070 0.31963188076 
0.106167 88.39455615333 0.30677131800 
0.106674 88.39574273017 0.29945126480 
0.107181 87.90369826849 0.29489216711 
0.107687 87.68268446177 0.28650297972 
0.108194 87.98060701460 0.29908174281 
0.108701 87.95975015004 0.29374491164 
0.109208 87.86375929413 0.29374100462 
0.109714 88.31813522272 0.28490385289 
0.110221 87.00158144543 0.28297473804 
0.110728 87.27974026832 0.29075603401 
0.111235 87.82457797063 0.27912505165 
0.111741 87.14886864175 0.28369053416 
0.112248 87.64871756675 0.28519025953 
0.112755 87.29543016958 0.28195156547 
0.113262 86.87137792789 0.28392604835 
0.113768 86.68967536161 0.26962364388 
0.114275 86.97468127445 0.27897732849 
0.114782 86.94956084422 0.27719455896 
0.115289 86.12934871625 0.28214754148 
0.115795 86.56455999894 0.27741292082 
0.116302 86.36220853607 0.27589434654 
0.116809 86.48157205600 0.27178914592 
0.117316 86.21454587939 0.27948810577 
0.117822 86.32040541000 0.27547938461 
0.118329 86.30445832921 0.26715423439 
0.118836 85.89308141172 0.26768973145 
0.119342 86.22499189429 0.26699026821 
0.119849 86.16282339704 0.26826448382 
0.120356 85.64326774548 0.26359363842 
0.120863 85.63989933199 0.27818691972 
0.121369 85.76705309175 0.26741985321 
0.121876 85.77301871853 0.26557696515 
0.122383 85.78601613259 0.26284158793 
0.122890 85.46717800293 0.26881939705 
0.123396 85.15694385948 0.26980112877 
0.123903 85.55086512495 0.26171535488 
0.124410 85.06422941088 0.26424455743 
0.124917 84.91666582735 0.26301800990 
0.125423 85.14521118603 0.26111667493 
0.125930 85.24794925528 0.26012104107 
0.126437 84.80956761011 0.26502420867 
0.126944 84.96475011593 0.26449364001 
0.127450 85.03975993007 0.26364248850 
0.127957 84.84832186262 0.25588477355 
0.128464 84.77833148087 0.25534741581 
0.128970 84.75242176172 0.25963876948 
0.129477 84.40112914087 0.26611097253 
0.129984 84.23883972578 0.25975693287 
0.130491 84.58204393374 0.24774195074 
0.130997 84.39619922595 0.24421162927 
0.131504 84.23267919159 0.25715509140 
0.132011 84.85810831324 0.24901010429 
0.132518 84.28576455427 0.24988209450 
0.133024 84.09981661276 0.24713006575 
0.133531 83.92836073001 0.24284407194 
0.134038 83.84217440191 0.24976970527 
0.134545 84.00920291710 0.25168650479 
0.135051 83.56125327855 0.24699747431 
0.135558 83.63553437468 0.24414839333 
0.136065 83.75114682475 0.24896715055 
0.136571 83.64966240662 0.24273182638 
0.137078 83.88887549930 0.24855059808 
0.137585 83.46751321542 0.24490909974 
0.138092 83.41860900136 0.25203084320 
0.138598 82.86924752201 0.24290401176 
0.139105 83.10021944615 0.24258815273 
0.139612 83.13106261649 0.23613015686 
0.140119 83.01693863272 0.24095602410 
0.140625 83.01376898752 0.24434269148 
0.141132 82.89143199443 0.23781631025 
0.141639 83.17157916520 0.23711569706 
0.142145 82.67892942026 0.24951307393 
0.142652 83.07882572985 0.24126701387 
0.143159 82.53793092138 0.24031203365 
0.143666 82.48408727517 0.24201368941 
0.144172 82.39856367982 0.24044193971 
0.144679 82.28967761903 0.24200235390 
0.145186 82.35173796198 0.23996680592 
0.145692 82.06374222852 0.23836005849 
0.146199 82.13332131306 0.24063416603 
0.146706 82.00579250669 0.23859021506 
0.147213 81.80369416034 0.24508363584 
0.147719 81.98934493661 0.23729856461 
0.148226 81.59504614235 0.24713894277 
0.148733 81.70763878907 0.23930855512 
0.149240 81.67566255586 0.24207613329 
0.149746 81.36758199930 0.25231918898 
0.150253 80.99166810045 0.24276797927 
0.150760 81.17139993848 0.24416693191 
0.151266 81.43766299067 0.24494570271 
0.151773 80.78678919663 0.24130684719 
0.152280 81.07204176385 0.24110635150 
0.152787 81.01092481997 0.23909131543 
0.153293 80.84320476409 0.23996526718 
0.153800 80.89294725139 0.24445942413 
0.154307 80.57391845131 0.24195064501 
0.154813 80.78119374409 0.24073794595 
0.155320 80.54695124843 0.23424375450 
0.155827 80.72019261166 0.23161062579 
0.156334 80.35274420468 0.23681500490 
0.156840 80.18343574497 0.23673251779 
0.157347 80.48559479686 0.23721580570 
0.157854 80.48050015084 0.23667253820 
0.158360 80.05658440498 0.23839367183 
0.158867 79.91718969579 0.23771852341 
0.159374 80.55300731976 0.23155827559 
0.159881 79.82498048070 0.23775958132 
0.160387 79.93578697761 0.23690426286 
0.160894 80.11723365600 0.23282740819 
0.161401 80.11075154542 0.23215521415 
0.161907 79.60115139995 0.23127614808 
0.162414 79.58107029188 0.22608843128 
0.162921 79.46620644304 0.23069116872 
0.163427 79.56983473042 0.23496833421 
0.163934 79.28300456093 0.23376438786 
0.164441 79.66561007291 0.23146924233 
0.164948 79.52467021719 0.23123932468 
0.165454 79.49267050429 0.23072132208 
0.165961 79.40548962726 0.23209439703 
0.166468 79.32471749116 0.23124509008 
0.166974 79.14655520683 0.23069414430 
0.167481 79.20675754766 0.23026846184 
0.167988 79.30102249367 0.23179679074 
0.168495 79.16366639585 0.23363743344 
0.169001 78.98368025886 0.22859037669 
0.169508 79.25202638071 0.23809602681 
0.170015 79.15786278045 0.23679689467 
0.170521 79.14668078551 0.23609325473 
0.171028 78.83363221540 0.23195003395 
0.171535 79.10122415241 0.24116686908 
0.172041 79.23449384321 0.23238550478 
0.172548 78.90192264014 0.23962621508 
0.173055 78.97038331915 0.23531570315 
0.173562 79.32180219451 0.23331383087 
0.174068 79.28375777948 0.23590131590 
0.174575 78.86726380091 0.23503302723 
0.175082 78.92333106026 0.23370570663 
0.175588 78.94542228222 0.23367513318 
0.176095 78.88394791952 0.23028396565 
0.176602 78.99384306353 0.23116231632 
0.177108 79.02301853767 0.24088756946 
0.177615 78.45068002929 0.23751755954 
0.178122 79.05896888584 0.23514430370 
0.178629 78.42564900851 0.23937726751 
0.179135 78.59029988215 0.23625638904 
0.179642 78.41506864470 0.23422155051 
0.180149 78.62038375273 0.23153349152 
0.180655 78.69763907440 0.23818841559 
0.181162 78.54087545864 0.23770131691 
0.181669 78.78893209278 0.23883383089 
0.182175 78.75229738601 0.24642361905 
0.182682 78.79718374726 0.24032942001 
0.183189 78.99390523618 0.24181461415 
0.183695 78.76773779365 0.24391590299 
0.184202 78.56592870368 0.24368200080 
0.184709 78.61855375477 0.23832728253 
0.185216 78.29573897709 0.24756338803 
0.185722 78.43810770360 0.24257088915 
0.186229 78.23560982509 0.24366179989 
0.186736 78.21998058323 0.24655058478 
0.187242 78.23027913422 0.24006570977 
0.187749 77.74965036835 0.24887309113 
0.188256 78.01972433176 0.24587496796 
0.188762 77.41481615155 0.24687044751 
0.189269 77.51035702956 0.24896538714 
0.189776 77.65083861679 0.24847848436 
0.190282 77.35811924943 0.24467651162 
0.190789 77.28355353824 0.23903523147 
0.191296 77.52472182799 0.24800109137 
0.191802 77.51895811438 0.24099542658 
0.192309 77.09968255640 0.23583888449 
0.192816 76.72931059492 0.23677696984 
0.193323 76.76842584210 0.23385268728 
0.193829 76.88438002940 0.23698463519 
0.194336 76.62831333378 0.23459872576 
0.194843 76.41179499599 0.23751098216 
0.195349 76.56753652831 0.23059192250 
0.195856 76.41090961492 0.23212014064 
0.196363 76.38228740465 0.22803692539 
0.196869 76.36751641122 0.23021978985 
0.197376 76.64294297436 0.22878542242 
0.197883 76.08146705103 0.23072061573 
0.198389 76.12521554979 0.22466087991 
0.198896 76.16677603004 0.22606244866 
0.199403 76.17285615748 0.22288018896 
0.199909 75.54094710635 0.22235082293 
0.200416 75.60833452476 0.22314241173 
0.200923 75.87049650527 0.22944863765 
0.201429 75.98708255541 0.22227649790 
0.201936 75.72768861148 0.21907077754 
0.202443 75.73083541067 0.22072246017 
0.202949 75.45020002356 0.22610387667 
0.203456 75.55665324087 0.21887282029 
0.203963 75.62088021956 0.21994415442 
0.204469 75.58565685543 0.21783643936 
0.204976 75.50078845601 0.21458786618 
0.205483 75.37484221912 0.21128633761 
0.205989 75.66628666708 0.21715836218 
0.206496 75.27652053353 0.21610611529 
0.207003 75.36867448202 0.21710975166 
0.207509 75.68979951850 0.21784922464 
0.208016 75.07116589354 0.21461210317 
0.208523 75.53547330915 0.21387117261 
0.209029 75.21746343591 0.21558522852 
0.209536 75.31049959179 0.21151627323 
0.210043 75.22694498542 0.21573582086 
0.210549 75.18596629302 0.21760375249 
0.211056 75.18857277007 0.21235966462 
0.211563 74.96074720558 0.20627980600 
0.212069 75.28520856051 0.20971588241 
0.212576 74.91539869814 0.20604408556 
0.213083 74.77944468243 0.21236122416 
0.213589 74.98469795041 0.21207033792 
0.214096 74.81183326444 0.20925243076 
0.214603 74.74092639124 0.20948513293 
0.215109 74.85948481765 0.21388708078 
0.215616 74.70931887783 0.20585349402 
0.216123 74.28261919599 0.20354668178 
0.216629 74.77136078584 0.20504065161 
0.217136 74.13911141717 0.20611524938 
0.217643 74.22319462960 0.20410615715 
0.218149 74.17130837425 0.20938204765 
0.218656 74.21544727295 0.20608837314 
0.219163 73.94843102952 0.20359511748 
0.219669 74.29714317188 0.21188431857 
0.220176 74.13703318259 0.20902306501 
0.220683 74.00692300376 0.20997068973 
0.221189 74.05864723630 0.20718408101 
0.221696 73.92692288805 0.20447650022 
0.222203 74.26903551055 0.20543614512 
0.222709 73.82279444541 0.20683804383 
0.223216 73.68424067828 0.20524769470 
0.223722 73.97169202171 0.20297421317 
0.224229 74.21884896148 0.20345776657 
0.224736 73.79488878412 0.20595525148 
0.225242 73.76934967816 0.20354616779 
0.225749 73.48187604433 0.20353858376 
0.226256 73.71843593144 0.20346171609 
0.226762 73.38277725781 0.20176516471 
0.227269 73.35468717835 0.20437019330 
0.227776 73.36108995196 0.19806851656 
0.228282 73.24631567526 0.20287903475 
0.228789 73.22735929565 0.19901525489 
0.229296 73.50546724828 0.20548861270 
0.229802 73.24991902184 0.20101602747 
0.230309 72.91355683967 0.19759441756 
0.230816 72.82642527301 0.20049901656 
0.231322 73.26710008457 0.20258195860 
0.231829 72.89057332816 0.19863360984 
0.232335 72.84690221998 0.20136756155 
0.232842 72.76245358204 0.20449660926 
0.233349 73.26549309185 0.20156832448 
0.233855 72.76226062914 0.19700776704 
0.234362 72.79900955936 0.19674450165 
0.234869 72.66721221614 0.20300145771 
0.235375 72.63767863344 0.20196826594 
0.235882 72.72624726873 0.19951653492 
0.236389 72.27015473109 0.19766896031 
0.236895 72.67359543135 0.19757481352 
0.237402 72.49611736939 0.20127666120 
0.237908 72.44968443336 0.20158203931 
0.238415 72.58419446970 0.19950139178 
0.238922 72.10804365781 0.19719599644 
0.239428 72.54029463246 0.20320196203 
0.239935 71.95699994558 0.19964479812 
0.240442 72.15025395229 0.20015757087 
0.240948 72.28249427529 0.20156239981 
0.241455 72.19597081802 0.20077024593 
0.241962 72.16884316370 0.20048861661 
0.242468 72.05945057609 0.19665624650 
0.242975 71.92810073408 0.19599628465 
0.243481 71.79640242697 0.19610295597 
0.243988 71.65335365850 0.19881762410 
0.244495 71.72473560934 0.19711081248 
0.245001 71.72534805425 0.19937913615 
0.245508 71.79127720728 0.19520452948 
0.246015 71.69005223373 0.19916395444 
0.246521 71.82503091187 0.20041652716 
0.247028 71.54584901958 0.19861015783 
0.247534 71.36887889743 0.19629638306 
0.248041 71.51971497791 0.19535126743 
0.248548 71.66788562902 0.19561102844 
0.249054 71.84767478175 0.19938758308 
0.249561 71.54779651301 0.19808656645 
0.250068 71.45877122826 0.19671437419 
0.250574 71.11054216959 0.19410740321 
0.251081 71.22254317892 0.19714038625 
0.251587 71.07170667980 0.20047579346 
0.252094 71.15196156530 0.19765748554 
0.252601 71.13410911277 0.19908788780 
0.253107 71.02729306507 0.19860733370 
0.253614 70.98572547473 0.19653542575 
0.254120 71.10509646798 0.19961831945 
0.254627 71.27644455724 0.19811211188 
0.255134 71.29201346173 0.19481089920 
0.255640 71.04090607014 0.19532517986 
0.256147 70.89097974136 0.19735708180 
0.256654 70.51951845365 0.19556450370 
0.257160 71.31242622169 0.19167633448 
0.257667 71.25688712037 0.19294018838 
0.258173 71.11334805678 0.19652124256 
0.258680 71.42089033152 0.19623120147 
0.259187 71.46429706038 0.19467277374 
0.259693 71.43920092392 0.19261160952 
0.260200 71.28499824933 0.19292183194 
0.260706 71.50971194890 0.19755093549 
0.261213 71.99600791907 0.19605575877 
0.261720 71.80197947235 0.19297781390 
0.262226 71.67115207729 0.19489564219 
0.262733 71.60377710507 0.19516354480 
0.263239 71.57351748452 0.19533804910 
0.263746 71.86164095875 0.19621839239 
0.264253 71.77468516357 0.19274930696 
0.264759 71.82367926073 0.19360925340 
0.265266 71.99655255440 0.19663001078 
0.265772 71.72714572042 0.19449068529 
0.266279 71.60597815692 0.19383053596 
0.266786 71.71911314163 0.19439797020 
0.267292 71.72696709545 0.19310192164 
0.267799 71.96576451265 0.19275843427 
0.268305 71.46507981220 0.19185275458 
0.268812 71.84636496614 0.19336679019 
0.269319 71.97145407701 0.18890027254 
0.269825 71.93314638549 0.18700633467 
0.270332 71.72011670787 0.19231628960 
0.270838 72.11691741397 0.19278305421 
0.271345 72.08861215452 0.19025457376 
0.271852 72.21495690959 0.19083949469 
0.272358 72.23311240055 0.19348190186 
0.272865 72.08267972714 0.19192473880 
0.273371 72.29474979961 0.18732514784 
0.273878 72.45333975161 0.19188830232 
0.274385 72.17704247856 0.18833662611 
0.274891 72.40362869312 0.19104639254 
0.275398 72.14280391190 0.18916676679 
0.275904 72.24350142628 0.18604156280 
0.276411 72.29997953852 0.18215670114 
0.276917 72.36145329345 0.18738958058 
0.277424 72.16438792370 0.18159074573 
0.277931 72.17650562581 0.18410776312 
0.278437 72.36487534514 0.18329437328 
0.278944 72.01972306353 0.17939228329 
0.279450 72.11852419549 0.18481534138 
0.279957 71.99012024678 0.18180610533 
0.280464 72.01370147786 0.18540360023 
0.280970 72.03392809369 0.18121818273 
0.281477 72.25713691894 0.18121160767 
0.281983 72.18447136216 0.18443541918 
0.282490 71.97970796774 0.18378617463 
0.282996 71.97835300726 0.18158439757 
0.283503 72.01538102840 0.17799852593 
0.284010 72.03705106136 0.18152146036 
0.284516 71.88468548405 0.17741960631 
0.285023 71.61416026710 0.17623952296 
0.285529 71.91095048678 0.17422775282 
0.286036 71.76237200741 0.17385294046 
0.286542 71.55602295629 0.17588384811 
0.287049 71.76549638605 0.17319248976 
0.287556 71.64093220502 0.17571316089 
0.288062 71.29290593722 0.17362098589 
0.288569 71.28083486431 0.17012080527 
0.289075 71.53811463624 0.17106853167 
0.289582 71.24297632837 0.17275283515 
0.290088 71.16039228249 0.17025429989 
0.290595 71.31847351195 0.16850288595 
0.291102 71.24093281651 0.16901311105 
0.291608 71.20136101566 0.16839659954 
0.292115 71.37155503288 0.16951775753 
0.292621 71.12154837648 0.16470318575 
0.293128 71.21512700007 0.16634844808 
0.293634 71.33147055467 0.16732939086 
0.294141 71.04224220461 0.16627893479 
0.294647 71.20463110972 0.16598063085 
0.295154 71.05785533177 0.16991654477 
0.295661 70.97665324142 0.16408106161 
0.296167 70.96818967215 0.16492403131 
0.296674 70.52218681591 0.16656140432 
0.297180 70.91026204568 0.16616092024 
0.297687 70.63391067278 0.16229774962 
0.298193 70.92402745340 0.16097382136 
0.298700 70.75275365550 0.16681206593 
0.299207 70.59713696314 0.16530392248 
0.299713 70.37010725006 0.16500995072 
0.300220 70.50390791906 0.16605680932 
0.300726 70.32544776451 0.16119881458 
0.301233 70.45955986791 0.16458039736 
0.301739 70.15082659127 0.16346870202 
0.302246 70.10060863469 0.16342648016 
0.302752 70.24593840202 0.16084816192 
0.303259 70.31032679086 0.16246272366 
0.303765 70.15083647048 0.16058485919 
0.304272 70.18487355823 0.16038731362 
0.304779 69.95383724215 0.15964361214 
0.305285 70.26157642288 0.16131942680 
0.305792 70.26993213489 0.15923708164 
0.306298 70.18379897732 0.16136748477 
0.306805 69.95596271044 0.16377242398 
0.307311 69.69901885971 0.16061808385 
0.307818 69.88261426156 0.15760013879 
0.308324 69.84853099326 0.15295484518 
0.308831 69.35813159325 0.15572999478 
0.309337 69.54537091362 0.15498012798 
0.309844 69.34807811051 0.15404405456 
0.310350 69.34238162359 0.15769877638 
0.310857 68.87181624605 0.15188481099 
0.311364 68.79291025749 0.15412125233 
0.311870 68.61769603973 0.15031544876 
0.312377 68.27262024458 0.14773603313 
0.312883 67.99064370828 0.14789080034 
0.313390 67.99255975409 0.14882709180 
0.313896 67.94872196300 0.14656661332 
0.314403 67.55059524404 0.14350682520 
0.314909 67.68600443652 0.14581699901 
0.315416 67.38328251904 0.14478732410 
0.315922 67.42115345554 0.14538101542 
0.316429 67.19884429483 0.14344889584 
0.316935 67.41594603236 0.13980855301 
0.317442 67.14601459608 0.14455901808 
0.317948 67.13445042164 0.14094582902 
0.318455 67.21145539028 0.13957235650 
0.318961 66.91437093964 0.14489688099 
0.319468 66.92947570017 0.14024640121 
0.319975 66.70975323090 0.14229091466 
0.320481 66.68202827506 0.14227047361 
0.320988 66.66758032276 0.14443420725 
0.321494 66.71831936913 0.13922022698 
0.322001 66.64843311478 0.14735123393 
0.322507 66.47396702718 0.14179220426 
0.323014 66.58840660456 0.14260077646 
0.323520 66.43192386480 0.14129026334 
0.324027 66.34404349561 0.14296609977 
0.324533 66.27374583054 0.14298394988 
0.325040 66.46091001023 0.14121045472 
0.325546 66.52632968913 0.14160968374 
0.326053 66.34534494378 0.13612761880 
0.326559 66.18680294454 0.13914851024 
0.327066 66.24948333029 0.13846682054 
0.327572 66.53689021175 0.13721673482 
0.328079 66.11342984364 0.14042015237 
0.328585 66.14931739071 0.13901118420 
0.329092 66.11203758080 0.13583434812 
0.329598 66.28616049334 0.13979972639 
0.330105 65.94698633269 0.14044959719 
0.330611 65.75686101797 0.13951590106 
0.331118 65.90290069893 0.13666106626 
0.331624 66.21107303811 0.13908554387 
0.332131 65.87240167955 0.13644198276 
0.332637 65.70847424120 0.13951425853 
0.333144 65.73669646566 0.14060336249 
0.333650 65.82323974639 0.14054491794 
0.334157 65.82563430195 0.13832817198 
0.334663 65.80489768407 0.13898769340 
0.335170 65.99461618340 0.14464773390 
0.335676 65.66793791268 0.13965916626 
0.336183 65.84921211371 0.13549261230 
0.336689 65.58417280170 0.14053811690 
0.337196 65.59731147690 0.14187433687 
0.337702 65.73088172062 0.13736048630 
0.338209 65.51634296441 0.13784865054 
0.338715 65.38023554251 0.14061269945 
0.339222 65.33962326389 0.13954542477 
0.339728 65.56540587383 0.13796010340 
0.340235 65.10171887247 0.21407303604 
0.340741 65.37606622863 0.13672113176 
0.341248 65.47857724220 0.13828770589 
0.341754 65.30651064325 0.13924997119 
0.342261 64.99620241525 0.13648679530 
0.342767 65.14025229762 0.13710784072 
0.343274 65.30451527764 0.13710362686 
0.343780 65.18893298686 0.13713089799 
0.344287 65.26153677606 0.13871083177 
0.344793 65.36825664981 0.14133798034 
0.345300 64.84478654720 0.13924533369 
0.345806 64.94226170336 0.14096360711 
0.346313 64.97630552026 0.14279091788 
0.346819 64.99556366336 0.14390397183 
0.347325 65.19179018968 0.14806624243 
0.347832 64.94701017582 0.14402789130 
0.348338 64.70017075404 0.14330101308 
0.348845 64.86837726908 0.14666107168 
0.349351 64.88407787399 0.14601344735 
0.349858 64.87718972535 0.15210599852 
0.350364 64.54366298578 0.14681486912 
0.350871 64.76118010386 0.14593319546 
0.351377 64.52129867003 0.14777638725 
0.351884 64.50913987398 0.14664513507 
0.352390 64.53656048999 0.14817658255 
0.352897 64.48237188879 0.15087960136 
0.353403 64.21013919171 0.15069967316 
0.353910 64.55509307166 0.15226747596 
0.354416 64.48947268625 0.15313336088 
0.354923 64.26455570819 0.15370723305 
0.355429 64.00094832780 0.15170989218 
0.355935 64.12873701627 0.15269046952 
0.356442 64.05202842357 0.15282118051 
0.356948 63.97917470742 0.15327166198 
0.357455 64.17047969083 0.15405532408 
0.357961 64.24666871803 0.15746267072 
0.358468 63.73004131019 0.15715748998 
0.358974 63.94638225041 0.21984830938 
0.359481 63.80368148154 0.20464458260 
0.359987 63.86038104724 0.20238378923 
0.360494 63.98946641875 0.18956965776 
0.361000 63.89843223669 0.18654216927 
0.361506 63.61880552819 0.18432566258 
0.362013 63.83385694841 0.19016437669 
0.362519 63.78529147400 0.18563754900 
0.363026 63.74215374457 0.18286913923 
0.363532 64.14296145604 0.18900409076 
0.364039 63.65085148530 0.18388744819 
0.364545 63.87120838644 0.18032181531 
0.365052 63.91800525257 0.18458692129 
0.365558 63.87651740896 0.18400467640 
0.366064 63.54715995055 0.18299274703 
0.366571 63.66131682888 0.18501182228 
0.367077 63.93541403154 0.18531961175 
0.367584 63.65677304863 0.18687409172 
0.368090 63.59332306681 0.18675674626 
0.368597 63.71397024098 0.18725865178 
0.369103 63.56744862891 0.18549418623 
0.369610 63.45860132549 0.18873101441 
0.370116 63.58462090476 0.18937852044 
0.370622 63.72499131884 0.19104454027 
0.371129 63.32434201652 0.18785890703 
0.371635 63.52897790350 0.18921870920 
0.372142 63.91682074483 0.19543928109 
0.372648 63.44401075497 0.19559772875 
0.373155 62.90157046928 0.19269550348 
0.373661 63.55392674243 0.19485420413 
0.374167 63.57932777085 0.19828945180 
0.374674 63.10790712892 0.19535595393 
0.375180 63.93631757100 0.19785489882 
0.375687 62.95139500755 0.19676950423 
0.376193 63.54410030158 0.19930345485 
0.376700 63.17507695947 0.20310632010 
0.377206 63.41793991830 0.20314374018 
0.377712 63.38529243396 0.20458673774 
0.378219 63.17705984868 0.20331929928 
0.378725 63.42554628625 0.20232004544 
0.379232 63.05335440211 0.20533153447 
0.379738 63.54774463725 0.20014857653 
0.380245 63.39055393216 0.20514991957 
0.380751 63.17707042655 0.20726570760 
0.381257 63.32695086000 0.20886304076 
0.381764 63.30903703251 0.20847932956 
0.382270 63.17311626644 0.20676423577 
0.382777 63.19197338652 0.21090150745 
0.383283 62.86669140003 0.21076862624 
0.383789 63.24992423721 0.21238161508 
0.384296 63.15377675310 0.20954051958 
0.384802 63.03048954172 0.21202765346 
0.385309 63.04827492124 0.20604994317 
0.385815 62.98749890504 0.20793067762 
0.386321 63.18973503769 0.21073414910 
0.386828 63.27357246118 0.22049623561 
0.387334 62.73588305214 0.21326356081 
0.387841 62.56745471246 0.21334753673 
0.388347 63.13179416257 0.21081767856 
0.388853 62.99730060885 0.21588939382 
0.389360 62.94862816673 0.21695275037 
0.389866 62.81866616742 0.21454903534 
0.390373 62.72282010785 0.21625993358 
0.390879 63.00247305899 0.21819328849 
0.391385 62.55408941171 0.22092145251 
0.391892 62.44060666804 0.21888444925 
0.392398 62.72142965379 0.22088331764 
0.392905 62.58282376483 0.22515777723 
0.393411 62.62078203038 0.21997330722 
0.393917 62.90549851372 0.22058146185 
0.394424 62.81755929174 0.22575076699 
0.394930 62.34803665814 0.22466616930 
0.395437 63.13770108465 0.22767887972 
0.395943 62.55734720666 0.22121554207 
0.396449 62.70614832300 0.40477591080 
0.396956 62.54309047328 0.22171220261 
0.397462 62.59687392873 0.23068079218 
0.397969 62.54670161658 0.23534084212 
0.398475 62.74465611159 0.22956520711 
0.398981 62.77760246726 0.23452788304 
0.399488 62.54784958948 0.23471681069 
0.399994 62.28735975957 0.24734139291 
0.400500 62.66354802386 0.24842549191 
0.401007 62.76653117947 0.23438136232 
0.401513 62.50147805990 0.24276040647 
0.402020 62.29069211289 0.24334592226 
0.402526 62.63233589279 0.24321845989 
0.403032 62.87361974210 0.24100363918 
0.403539 62.55196027039 0.25783218454 
0.404045 61.96772942746 0.24822074306 
0.404551 62.04362119149 0.26244224210 
0.405058 62.62662902073 0.27591166295 
0.405564 62.17308487345 0.25523551856 
0.406071 62.60378864144 0.25791196968 
0.406577 62.55074985113 0.25077988422 
0.407083 62.23516826713 0.26194287217 
0.407590 62.29954070118 0.26699923645 
0.408096 62.20276102584 0.27839688669 
0.408602 62.33274842411 0.27500548506 
0.409109 62.39132542469 0.26371828943 
0.409615 61.91505349434 0.27200046703 
0.410121 62.27986824201 0.26426006129 
0.410628 61.99221108914 0.26182432625 
0.411134 61.92152228118 0.26646335254 
0.411641 62.02599536318 0.27886314148 
0.412147 62.12384594716 0.26688606156 
0.412653 61.66153544088 0.26752411546 
0.413160 62.32381806845 0.26534420938 
0.413666 61.70653504307 0.26299471360 
0.414172 61.73362344169 0.27442223846 
0.414679 61.98862637453 0.27112825234 
0.415185 62.26715205499 0.28909842648 
0.415691 61.87675049232 0.27069660605 
0.416198 61.96574369424 0.27512778241 
0.416704 61.85107646891 0.28227080362 
0.417210 61.94319981618 0.28453420544 
0.417717 62.13926239722 0.29257185459 
0.418223 62.12109274894 0.27150358365 
0.418729 61.81233848415 0.27814328427 
0.419236 61.62576926230 0.27997410269 
0.419742 61.54382348250 0.26911171976 
0.420248 61.98694649104 0.27699879645 
0.420755 61.99036156371 0.28293964705 
0.421261 61.45833907867 0.28635217158 
0.421767 62.21976968715 0.28678507097 
0.422274 61.56860209128 0.27244479225 
0.422780 61.76661885469 0.28572914316 
0.423286 61.56128882480 0.28202724763 
0.423793 61.51494986664 0.27978323818 
0.424299 61.93590542943 0.30041168100 
0.424805 61.83005441903 0.28853967965 
0.425312 62.03162731828 0.29239362077 
0.425818 61.82363115719 0.28787502437 
0.426324 62.24401552252 0.30925127937 
0.426831 61.29023088786 0.28856147699 
0.427337 61.55583853829 0.29879159263 
0.427843 62.26287603031 0.30253037209 
0.428350 61.71661603037 0.31116220905 
0.428856 61.66179174662 0.30814300443 
0.429362 61.92642290092 0.30988913290 
0.429869 61.54662831830 0.31301626108 
0.430375 61.49505715963 0.31397845461 
0.430881 61.03580611882 0.31499360577 
0.431388 61.57124799417 0.31557282167 
0.431894 61.60472926193 0.32879676129 
0.432400 60.72175934855 0.32697702552 
0.432907 61.42345763771 0.32726819888 
0.433413 61.81534728801 0.34815754499 
0.433919 61.21132837501 0.33443651642 
0.434425 61.84620766809 0.32676752190 
0.434932 61.39062951331 0.34011635116 
0.435438 61.62692913557 0.35372136807 
0.435944 61.47799516424 0.32587141945 
0.436451 61.23992752919 0.33878515652 
0.436957 61.25405554485 0.35363077456 
0.437463 61.84301590340 0.35259229066 
0.437970 61.27287985253 0.34059162735 
0.438476 62.05970074404 0.34268685569 
0.438982 61.80781936442 0.35465942554 
0.439489 61.37978872411 0.37221684178 
0.439995 61.74529764312 0.39153431728 
0.440501 60.96785700249 0.37331001421 
0.441007 61.38536022166 0.37978502502 
0.441514 61.54458706564 0.36098036349 
0.442020 61.47080970625 0.40482934363 
0.442526 61.16593065649 0.38655011959 
0.443033 61.32349019662 0.37914977137 
0.443539 60.97248331397 0.38527640552 
0.444045 60.87303995244 0.40202496994 
0.444551 60.89597885941 0.40264546344 
0.445058 61.35208203655 0.40370762991 
0.445564 60.29195044889 0.43593698575 
0.446070 61.10241343766 0.42911838409 
0.446577 60.60457634260 0.42006306210 
0.447083 60.56389648314 0.44468708597 
0.447589 61.07965076780 0.45187264527 
0.448095 61.40648074038 0.45518734684 
0.448602 60.81288819240 0.46693743257 
0.449108 61.06574671128 0.49221773506 
0.449614 60.28201168675 0.50050962833 
0.450121 60.35540164910 0.49340802437 
0.450627 60.88805224913 0.50548940512 
0.451133 60.23601151926 0.49521552429 
0.451639 60.69680199966 0.53125664179 
0.452146 60.16958440714 0.52083602830 
0.452652 60.28302851455 0.53479275847 
0.453158 59.90843896024 0.57238379617 
0.453664 60.95218620982 0.55671168315 
0.454171 60.45962144871 0.61014453143 
0.454677 60.25745749037 0.60540352624 
0.455183 59.57693988207 0.62044288755 
0.455689 59.88044544123 0.62283727727 
0.456196 60.41327667912 0.65713327499 
0.456702 60.86119708287 0.63013392691 
0.457208 60.99388998826 0.72086240255 
0.457714 58.93305165188 0.74626161276 
0.458221 60.48266568298 0.73212748338 
0.458727 59.97427552667 0.79205876377 
0.459233 60.16853278336 0.84930977823 
0.459740 60.32353377618 0.87635089080 
0.460246 60.31770974514 0.91845179016 
0.460752 60.66636562994 0.98277886339 
0.461258 59.40030222951 1.00957902227 
0.461765 59.66931232787 1.10661278474 
0.462271 59.57339336443 1.07816011007 
0.462777 59.66716809545 1.24029384059 
0.463283 60.05858809143 1.25145163823 
0.463789 60.28398628102 1.34145055424 
0.464296 60.91263760894 1.34641712181 
0.464802 61.43591356601 1.41137845727 
0.465308 58.76730882352 1.53661096406 
0.465814 59.62300207786 1.69370441608 
0.466321 61.05717909620 1.75249119776 
0.466827 60.05672209894 1.87529160259 
0.467333 59.78115314139 1.91841183985 
0.467839 60.95652979907 1.99824410646 
0.468346 59.89392711757 2.25412139066 
0.468852 58.97085865622 2.50416533374 
0.469358 59.63069905107 2.95361926844 
0.469864 56.88577714074 2.77210319720 
0.470371 59.13203426490 3.80536238304 
0.470877 60.79773110306 4.69480160221 
0.471383 59.31899024311 5.61478614877 
0.471889 57.38845329311 7.28398742429 
0.472395 53.09006371874 5.61856253779 
0.472902 52.15639674804 12.35506182767 
