0.010896 1346.72536739257 12.65487272963 
0.011402 1190.13538938812 11.85719738322 
0.011909 1084.01527911847 10.01903770903 
0.012416 984.89670487205 8.92626262495 
0.012923 880.91832326690 7.27029475793 
0.013430 829.87179472890 10.40873459062 
0.013936 787.85575338093 9.50602208203 
0.014443 728.73716804746 7.08968398373 
0.014950 680.07828751843 6.79337802410 
0.015457 631.26265098824 5.60741756654 
0.015963 577.88639870105 4.80258135705 
0.016470 539.75171830644 4.05896619651 
0.016977 507.39450160530 3.80430484190 
0.017484 474.57622018584 3.14829073864 
0.017990 448.76677098319 3.05253324999 
0.018497 418.90543420181 2.67950969828 
0.019004 400.31014350597 2.43344022975 
0.019511 376.67582035575 2.11117626954 
0.020018 362.09139561568 2.17004302185 
0.020524 344.25261872286 1.82550864413 
0.021031 328.33513551847 1.96804849548 
0.021538 314.89462715976 1.64037692489 
0.022045 304.08580456406 1.72270839835 
0.022551 288.73059608571 1.55693844746 
0.023058 277.61940095887 1.53272317867 
0.023565 269.69988602729 1.58302926950 
0.024072 261.20514998308 1.69814365991 
0.024579 250.81409809994 1.66500619924 
0.025085 242.46237696777 2.16943180117 
0.025592 237.31229155645 2.13418987084 
0.026099 230.81051515067 2.18955020045 
0.026606 223.64028539607 1.65613031021 
0.027112 218.79498808210 1.79354920420 
0.027619 213.24868017208 1.49753470558 
0.028126 207.09279959511 1.54043421357 
0.028633 201.63842712651 1.33774856438 
0.029139 198.49118372137 1.14817756424 
0.029646 193.11910761741 1.12847209592 
0.030153 189.43589771105 1.08277549305 
0.030660 186.98009662692 1.10940604904 
0.031167 181.80927977024 0.93281737397 
0.031673 179.88793661861 0.96065723772 
0.032180 176.70249619588 0.86971270095 
0.032687 173.41491608402 0.88492018317 
0.033194 170.11942468495 0.82036260724 
0.033700 168.99191705183 0.73032326182 
0.034207 166.23911638849 0.73331157637 
0.034714 161.89360001366 0.73673929342 
0.035221 161.23702208585 0.70202296079 
0.035727 158.29286942788 0.66704366433 
0.036234 157.21587411769 0.67710021689 
0.036741 153.68668956485 0.67683603759 
0.037248 152.06788699515 0.63739866604 
0.037755 150.29930463935 0.60213450266 
0.038261 149.10001992250 0.57881114682 
0.038768 147.64902106896 0.58799740436 
0.039275 146.09990847489 0.59084599072 
0.039782 144.60582134597 0.60145322311 
0.040288 142.74871727834 0.56337277155 
0.040795 141.68614268757 0.56821572631 
0.041302 140.19438781782 0.56045133633 
0.041809 139.21052730415 0.53061272903 
0.042315 137.54461948335 0.54902487271 
0.042822 137.01021069145 0.54540164181 
0.043329 135.18206818650 0.54474629280 
0.043836 133.30291282096 0.55305969379 
0.044343 132.96766913418 0.50770875158 
0.044849 131.18238868557 0.51804680695 
0.045356 131.20434925840 0.51081197782 
0.045863 129.98908070903 0.50206084897 
0.046370 128.34507487522 0.53257785272 
0.046876 128.62732615189 0.49689998401 
0.047383 127.17688358270 0.51218354910 
0.047890 126.11337400539 0.50443113839 
0.048397 125.88293205881 0.49946149748 
0.048903 124.66116938330 0.48996357782 
0.049410 123.72275610022 0.48368032069 
0.049917 123.28901107392 0.45484821824 
0.050424 122.09697938514 0.46400923405 
0.050931 121.65168212651 0.46622326683 
0.051437 121.03586650705 0.45349556705 
0.051944 119.99508194848 0.43891794772 
0.052451 120.07590305307 0.44718997630 
0.052958 118.56722456938 0.44298988592 
0.053464 117.67720962080 0.45196671550 
0.053971 117.74338505296 0.45218749290 
0.054478 117.55705311782 0.45228505324 
0.054985 116.36457384554 0.45324605450 
0.055491 115.60016829783 0.44189995227 
0.055998 114.89896831017 0.42526950272 
0.056505 114.45133761717 0.42045950431 
0.057012 113.58247315834 0.41844026370 
0.057519 113.57012227458 0.42850847667 
0.058025 111.87960184104 0.42095804467 
0.058532 111.99495692011 0.40597991802 
0.059039 110.74680948681 0.41010338798 
0.059546 110.70065637706 0.42460622697 
0.060052 110.96785816907 0.44484671845 
0.060559 109.74165335791 0.39380436119 
0.061066 109.14097493731 0.40625442974 
0.061573 108.82107271620 0.40253244311 
0.062079 108.48793910475 0.39186315373 
0.062586 107.61168342142 0.40754077597 
0.063093 108.01214898224 0.38908715768 
0.063600 107.04270123484 0.39030489544 
0.064106 106.70019786914 0.38528490348 
0.064613 105.93278212415 0.39722416833 
0.065120 106.10920614462 0.39888987470 
0.065627 105.37211401903 0.39067648320 
0.066134 104.82348356323 0.38419184683 
0.066640 104.89786908407 0.39364540009 
0.067147 104.57835722225 0.38601639246 
0.067654 104.47036792947 0.37865302712 
0.068161 103.56025503184 0.37713711839 
0.068667 103.53781420302 0.36183308169 
0.069174 102.81687068129 0.37800542781 
0.069681 102.57978932687 0.36261595336 
0.070188 102.68597240858 0.36774353734 
0.070694 101.72003877877 0.36743182533 
0.071201 101.89327332569 0.34943969488 
0.071708 101.48253797200 0.35177197410 
0.072215 101.07980131535 0.36599427268 
0.072721 100.70948631328 0.36655601178 
0.073228 100.36961775889 0.35105410446 
0.073735 99.91228453902 0.34640622009 
0.074242 100.34851620981 0.35133700557 
0.074748 99.07621050584 0.34654184727 
0.075255 99.09909499442 0.34022337699 
0.075762 98.78300169702 0.33101932249 
0.076269 99.21627347854 0.34571261323 
0.076776 98.29196757790 0.33441582935 
0.077282 98.80074656767 0.33233205415 
0.077789 98.12847041945 0.32318406920 
0.078296 97.68518154788 0.32610196159 
0.078803 97.95945518370 0.32766487916 
0.079309 97.16266441908 0.33052240529 
0.079816 97.62862131917 0.34062821430 
0.080323 97.07549785832 0.33118251132 
0.080830 97.72944333804 0.31796252800 
0.081336 97.14507053799 0.33505072076 
0.081843 96.90475208795 0.33513106633 
0.082350 96.75960428260 0.34503974484 
0.082857 96.54374653472 0.33572784897 
0.083363 96.61777717863 0.33404670544 
0.083870 96.04223545496 0.32948040281 
0.084377 96.03847599421 0.34119675012 
0.084884 95.67283906271 0.33114041455 
0.085390 95.64855922585 0.33242340156 
0.085897 95.93667072882 0.33559397249 
0.086404 95.39755756612 0.32739144432 
0.086911 95.70836479906 0.33953421556 
0.087417 95.33857985069 0.32413549876 
0.087924 94.90510642934 0.32816963334 
0.088431 94.97972856908 0.33496499264 
0.088938 95.37970968643 0.32301855479 
0.089444 94.79034670258 0.33960424869 
0.089951 94.42887866223 0.32912567353 
0.090458 94.04826335109 0.32920044276 
0.090965 94.12571160248 0.32922249469 
0.091471 93.37696975407 0.32739472355 
0.091978 93.51623296103 0.33272341205 
0.092485 92.72294097456 0.34193649956 
0.092992 92.58332939596 0.33922488526 
0.093498 92.95283864766 0.34271005782 
0.094005 93.16999102534 0.34278519501 
0.094512 93.05454844845 0.33642186624 
0.095019 93.57974898144 0.32690250137 
0.095525 93.02146583099 0.32538227671 
0.096032 92.32541960815 0.32892758905 
0.096539 92.20757195057 0.33036310069 
0.097046 92.00794963690 0.31812881081 
0.097552 91.82094840948 0.33732222825 
0.098059 91.98195508998 0.32652372294 
0.098566 91.67064816450 0.31903404498 
0.099073 92.25418664119 0.33000532350 
0.099579 92.00876720899 0.33223433033 
0.100086 90.84991181572 0.31442652014 
0.100593 91.64716287391 0.32218947506 
0.101100 91.72480027406 0.31812319072 
0.101606 90.65647778548 0.30971650908 
0.102113 90.07817357308 0.30269518172 
0.102620 90.20742802566 0.30261500103 
0.103127 90.00020615418 0.29399710376 
0.103633 89.50335895415 0.29298404811 
0.104140 88.83824633960 0.29964602238 
0.104647 88.37325897723 0.29413759148 
0.105154 88.88009793637 0.29869437096 
0.105660 88.63963426171 0.31399288698 
0.106167 88.85666960877 0.29671646398 
0.106674 88.14105342949 0.29820643331 
0.107181 88.13588409962 0.29785452937 
0.107687 88.65742935590 0.30375177633 
0.108194 87.96726935707 0.29706107695 
0.108701 87.69944152991 0.28073946968 
0.109208 88.27669645990 0.30109894012 
0.109714 88.16580098470 0.29455103642 
0.110221 88.04584838770 0.29173288163 
0.110728 87.48782531813 0.28997383527 
0.111235 87.83094714434 0.28736172402 
0.111741 87.18531668838 0.28046057502 
0.112248 87.38490434624 0.27733929782 
0.112755 87.58991533209 0.27923758237 
0.113262 86.77238638591 0.28381193540 
0.113768 86.89041961026 0.27692944203 
0.114275 86.81008991944 0.29027109435 
0.114782 86.77981508358 0.28280123528 
0.115289 86.73984710816 0.27974638009 
0.115795 86.82615971534 0.27755403383 
0.116302 86.37524984696 0.26521610355 
0.116809 86.11968740728 0.26698958242 
0.117316 86.46243191210 0.27339555178 
0.117822 86.56670076062 0.27261085917 
0.118329 86.30899708169 0.27524767834 
0.118836 85.83511959469 0.27248189067 
0.119342 86.09708607341 0.27005890565 
0.119849 86.09519089616 0.27053929599 
0.120356 85.73714691021 0.26573906610 
0.120863 85.71237680292 0.26880739861 
0.121369 85.58902732424 0.27161397992 
0.121876 85.78320085406 0.26846001603 
0.122383 85.40861706713 0.26175427720 
0.122890 85.26091527622 0.26119465776 
0.123396 85.40702001365 0.26331018440 
0.123903 85.59625652190 0.25978312375 
0.124410 85.35537501571 0.26594303327 
0.124917 85.14883604730 0.26408343262 
0.125423 84.94746881960 0.26735443262 
0.125930 85.14071856038 0.25818291398 
0.126437 84.92785987322 0.25830415847 
0.126944 84.51437629053 0.25718686353 
0.127450 84.30802010226 0.25787171370 
0.127957 84.84074403942 0.25819326919 
0.128464 84.61946384629 0.25476065422 
0.128970 84.32060585114 0.25030359570 
0.129477 84.17708749912 0.25484122400 
0.129984 84.36909959444 0.25556868260 
0.130491 84.19295174894 0.24409349774 
0.130997 84.47970449786 0.24862060453 
0.131504 84.23954934770 0.24465768775 
0.132011 83.98744861808 0.24945920067 
0.132518 83.56106877919 0.26045465744 
0.133024 83.78440508633 0.24725334451 
0.133531 83.80567952514 0.24218195630 
0.134038 84.11955436194 0.25266390052 
0.134545 84.01187853399 0.25995815728 
0.135051 83.71339544099 0.24463493035 
0.135558 83.70347777919 0.25408020999 
0.136065 83.04836155756 0.24176897937 
0.136571 83.61857231068 0.24109185392 
0.137078 83.57901731887 0.24427514045 
0.137585 83.46163496858 0.25023014920 
0.138092 83.26294886389 0.24849963083 
0.138598 83.00165366487 0.24788629480 
0.139105 83.22871237343 0.24292310955 
0.139612 83.09635839558 0.24286809166 
0.140119 82.99602988679 0.23984186576 
0.140625 82.76611136183 0.23749098087 
0.141132 83.00474543417 0.24329267333 
0.141639 82.71036323327 0.23850605053 
0.142145 82.64350233177 0.23839225756 
0.142652 82.58634489148 0.24510917344 
0.143159 82.33981293704 0.24339810039 
0.143666 82.51051016727 0.24413963032 
0.144172 82.10351402180 0.24744024716 
0.144679 82.14827709324 0.23640855145 
0.145186 81.97108659178 0.24390868805 
0.145692 82.07331732562 0.24108039223 
0.146199 81.89459038908 0.24491951146 
0.146706 81.86892831170 0.24765741904 
0.147213 81.83504336937 0.24015047758 
0.147719 81.61590041651 0.24231846635 
0.148226 81.66735106855 0.23869741355 
0.148733 81.79088022968 0.24766362192 
0.149240 81.44434594815 0.23337563171 
0.149746 81.71682158413 0.24673610342 
0.150253 81.00599947747 0.24660338302 
0.150760 81.11565740490 0.24162965869 
0.151266 81.23703752800 0.23965356380 
0.151773 81.27485571567 0.24066327513 
0.152280 81.06040192372 0.24194850750 
0.152787 80.72997891173 0.23826379794 
0.153293 80.74524825182 0.23728915373 
0.153800 80.64059055040 0.23626379615 
0.154307 80.57791854977 0.24442435695 
0.154813 80.49755184307 0.23523985328 
0.155320 80.76260895654 0.24342462535 
0.155827 80.63191324611 0.23514134973 
0.156334 80.55990318538 0.23995492482 
0.156840 80.50931878420 0.23559520041 
0.157347 80.46616320882 0.23364412812 
0.157854 80.18819042118 0.23341669166 
0.158360 79.99987899383 0.23140606731 
0.158867 79.72493628363 0.23960752962 
0.159374 80.05931665793 0.23049983673 
0.159881 80.07939667886 0.23098708105 
0.160387 79.67398128734 0.23980937145 
0.160894 79.64799322374 0.23862131136 
0.161401 79.48043714468 0.23247604945 
0.161907 79.46284320211 0.23527035983 
0.162414 79.36512953883 0.23598993912 
0.162921 79.51392175029 0.23205393882 
0.163427 79.71024183869 0.23384113061 
0.163934 79.31319406964 0.22997496621 
0.164441 79.26413020796 0.23217601755 
0.164948 79.30298696666 0.23538319400 
0.165454 79.23040225149 0.23376319756 
0.165961 79.03620292935 0.22998691563 
0.166468 78.99742962065 0.23000698770 
0.166974 78.87387027813 0.23260718338 
0.167481 78.86550770554 0.22831957253 
0.167988 79.08846825744 0.23042769945 
0.168495 79.14631214040 0.22940950481 
0.169001 79.09324384616 0.23582059579 
0.169508 79.27413966126 0.23742038972 
0.170015 79.18937919416 0.23240415286 
0.170521 78.88663540671 0.24022996787 
0.171028 78.98427753559 0.23141687447 
0.171535 79.17282096179 0.23402095041 
0.172041 78.82631635507 0.23660131553 
0.172548 78.92078877733 0.23642601484 
0.173055 79.09743865587 0.23609090814 
0.173562 79.03277531689 0.23238011312 
0.174068 79.02090277142 0.23272740566 
0.174575 78.62454199977 0.23628038940 
0.175082 79.03152029370 0.23348822707 
0.175588 78.84863089455 0.23573617024 
0.176095 79.06467307736 0.23697543551 
0.176602 78.81402212763 0.23623213100 
0.177108 78.68042452781 0.23842983608 
0.177615 78.56626311494 0.23675312750 
0.178122 78.90376665202 0.23968759680 
0.178629 78.52791599218 0.23861134656 
0.179135 78.46547037754 0.23474888545 
0.179642 78.38216971748 0.23519089616 
0.180149 78.56023019477 0.23784817672 
0.180655 78.42808351597 0.23293542249 
0.181162 78.56170009215 0.23928096511 
0.181669 78.77030025388 0.23447169664 
0.182175 78.35618146729 0.23847837895 
0.182682 78.69763780908 0.24345450554 
0.183189 78.68327090594 0.23936889372 
0.183695 78.51726614097 0.24476067622 
0.184202 78.24328070078 0.24328001227 
0.184709 78.21587752642 0.24232288354 
0.185216 78.07174717334 0.23573488315 
0.185722 78.10591431942 0.24032215231 
0.186229 77.99834958558 0.24251458977 
0.186736 78.14631794616 0.24391382509 
0.187242 77.99178856119 0.24617500187 
0.187749 77.91541914379 0.24987828966 
0.188256 77.70729592319 0.24679189508 
0.188762 77.98577840111 0.24938924795 
0.189269 77.55632737763 0.24391755796 
0.189776 77.69957453184 0.24780061311 
0.190282 77.30243294196 0.25168669036 
0.190789 77.31485958731 0.24502941869 
0.191296 77.44303022219 0.24846011685 
0.191802 77.44097812155 0.24735531293 
0.192309 76.98693908707 0.23800572156 
0.192816 76.86318132963 0.23933103765 
0.193323 77.11874762986 0.23542344183 
0.193829 76.79373386232 0.23373716025 
0.194336 76.52294660008 0.23589633160 
0.194843 76.57088051266 0.23183754152 
0.195349 76.60270384553 0.23560227667 
0.195856 76.40130190827 0.23059459911 
0.196363 75.96868101115 0.23602800056 
0.196869 75.96399252541 0.22976197897 
0.197376 76.41017424459 0.22772492184 
0.197883 75.99516687443 0.23122757281 
0.198389 76.16658523897 0.22575605583 
0.198896 75.87076467182 0.22570571764 
0.199403 75.59954564645 0.22564537443 
0.199909 76.01575988339 0.22504870801 
0.200416 75.68074834335 0.22389350160 
0.200923 75.79503865482 0.22013633326 
0.201429 75.66411328404 0.22560567406 
0.201936 75.68557108627 0.22101062909 
0.202443 75.58835141883 0.21958806678 
0.202949 75.30170341119 0.22544614351 
0.203456 75.81401677483 0.22337029074 
0.203963 75.50291551684 0.22282190912 
0.204469 75.38731256162 0.21788313008 
0.204976 75.44620458587 0.21971834404 
0.205483 75.67792803322 0.21759637080 
0.205989 75.37199278820 0.21630502477 
0.206496 75.18761063890 0.21509709703 
0.207003 75.20771965750 0.21791657311 
0.207509 75.54756379892 0.21586068034 
0.208016 75.44621272440 0.21389852671 
0.208523 75.05848259308 0.21185583499 
0.209029 75.00969182822 0.21444453499 
0.209536 75.12248804201 0.20990681534 
0.210043 75.12352947974 0.21481866239 
0.210549 74.80181077012 0.21207777793 
0.211056 75.11759612989 0.20888999483 
0.211563 75.06639703140 0.20978461323 
0.212069 74.80439969861 0.21026410633 
0.212576 74.91246487656 0.20562726140 
0.213083 74.90612846704 0.20963407725 
0.213589 74.78476055902 0.21252078142 
0.214096 74.84109289332 0.20731784840 
0.214603 74.90354388191 0.21032599744 
0.215109 74.40252998511 0.20405983183 
0.215616 74.75445644857 0.20851303179 
0.216123 74.42880520226 0.20762770675 
0.216629 74.18602988485 0.20644246245 
0.217136 74.40424179214 0.20607875260 
0.217643 74.25551011976 0.21062091904 
0.218149 74.16233422497 0.20558298538 
0.218656 73.96016896910 0.20330775151 
0.219163 73.99727075187 0.20874855840 
0.219669 74.03108930459 0.20633420109 
0.220176 74.12366321065 0.20757125391 
0.220683 74.09032838505 0.20724264565 
0.221189 73.84170999467 0.20034998878 
0.221696 73.79531633335 0.20389278942 
0.222203 74.12557340428 0.20685228626 
0.222709 73.83343860577 0.20418797198 
0.223216 73.92243074562 0.20452537858 
0.223722 73.80439095268 0.20249787732 
0.224229 73.53065502364 0.20822103640 
0.224736 73.79924879666 0.20298485805 
0.225242 73.63000000849 0.20036612877 
0.225749 73.64782694057 0.19888088636 
0.226256 73.13836916290 0.20172724747 
0.226762 73.86105841406 0.19894570688 
0.227269 73.60736116688 0.20539348573 
0.227776 73.27423750258 0.20116984653 
0.228282 73.19920867365 0.19933968063 
0.228789 73.36738500981 0.20146888358 
0.229296 72.96903044137 0.20203996437 
0.229802 73.50075688992 0.19833552238 
0.230309 73.28209634085 0.20055280860 
0.230816 73.04561501799 0.19963682388 
0.231322 73.21645896105 0.20212417654 
0.231829 72.81046573501 0.20129930872 
0.232335 73.03780819891 0.20020007529 
0.232842 72.89192727058 0.20101918046 
0.233349 73.04998877712 0.19936550829 
0.233855 73.01534353957 0.19766741611 
0.234362 72.76885088809 0.20119389928 
0.234869 72.74919661262 0.20099574750 
0.235375 72.65956824858 0.20240577279 
0.235882 72.63956635966 0.20166303578 
0.236389 72.58209664294 0.19928624298 
0.236895 72.52666761728 0.19713280338 
0.237402 72.66409120188 0.19995168997 
0.237908 72.53373904081 0.20082650758 
0.238415 72.08694716847 0.19584709904 
0.238922 72.35435359034 0.19406647557 
0.239428 72.45517499051 0.19983637180 
0.239935 72.23339305391 0.20092931665 
0.240442 72.08066233977 0.19819783475 
0.240948 72.01561705727 0.19881176141 
0.241455 72.11982109853 0.19803560471 
0.241962 72.07500017871 0.19955036884 
0.242468 71.81126675541 0.19922701244 
0.242975 72.09441941515 0.19631544430 
0.243481 71.88021049145 0.19645860399 
0.243988 71.76254146511 0.19677844499 
0.244495 71.75697009440 0.19769783363 
0.245001 71.84585952783 0.19879817189 
0.245508 71.88365887063 0.19935408546 
0.246015 71.89006179615 0.19685567127 
0.246521 71.80898435118 0.19581726631 
0.247028 71.59564001612 0.19824422960 
0.247534 71.36329491157 0.19313543937 
0.248041 71.21079433181 0.19066347627 
0.248548 71.32871192345 0.19801328427 
0.249054 71.61609600310 0.19730974213 
0.249561 71.38954595672 0.19653306945 
0.250068 71.23780045893 0.19948136188 
0.250574 71.28260968272 0.19934628130 
0.251081 71.24449078804 0.19713473179 
0.251587 71.26934026642 0.19771460476 
0.252094 71.36076027988 0.19797470868 
0.252601 71.46621713993 0.19752581578 
0.253107 71.11069100471 0.19649646864 
0.253614 70.96158325079 0.19908132452 
0.254120 70.73469947602 0.19519928851 
0.254627 70.87824109406 0.19622040291 
0.255134 70.97027148325 0.19611969760 
0.255640 71.05813760538 0.19658414088 
0.256147 70.92794615118 0.19441120719 
0.256654 70.82853832975 0.19962114912 
0.257160 71.29295282124 0.19657767906 
0.257667 71.33696192086 0.19556247937 
0.258173 71.29528423708 0.19532205918 
0.258680 71.80554618182 0.19665595334 
0.259187 71.31437002463 0.19472210337 
0.259693 71.46177471358 0.19680088033 
0.260200 71.32222629214 0.19444463218 
0.260706 71.57048678473 0.19834815817 
0.261213 71.54913329580 0.19273244154 
0.261720 71.66498692457 0.19787269061 
0.262226 71.71913670529 0.19329102582 
0.262733 71.85030346779 0.19171148018 
0.263239 71.79287815300 0.19395937161 
0.263746 71.77230941301 0.19319765886 
0.264253 71.66087464983 0.19377443278 
0.264759 71.52886351952 0.19248163786 
0.265266 71.67084955919 0.19167964362 
0.265772 71.66460226027 0.19137730262 
0.266279 71.88980697953 0.18916419777 
0.266786 71.48234766715 0.19185821754 
0.267292 71.70928164189 0.18939938079 
0.267799 71.55239880484 0.18767739983 
0.268305 71.70515730797 0.18881963941 
0.268812 71.57291157518 0.18698821189 
0.269319 71.58024922053 0.19040599137 
0.269825 71.85305280410 0.19009308292 
0.270332 71.82246124198 0.18768150713 
0.270838 72.18835556331 0.19305433558 
0.271345 72.22797229661 0.19380234311 
0.271852 72.11911061652 0.19358744073 
0.272358 71.98576647266 0.19351575172 
0.272865 72.35609007114 0.19313469976 
0.273371 72.52048065101 0.19219829112 
0.273878 72.77837494813 0.19281666131 
0.274385 72.42154108660 0.19325936733 
0.274891 72.53757547931 0.18999503416 
0.275398 71.93423938850 0.18794900779 
0.275904 72.23327382751 0.18394183420 
0.276411 72.45355997559 0.18726559021 
0.276917 72.38668355376 0.18347877439 
0.277424 72.29923475698 0.18758157152 
0.277931 72.10631511371 0.18548091506 
0.278437 72.28180055826 0.18241078024 
0.278944 72.18598596841 0.18216276521 
0.279450 72.12016965871 0.18441219728 
0.279957 72.00810305881 0.18469530985 
0.280464 72.09589054200 0.18477960333 
0.280970 72.02279869331 0.18353761423 
0.281477 72.06403278755 0.18015916317 
0.281983 72.05455751028 0.18549849705 
0.282490 72.42862944772 0.18331875965 
0.282996 72.06232515616 0.18178099903 
0.283503 71.82065964531 0.17962655257 
0.284010 71.97604294363 0.17774902641 
0.284516 71.85303924008 0.17801242593 
0.285023 71.84418720282 0.17768120498 
0.285529 71.83764344920 0.17656900024 
0.286036 71.75954149451 0.17638099723 
0.286542 71.51768979717 0.17332853600 
0.287049 71.64526315231 0.17448287034 
0.287556 71.43769034366 0.17317568591 
0.288062 71.69272028706 0.17354075534 
0.288569 71.69659414376 0.17113407941 
0.289075 71.12476610070 0.16900755346 
0.289582 71.35807396732 0.16807797819 
0.290088 71.39220912441 0.16817843441 
0.290595 71.21473310256 0.16724060868 
0.291102 71.39134293952 0.16935065011 
0.291608 71.37785503818 0.16847037950 
0.292115 71.01564773037 0.16529010085 
0.292621 71.24344958585 0.16913448021 
0.293128 71.34744172621 0.16705598295 
0.293634 71.14840651502 0.16839686876 
0.294141 70.95021647336 0.16609349241 
0.294647 71.24928317525 0.16886305384 
0.295154 70.94125201757 0.16890820638 
0.295661 70.81635620534 0.16629942653 
0.296167 71.06819763629 0.16738114671 
0.296674 70.68185659279 0.16622000282 
0.297180 70.64810906389 0.16519807176 
0.297687 70.80556698889 0.16599122524 
0.298193 70.85056407113 0.16598072222 
0.298700 70.54994420657 0.16526817621 
0.299207 70.69065369815 0.16799989127 
0.299713 70.64331799563 0.16602041314 
0.300220 70.58271211064 0.16276315256 
0.300726 70.48300022414 0.16271876145 
0.301233 70.42536162644 0.16087321802 
0.301739 70.15110928315 0.16685592832 
0.302246 70.30607665397 0.16198569430 
0.302752 69.94829615015 0.16195156572 
0.303259 70.36234705326 0.16171578870 
0.303765 70.35270299941 0.16490299709 
0.304272 70.21273951032 0.15893450449 
0.304779 70.18453195050 0.16293252278 
0.305285 70.23834888317 0.15917759556 
0.305792 70.10809042767 0.16046897975 
0.306298 70.23183661257 0.16359702262 
0.306805 69.93691244877 0.16508340889 
0.307311 69.90944776239 0.15922687495 
0.307818 70.16097380773 0.16211378448 
0.308324 69.65019964775 0.15357742927 
0.308831 69.53407610178 0.15619342852 
0.309337 69.53017835540 0.15333052254 
0.309844 69.35225476614 0.15665410020 
0.310350 69.19714785365 0.15549092854 
0.310857 68.97099374607 0.15232247463 
0.311364 68.72979611397 0.14820770630 
0.311870 68.42284885837 0.15077461254 
0.312377 68.14932837443 0.15051836407 
0.312883 68.19443225720 0.14730829693 
0.313390 68.12934304944 0.14911575018 
0.313896 67.97181351945 0.14611998972 
0.314403 67.44583528125 0.14381077747 
0.314909 67.82385188019 0.14487481362 
0.315416 67.57572220133 0.14583806850 
0.315922 67.46803975868 0.14617636999 
0.316429 67.50241243189 0.14808190361 
0.316935 67.33880501135 0.14369403469 
0.317442 67.16969975292 0.14164349637 
0.317948 67.24104527600 0.14086991770 
0.318455 67.08225731883 0.14296735902 
0.318961 66.96100903638 0.14107116656 
0.319468 66.97705265269 0.13835889394 
0.319975 66.83451122393 0.14332309306 
0.320481 66.42472941171 0.14172518000 
0.320988 66.46852913368 0.14217969390 
0.321494 66.70741876528 0.13979700672 
0.322001 66.59307309371 0.14672754598 
0.322507 66.57594581137 0.14259248529 
0.323014 66.48591407150 0.13987201921 
0.323520 66.78234931768 0.14158559088 
0.324027 66.48121403507 0.14308361561 
0.324533 66.47786412645 0.14078641867 
0.325040 66.26759706386 0.13968640326 
0.325546 66.36722358256 0.14213405776 
0.326053 66.52845031444 0.13852058906 
0.326559 66.27519218225 0.13853661692 
0.327066 66.09260550691 0.13655712764 
0.327572 66.19511792709 0.13612708887 
0.328079 66.21088059831 0.13839299400 
0.328585 66.22683316946 0.13929036396 
0.329092 66.10955612987 0.13882829285 
0.329598 66.14686378441 0.13951097886 
0.330105 66.12328750338 0.13946601086 
0.330611 65.86147872700 0.13605831489 
0.331118 66.08041494618 0.13903686101 
0.331624 65.98542599875 0.13636728574 
0.332131 65.89439896568 0.13646634119 
0.332637 65.97128017735 0.13799977781 
0.333144 66.01899031342 0.14127042356 
0.333650 65.63805362630 0.13622184993 
0.334157 66.04245410100 0.13972935523 
0.334663 65.82959298956 0.13667323635 
0.335170 65.96270278828 0.13801048847 
0.335676 65.76609310477 0.13863015338 
0.336183 65.84545976288 0.14057234454 
0.336689 65.83389593968 0.14216540698 
0.337196 65.74102456249 0.13959711452 
0.337702 65.62799863946 0.13625011891 
0.338209 65.33856921606 0.13697680443 
0.338715 65.27071394213 0.13926739364 
0.339222 65.57142134721 0.14199779000 
0.339728 65.29664598609 0.13899799181 
0.340235 65.32314637805 0.22934998683 
0.340741 65.44408713218 0.14141175245 
0.341248 65.32285487675 0.14120709123 
0.341754 65.07870930010 0.13725189880 
0.342261 65.20162584115 0.13930952833 
0.342767 65.22170558649 0.13983667163 
0.343274 65.16691418845 0.13896096298 
0.343780 65.24503450212 0.13944070239 
0.344287 65.37321235002 0.13854162903 
0.344793 65.03967708543 0.13749879113 
0.345300 65.02909314458 0.14208112375 
0.345806 65.17477022125 0.14511514702 
0.346313 65.11052147766 0.14286361722 
0.346819 65.08646613369 0.14483459622 
0.347325 65.32565433869 0.14409978341 
0.347832 64.92780154429 0.14416658627 
0.348338 64.80699624039 0.14567004248 
0.348845 64.86426837936 0.14460972746 
0.349351 64.80954186275 0.14640895726 
0.349858 64.63847929876 0.14640532013 
0.350364 64.89075945735 0.14826446064 
0.350871 64.61344526103 0.14386759988 
0.351377 64.82279231403 0.15031783153 
0.351884 64.67089773359 0.14838229671 
0.352390 64.52902607420 0.14608686441 
0.352897 64.23407769371 0.14905302590 
0.353403 64.52742873942 0.14835633292 
0.353910 64.18139149724 0.15099248956 
0.354416 64.24343944435 0.15506264123 
0.354923 64.12341303604 0.15256486854 
0.355429 63.93125876409 0.15272920183 
0.355935 63.92353886081 0.14852594302 
0.356442 64.01750686010 0.15332082226 
0.356948 64.38928764707 0.15313450978 
0.357455 64.15920066186 0.15818852366 
0.357961 63.89779858604 0.15636246724 
0.358468 63.93445287854 0.15383145746 
0.358974 63.89459471723 0.22058158646 
0.359481 63.95273736678 0.20340301099 
0.359987 64.11030641834 0.19831156869 
0.360494 63.85852369194 0.18565635908 
0.361000 63.54695326603 0.19047971470 
0.361506 63.91001588205 0.18178555508 
0.362013 63.95927376445 0.18488293877 
0.362519 63.85147296931 0.18427576059 
0.363026 63.85000287544 0.18653475559 
0.363532 63.83898092280 0.18626880865 
0.364039 63.97975310500 0.18266703969 
0.364545 63.91894415774 0.18243587852 
0.365052 63.75505388486 0.18513874818 
0.365558 63.88254383092 0.18417575864 
0.366064 63.78302754056 0.18102756819 
0.366571 63.78462171632 0.18690170036 
0.367077 63.55302280309 0.18376668447 
0.367584 63.85074455686 0.18491151068 
0.368090 63.83875633353 0.18318632190 
0.368597 63.89667921835 0.19001170525 
0.369103 63.43440611309 0.18734553421 
0.369610 63.67549379292 0.18817049584 
0.370116 63.68643661606 0.18826835657 
0.370622 63.65466310797 0.18928753042 
0.371129 63.57522453693 0.18904652315 
0.371635 63.72834113759 0.19136314996 
0.372142 63.51651845552 0.19117166130 
0.372648 63.63851009928 0.19584885890 
0.373155 63.46630671925 0.19791219439 
0.373661 63.27667221605 0.19139838621 
0.374167 63.18146478870 0.19608226720 
0.374674 63.44591122242 0.19788417256 
0.375180 63.14074412265 0.19631255679 
0.375687 63.24943551830 0.20107736181 
0.376193 63.32397642805 0.20065260683 
0.376700 63.19145645000 0.19509246422 
0.377206 63.69938539756 0.20106691504 
0.377712 63.11148276572 0.20055301014 
0.378219 63.14809095787 0.20600649493 
0.378725 63.57652925181 0.20408348247 
0.379232 63.36926619698 0.20865696263 
0.379738 63.38118244627 0.20615109322 
0.380245 63.17860013513 0.20860327487 
0.380751 63.36060756669 0.20848773674 
0.381257 63.25946911363 0.20447602197 
0.381764 63.03487484331 0.20888362060 
0.382270 63.25398318718 0.21223111269 
0.382777 63.17064364694 0.20388305874 
0.383283 63.13983453486 0.20595582604 
0.383789 62.77196918774 0.20599189768 
0.384296 63.32843520056 0.21239104821 
0.384802 62.99080693843 0.20769277740 
0.385309 62.92554042301 0.21270013837 
0.385815 63.44174994057 0.21584418430 
0.386321 62.87396005363 0.21230879702 
0.386828 62.88387177829 0.21444931129 
0.387334 62.71137515560 0.21018129899 
0.387841 62.71234438285 0.21903955831 
0.388347 62.77900722765 0.21245824531 
0.388853 62.93470388690 0.21402436247 
0.389360 62.69855519515 0.21698280126 
0.389866 62.84309693981 0.21080831640 
0.390373 62.66126286616 0.21775808693 
0.390879 62.89929585497 0.22255417529 
0.391385 62.76181639640 0.21569646245 
0.391892 63.02930677141 0.21694730728 
0.392398 62.85339586858 0.21888178134 
0.392905 62.42465982068 0.22176489084 
0.393411 62.63440103627 0.22588572350 
0.393917 62.74096725917 0.21777582978 
0.394424 62.77053205468 0.22509873149 
0.394930 62.43087614072 0.22421912664 
0.395437 62.60617697302 0.22798098721 
0.395943 62.87266139490 0.22764373813 
0.396449 62.82137742382 0.31273630957 
0.396956 63.00484715430 0.22713213055 
0.397462 62.41773312746 0.22975498944 
0.397969 62.88589187010 0.23328752606 
0.398475 62.47865538270 0.22990614891 
0.398981 62.34917663050 0.23819734034 
0.399488 62.67514412567 0.23293436161 
0.399994 62.41176691184 0.23740264327 
0.400500 62.17013413994 0.23534101718 
0.401007 62.27064189626 0.23737449844 
0.401513 62.61832886387 0.24362676320 
0.402020 62.32259776724 0.23862961134 
0.402526 62.08215230819 0.24577450921 
0.403032 62.38399685898 0.24441601759 
0.403539 62.34152430546 0.25819299170 
0.404045 62.13297912914 0.25492463289 
0.404551 62.43287956774 0.26874914404 
0.405058 62.31379684405 0.27412981709 
0.405564 62.35622516020 0.26064635745 
0.406071 62.61211452579 0.26070464960 
0.406577 62.78346262218 0.25564741558 
0.407083 62.22756001149 0.25764878539 
0.407590 62.47882108825 0.26214047692 
0.408096 62.49255796748 0.27466572095 
0.408602 62.28293766991 0.27513017272 
0.409109 62.24178517885 0.26054212272 
0.409615 62.04512275745 0.27461428740 
0.410121 62.09623847750 0.26227311808 
0.410628 61.90474899789 0.26855375685 
0.411134 62.16044605502 0.26230290159 
0.411641 62.21233480308 0.27037259840 
0.412147 62.05570801471 0.26478182099 
0.412653 61.93106689663 0.26408422879 
0.413160 62.14008692539 0.26317451610 
0.413666 61.89434397133 0.26866863008 
0.414172 61.65019971393 0.27657332599 
0.414679 61.77042424607 0.26889015556 
0.415185 62.03739809813 0.28775267582 
0.415691 61.79459547663 0.27390986296 
0.416198 61.86566855027 0.28504483753 
0.416704 62.07956604512 0.28895011572 
0.417210 62.02723642887 0.27919112628 
0.417717 62.17857688018 0.29120483424 
0.418223 62.05229434128 0.27852891831 
0.418729 61.77299805186 0.28184128709 
0.419236 61.74314070107 0.27942487702 
0.419742 61.61425385151 0.26565880459 
0.420248 61.40615403483 0.28025711850 
0.420755 61.44786400960 0.28130953827 
0.421261 61.67352832643 0.27774222891 
0.421767 61.65685188916 0.28378693089 
0.422274 61.77425757313 0.27730530255 
0.422780 61.83668889166 0.27983022552 
0.423286 61.60652561610 0.27843741998 
0.423793 61.77888843589 0.27273492666 
0.424299 61.64044374912 0.28119165884 
0.424805 62.07136785836 0.29252819551 
0.425312 61.93925826576 0.30347634906 
0.425818 62.25003362008 0.28856641282 
0.426324 61.65971353250 0.31202208069 
0.426831 61.55122158320 0.30370004691 
0.427337 61.37590881389 0.29900034371 
0.427843 61.85668363812 0.30047176499 
0.428350 61.69036056010 0.30525587940 
0.428856 61.32571508288 0.30681888275 
0.429362 61.35183402291 0.30791766796 
0.429869 61.64355812486 0.30690602308 
0.430375 61.68094343769 0.31625294316 
0.430881 61.83361180640 0.30985884487 
0.431388 61.62904682586 0.31076149810 
0.431894 61.59248668803 0.32263976453 
0.432400 61.24067567678 0.32637009459 
0.432907 61.66291395139 0.30913739633 
0.433413 61.94786073742 0.32866150262 
0.433919 61.25176439544 0.33737135429 
0.434425 60.69410467641 0.33603390454 
0.434932 61.44945211701 0.33209133116 
0.435438 61.75266325637 0.35127780012 
0.435944 60.87598529193 0.33748864978 
0.436451 61.77498239373 0.34939728453 
0.436957 61.55505027268 0.35700278296 
0.437463 61.37607848693 0.35545425160 
0.437970 61.54325732632 0.36584261636 
0.438476 61.40651380694 0.35636306607 
0.438982 61.14492469715 0.36982747589 
0.439489 60.97494289877 0.37889546014 
0.439995 61.06774229600 0.38193796215 
0.440501 60.98425828896 0.37410375727 
0.441007 61.53325474518 0.38237571708 
0.441514 61.19916408009 0.39289026713 
0.442020 61.57110950035 0.38440344184 
0.442526 61.90553009162 0.39254169666 
0.443033 61.73033853522 0.40321265132 
0.443539 60.71377405644 0.38283290838 
0.444045 60.75404272858 0.39964471907 
0.444551 60.93612758354 0.41080653751 
0.445058 61.11984552466 0.41473306309 
0.445564 61.02372836736 0.44968615045 
0.446070 61.40441461115 0.41982457584 
0.446577 60.63011990525 0.43629607471 
0.447083 60.61877176013 0.45101255839 
0.447589 60.47113260466 0.45857689222 
0.448095 60.82595188524 0.44931320158 
0.448602 60.61769933136 0.46372619695 
0.449108 60.25133847905 0.48660960268 
0.449614 60.60573956034 0.49180293755 
0.450121 60.77500886567 0.48005501095 
0.450627 60.67616140619 0.50928273915 
0.451133 60.69623872291 0.50351253233 
0.451639 60.50058021795 0.52714901203 
0.452146 60.30289368254 0.52398195817 
0.452652 60.12582357754 0.54805909518 
0.453158 59.68937565494 0.56086973130 
0.453664 60.12178824389 0.58042294813 
0.454171 60.30423633099 0.58850120272 
0.454677 59.76842385796 0.60150669778 
0.455183 59.99329144638 0.62207396065 
0.455689 60.37737075013 0.62386167192 
0.456196 61.22831141911 0.66032081511 
0.456702 60.27972155923 0.64319969207 
0.457208 60.57989615563 0.70919096773 
0.457714 60.46820399256 0.75154486578 
0.458221 60.15475290916 0.74314664188 
0.458727 60.91090465223 0.81905520992 
0.459233 59.62813639938 0.83864189103 
0.459740 60.70472811014 0.83546576078 
0.460246 59.09580119526 0.87827573996 
0.460752 60.23121759122 0.96700701445 
0.461258 58.68269024925 0.97977985962 
0.461765 61.40220831879 1.09399993343 
0.462271 59.32077910467 1.01515255505 
0.462777 59.66705495352 1.23188555769 
0.463283 60.15497214031 1.25631289021 
0.463789 60.11217014859 1.34920096626 
0.464296 59.16304947815 1.30314423524 
0.464802 60.62525168947 1.36208705390 
0.465308 60.58358308218 1.48148786491 
0.465814 59.87579079070 1.70146231511 
0.466321 59.10554799821 1.70417652332 
0.466827 59.97872172694 1.83843611579 
0.467333 60.08765366199 1.88559276179 
0.467839 58.69794826998 1.94361440782 
0.468346 60.69650259404 2.37641548761 
0.468852 60.64328474543 2.50423557206 
0.469358 58.69703305147 2.83920980920 
0.469864 57.34490897678 2.84907770518 
0.470371 58.38504319935 3.81960536784 
0.470877 56.94316751288 4.37637028452 
0.471383 57.59661057421 5.42347337068 
0.471889 58.34328308595 7.41677183572 
0.472395 56.04548159851 5.95665243729 
0.472902 51.16890430795 12.12689353134 
