0.010896 1341.12498840225 12.25902331669 
0.011402 1192.36042902600 13.43644108652 
0.011909 1073.54537263398 11.28725458450 
0.012416 963.24833729853 8.88979178542 
0.012923 877.14033079596 6.74030270747 
0.013430 813.77119764772 11.85658216392 
0.013936 779.41313916966 8.95380735066 
0.014443 723.61628036913 7.05686391885 
0.014950 670.00317127979 5.99052604264 
0.015457 618.83383205958 4.87994838837 
0.015963 573.72678212113 4.84748548589 
0.016470 535.65586506079 4.34844768227 
0.016977 502.23668671947 3.57902591310 
0.017484 470.73162036626 3.19412379589 
0.017990 446.01684026340 3.12966617956 
0.018497 422.32510017713 2.64789099100 
0.019004 396.39427936602 2.20280256583 
0.019511 375.63059806865 2.22202412364 
0.020018 355.90923146916 1.93120095506 
0.020524 341.57413275000 2.00613663769 
0.021031 324.35065918717 1.90815914488 
0.021538 312.16569461775 1.73192146142 
0.022045 298.67440058917 1.74197647768 
0.022551 285.93305269461 1.54847394057 
0.023058 276.46900436795 1.54349134137 
0.023565 270.08912979616 1.65388317716 
0.024072 259.83572702105 1.70530860124 
0.024579 249.33426074617 1.65761747817 
0.025085 240.92465190241 2.18448324557 
0.025592 235.06964574034 2.12097303993 
0.026099 226.86410242993 2.20392932906 
0.026606 222.40352060790 1.60654282381 
0.027112 216.52859618659 1.69167302323 
0.027619 211.18952700353 1.51294769657 
0.028126 205.94388196048 1.55119799263 
0.028633 201.28401744104 1.36549162494 
0.029139 196.97187736439 1.23882797110 
0.029646 192.60272557522 1.11722365825 
0.030153 187.53761365505 1.08986636599 
0.030660 185.06885794782 1.05355798638 
0.031167 183.04742811041 0.93422157123 
0.031673 177.71117239582 0.88924577840 
0.032180 175.30399519360 0.88957596930 
0.032687 171.69736024914 0.87452571887 
0.033194 169.70278085882 0.89194039074 
0.033700 166.64838648182 0.74972073730 
0.034207 165.02722567145 0.76837065979 
0.034714 161.54027115935 0.75086438105 
0.035221 159.43249465330 0.70721503638 
0.035727 156.37952591359 0.71123695342 
0.036234 156.37409368583 0.67977079637 
0.036741 153.84545216718 0.64623173457 
0.037248 151.56852772310 0.65127936186 
0.037755 150.93474873317 0.57392744342 
0.038261 147.87628816785 0.62845128069 
0.038768 147.58742911008 0.57476868553 
0.039275 145.40957328457 0.58069796036 
0.039782 143.25340107115 0.61428789878 
0.040288 143.01482015560 0.58552615960 
0.040795 140.28202953661 0.56870483029 
0.041302 139.94753774696 0.55985471667 
0.041809 139.16593019213 0.54462069028 
0.042315 137.28087863500 0.56714819917 
0.042822 136.19411623373 0.53012029262 
0.043329 134.13991117640 0.52517603975 
0.043836 133.26619096188 0.52691510236 
0.044343 132.60443535228 0.52134556937 
0.044849 131.11530585242 0.50674813298 
0.045356 130.35031255357 0.52060700158 
0.045863 129.43657966529 0.50871547418 
0.046370 128.19195132386 0.49175379771 
0.046876 127.65468134087 0.47036808189 
0.047383 126.86153254848 0.50097466421 
0.047890 126.19147655629 0.47405407932 
0.048397 125.49526358465 0.47212259786 
0.048903 123.69875299870 0.48303929358 
0.049410 123.62663017151 0.48544293543 
0.049917 122.25350993559 0.45498888997 
0.050424 122.31779342748 0.46971525028 
0.050931 121.41703481585 0.45914017674 
0.051437 120.75136624492 0.45804343271 
0.051944 119.74014596724 0.45399573526 
0.052451 118.53316910407 0.44466157570 
0.052958 118.50356379653 0.45766621173 
0.053464 117.62468888520 0.44522111544 
0.053971 116.86086522874 0.43017107592 
0.054478 116.05389741383 0.44035970163 
0.054985 115.64770356047 0.43980233170 
0.055491 115.27743648512 0.41227794988 
0.055998 114.62993608464 0.41974874694 
0.056505 113.91634547531 0.45009185685 
0.057012 113.00598922552 0.42906756073 
0.057519 113.02085949699 0.44631776535 
0.058025 112.42103634404 0.41690993723 
0.058532 111.92788097528 0.41153819381 
0.059039 111.78841582521 0.43150393764 
0.059546 110.90369351099 0.43346967955 
0.060052 110.59340873620 0.41260869489 
0.060559 110.10737615125 0.40787321831 
0.061066 109.46721501620 0.41637252079 
0.061573 109.20255047828 0.41423748381 
0.062079 108.46265208880 0.39550943197 
0.062586 107.46792443292 0.38489199098 
0.063093 107.22926475759 0.38640773037 
0.063600 106.64073387349 0.40613037007 
0.064106 107.16747271240 0.38578657342 
0.064613 105.76618597801 0.39560757883 
0.065120 105.89752964986 0.38779860931 
0.065627 105.60381135619 0.36961583683 
0.066134 104.73762197417 0.38569129291 
0.066640 104.31283717675 0.38530680571 
0.067147 103.85835221178 0.36507138375 
0.067654 103.93853512863 0.36715253116 
0.068161 103.33296746265 0.36668127778 
0.068667 103.27083687773 0.35980222790 
0.069174 103.05337490596 0.37763473290 
0.069681 102.44810724571 0.36601389543 
0.070188 102.73994884591 0.35321115941 
0.070694 102.18760867225 0.36407718938 
0.071201 101.21653518894 0.35963996700 
0.071708 101.39150205363 0.35563793038 
0.072215 100.97491552626 0.35175355117 
0.072721 100.58572278784 0.35137317635 
0.073228 100.23875219597 0.36313961423 
0.073735 99.99586036597 0.36445942366 
0.074242 99.90812154336 0.35082856538 
0.074748 100.20341782136 0.34484454815 
0.075255 99.05094278117 0.34348944700 
0.075762 98.76921224848 0.33098724979 
0.076269 98.93641463508 0.33748866950 
0.076776 98.48808279500 0.32832263872 
0.077282 98.06923546647 0.32060431239 
0.077789 98.40040071519 0.32147788904 
0.078296 97.77669791630 0.32832013405 
0.078803 97.98840289839 0.33353357406 
0.079309 97.97998498015 0.33671493629 
0.079816 97.62050315442 0.32554104142 
0.080323 96.76264914542 0.32263491883 
0.080830 96.89053213348 0.33035591664 
0.081336 97.32209134291 0.33587995322 
0.081843 96.45945226451 0.33797282934 
0.082350 96.89661444513 0.32927646881 
0.082857 96.11538727902 0.33342834815 
0.083363 97.19981007215 0.32312131492 
0.083870 96.22890386212 0.33159128538 
0.084377 96.17666763889 0.32559723076 
0.084884 95.24961475766 0.32579631656 
0.085390 96.17211789783 0.33367836062 
0.085897 95.30489925625 0.33553323811 
0.086404 95.48169776822 0.34402404393 
0.086911 94.61145326424 0.34087479312 
0.087417 95.15093183544 0.34095444134 
0.087924 94.97369249158 0.32991967495 
0.088431 94.96623812914 0.33489402614 
0.088938 94.47327906514 0.32279537187 
0.089444 94.63829974877 0.32712780669 
0.089951 94.08126988373 0.31898962712 
0.090458 93.49943016056 0.33409516330 
0.090965 93.75400648981 0.32339735328 
0.091471 94.03983799314 0.33671044609 
0.091978 93.05615038871 0.32836116535 
0.092485 92.28901905852 0.34397519667 
0.092992 93.10199150642 0.33837742961 
0.093498 93.19115358573 0.33600277120 
0.094005 92.41519201229 0.33648557863 
0.094512 92.94926766653 0.32383575737 
0.095019 92.42662644993 0.33562623400 
0.095525 92.52010421739 0.33392699361 
0.096032 91.66206331901 0.33104152387 
0.096539 92.33851857357 0.32110606187 
0.097046 91.89328902751 0.33408371656 
0.097552 91.84198355728 0.32777280162 
0.098059 91.60931332223 0.32609332480 
0.098566 91.74504536112 0.32017648176 
0.099073 91.33441629171 0.32601738073 
0.099579 91.37280337613 0.31335953214 
0.100086 91.38914968971 0.31862039122 
0.100593 91.11326843496 0.32343406225 
0.101100 91.15358610863 0.31573222164 
0.101606 90.58079529168 0.31385529397 
0.102113 90.44464187740 0.30962584764 
0.102620 89.75006142965 0.29376239814 
0.103127 89.39424451804 0.29574455997 
0.103633 88.50322931871 0.29273375281 
0.104140 88.81796243573 0.29331509683 
0.104647 88.52257696207 0.29808615155 
0.105154 88.68768163874 0.30282466656 
0.105660 88.73807332949 0.31693781626 
0.106167 88.02970926875 0.29173910014 
0.106674 88.31261142426 0.30868167123 
0.107181 87.69419453887 0.30639001312 
0.107687 88.47305754512 0.30030222518 
0.108194 87.23674946241 0.29187965493 
0.108701 87.85051657504 0.28409544668 
0.109208 87.60408250329 0.29318192599 
0.109714 87.74908420612 0.28822660327 
0.110221 87.47240164359 0.28869006129 
0.110728 87.50524607037 0.28747025084 
0.111235 86.82569015537 0.28068368884 
0.111741 86.92956519215 0.27637533932 
0.112248 87.20891480029 0.28822885066 
0.112755 87.25441779490 0.28472059978 
0.113262 87.28017897369 0.27714655430 
0.113768 86.68483167132 0.27492782362 
0.114275 86.78167798624 0.27881400037 
0.114782 87.03926538614 0.28491397459 
0.115289 86.99975530983 0.27448839930 
0.115795 86.36746837163 0.26923514925 
0.116302 86.52593608646 0.27411430345 
0.116809 86.16634621356 0.26761490003 
0.117316 86.44932939182 0.27325841685 
0.117822 86.28094177033 0.27402297070 
0.118329 86.12430240994 0.27739910607 
0.118836 85.84242478343 0.26475225412 
0.119342 85.60377768957 0.26922240888 
0.119849 85.53545239917 0.26567533478 
0.120356 85.64382319841 0.26152988626 
0.120863 85.97409575557 0.27182066687 
0.121369 85.17628537166 0.25517412413 
0.121876 85.63665601441 0.26308516395 
0.122383 85.56392362893 0.26383057465 
0.122890 85.47281810926 0.25946685469 
0.123396 85.12617377129 0.25838982282 
0.123903 85.09633397191 0.25620707790 
0.124410 85.02934704791 0.26665307658 
0.124917 84.90087320792 0.25679593409 
0.125423 84.46769360380 0.26859814111 
0.125930 85.17309089546 0.25765870154 
0.126437 84.89790990437 0.26101309858 
0.126944 84.99132009693 0.25650429660 
0.127450 84.38952010037 0.25536258223 
0.127957 84.69358108427 0.25768152555 
0.128464 84.73857921869 0.25386906949 
0.128970 84.39268312803 0.25037248191 
0.129477 84.00856118889 0.25230353271 
0.129984 84.26327593240 0.25413594286 
0.130491 83.95873433440 0.24868907920 
0.130997 84.01096539893 0.25025845985 
0.131504 84.20398948386 0.25314812303 
0.132011 83.51735623083 0.24990742856 
0.132518 83.69207762432 0.24779545448 
0.133024 84.18048202782 0.24253393416 
0.133531 83.78687367343 0.24841713022 
0.134038 83.68055992513 0.24680109683 
0.134545 83.48314297651 0.24340353016 
0.135051 83.57650484641 0.24880124702 
0.135558 83.49998358671 0.24501925549 
0.136065 83.07443875640 0.24765066104 
0.136571 83.40971044404 0.24066087309 
0.137078 83.03229203691 0.24732417359 
0.137585 83.12318576821 0.24727435504 
0.138092 82.82770837483 0.24330584267 
0.138598 82.81454963781 0.24307939115 
0.139105 83.01751234577 0.24331528383 
0.139612 82.69583683250 0.24616749294 
0.140119 82.75304347297 0.24169677359 
0.140625 82.54455295726 0.23742006942 
0.141132 83.04333739348 0.23645907469 
0.141639 82.81447476840 0.24438222301 
0.142145 82.71055753015 0.23866203442 
0.142652 82.32814058597 0.24430508300 
0.143159 81.79229675762 0.24408859753 
0.143666 81.94540714538 0.23159773428 
0.144172 82.37404040454 0.24409392434 
0.144679 81.89186461367 0.24432676539 
0.145186 81.86746110649 0.24471718859 
0.145692 81.97149705398 0.24440069397 
0.146199 81.44461003708 0.23969417463 
0.146706 81.80355216454 0.23957898464 
0.147213 81.80424027188 0.24969062671 
0.147719 82.09008795627 0.23742471205 
0.148226 81.63980841379 0.24308756845 
0.148733 81.83429806854 0.24604531339 
0.149240 81.18565726446 0.24348154034 
0.149746 81.02337171721 0.24006894697 
0.150253 81.27800461020 0.24186135285 
0.150760 81.40315189309 0.23352644519 
0.151266 80.68291619815 0.24289601130 
0.151773 81.33886145915 0.23660952603 
0.152280 80.95658865887 0.24150753924 
0.152787 80.92452244292 0.24073385117 
0.153293 80.89207393062 0.23981604953 
0.153800 80.44602626666 0.24275676397 
0.154307 80.67552481586 0.24171508841 
0.154813 80.15031339367 0.24036965004 
0.155320 80.46504711668 0.24216831799 
0.155827 80.23251985027 0.23580226101 
0.156334 80.49362447225 0.23910950952 
0.156840 80.06154481255 0.23761353540 
0.157347 79.91724166321 0.23657715964 
0.157854 80.36443972373 0.23721260696 
0.158360 79.97298628103 0.23744115028 
0.158867 80.44075572790 0.23440659789 
0.159374 79.81104328933 0.23816900836 
0.159881 79.74129073181 0.23743421021 
0.160387 79.53814802079 0.23604729167 
0.160894 79.63935584516 0.23838327218 
0.161401 79.83217305196 0.23912175926 
0.161907 79.63385949136 0.23890730965 
0.162414 79.41623492629 0.23265748453 
0.162921 79.38610778110 0.23207699631 
0.163427 79.43937819136 0.23636305771 
0.163934 78.91537010892 0.23446426356 
0.164441 79.20134392504 0.23023924424 
0.164948 79.16558929229 0.23370526569 
0.165454 79.30468246858 0.23065706660 
0.165961 79.20227277498 0.23291010174 
0.166468 78.59302085094 0.22606855293 
0.166974 79.27949966543 0.22925482419 
0.167481 78.75633025794 0.22640131089 
0.167988 78.77265112789 0.22917810769 
0.168495 78.89733463229 0.23483499768 
0.169001 78.43315306815 0.22816598097 
0.169508 78.66766525395 0.23104641071 
0.170015 79.03701664585 0.23064734871 
0.170521 79.17383042373 0.23899717406 
0.171028 79.22836627854 0.23294009998 
0.171535 78.72618060395 0.23432574358 
0.172041 78.84196100597 0.23673066501 
0.172548 78.76127748093 0.22912551061 
0.173055 78.93518078908 0.23242539580 
0.173562 78.79048178367 0.23614991236 
0.174068 78.67414189843 0.23382304331 
0.174575 78.61656790876 0.23521858802 
0.175082 78.44346035140 0.23628692126 
0.175588 78.59439407180 0.23792384334 
0.176095 78.48278304208 0.23379562944 
0.176602 78.61052839550 0.22902300475 
0.177108 78.22959013848 0.23505753813 
0.177615 78.69997219254 0.23032573563 
0.178122 78.57353603009 0.23949778091 
0.178629 78.43423669216 0.23385748740 
0.179135 78.32361575927 0.23920784272 
0.179642 78.33657059116 0.24153275038 
0.180149 78.31971231258 0.23597544440 
0.180655 78.66478921086 0.23306452587 
0.181162 78.21178256123 0.23440808695 
0.181669 78.42858048426 0.22835359801 
0.182175 78.76646211555 0.24279240765 
0.182682 78.53727299460 0.24348967784 
0.183189 78.40572069520 0.24250631836 
0.183695 78.43379500975 0.24661820203 
0.184202 78.10594828321 0.24219970515 
0.184709 78.21907067531 0.24634317150 
0.185216 78.01360724729 0.23875641881 
0.185722 77.87614994048 0.23653783781 
0.186229 77.75890176847 0.24406906857 
0.186736 77.63828800834 0.24335632130 
0.187242 77.82567394818 0.24964895269 
0.187749 77.60328830091 0.24225625761 
0.188256 77.49711003521 0.25028300651 
0.188762 77.59545248836 0.24794760324 
0.189269 77.41729035894 0.24383791027 
0.189776 77.54860376188 0.24551736181 
0.190282 77.63805328791 0.24471118302 
0.190789 77.67258281441 0.24686495437 
0.191296 77.30221061285 0.24591565447 
0.191802 77.05822459302 0.24196266766 
0.192309 76.78880163531 0.23736114025 
0.192816 76.84463814411 0.24092230929 
0.193323 76.73380260984 0.23505311888 
0.193829 76.60295565443 0.23733367756 
0.194336 76.66025554319 0.23615066377 
0.194843 76.57410734833 0.22877951148 
0.195349 76.53831562757 0.23293351760 
0.195856 76.30762191739 0.23733359751 
0.196363 76.10431793560 0.23038094890 
0.196869 75.93456024988 0.23236682899 
0.197376 76.15441602123 0.22336520155 
0.197883 76.09774431085 0.22821945637 
0.198389 76.09609888287 0.22331691771 
0.198896 76.12040081633 0.22577962353 
0.199403 75.99212455888 0.22475066098 
0.199909 75.93370343935 0.22251562387 
0.200416 75.89935018024 0.22345497351 
0.200923 75.51534876905 0.22712858632 
0.201429 75.70691261740 0.21922759539 
0.201936 75.39664281182 0.21994249134 
0.202443 75.47882942136 0.21980778305 
0.202949 75.69549333183 0.22101460250 
0.203456 75.73258944212 0.21951586307 
0.203963 75.21771452836 0.21666973109 
0.204469 75.37335378389 0.22025791787 
0.204976 75.29863740859 0.21637909240 
0.205483 75.53152275010 0.21920779943 
0.205989 75.29104586702 0.21719890914 
0.206496 75.23107913389 0.21732880261 
0.207003 75.33305676836 0.21326806991 
0.207509 74.98039879313 0.21532437535 
0.208016 75.09607761395 0.21600095262 
0.208523 74.99251059912 0.21553827847 
0.209029 75.19486538812 0.20671032367 
0.209536 74.96302330937 0.21105008672 
0.210043 74.81429170738 0.21504251537 
0.210549 74.94595133877 0.21602849563 
0.211056 74.83336046803 0.21031832815 
0.211563 74.57758216733 0.21072580802 
0.212069 74.87950154982 0.20881332488 
0.212576 74.79334758822 0.21077033581 
0.213083 74.75222077210 0.21024575786 
0.213589 74.52136212344 0.21188855942 
0.214096 74.66314040622 0.20775068339 
0.214603 74.68039921502 0.20787907326 
0.215109 74.49261127583 0.20880084906 
0.215616 74.79707889196 0.20420886049 
0.216123 74.56153642766 0.20641231175 
0.216629 74.01855821142 0.20666173061 
0.217136 74.09920035528 0.20973832930 
0.217643 74.20149832064 0.20063385810 
0.218149 74.05898436328 0.20522953911 
0.218656 73.99576926276 0.21088441919 
0.219163 73.81750651171 0.20673235722 
0.219669 74.22761918818 0.20521892534 
0.220176 74.05888397529 0.20938499236 
0.220683 73.68957029842 0.20795290029 
0.221189 74.02162476477 0.20915449442 
0.221696 73.84515258497 0.20719984575 
0.222203 73.66232590447 0.20407486415 
0.222709 74.01896685595 0.20745930142 
0.223216 73.61295372921 0.20124317720 
0.223722 73.49154526372 0.20583212867 
0.224229 73.91717513855 0.20408884656 
0.224736 73.61182354577 0.20524985867 
0.225242 73.64847688074 0.20227082479 
0.225749 73.54822075425 0.20246816454 
0.226256 73.68322948558 0.20305313297 
0.226762 73.30936768873 0.20355961199 
0.227269 73.24031807277 0.20859687846 
0.227776 73.29829286353 0.20473991017 
0.228282 73.48667564259 0.20228770035 
0.228789 73.22740925138 0.20301703742 
0.229296 73.23471642768 0.19778480594 
0.229802 73.33740469777 0.19839686023 
0.230309 72.94068143705 0.19863461981 
0.230816 72.99180479387 0.19988346891 
0.231322 72.84587303387 0.20201751668 
0.231829 72.63922802710 0.19805812777 
0.232335 72.96422038352 0.20105974146 
0.232842 73.25006926659 0.20108678150 
0.233349 72.79827272528 0.19989073393 
0.233855 72.78539887246 0.20031268413 
0.234362 72.81320091654 0.20200252511 
0.234869 72.75719635951 0.19695939524 
0.235375 72.79464979675 0.19625436909 
0.235882 72.59891175417 0.19932682641 
0.236389 72.46736560190 0.19918913042 
0.236895 72.56590256914 0.19961041341 
0.237402 72.40296795616 0.20054161706 
0.237908 72.12547405458 0.19575233580 
0.238415 71.91359808766 0.20025684053 
0.238922 72.44791232160 0.20093783188 
0.239428 72.30129074600 0.19955100465 
0.239935 71.97060512891 0.19587124824 
0.240442 72.10409897547 0.19669254316 
0.240948 72.03582934372 0.19997006291 
0.241455 71.93829433276 0.19998269837 
0.241962 71.90408454313 0.19885933052 
0.242468 71.96152547344 0.19956888272 
0.242975 72.04781772937 0.19670215937 
0.243481 71.60725679385 0.20322713999 
0.243988 71.84512363737 0.19874965813 
0.244495 71.57836441423 0.20125385508 
0.245001 71.67391452435 0.19978325961 
0.245508 71.79284950226 0.19792123201 
0.246015 71.73098571899 0.19844445605 
0.246521 71.66903882617 0.19639822715 
0.247028 71.36906373561 0.19577628581 
0.247534 71.36396936880 0.19741419063 
0.248041 71.29993577123 0.19907117232 
0.248548 71.65631284065 0.19852781495 
0.249054 71.69989554931 0.20156006845 
0.249561 71.30772574063 0.19834967601 
0.250068 70.89446129118 0.19757973528 
0.250574 71.27886863287 0.19831095986 
0.251081 71.41862486733 0.19838195597 
0.251587 71.20164441198 0.19700450965 
0.252094 71.17705626443 0.19948814550 
0.252601 70.94414890548 0.19765783236 
0.253107 70.98465193553 0.19843370397 
0.253614 70.96581939778 0.19723985874 
0.254120 71.13962681190 0.19525262468 
0.254627 70.63435980585 0.19698657667 
0.255134 71.02071836837 0.19790233662 
0.255640 71.05444463531 0.19486250592 
0.256147 71.10827014906 0.19542501139 
0.256654 70.82115242408 0.19575941735 
0.257160 71.08643821721 0.19650174645 
0.257667 71.27416622679 0.19207502429 
0.258173 71.39870903468 0.19326348640 
0.258680 71.38475993583 0.19924756195 
0.259187 71.26214857569 0.19697197043 
0.259693 71.50088734258 0.19436080256 
0.260200 71.37043795829 0.19863253582 
0.260706 71.39835430409 0.19373798105 
0.261213 71.62632399486 0.19415953483 
0.261720 71.54828581131 0.19484788895 
0.262226 71.32542776329 0.19573885589 
0.262733 71.66287750251 0.19316319828 
0.263239 71.52829566018 0.19168947207 
0.263746 71.58808930354 0.19413760826 
0.264253 71.68734592058 0.19612492907 
0.264759 71.42856581392 0.19564441894 
0.265266 71.56311742989 0.19558717851 
0.265772 71.76098453958 0.19148384013 
0.266279 71.83946654364 0.19295039193 
0.266786 71.55596249203 0.18958327532 
0.267292 71.85789623471 0.19096615601 
0.267799 71.53530067373 0.19459188552 
0.268305 71.61549361975 0.19045931998 
0.268812 71.74937326879 0.19308185730 
0.269319 71.85103788913 0.18933559298 
0.269825 71.86139032442 0.18979713513 
0.270332 71.88714057324 0.19012732208 
0.270838 71.81368282455 0.19156663975 
0.271345 71.94758641350 0.19077183780 
0.271852 71.76853413996 0.18891222387 
0.272358 72.27592538160 0.19221109671 
0.272865 72.04147507474 0.19229413035 
0.273371 72.01364942386 0.19057055639 
0.273878 72.21392141026 0.19290119700 
0.274385 72.45803389317 0.18983523572 
0.274891 72.20687648475 0.19181234918 
0.275398 72.32065084832 0.19008916343 
0.275904 72.24419532338 0.18860870332 
0.276411 72.23385462290 0.18519081264 
0.276917 72.37797247772 0.18686562067 
0.277424 72.04582390956 0.18335634161 
0.277931 72.10152548276 0.18105062534 
0.278437 72.16120791926 0.17917913857 
0.278944 72.12627311497 0.18340021736 
0.279450 72.14683545325 0.18600419107 
0.279957 72.10098647298 0.18014619883 
0.280464 72.30316592398 0.18039698964 
0.280970 71.94697377225 0.18004147604 
0.281477 72.12763650067 0.18311192556 
0.281983 72.13327985129 0.18119264076 
0.282490 72.03002408911 0.18303250803 
0.282996 71.86492721689 0.17871310452 
0.283503 71.96885543059 0.17975657213 
0.284010 72.06223032928 0.17576299018 
0.284516 71.93439668203 0.17439238789 
0.285023 71.83636824121 0.17830004613 
0.285529 71.65278060776 0.17612236651 
0.286036 71.69596679178 0.17304151551 
0.286542 71.81365063533 0.17493966108 
0.287049 71.27728850308 0.17279362921 
0.287556 71.40490772550 0.16971131280 
0.288062 71.31075760492 0.17060469163 
0.288569 71.25237286608 0.17042717252 
0.289075 71.23526217783 0.17376180958 
0.289582 71.29982104257 0.17436217537 
0.290088 71.42504679141 0.17152218702 
0.290595 71.10287137047 0.16843226064 
0.291102 71.05879408437 0.16866451296 
0.291608 70.98923244698 0.16815861632 
0.292115 71.12993860115 0.16795345897 
0.292621 71.26277560887 0.16451119302 
0.293128 70.98063297098 0.16572211099 
0.293634 71.15198818115 0.16765696316 
0.294141 71.29782180257 0.16726893602 
0.294647 70.96912987558 0.16898817771 
0.295154 70.75217580276 0.16526350619 
0.295661 70.81405597245 0.16792436377 
0.296167 70.81415300940 0.16752855391 
0.296674 70.69805696641 0.16718435763 
0.297180 70.64562125759 0.16546372524 
0.297687 70.79626671310 0.16352270646 
0.298193 70.61793377121 0.16537536803 
0.298700 70.71682036317 0.16103445038 
0.299207 70.70983196005 0.16179360442 
0.299713 70.29826811976 0.16736382853 
0.300220 70.58461385779 0.16469408712 
0.300726 70.59856655765 0.16477622744 
0.301233 70.47797961047 0.16414443358 
0.301739 70.24814794610 0.16270102031 
0.302246 70.35098296497 0.16318620476 
0.302752 70.47393754816 0.15988225918 
0.303259 70.02584129361 0.16111725832 
0.303765 70.14886101465 0.16491260020 
0.304272 70.17304473564 0.16145364182 
0.304779 70.28198487023 0.16045365329 
0.305285 69.97394657506 0.16198061818 
0.305792 70.06735598547 0.16153374389 
0.306298 70.07012674100 0.16198145573 
0.306805 69.96387718935 0.16392478571 
0.307311 69.78955643323 0.15727310070 
0.307818 69.84966290407 0.15964646793 
0.308324 69.55656878770 0.15671110394 
0.308831 69.37341129115 0.15613962839 
0.309337 69.21911676751 0.15680988787 
0.309844 69.17074666863 0.15727231666 
0.310350 69.05543758094 0.15410086415 
0.310857 69.09178912888 0.15358902194 
0.311364 68.74492641463 0.15068717671 
0.311870 68.36491406155 0.14638162227 
0.312377 68.28117075589 0.14868211639 
0.312883 67.92722514576 0.14794640817 
0.313390 67.89978029757 0.14625975053 
0.313896 67.75302608915 0.14619198255 
0.314403 67.87335187475 0.14608475108 
0.314909 67.60610458771 0.14404647376 
0.315416 67.36467047126 0.14466219487 
0.315922 67.38008245791 0.14645480225 
0.316429 67.45926317916 0.14370757323 
0.316935 67.18511690623 0.14313733184 
0.317442 67.22951199489 0.14462993729 
0.317948 67.18244250735 0.14256135033 
0.318455 67.02651588870 0.13739749346 
0.318961 66.83245317495 0.14349913568 
0.319468 66.83325874139 0.14234041301 
0.319975 66.91575182375 0.14248248907 
0.320481 66.78772110071 0.13955973051 
0.320988 66.54388966173 0.14555683370 
0.321494 66.63806547854 0.13943244170 
0.322001 66.63988736191 0.16190270109 
0.322507 66.65385061829 0.13959066180 
0.323014 66.65557527915 0.14662767158 
0.323520 66.59556388029 0.14359875501 
0.324027 66.44146407689 0.14132962392 
0.324533 66.37633206279 0.14149399348 
0.325040 66.50772860150 0.13859791585 
0.325546 66.46828382646 0.14016830780 
0.326053 66.26798848151 0.14123190287 
0.326559 66.00631030649 0.13660541462 
0.327066 66.13512733176 0.13651969551 
0.327572 66.21930989697 0.14162377581 
0.328079 66.06775849506 0.13815562474 
0.328585 66.32588223174 0.13767924692 
0.329092 66.23622831683 0.13798224713 
0.329598 66.15952797448 0.13691331201 
0.330105 65.65125660866 0.13772455056 
0.330611 66.18387286279 0.13815353799 
0.331118 65.88015849978 0.13966022740 
0.331624 65.96944962322 0.13670552217 
0.332131 66.02390352234 0.13875125735 
0.332637 65.92169687519 0.13850328976 
0.333144 65.80554050840 0.14073187209 
0.333650 65.69182991765 0.14196237484 
0.334157 65.83657573995 0.14125231162 
0.334663 65.79680389911 0.14034063890 
0.335170 65.62229915612 0.14095805821 
0.335676 65.76170332705 0.13734874203 
0.336183 65.69870857114 0.13700520020 
0.336689 65.87158219858 0.14059369297 
0.337196 65.41816781970 0.13902958639 
0.337702 65.56032486265 0.13679886903 
0.338209 65.37489364268 0.13882199194 
0.338715 65.38373334941 0.14394393368 
0.339222 65.54930040719 0.14109251492 
0.339728 65.23209360781 0.13635453449 
0.340235 65.20973602430 0.19592398913 
0.340741 65.43501042204 0.14207860430 
0.341248 65.19744979418 0.13896906480 
0.341754 65.30137086442 0.14031818785 
0.342261 65.26143242805 0.13765726873 
0.342767 65.30453331491 0.14162880769 
0.343274 65.22792423515 0.14048114100 
0.343780 65.27965063298 0.13852854601 
0.344287 64.95399731139 0.13865023898 
0.344793 65.04284130252 0.13874034472 
0.345300 65.15029190354 0.14240639395 
0.345806 64.89424241152 0.14241751733 
0.346313 64.94972445091 0.14299944832 
0.346819 64.84385909644 0.14294828985 
0.347325 64.65384912512 0.14504807625 
0.347832 64.69063533935 0.14613049180 
0.348338 64.96039746957 0.14601320864 
0.348845 64.98592521618 0.14766665024 
0.349351 64.83579734859 0.14912370543 
0.349858 64.53798972195 0.14556846839 
0.350364 64.75705163070 0.14835290626 
0.350871 64.79879779220 0.14888513554 
0.351377 64.43673370424 0.14708171884 
0.351884 64.51922262944 0.14602992988 
0.352390 64.40486472569 0.14816325368 
0.352897 64.51493520449 0.14525875603 
0.353403 64.36610063846 0.15043669916 
0.353910 64.40106478790 0.14859665835 
0.354416 64.30696042079 0.14980939728 
0.354923 64.31512195658 0.14816092256 
0.355429 64.15398613479 0.15376991455 
0.355935 64.15587235435 0.15227240682 
0.356442 63.89629347442 0.15036909020 
0.356948 64.22729167327 0.15367653036 
0.357455 63.92620734567 0.15687266749 
0.357961 64.04806681963 0.15478436078 
0.358468 63.89144427629 0.15389135267 
0.358974 64.29299349022 0.22432579466 
0.359481 63.99365578057 0.20524593524 
0.359987 63.74896102060 0.19825163792 
0.360494 63.66695652597 0.18821182007 
0.361000 63.87426361957 0.18803471421 
0.361506 63.99534095480 0.18599193921 
0.362013 63.70780293826 0.18765141169 
0.362519 63.65761039451 0.18190881179 
0.363026 63.61108031211 0.18421976359 
0.363532 63.59848010696 0.18938847513 
0.364039 63.96595723143 0.18717251122 
0.364545 63.84396849044 0.18299780943 
0.365052 63.73261677996 0.18276313554 
0.365558 63.81885674585 0.18510296322 
0.366064 63.95211951969 0.18582463896 
0.366571 63.73423553103 0.18836791528 
0.367077 63.82290815171 0.18814564050 
0.367584 63.82570768463 0.18487246501 
0.368090 63.68287546892 0.18507517034 
0.368597 63.55925260635 0.18951583360 
0.369103 63.68145955940 0.18637928424 
0.369610 63.77636249506 0.19175586993 
0.370116 63.68357275695 0.19331312747 
0.370622 63.66194687925 0.18914011736 
0.371129 63.65439405986 0.19308724689 
0.371635 63.46817683744 0.19184765020 
0.372142 63.47068634564 0.19429557516 
0.372648 63.33913673228 0.19349740941 
0.373155 63.70418182138 0.19609779308 
0.373661 63.31172895553 0.19312988970 
0.374167 63.35595567938 0.19623172401 
0.374674 63.24307411013 0.20147603582 
0.375180 63.57528426894 0.19443261721 
0.375687 63.37045949178 0.20012828046 
0.376193 63.46326361575 0.20212563786 
0.376700 63.50748915721 0.20190547206 
0.377206 63.60831899285 0.20601776631 
0.377712 63.32029808125 0.20398447676 
0.378219 63.41049728887 0.20534312331 
0.378725 63.45485562823 0.20900619155 
0.379232 63.39560767947 0.20726096862 
0.379738 63.14092828469 0.20719232128 
0.380245 63.34364693021 0.21107101671 
0.380751 63.22643687254 0.20518028868 
0.381257 63.39286998995 0.21327531883 
0.381764 63.41505519840 0.20977137255 
0.382270 63.13263792078 0.20458597506 
0.382777 63.22226466504 0.20777627308 
0.383283 62.97622970625 0.20954933362 
0.383789 63.28759361901 0.21450376360 
0.384296 63.10405367398 0.21167301832 
0.384802 62.90842207176 0.21462238748 
0.385309 63.24927635056 0.20947249565 
0.385815 62.98382316806 0.21008043078 
0.386321 63.11935515316 0.21107036639 
0.386828 63.00272865886 0.21672666433 
0.387334 62.93293729079 0.21031735828 
0.387841 63.10622995159 0.21417768344 
0.388347 62.87865329989 0.21112852800 
0.388853 63.04332176306 0.21595173675 
0.389360 62.65730583660 0.21211427965 
0.389866 62.73166303910 0.21737010498 
0.390373 62.57911314729 0.22016482804 
0.390879 62.92740032617 0.21705862293 
0.391385 62.54609254019 0.21881170605 
0.391892 62.69123469732 0.21521019694 
0.392398 63.16096367770 0.22180247924 
0.392905 62.64914431031 0.21668781872 
0.393411 63.08253589236 0.22299903956 
0.393917 62.73076139832 0.22561874105 
0.394424 62.89526341315 0.22819930899 
0.394930 62.77811213736 0.22651998274 
0.395437 62.59758729809 0.23125745671 
0.395943 62.57632826513 0.22928670806 
0.396449 62.94864117828 0.39279017299 
0.396956 62.28945995295 0.22752448814 
0.397462 62.57484871781 0.23500143931 
0.397969 62.59485751945 0.23774895658 
0.398475 62.80267556232 0.23620630507 
0.398981 62.52144065914 0.23246932113 
0.399488 62.62648104397 0.23160906446 
0.399994 62.33911224580 0.23999073466 
0.400500 62.38117331253 0.24147492373 
0.401007 62.44771070932 0.24299045287 
0.401513 62.34033562018 0.24296991544 
0.402020 61.99905145798 0.24434114458 
0.402526 62.53096876372 0.24404670652 
0.403032 62.65482022547 0.24479827917 
0.403539 61.87975517148 0.25114234263 
0.404045 62.28934986647 0.24476747606 
0.404551 62.02531980665 0.26261550316 
0.405058 62.16878325547 0.26763866478 
0.405564 62.20561664822 0.25980863055 
0.406071 62.36566390786 0.25749570736 
0.406577 62.63201444872 0.25244628157 
0.407083 62.26050338917 0.26354702017 
0.407590 61.93136679008 0.26540061584 
0.408096 62.61085649003 0.27563859975 
0.408602 62.08969956044 0.27073809302 
0.409109 61.81804713863 0.26012240789 
0.409615 62.23920075985 0.26851682453 
0.410121 62.27050967657 0.26348463646 
0.410628 62.16613620414 0.26527501788 
0.411134 62.10969322903 0.27655009476 
0.411641 62.16240574682 0.27595664517 
0.412147 61.75638817332 0.26665760271 
0.412653 61.73952013310 0.26408851104 
0.413160 62.24216346370 0.25870084009 
0.413666 61.71976742591 0.26105513844 
0.414172 62.10122592699 0.27862655309 
0.414679 61.69052759285 0.26241693884 
0.415185 62.26297236756 0.27818034028 
0.415691 61.70638262532 0.26558711387 
0.416198 61.46250267471 0.27707394277 
0.416704 61.76886079524 0.27982631010 
0.417210 62.18311222385 0.28059164418 
0.417717 61.55445271545 0.29324255099 
0.418223 62.15998505124 0.28032117692 
0.418729 62.26569408014 0.28159287188 
0.419236 61.62384105303 0.27494498048 
0.419742 61.65445170678 0.27959287920 
0.420248 61.96934242232 0.27361930623 
0.420755 61.95550074655 0.27483519900 
0.421261 62.06562314723 0.28250911731 
0.421767 61.70728792703 0.28423257305 
0.422274 61.73363534468 0.27999363722 
0.422780 61.69882999309 0.28243190553 
0.423286 62.10372497624 0.29143647122 
0.423793 61.46662094753 0.27975248279 
0.424299 61.52847911636 0.29481051815 
0.424805 61.26761845688 0.28280323701 
0.425312 61.70887668677 0.29103855846 
0.425818 60.89336393933 0.27325125453 
0.426324 61.82587920424 0.30116191058 
0.426831 61.93678959658 0.29057199665 
0.427337 61.88343734475 0.30557892061 
0.427843 61.34508683268 0.29736018007 
0.428350 61.14408311235 0.31028291221 
0.428856 61.68071520075 0.31297248520 
0.429362 61.62828807297 0.29759445274 
0.429869 61.53906346049 0.31326696353 
0.430375 61.34448648893 0.31379007540 
0.430881 61.89043952934 0.31234749845 
0.431388 61.79152070548 0.31547068719 
0.431894 61.17741237404 0.32424909585 
0.432400 61.58307939946 0.32639775691 
0.432907 61.05367144215 0.31327513869 
0.433413 61.58854799976 0.33196216063 
0.433919 61.71383850481 0.32908010171 
0.434425 61.54674266009 0.33327318220 
0.434932 61.38516115664 0.34323401018 
0.435438 61.33546904260 0.35614381480 
0.435944 61.11538974219 0.33692471495 
0.436451 60.87669255214 0.34041217521 
0.436957 61.71605505342 0.34620468948 
0.437463 61.23662010742 0.35937509983 
0.437970 61.42539305112 0.35944635305 
0.438476 60.91476153609 0.36285933531 
0.438982 61.29186294662 0.35332155751 
0.439489 61.08513316493 0.37904543295 
0.439995 61.11208936520 0.36888041713 
0.440501 61.16635759372 0.37667124525 
0.441007 61.25159481884 0.37197394796 
0.441514 61.56961539532 0.38443839883 
0.442020 60.46114784016 0.39937324354 
0.442526 60.92801212798 0.41297474319 
0.443033 61.47882049356 0.39496666027 
0.443539 61.30565356124 0.40915838070 
0.444045 61.06907698187 0.40375406212 
0.444551 60.86312671774 0.41462195261 
0.445058 61.22937862693 0.40848564528 
0.445564 60.70176622378 0.43368163919 
0.446070 60.81932926925 0.42420415080 
0.446577 60.95465740359 0.45160100891 
0.447083 61.31947856394 0.45485616900 
0.447589 61.46711041044 0.45870247137 
0.448095 60.06574696868 0.45721389996 
0.448602 61.07209931230 0.47414394065 
0.449108 60.34748657487 0.47377879959 
0.449614 60.27751057718 0.48900092057 
0.450121 61.17731560777 0.49185661396 
0.450627 60.49243387977 0.51641674520 
0.451133 60.92498337596 0.50357844916 
0.451639 60.06788085887 0.54840152097 
0.452146 60.89332389879 0.53586778884 
0.452652 61.16894480942 0.52933662933 
0.453158 60.41283531027 0.56758137088 
0.453664 60.41462599082 0.57165378401 
0.454171 59.18691519195 0.56470637644 
0.454677 60.09160029342 0.57307527201 
0.455183 61.10256334706 0.56355092279 
0.455689 60.62650518017 0.61666318524 
0.456196 59.43999084145 0.67637843564 
0.456702 60.58687564362 0.66249003844 
0.457208 59.60474539476 0.70696948806 
0.457714 60.05466366335 0.72819528937 
0.458221 60.25822090203 0.73965389514 
0.458727 59.31647011730 0.78089766579 
0.459233 59.43082617187 0.83652848796 
0.459740 60.15980043660 0.83519702795 
0.460246 60.02703381515 0.86059710948 
0.460752 60.65754403491 0.98299966695 
0.461258 61.41759467772 0.97831161229 
0.461765 60.35332250629 1.07407335977 
0.462271 59.87626294936 1.08635543487 
0.462777 60.49951164787 1.15702563398 
0.463283 58.88867706830 1.28273613462 
0.463789 59.95850368979 1.34469954970 
0.464296 60.66967424452 1.39987145705 
0.464802 58.20370998503 1.28936822641 
0.465308 60.09646818859 1.46038579454 
0.465814 59.10713132133 1.64080482139 
0.466321 59.63423892423 1.79695402725 
0.466827 59.14581031694 1.81475821697 
0.467333 60.38005808740 1.88643606551 
0.467839 60.93095186164 1.97077525623 
0.468346 59.31548253216 2.29847272362 
0.468852 59.26718722249 2.54160769257 
0.469358 59.22434128124 2.83792852648 
0.469864 56.50050262071 2.85681015791 
0.470371 58.28849232412 3.80890981569 
0.470877 57.98454050771 4.50510383976 
0.471383 60.21643353337 5.80806008360 
0.471889 54.57021931269 6.99577395970 
0.472395 57.53547555731 6.32190244440 
0.472902 51.67057210005 12.36308211800 
