0.010896 1341.99546660405 12.97489217604 
0.011402 1207.26264145396 12.59741321018 
0.011909 1077.69133365633 11.11558557573 
0.012416 984.32823717021 8.79058598307 
0.012923 887.68428684284 8.02850688850 
0.013430 819.96734513806 10.73205253355 
0.013936 782.76567103986 9.03342900023 
0.014443 735.03052436854 7.23687486566 
0.014950 678.90269493352 6.56351768351 
0.015457 626.71688547938 5.58259632612 
0.015963 579.10067384624 4.68463600077 
0.016470 541.67641521640 4.13521523019 
0.016977 507.45925572832 3.89830939516 
0.017484 475.00429458070 3.52961433012 
0.017990 448.44935165402 3.11714796832 
0.018497 419.09086506029 2.58923164743 
0.019004 401.14221935497 2.46655043561 
0.019511 378.93145632077 2.28298228188 
0.020018 362.78949798705 2.23582920709 
0.020524 343.32233512028 1.97240991908 
0.021031 327.45828207687 1.86907524439 
0.021538 315.01052448067 1.71813372234 
0.022045 300.80285096584 1.67627392417 
0.022551 288.89727966200 1.42872658608 
0.023058 278.50122245992 1.45080786325 
0.023565 269.10111166758 1.45854276861 
0.024072 258.98241516875 1.63119101215 
0.024579 251.14824949587 1.81817142369 
0.025085 245.05403610459 2.12261447915 
0.025592 236.70131634729 2.16839760461 
0.026099 230.18156658224 2.18107040728 
0.026606 224.22432467585 1.68071826591 
0.027112 216.02900963875 1.78536598411 
0.027619 211.63245177567 1.50566828199 
0.028126 206.13940745577 1.51681930283 
0.028633 203.33643780621 1.36379473549 
0.029139 198.56980682643 1.19966651621 
0.029646 193.16181838298 1.13370379889 
0.030153 189.83331862398 1.07418045610 
0.030660 186.96168968918 1.11680741137 
0.031167 182.60070153354 0.96603523595 
0.031673 179.24848228987 0.90868849534 
0.032180 176.36558456425 0.93649988686 
0.032687 172.79937845240 0.91906459814 
0.033194 169.58617337819 0.79451884601 
0.033700 168.04894409341 0.76128229851 
0.034207 164.74676588585 0.76376527996 
0.034714 162.44676336353 0.79733082793 
0.035221 161.06195303346 0.73562170720 
0.035727 157.59403987462 0.69483815154 
0.036234 155.97411845152 0.63742612354 
0.036741 153.23633199942 0.65642086262 
0.037248 151.55225594845 0.63951341941 
0.037755 149.89789814977 0.61800955876 
0.038261 148.76335848579 0.61118956315 
0.038768 147.76121212988 0.60767406319 
0.039275 144.83899639034 0.61525401872 
0.039782 143.77133309759 0.57154861793 
0.040288 142.81121937520 0.55817740080 
0.040795 141.91000722878 0.56451803736 
0.041302 140.43996994666 0.51139493900 
0.041809 138.66324265366 0.52966419535 
0.042315 136.99195529765 0.53890885575 
0.042822 135.58432117248 0.53287210853 
0.043329 135.05171249939 0.52553815318 
0.043836 133.21500145742 0.52353607293 
0.044343 132.53247067557 0.51111111887 
0.044849 132.33322910008 0.52059566775 
0.045356 130.42557581867 0.53018218297 
0.045863 130.32423724905 0.51431118370 
0.046370 129.14737928857 0.48349635074 
0.046876 128.16219443496 0.50549571856 
0.047383 126.94604824145 0.53754253001 
0.047890 125.87964108848 0.48629074552 
0.048397 124.99862966372 0.47934461401 
0.048903 124.26954167082 0.48338716789 
0.049410 123.62974830403 0.49294173083 
0.049917 122.81057451332 0.44665662431 
0.050424 122.28939535040 0.46792723086 
0.050931 120.96148533767 0.45879848689 
0.051437 120.69595878047 0.43983935616 
0.051944 120.51454590208 0.44417517597 
0.052451 119.03342481239 0.44187571821 
0.052958 119.04369170795 0.45955878601 
0.053464 117.65198871614 0.46075006774 
0.053971 117.63110144203 0.42635469096 
0.054478 116.46937806073 0.43810815993 
0.054985 115.16871523650 0.44156954633 
0.055491 115.54652376004 0.44159565865 
0.055998 114.59749833641 0.43627089505 
0.056505 113.66088397502 0.41799904834 
0.057012 113.23425116481 0.43617836037 
0.057519 112.47454383832 0.43478670674 
0.058025 112.03909591364 0.41675245896 
0.058532 112.61152365947 0.41020594032 
0.059039 111.45860756323 0.42464569461 
0.059546 111.06956060864 0.43496616806 
0.060052 110.56848781231 0.40446319718 
0.060559 109.13681057187 0.38994340997 
0.061066 109.37914521031 0.39403579149 
0.061573 108.34804761823 0.40436726244 
0.062079 108.09353887060 0.40028169047 
0.062586 108.33764286476 0.40434848947 
0.063093 107.38433971998 0.39299060250 
0.063600 107.30134554915 0.38912211304 
0.064106 106.67873596332 0.38813125252 
0.064613 106.31955130078 0.40000014181 
0.065120 106.00352099477 0.39094475076 
0.065627 105.78625122337 0.38410583561 
0.066134 105.72741053438 0.35413906566 
0.066640 104.72295963904 0.36551124079 
0.067147 104.35076062442 0.37791204733 
0.067654 104.22445510235 0.36630684669 
0.068161 103.73156735021 0.35624228015 
0.068667 103.06963876954 0.37381279737 
0.069174 102.63420108855 0.37517057210 
0.069681 102.27371199779 0.37319012034 
0.070188 102.37827020057 0.36300222939 
0.070694 101.89798148657 0.35753277618 
0.071201 102.26902466943 0.35237249891 
0.071708 101.65463361603 0.35917721529 
0.072215 101.29661902154 0.36383320809 
0.072721 100.73743373613 0.34380765903 
0.073228 100.85838552732 0.34337179238 
0.073735 99.92994234596 0.35289308412 
0.074242 100.04321069608 0.36341034882 
0.074748 99.19024547342 0.35070154106 
0.075255 99.55052159291 0.33085061513 
0.075762 99.11592124029 0.34305462422 
0.076269 98.74972025522 0.34663627320 
0.076776 98.96840063304 0.33897896997 
0.077282 98.60133130933 0.32309587247 
0.077789 97.82043219913 0.33087145884 
0.078296 97.98432648191 0.32499896364 
0.078803 97.88577309749 0.33468997500 
0.079309 97.50641611750 0.33564901500 
0.079816 98.52645832847 0.32615209163 
0.080323 97.04186121210 0.32728643283 
0.080830 97.40407429091 0.31920531807 
0.081336 97.10484622676 0.33551215224 
0.081843 96.77815764060 0.33069443972 
0.082350 96.66972199201 0.32799626726 
0.082857 96.50636150307 0.33050711355 
0.083363 96.35189161833 0.33498750565 
0.083870 96.39994901987 0.32569047437 
0.084377 96.04149084389 0.31934258749 
0.084884 96.17723992875 0.34374668276 
0.085390 95.79025082211 0.32391646860 
0.085897 95.71533609013 0.33009601504 
0.086404 95.59641973507 0.34418464078 
0.086911 95.45580581322 0.32913024620 
0.087417 94.76238128803 0.33288970170 
0.087924 95.18938081535 0.34101560301 
0.088431 94.78724908753 0.33387133529 
0.088938 94.61372468534 0.32334306249 
0.089444 94.30648666913 0.32993710894 
0.089951 94.48746393344 0.33199935285 
0.090458 94.03597828870 0.34797003520 
0.090965 94.22160681100 0.32099576628 
0.091471 94.03939559525 0.32447482098 
0.091978 93.30951200099 0.32489356206 
0.092485 92.90512759800 0.34251168630 
0.092992 93.33377171383 0.33705771508 
0.093498 92.64583175832 0.33255130234 
0.094005 93.08530103716 0.33230303313 
0.094512 92.58923713726 0.33663446653 
0.095019 93.38891996377 0.34208126202 
0.095525 92.50428067517 0.32326833861 
0.096032 92.53504551000 0.32839768744 
0.096539 92.07576717614 0.32891489609 
0.097046 92.12376376002 0.33225377326 
0.097552 92.47916383619 0.33213807093 
0.098059 91.48629129271 0.33442964874 
0.098566 91.42413812004 0.31802106304 
0.099073 91.73737514846 0.31854389029 
0.099579 91.80238180291 0.33158016514 
0.100086 91.60273674830 0.32281983538 
0.100593 91.25996913712 0.32399801620 
0.101100 91.42526122658 0.31924371596 
0.101606 90.92040557509 0.30069474219 
0.102113 90.25775532982 0.31230512678 
0.102620 89.72692668800 0.29653468883 
0.103127 89.41233051222 0.30115410568 
0.103633 89.18453071595 0.28635888340 
0.104140 88.91995869019 0.29696237865 
0.104647 88.44741387844 0.29704252048 
0.105154 89.03633404354 0.31599128888 
0.105660 88.12486130763 0.31305032997 
0.106167 88.63082425118 0.30275346551 
0.106674 88.39298504220 0.29985890881 
0.107181 88.26137852105 0.29770780156 
0.107687 87.65861062098 0.29940805190 
0.108194 88.28433126779 0.29544444013 
0.108701 88.29733673135 0.29070826859 
0.109208 88.18799118586 0.29812090437 
0.109714 87.77064840662 0.29455689642 
0.110221 87.98394925138 0.29871601166 
0.110728 87.84689805688 0.29317902121 
0.111235 87.13804149651 0.28536916724 
0.111741 87.26970554932 0.27412023004 
0.112248 86.87635172202 0.27602197064 
0.112755 87.38699841921 0.27729157813 
0.113262 87.54071309429 0.27263760597 
0.113768 87.28973294221 0.28322632426 
0.114275 86.71143793891 0.26935506717 
0.114782 86.82086214872 0.28038164597 
0.115289 86.95240144498 0.28599926366 
0.115795 86.33923164064 0.27594409546 
0.116302 86.38897727007 0.27731921465 
0.116809 86.61719651880 0.27063473550 
0.117316 86.84704480317 0.27787898715 
0.117822 86.13215065839 0.27138832489 
0.118329 85.72533394598 0.27204093336 
0.118836 86.46577175413 0.27619597218 
0.119342 85.92429148975 0.26691402540 
0.119849 85.79952659301 0.27079560572 
0.120356 85.76019827800 0.27145512943 
0.120863 85.84817929917 0.26596158233 
0.121369 85.76415853698 0.26607532336 
0.121876 85.66261622494 0.26609408083 
0.122383 85.53827037807 0.25888576523 
0.122890 85.34460331117 0.26432037504 
0.123396 85.21895639180 0.26345762238 
0.123903 84.89925152400 0.26064468660 
0.124410 85.40168526829 0.27074467974 
0.124917 84.96676707512 0.25977928349 
0.125423 84.94701971535 0.25852589423 
0.125930 84.75869300517 0.25949330860 
0.126437 84.82685262240 0.25489649966 
0.126944 84.11012632820 0.26358574389 
0.127450 84.69930413410 0.25899586209 
0.127957 85.07783468998 0.25446900465 
0.128464 84.30765475144 0.24895741757 
0.128970 84.42038735016 0.25651893811 
0.129477 84.61698640494 0.25164147822 
0.129984 84.58902237946 0.25554054095 
0.130491 84.33065003604 0.24942968419 
0.130997 84.84239237025 0.25725633439 
0.131504 84.05697776342 0.24721220608 
0.132011 84.39683510235 0.24736422467 
0.132518 83.97552585211 0.25234583269 
0.133024 83.97175415416 0.24512307308 
0.133531 83.67909026858 0.24907935759 
0.134038 83.75316473928 0.24776023667 
0.134545 83.78495437156 0.24531104253 
0.135051 83.97995135675 0.24658902963 
0.135558 83.42816280974 0.24425109554 
0.136065 83.34359073644 0.24094774876 
0.136571 83.00565095051 0.24730490239 
0.137078 83.38792422450 0.25071579942 
0.137585 83.39109691522 0.23961181068 
0.138092 83.36789320342 0.23971752987 
0.138598 83.18467026756 0.23945203815 
0.139105 82.96500211020 0.24898339882 
0.139612 83.23216683543 0.24338066448 
0.140119 82.79181394419 0.24479330086 
0.140625 83.36280951845 0.24115286979 
0.141132 82.71486469880 0.24189453960 
0.141639 82.99108768277 0.23734196437 
0.142145 83.01331841473 0.24683272879 
0.142652 82.80065050316 0.23787765371 
0.143159 82.30952274847 0.23995995710 
0.143666 82.54414426550 0.24092340530 
0.144172 82.11259835980 0.24457805800 
0.144679 81.93129484758 0.24177965679 
0.145186 82.15516315356 0.24616835374 
0.145692 81.75648762096 0.23353837782 
0.146199 82.15221757499 0.24830129989 
0.146706 81.90346182909 0.24417672183 
0.147213 81.85540188266 0.24171855867 
0.147719 81.91408261121 0.24424610527 
0.148226 81.66542031484 0.23934268779 
0.148733 81.69039399339 0.25122634644 
0.149240 81.43288052434 0.23950867158 
0.149746 81.71743149287 0.24805971317 
0.150253 81.42491201377 0.23912226408 
0.150760 81.14320926169 0.23946598758 
0.151266 81.22901440337 0.23841008746 
0.151773 81.20254845275 0.24276358507 
0.152280 81.07840471656 0.24082765061 
0.152787 81.08965431098 0.24698837443 
0.153293 81.24561338052 0.23790690370 
0.153800 80.83989563742 0.23838060723 
0.154307 80.82632174571 0.24192855663 
0.154813 80.35677695084 0.24047450156 
0.155320 80.59921018743 0.23947467958 
0.155827 80.68588092521 0.23660542987 
0.156334 80.48866226726 0.23550860771 
0.156840 80.29425925142 0.23439188605 
0.157347 79.96063550627 0.23788022894 
0.157854 80.36604908879 0.24181680113 
0.158360 79.96455613011 0.23879848506 
0.158867 80.19524531163 0.23669014887 
0.159374 80.44617487186 0.23761518102 
0.159881 79.69014452721 0.23467867772 
0.160387 79.74295447337 0.24321834213 
0.160894 79.97971115145 0.23334694643 
0.161401 79.99174980400 0.23340196217 
0.161907 79.70936590181 0.23233272406 
0.162414 79.74190522863 0.23327797947 
0.162921 79.75075645140 0.22963220989 
0.163427 79.40843297913 0.23222667642 
0.163934 79.29927712136 0.23005602625 
0.164441 79.22650303824 0.23616812235 
0.164948 79.34999459976 0.22965869204 
0.165454 79.42447579304 0.22801591369 
0.165961 79.23175932286 0.22972853047 
0.166468 79.33891447437 0.23414782030 
0.166974 78.94828336742 0.23144109092 
0.167481 78.65573358910 0.22896909983 
0.167988 78.83824220858 0.23146913550 
0.168495 79.19961844655 0.23162249357 
0.169001 79.16807112156 0.23201061101 
0.169508 79.15585108224 0.23537383318 
0.170015 79.17695049006 0.23303063775 
0.170521 78.92948453550 0.23358503135 
0.171028 79.23941804221 0.23386065303 
0.171535 79.01040685829 0.23667920594 
0.172041 79.00403283911 0.23944765526 
0.172548 78.88320646489 0.23629798717 
0.173055 78.88113442695 0.23137932000 
0.173562 78.87173765801 0.23233436540 
0.174068 79.15375290498 0.23815390720 
0.174575 78.75515544046 0.23586321962 
0.175082 78.44007663769 0.23796819972 
0.175588 79.11866973611 0.23179045563 
0.176095 79.18731009692 0.24012844260 
0.176602 79.09849582492 0.23461723469 
0.177108 79.02757104935 0.23782537548 
0.177615 78.73484505617 0.24081690758 
0.178122 78.50776821242 0.23359477520 
0.178629 78.94200848237 0.23481806879 
0.179135 78.47199142478 0.23804818697 
0.179642 78.88949662524 0.23865479254 
0.180149 78.46557410588 0.22939518656 
0.180655 78.64238481746 0.24089143541 
0.181162 78.69524723246 0.23969092256 
0.181669 79.10751592291 0.24084610887 
0.182175 78.94602839316 0.24562560775 
0.182682 78.77611459190 0.24720008654 
0.183189 78.99085870461 0.24957748281 
0.183695 78.55964879134 0.24366647817 
0.184202 78.56547145556 0.24250822386 
0.184709 77.97942650238 0.24549879432 
0.185216 78.18254824667 0.24634192398 
0.185722 78.27435099494 0.24669044038 
0.186229 78.07907789940 0.24688436732 
0.186736 78.17894160412 0.24347297071 
0.187242 78.22585306712 0.24472342791 
0.187749 78.14232214999 0.24512583673 
0.188256 77.55611972398 0.24695693698 
0.188762 77.99839042207 0.24887915610 
0.189269 77.85361413058 0.24037542860 
0.189776 77.58867281181 0.24647273211 
0.190282 77.45373156764 0.24491614522 
0.190789 77.90150191690 0.24045893214 
0.191296 77.32820058379 0.24751637786 
0.191802 77.47895805154 0.24737082393 
0.192309 77.33173509013 0.24578576394 
0.192816 76.88660078034 0.24087433888 
0.193323 76.48659206497 0.23422176011 
0.193829 76.54445310178 0.23753140683 
0.194336 76.94756727117 0.23911837026 
0.194843 76.31296184614 0.23536974421 
0.195349 76.39213205585 0.23490192085 
0.195856 76.46952898102 0.23464597168 
0.196363 76.23368040286 0.23435163397 
0.196869 76.12029091335 0.22965227040 
0.197376 76.15258946519 0.22455298469 
0.197883 76.12080855997 0.23343810228 
0.198389 76.14509688815 0.23190051577 
0.198896 75.91630201839 0.22818260779 
0.199403 75.97863082499 0.22727596039 
0.199909 75.89937718822 0.22614597048 
0.200416 75.60615724840 0.22133837433 
0.200923 75.84910696281 0.22103954021 
0.201429 75.94669461611 0.22317767661 
0.201936 75.53169905083 0.22337664970 
0.202443 76.13679865171 0.21898679159 
0.202949 75.60439017425 0.21859806468 
0.203456 75.79257888906 0.22415648499 
0.203963 75.48212572940 0.21940178030 
0.204469 75.48821956665 0.21764060061 
0.204976 75.65887966879 0.21847697096 
0.205483 75.19845699471 0.22025019178 
0.205989 75.36589445035 0.21490212430 
0.206496 75.27301202457 0.20993545387 
0.207003 75.27493903033 0.21305718070 
0.207509 74.98494043579 0.21790521946 
0.208016 75.13224855775 0.21389454173 
0.208523 75.40870002732 0.21226225515 
0.209029 75.13632707649 0.20841398114 
0.209536 75.41137285938 0.21392526909 
0.210043 75.37081737107 0.21297737676 
0.210549 74.87707567114 0.21253153887 
0.211056 74.82011484530 0.20884295888 
0.211563 75.06796112320 0.20971076852 
0.212069 75.02003163801 0.21270881255 
0.212576 74.70340956954 0.20966935615 
0.213083 74.92300867665 0.21056298239 
0.213589 74.88712482088 0.21190570968 
0.214096 74.87487661438 0.20511514763 
0.214603 74.72470792837 0.20833812021 
0.215109 74.40271973483 0.20858423363 
0.215616 74.60727193935 0.20763878060 
0.216123 74.33599896522 0.20634049356 
0.216629 74.35339627635 0.20329435099 
0.217136 74.55897200456 0.20716638854 
0.217643 74.32169894502 0.20776259301 
0.218149 74.13960458961 0.20752768585 
0.218656 74.00556215547 0.20612572870 
0.219163 74.03564991105 0.21003920010 
0.219669 74.20118552209 0.20752118758 
0.220176 74.18747273907 0.20521596754 
0.220683 74.06032108008 0.20532417129 
0.221189 74.01339115608 0.20470203734 
0.221696 73.97195476268 0.20701128578 
0.222203 73.88845557988 0.20356771722 
0.222709 73.97147356202 0.20353011873 
0.223216 73.93442776354 0.20131441932 
0.223722 73.86100822148 0.20196751661 
0.224229 73.69377129075 0.20483529981 
0.224736 73.42666026700 0.20268511584 
0.225242 73.81434863381 0.20837985029 
0.225749 73.52781219755 0.20258203834 
0.226256 73.54358859498 0.20303836493 
0.226762 73.49961473985 0.20297805981 
0.227269 73.59224828632 0.20753091647 
0.227776 73.35166278853 0.20385886352 
0.228282 73.30092388708 0.20339202187 
0.228789 73.14917141529 0.20257963399 
0.229296 73.64055344795 0.20221913880 
0.229802 73.43232572212 0.19950359177 
0.230309 73.31339443321 0.19782634339 
0.230816 72.87950332040 0.20166953764 
0.231322 73.19513505261 0.20505477141 
0.231829 73.04875768789 0.19604915744 
0.232335 72.95377410324 0.19746800776 
0.232842 73.01089759154 0.20042880370 
0.233349 72.73290646463 0.19937645717 
0.233855 73.22955594560 0.20533219835 
0.234362 72.94722372422 0.20255572366 
0.234869 72.62214286316 0.19705832659 
0.235375 72.56317668948 0.19751405433 
0.235882 72.72374454087 0.19618273610 
0.236389 72.78588487954 0.19837605524 
0.236895 72.61728619531 0.20273276694 
0.237402 72.36246969749 0.19869396629 
0.237908 72.27804243697 0.20009226199 
0.238415 72.27082507248 0.19739389731 
0.238922 72.06207817129 0.19821453628 
0.239428 72.48291105349 0.20187671456 
0.239935 72.26460223159 0.20329866205 
0.240442 72.11230739277 0.19866897205 
0.240948 72.22033783489 0.19773463026 
0.241455 72.26291885084 0.20341468928 
0.241962 72.10737010577 0.19915461441 
0.242468 71.97319228832 0.19735468473 
0.242975 71.99392845847 0.19997279557 
0.243481 71.86434218233 0.19755204242 
0.243988 71.94312426496 0.19659934832 
0.244495 71.67616448401 0.19969191736 
0.245001 71.62729466397 0.19543934843 
0.245508 71.69607033449 0.19731663410 
0.246015 71.71570253223 0.20076436610 
0.246521 71.61725780637 0.19484919944 
0.247028 71.07512062014 0.19301039109 
0.247534 71.46333325006 0.19614663601 
0.248041 71.58729658067 0.19419238603 
0.248548 71.55874060145 0.19357713347 
0.249054 71.50305942148 0.19684275667 
0.249561 71.48351600490 0.19638047718 
0.250068 71.23885515055 0.19774066485 
0.250574 71.19665427027 0.19546071555 
0.251081 71.08792051770 0.19707056472 
0.251587 71.08020613034 0.19900424414 
0.252094 71.31849061432 0.19831256994 
0.252601 71.14050143326 0.19977819063 
0.253107 70.89186682985 0.19553562842 
0.253614 71.12652830709 0.19905568488 
0.254120 70.79080171841 0.19721364311 
0.254627 71.04766508746 0.19564864567 
0.255134 70.84190728030 0.19492521154 
0.255640 70.92520927400 0.19609128003 
0.256147 70.97600123145 0.19618782616 
0.256654 70.62964307785 0.19968591378 
0.257160 71.27524316708 0.19378199441 
0.257667 71.50350119351 0.19458568742 
0.258173 71.48070488892 0.19181942843 
0.258680 71.21020771705 0.19563558310 
0.259187 71.60888105377 0.19462852024 
0.259693 71.22092818685 0.19514535169 
0.260200 71.68878614541 0.19323444256 
0.260706 71.57550152489 0.19332738306 
0.261213 71.63858689937 0.19689351777 
0.261720 71.70907042459 0.19569081688 
0.262226 71.81982140905 0.19139621950 
0.262733 71.46707589820 0.19336253813 
0.263239 71.67084115330 0.19699828034 
0.263746 71.52163720280 0.19771883545 
0.264253 71.88545042314 0.19163652099 
0.264759 71.83945251729 0.19318867025 
0.265266 71.72101174827 0.19500220259 
0.265772 71.60760666637 0.19188188775 
0.266279 71.73893530192 0.18982806816 
0.266786 71.79153739599 0.19120578201 
0.267292 71.73787814448 0.19227517006 
0.267799 71.58151204554 0.19133469417 
0.268305 71.67340782408 0.19094337722 
0.268812 71.78125788331 0.19107408280 
0.269319 71.74514718493 0.19102184389 
0.269825 71.59596260797 0.18670371104 
0.270332 71.81347209721 0.19316478257 
0.270838 71.67531966080 0.19345812559 
0.271345 72.28029599655 0.19301462692 
0.271852 72.03464213740 0.19410226126 
0.272358 72.24856798595 0.19231226003 
0.272865 72.10204568358 0.19003441837 
0.273371 72.13061677718 0.19361086040 
0.273878 71.87204198587 0.19484406512 
0.274385 72.67344937495 0.18898793029 
0.274891 72.47391586741 0.19451890107 
0.275398 72.19979404171 0.18519845226 
0.275904 72.29996856721 0.18529477898 
0.276411 72.35697542569 0.18648331766 
0.276917 72.32764304426 0.18899655425 
0.277424 72.35675453284 0.18306215936 
0.277931 72.36525647982 0.18545576416 
0.278437 72.18343940680 0.18067720007 
0.278944 72.32019842206 0.18612314845 
0.279450 72.12313412730 0.18104410538 
0.279957 72.19754862078 0.18107908187 
0.280464 72.22589478010 0.18384934303 
0.280970 72.10431723326 0.18281752972 
0.281477 71.93252408682 0.18027874867 
0.281983 72.34447549653 0.18363796695 
0.282490 72.09362478532 0.18043665713 
0.282996 72.20647570768 0.18317213643 
0.283503 72.17576091401 0.18354247270 
0.284010 71.87095809640 0.17843253394 
0.284516 71.86847494483 0.17874795923 
0.285023 71.76985616518 0.17628525216 
0.285529 71.82860265702 0.17497691275 
0.286036 71.56376954972 0.17334820290 
0.286542 71.76772642809 0.17422415677 
0.287049 71.83457968837 0.17669892083 
0.287556 71.52396661876 0.17523638885 
0.288062 71.44070643856 0.17427567217 
0.288569 71.30267749607 0.17039885395 
0.289075 71.54598268589 0.17377877559 
0.289582 71.38641203745 0.17277919943 
0.290088 71.62878872987 0.17197250141 
0.290595 71.48118712953 0.16869105009 
0.291102 70.99409902549 0.16779765843 
0.291608 71.46189280177 0.16680852689 
0.292115 70.99153002153 0.16900071548 
0.292621 71.04715590767 0.17073684769 
0.293128 71.37575830919 0.16822059483 
0.293634 71.11463662517 0.16824794363 
0.294141 70.98529776532 0.16460332643 
0.294647 71.01213530164 0.16957493634 
0.295154 70.92155335636 0.16505154880 
0.295661 70.56586154775 0.16491326354 
0.296167 71.05748024396 0.16529551290 
0.296674 70.93250181133 0.16740047487 
0.297180 70.84725021674 0.16775669155 
0.297687 70.73072003131 0.16585374513 
0.298193 70.88868502171 0.16594567661 
0.298700 70.64181695673 0.16495138952 
0.299207 70.55863794251 0.16427181008 
0.299713 70.68490006278 0.16560499540 
0.300220 70.41878904300 0.16502957746 
0.300726 70.19078286396 0.16606148245 
0.301233 70.38332369176 0.16565181298 
0.301739 70.40575363824 0.16430440617 
0.302246 70.40524255162 0.16482563557 
0.302752 70.29786204515 0.16333572437 
0.303259 70.48413257992 0.16248111122 
0.303765 70.37141159897 0.16173204522 
0.304272 69.98912536447 0.16120207641 
0.304779 69.92556986659 0.15857341377 
0.305285 70.08242164529 0.15822695039 
0.305792 70.21729948811 0.16097815178 
0.306298 70.13233791192 0.15851218333 
0.306805 69.92605020885 0.16210350323 
0.307311 69.63903093758 0.15928372303 
0.307818 69.96909691900 0.16175760140 
0.308324 69.62372950755 0.15721956184 
0.308831 69.67326635199 0.15661641285 
0.309337 69.42689669018 0.15550467553 
0.309844 69.38888221976 0.15248746242 
0.310350 69.39783158898 0.15304842703 
0.310857 68.88205084727 0.15369907125 
0.311364 68.69167436825 0.14991146729 
0.311870 68.45703575635 0.14942263851 
0.312377 68.24214183143 0.15081916888 
0.312883 68.35365075389 0.14991096277 
0.313390 68.00957606080 0.14820193981 
0.313896 68.15668566090 0.14803305183 
0.314403 67.93487328596 0.14447752407 
0.314909 67.81512223347 0.14424729662 
0.315416 67.54930840935 0.14058031164 
0.315922 67.49115681661 0.14509799801 
0.316429 67.26842706212 0.14453289627 
0.316935 67.34227789255 0.14172391661 
0.317442 67.29041705583 0.14029416374 
0.317948 67.03632576720 0.14170354705 
0.318455 67.09679991861 0.14158077983 
0.318961 67.11597413384 0.13949708587 
0.319468 67.10246860406 0.14069439587 
0.319975 66.85191477975 0.14245314641 
0.320481 66.82288374068 0.13872217940 
0.320988 66.80496348843 0.14197298406 
0.321494 66.85431698730 0.13637222511 
0.322001 66.64384034581 0.16628871047 
0.322507 66.61111955610 0.14056231540 
0.323014 66.43590585626 0.14356070745 
0.323520 66.61316853098 0.14240392666 
0.324027 66.34190116033 0.14164668446 
0.324533 66.55961737320 0.13992439467 
0.325040 66.56567450852 0.13799947749 
0.325546 66.39035959366 0.13842959129 
0.326053 66.66182551436 0.14143814240 
0.326559 66.13625620230 0.13903849136 
0.327066 66.20788584531 0.13823195847 
0.327572 66.15165416219 0.14035738299 
0.328079 66.32766326231 0.13934422840 
0.328585 66.23788743075 0.13902375728 
0.329092 66.00645238821 0.13907033449 
0.329598 66.21641291020 0.13730320051 
0.330105 65.71361146940 0.13807112233 
0.330611 66.15935811255 0.13997618119 
0.331118 66.10519643824 0.13833869229 
0.331624 66.09304853385 0.13724904477 
0.332131 65.72481243656 0.13769603647 
0.332637 65.80948576747 0.13717023253 
0.333144 66.01665204574 0.13971218073 
0.333650 65.81295115961 0.13885635395 
0.334157 65.95436132391 0.14078732622 
0.334663 65.63378836044 0.13760054888 
0.335170 65.49502431500 0.14086298187 
0.335676 65.73850107914 0.13834571084 
0.336183 65.85128596214 0.14020728634 
0.336689 65.60844864955 0.13714161565 
0.337196 65.92792888693 0.13754031755 
0.337702 65.51547677712 0.13671000529 
0.338209 65.55627744495 0.14035125241 
0.338715 65.43912654607 0.14053226517 
0.339222 65.23748860953 0.13926499682 
0.339728 65.53731303483 0.13977337252 
0.340235 65.35274725366 0.18988699285 
0.340741 65.41408418585 0.13858846030 
0.341248 65.23358797468 0.14001889770 
0.341754 65.21887980395 0.13949238451 
0.342261 65.11158625068 0.14036694289 
0.342767 65.42257545183 0.13941624045 
0.343274 65.04625704627 0.13901285982 
0.343780 65.43213981678 0.14242613463 
0.344287 65.43392863620 0.14218147648 
0.344793 65.25290694045 0.13924516167 
0.345300 65.13576087403 0.13899705793 
0.345806 65.11214763074 0.14392030149 
0.346313 65.26470751415 0.14096837263 
0.346819 65.10755714154 0.13962639582 
0.347325 64.94790113821 0.14552298262 
0.347832 64.76492870904 0.14426884421 
0.348338 64.77079049430 0.14420448629 
0.348845 64.82105135860 0.14640074665 
0.349351 64.65097474941 0.14857231660 
0.349858 65.00882636051 0.15118052275 
0.350364 64.76054033493 0.14734530334 
0.350871 64.73808288602 0.14947961036 
0.351377 64.93473167423 0.15018761600 
0.351884 64.60707450592 0.14659828538 
0.352390 64.64285327850 0.14940471306 
0.352897 64.52395642314 0.14486182437 
0.353403 64.39437745233 0.14675167853 
0.353910 64.46956807762 0.15268044470 
0.354416 64.14118761855 0.15343388137 
0.354923 64.36207738790 0.15249162254 
0.355429 63.97794927477 0.15407464841 
0.355935 64.02917954148 0.15050127007 
0.356442 63.93402676420 0.14930665079 
0.356948 63.94981698199 0.15205975714 
0.357455 63.89873550049 0.15685257784 
0.357961 64.11919866938 0.15666355400 
0.358468 63.89765693409 0.15355549967 
0.358974 63.66611778227 0.22418823358 
0.359481 63.93823471465 0.20156439217 
0.359987 63.70117109127 0.20017881700 
0.360494 63.68657594733 0.18912636523 
0.361000 63.88041928340 0.18814229310 
0.361506 64.04377074586 0.18653132460 
0.362013 64.02557809603 0.18397761109 
0.362519 63.62084362187 0.18090711020 
0.363026 63.77792123064 0.18087045509 
0.363532 63.65034144966 0.18652392033 
0.364039 64.08980018885 0.18329787167 
0.364545 63.46448878127 0.18702715500 
0.365052 63.64239869357 0.18411271729 
0.365558 63.80021499051 0.18245454631 
0.366064 63.78717324746 0.18347985375 
0.366571 63.59420439428 0.18190765387 
0.367077 63.80791182928 0.18516593031 
0.367584 63.70427367307 0.18662874521 
0.368090 63.53091846869 0.18369869108 
0.368597 63.65109491590 0.18938972536 
0.369103 63.25462051332 0.18361903317 
0.369610 63.85731577008 0.18946825306 
0.370116 63.68880877568 0.18832057254 
0.370622 63.53287402081 0.19186914739 
0.371129 63.47957735229 0.19382044246 
0.371635 63.61314219418 0.19320991742 
0.372142 63.67825033360 0.19265931216 
0.372648 63.39715583348 0.19348600320 
0.373155 63.57366960453 0.19636520395 
0.373661 63.52556665587 0.19365861205 
0.374167 63.68048938138 0.19376896100 
0.374674 63.39583708267 0.19822422089 
0.375180 63.66025001218 0.19622433848 
0.375687 63.46560314038 0.19676042250 
0.376193 63.34945983746 0.20077875061 
0.376700 63.43002458447 0.20253092006 
0.377206 63.47090502166 0.20237831480 
0.377712 63.40099810070 0.20515881133 
0.378219 63.30368386789 0.20407866355 
0.378725 63.44890050998 0.20573394899 
0.379232 63.11632988505 0.21221569895 
0.379738 63.29149836790 0.20662527753 
0.380245 63.39149240994 0.21048827623 
0.380751 63.41401085501 0.20672650441 
0.381257 63.30058840735 0.21012859702 
0.381764 63.37082891281 0.20552332046 
0.382270 63.27182629980 0.20720646570 
0.382777 63.12549253243 0.20512342913 
0.383283 63.07056558444 0.20816505291 
0.383789 63.25865186852 0.21222360969 
0.384296 63.08478193104 0.20834951204 
0.384802 62.88689861898 0.21259233643 
0.385309 63.14733549635 0.21494948605 
0.385815 63.19766716607 0.21295758805 
0.386321 62.82238277975 0.20633751856 
0.386828 63.00168084899 0.21387870007 
0.387334 62.98912468354 0.21711420676 
0.387841 63.06108732984 0.21416397158 
0.388347 62.96360286956 0.21052224102 
0.388853 62.96273029310 0.21494063433 
0.389360 62.62220600376 0.21925441935 
0.389866 62.68026071050 0.21540908996 
0.390373 62.99615118428 0.21657129032 
0.390879 62.66352379833 0.21861113034 
0.391385 62.88923406199 0.22195423687 
0.391892 62.48830408234 0.21906931098 
0.392398 62.78745333162 0.21931781130 
0.392905 62.45512167274 0.21690920087 
0.393411 62.57791895836 0.21948124849 
0.393917 62.62364002987 0.22037505919 
0.394424 62.65656008216 0.22226701436 
0.394930 63.14555637347 0.22567345018 
0.395437 62.72644221761 0.22723994015 
0.395943 62.42058651058 0.22783962300 
0.396449 62.79032681959 0.25843230550 
0.396956 62.94136155570 0.22370722070 
0.397462 62.41165679221 0.24281321043 
0.397969 62.78542103867 0.23673545489 
0.398475 62.81622668376 0.23246500493 
0.398981 62.93279256103 0.23549606868 
0.399488 62.36879380433 0.23974164045 
0.399994 62.07918524408 0.23761128862 
0.400500 62.74801786282 0.24064995351 
0.401007 62.30533323430 0.24056348465 
0.401513 62.30039382622 0.24632459672 
0.402020 62.55654434035 0.23784042267 
0.402526 62.33156479469 0.24848053288 
0.403032 62.13193233419 0.24326947982 
0.403539 62.70931719982 0.25397085192 
0.404045 62.24897644631 0.23905272169 
0.404551 61.97341103622 0.27222356054 
0.405058 62.40974466061 0.26208971548 
0.405564 62.17281623587 0.25631571384 
0.406071 62.16898788451 0.25215343202 
0.406577 61.89413255585 0.25117082718 
0.407083 61.99693478645 0.25614822533 
0.407590 62.37047568248 0.26603410771 
0.408096 62.25292935483 0.27547692914 
0.408602 61.93578317126 0.27159382706 
0.409109 61.89573499357 0.25498043027 
0.409615 62.46925525083 0.26982759124 
0.410121 62.29410556588 0.26592249180 
0.410628 61.94883735929 0.26578420152 
0.411134 61.75316266716 0.26568002136 
0.411641 61.95990429324 0.27590337336 
0.412147 62.20871639822 0.26811382966 
0.412653 61.93636190673 0.27161513369 
0.413160 61.69987981108 0.26335920700 
0.413666 62.15137947716 0.26614476605 
0.414172 61.94653067889 0.27471551458 
0.414679 62.28448917099 0.27551869795 
0.415185 61.75922425245 0.28232255010 
0.415691 61.67761453003 0.26784328956 
0.416198 61.67358251841 0.27016074252 
0.416704 61.87298174304 0.28102701344 
0.417210 61.78056859405 0.27825219693 
0.417717 62.10565545603 0.29486152275 
0.418223 61.61089820698 0.27994013873 
0.418729 62.08237784492 0.28210608890 
0.419236 62.13704532287 0.27988310195 
0.419742 62.05751478133 0.26991799450 
0.420248 61.68178041847 0.27101361084 
0.420755 61.55789075445 0.27454610798 
0.421261 61.97509828207 0.27886908296 
0.421767 61.95193782670 0.28769604700 
0.422274 62.17804882901 0.27495122268 
0.422780 61.67010711140 0.28316828487 
0.423286 61.73734727170 0.28450319551 
0.423793 61.33825832431 0.27108553558 
0.424299 61.91133648278 0.29344570219 
0.424805 61.52011737823 0.28632895703 
0.425312 61.15364879361 0.28380008537 
0.425818 61.35311244765 0.29068157328 
0.426324 61.40823654222 0.29324844593 
0.426831 61.70991065692 0.29342057611 
0.427337 61.91551629487 0.30363772537 
0.427843 61.80625356174 0.30168116475 
0.428350 61.60261195709 0.31314616375 
0.428856 61.98733193218 0.30477524056 
0.429362 61.96800519022 0.31660482642 
0.429869 62.15551522390 0.30652373000 
0.430375 61.78358576224 0.31053196157 
0.430881 61.52627568755 0.32023935937 
0.431388 61.24318416363 0.31929534878 
0.431894 60.77994493422 0.31185355768 
0.432400 61.47399131564 0.33405454371 
0.432907 60.98041325450 0.31371254385 
0.433413 61.33606917318 0.32613318607 
0.433919 61.72560834504 0.32772617783 
0.434425 61.04962861582 0.32274787349 
0.434932 61.48752319256 0.33294187488 
0.435438 61.77759807397 0.35000232802 
0.435944 61.69879790873 0.33985518691 
0.436451 61.34856493141 0.33602793548 
0.436957 61.39135660278 0.36112252060 
0.437463 61.10820615539 0.34489144000 
0.437970 61.13861289757 0.34636931587 
0.438476 61.12599868495 0.36255235616 
0.438982 61.83619972010 0.35679793164 
0.439489 62.05463563121 0.38520924878 
0.439995 61.68940363999 0.38694678428 
0.440501 61.36237798840 0.35548417209 
0.441007 61.02111884099 0.36989439634 
0.441514 61.58021445947 0.38518069784 
0.442020 61.08571921765 0.39782178037 
0.442526 60.98148009846 0.38940205435 
0.443033 60.53030981238 0.40236292322 
0.443539 60.54756022555 0.40959859751 
0.444045 61.21988452054 0.41023526248 
0.444551 61.32525942670 0.40372661424 
0.445058 60.84026530331 0.40787789154 
0.445564 61.01730039942 0.42313548949 
0.446070 60.94635332694 0.42276188375 
0.446577 60.19279312077 0.43130718353 
0.447083 60.89696710957 0.44549838662 
0.447589 59.97149282292 0.42676734061 
0.448095 61.20721947347 0.47454936691 
0.448602 60.50987233649 0.45661112124 
0.449108 60.63974908817 0.47439822916 
0.449614 60.93581347546 0.47350530480 
0.450121 60.46664789715 0.47942389260 
0.450627 61.06081352034 0.52602292270 
0.451133 60.71332123835 0.50160780563 
0.451639 60.60019346996 0.51360252379 
0.452146 61.26918565875 0.53650916400 
0.452652 59.88959603827 0.54187078892 
0.453158 60.02811489497 0.55817806899 
0.453664 59.65395017114 0.55834540909 
0.454171 60.68953913834 0.57364087841 
0.454677 60.44559754179 0.60805552428 
0.455183 60.15061821386 0.62798292052 
0.455689 59.77851869140 0.62111258727 
0.456196 60.05996143309 0.67004977849 
0.456702 60.68972061761 0.62683519603 
0.457208 60.64744694596 0.68357883654 
0.457714 60.79617920489 0.76950005700 
0.458221 60.11386631938 0.73458612605 
0.458727 59.21275011856 0.79335468356 
0.459233 60.53170779885 0.83112353711 
0.459740 59.48838609878 0.85960192882 
0.460246 61.14813357913 0.92803316361 
0.460752 59.67281993223 0.97131804822 
0.461258 60.85329929881 1.00998285802 
0.461765 59.43696381237 1.05919968555 
0.462271 60.80110336055 1.10506935987 
0.462777 60.31301836619 1.19694856111 
0.463283 61.26704532183 1.29175717821 
0.463789 61.03804379603 1.37228623498 
0.464296 61.40697562713 1.39893705417 
0.464802 59.45890328394 1.34815119433 
0.465308 59.30431889343 1.47345555581 
0.465814 59.70099290761 1.70226673851 
0.466321 58.65324124795 1.68922519389 
0.466827 57.87461206487 1.74080030199 
0.467333 58.85663702139 1.85809620163 
0.467839 60.74840474698 1.96425448637 
0.468346 59.54394959802 2.20636872505 
0.468852 61.66275892207 2.81568634341 
0.469358 58.46447855693 2.82396863484 
0.469864 59.82754501985 3.03963200256 
0.470371 61.51151092671 4.07209872881 
0.470877 58.53719721667 4.46424571677 
0.471383 58.11782755507 5.51525033564 
0.471889 56.81076657130 7.38373150049 
0.472395 54.07098565304 5.90544220592 
0.472902 55.22450760402 13.32826186654 
