0.010896 1362.73567186155 13.79915418378 
0.011402 1208.25524149371 11.83956595341 
0.011909 1091.85703255570 12.33086248407 
0.012416 981.95640630327 8.90007714395 
0.012923 897.14677779784 7.47030688177 
0.013430 834.66359586910 10.50977254515 
0.013936 794.81746071848 9.12665377825 
0.014443 748.14212824343 7.25892157062 
0.014950 692.42557468284 6.62436206679 
0.015457 637.57026221910 5.54145450481 
0.015963 591.61191456137 4.72556873040 
0.016470 555.65344795933 3.96604473006 
0.016977 518.30888439331 3.62233251662 
0.017484 486.47005060518 3.21968300635 
0.017990 461.10050392549 3.03108827110 
0.018497 433.01138308141 2.75153980904 
0.019004 412.48380223491 2.40266126892 
0.019511 392.80778487441 2.32801104541 
0.020018 373.73154974388 2.06824859473 
0.020524 357.51197415147 2.09386065539 
0.021031 337.02810461946 1.98425468867 
0.021538 325.49747012950 1.72207240932 
0.022045 313.15847211687 1.78960797026 
0.022551 301.48793586334 1.48857389883 
0.023058 289.77252619282 1.54573915065 
0.023565 280.16847527461 1.52578195183 
0.024072 271.95085423245 1.63379144718 
0.024579 260.45587929098 1.66293806814 
0.025085 253.50858060137 2.05012892274 
0.025592 246.78600720490 2.12988471354 
0.026099 238.93639327909 2.17146843725 
0.026606 233.69929704510 1.70398028340 
0.027112 227.83477123933 1.71566020884 
0.027619 223.77263834250 1.48093406870 
0.028126 216.31583922878 1.46790251965 
0.028633 212.50935033181 1.43226427038 
0.029139 207.24219162648 1.23897749186 
0.029646 202.24371648345 1.17764904847 
0.030153 199.39673135829 1.18123206420 
0.030660 194.03875006469 1.10530473735 
0.031167 191.54449852612 0.97644361357 
0.031673 187.63049795624 0.89338057990 
0.032180 185.21966527885 0.93686111175 
0.032687 181.37937443525 0.86711129282 
0.033194 179.27807711379 0.86220808646 
0.033700 175.37914173201 0.76689532312 
0.034207 173.90623781080 0.80078510934 
0.034714 170.31189406425 0.77284244540 
0.035221 169.86813512150 0.76138055432 
0.035727 166.02653896678 0.73279800755 
0.036234 163.71372353024 0.69616712791 
0.036741 161.77467583314 0.68140572147 
0.037248 160.59577416465 0.63329967749 
0.037755 157.28234217727 0.63473745503 
0.038261 155.45454489572 0.60987887107 
0.038768 154.40279761158 0.61542401598 
0.039275 152.73483329794 0.59705468836 
0.039782 151.50215354543 0.63545955832 
0.040288 148.33945914156 0.57148179170 
0.040795 147.11334401908 0.57780160740 
0.041302 147.15646979790 0.58540471563 
0.041809 145.39455561011 0.56033270786 
0.042315 142.75687949645 0.57226227372 
0.042822 142.52227027276 0.55494041734 
0.043329 141.50484080622 0.55657549465 
0.043836 139.14417060258 0.52580971758 
0.044343 139.40680846354 0.54380007430 
0.044849 137.63744515557 0.53829284895 
0.045356 135.57705136206 0.51236875141 
0.045863 134.72733266860 0.53033341396 
0.046370 134.35209352164 0.51275891265 
0.046876 133.73099712745 0.50983167395 
0.047383 132.90685978188 0.51767219081 
0.047890 130.93041378852 0.50771253266 
0.048397 130.01494922132 0.49215319496 
0.048903 129.56956099220 0.47884429391 
0.049410 127.97818396715 0.48207288111 
0.049917 127.67502737631 0.49894660075 
0.050424 127.49703258033 0.46445945751 
0.050931 125.63296766257 0.45983370766 
0.051437 125.40705071769 0.46250339054 
0.051944 124.59216496849 0.46245019195 
0.052451 122.98143515935 0.45043659950 
0.052958 122.05656467290 0.46462558840 
0.053464 121.62684743637 0.44049633114 
0.053971 120.90055407509 0.44906325814 
0.054478 120.62232931907 0.43505456816 
0.054985 119.89886182846 0.45167954019 
0.055491 119.02408404163 0.47263536238 
0.055998 118.15855285405 0.45124025931 
0.056505 117.52458342599 0.45178251296 
0.057012 116.56825632420 0.46125935607 
0.057519 116.86066229060 0.43524363570 
0.058025 116.07420193244 0.43376646545 
0.058532 115.64172975460 0.40110887075 
0.059039 114.53303595758 0.42004913330 
0.059546 113.57980443962 0.42177466096 
0.060052 113.26398825199 0.42447379863 
0.060559 112.72956211292 0.40344669066 
0.061066 112.39791592289 0.40362647787 
0.061573 111.67886492970 0.41528971452 
0.062079 112.39435751990 0.39394204447 
0.062586 111.38652867032 0.42251747605 
0.063093 109.77214286918 0.39261749036 
0.063600 109.66990152385 0.38924896902 
0.064106 109.80858410488 0.38737726918 
0.064613 109.18418469452 0.39405482843 
0.065120 108.22841478851 0.38247650779 
0.065627 107.67415134862 0.37862776290 
0.066134 107.07909422931 0.38548577295 
0.066640 107.36214101681 0.36830958096 
0.067147 107.19109104484 0.39063472035 
0.067654 106.34477381853 0.37907636030 
0.068161 105.79791119885 0.36725491285 
0.068667 105.71285234517 0.37287997746 
0.069174 105.44024188772 0.37523076962 
0.069681 104.96493259788 0.36398654486 
0.070188 104.30300657007 0.35685217854 
0.070694 103.67602409959 0.35970619262 
0.071201 103.69533514405 0.36044682230 
0.071708 104.32495566245 0.35438157897 
0.072215 103.37991425068 0.36640515919 
0.072721 102.44445392729 0.35467256444 
0.073228 102.52515965666 0.35685126347 
0.073735 102.38666961816 0.34523076663 
0.074242 101.64525643511 0.35389059099 
0.074748 101.07259448657 0.34259311026 
0.075255 100.68821206097 0.34529922741 
0.075762 100.49188852890 0.33377013218 
0.076269 100.61044385870 0.33438954067 
0.076776 101.06483286900 0.33012635284 
0.077282 100.33304341385 0.33237426952 
0.077789 100.41015569269 0.33577032985 
0.078296 99.55592478168 0.32403250394 
0.078803 99.27523180487 0.33306465846 
0.079309 99.29793244764 0.32794997794 
0.079816 99.64259728126 0.32842703493 
0.080323 98.57081255550 0.32489474691 
0.080830 98.69421597752 0.33747811276 
0.081336 98.78661572096 0.35023656013 
0.081843 98.37551608833 0.34394182145 
0.082350 98.09245863895 0.33458730100 
0.082857 98.13403020901 0.32631691441 
0.083363 97.48726934014 0.33435534842 
0.083870 97.78716716556 0.34116461787 
0.084377 97.90222275357 0.34170529404 
0.084884 97.51996164641 0.32865576490 
0.085390 97.38244861957 0.33126043468 
0.085897 97.48914389636 0.32707575634 
0.086404 96.80057999760 0.33865137260 
0.086911 96.09058242558 0.33691397467 
0.087417 95.69031071387 0.32947399100 
0.087924 96.13426171154 0.33838077720 
0.088431 96.06611025071 0.33589388116 
0.088938 95.52208740007 0.33519674532 
0.089444 95.58140271937 0.34124255861 
0.089951 95.21698500453 0.31180011899 
0.090458 94.97637485426 0.33637355731 
0.090965 95.15787055290 0.33745648470 
0.091471 95.22053673672 0.32780172574 
0.091978 94.19303969845 0.32138311865 
0.092485 93.60929425937 0.34689596732 
0.092992 94.41738664369 0.33970081968 
0.093498 93.61720790804 0.33665061804 
0.094005 93.77865853148 0.33697342753 
0.094512 93.59098379801 0.34625470547 
0.095019 93.39570805235 0.32744704531 
0.095525 93.14771049658 0.32613192675 
0.096032 93.28680294151 0.32707832030 
0.096539 92.90976483438 0.32984259316 
0.097046 93.11697584526 0.32541331996 
0.097552 92.45168094190 0.33602344093 
0.098059 92.74103328105 0.32901722861 
0.098566 92.38270775864 0.32911087806 
0.099073 92.04943573239 0.32843984596 
0.099579 92.35330637668 0.32472959885 
0.100086 92.24492720360 0.31992972830 
0.100593 92.34646893997 0.32796648914 
0.101100 92.14646704173 0.32665642222 
0.101606 92.35090192624 0.30746725298 
0.102113 91.17574803515 0.31022546143 
0.102620 90.65834169149 0.29503744464 
0.103127 90.08501041040 0.29887153606 
0.103633 90.06794314096 0.30080452280 
0.104140 88.57826004729 0.29846918305 
0.104647 89.03206930078 0.29808551560 
0.105154 89.57479360502 0.30862460868 
0.105660 88.98857139739 0.31592593089 
0.106167 88.93206236534 0.30382671190 
0.106674 89.03550243509 0.30904913455 
0.107181 89.04448804765 0.30278574216 
0.107687 88.55966789615 0.30037053910 
0.108194 88.43346575521 0.30089305872 
0.108701 88.44353999364 0.29814010217 
0.109208 88.38598041350 0.30042299501 
0.109714 88.51944832924 0.29135025189 
0.110221 88.07772200727 0.29430845553 
0.110728 87.71712789947 0.29001723127 
0.111235 87.63043327620 0.28414696399 
0.111741 87.69958837300 0.29238419965 
0.112248 87.91869288928 0.28710141735 
0.112755 87.35566289279 0.27840283986 
0.113262 87.33034730515 0.28469321778 
0.113768 87.42411291640 0.27665286053 
0.114275 87.30533988444 0.28106451318 
0.114782 87.21828469306 0.27766610061 
0.115289 86.87102520094 0.27730178712 
0.115795 86.62959556980 0.27474142077 
0.116302 87.03935110045 0.27778842585 
0.116809 86.54534617031 0.27778361090 
0.117316 86.99337730186 0.27520394369 
0.117822 86.64168346738 0.26951337221 
0.118329 86.91034669207 0.27751172159 
0.118836 86.48301158651 0.27535067922 
0.119342 85.81634672918 0.27179875008 
0.119849 86.28420235970 0.27006912459 
0.120356 86.07927108485 0.27180085802 
0.120863 85.99910932749 0.26926410824 
0.121369 86.00267385470 0.26690199682 
0.121876 85.60876360046 0.26051375937 
0.122383 85.87035325536 0.26398249634 
0.122890 86.06166753842 0.26215190536 
0.123396 85.86124817314 0.26568422175 
0.123903 85.58268581386 0.26326516714 
0.124410 85.36376543848 0.26225959485 
0.124917 85.02272391064 0.26755077476 
0.125423 85.16951762899 0.25970892334 
0.125930 85.39287787202 0.26396059820 
0.126437 85.00973279547 0.26344069550 
0.126944 84.63589296005 0.26167531796 
0.127450 85.13529215739 0.25012863939 
0.127957 85.54668111260 0.25134726795 
0.128464 84.86902961035 0.25625596446 
0.128970 85.00931830061 0.25005847835 
0.129477 84.68752065019 0.26034868994 
0.129984 84.80482947287 0.25656314419 
0.130491 84.66845842330 0.25259748496 
0.130997 84.55594343466 0.25084805789 
0.131504 84.35224321338 0.24877217836 
0.132011 83.96344044244 0.25552976174 
0.132518 84.09795062955 0.25066749428 
0.133024 84.21722819338 0.25191283831 
0.133531 84.22414244444 0.25315567723 
0.134038 84.08081449890 0.25002558881 
0.134545 83.97242552438 0.24950489629 
0.135051 83.89080453595 0.24605897041 
0.135558 83.70684348693 0.25144777152 
0.136065 83.43605464187 0.24112884401 
0.136571 84.05855961624 0.23857737296 
0.137078 83.84065466110 0.24954368708 
0.137585 83.25719476930 0.24501244935 
0.138092 83.54495340522 0.24162300220 
0.138598 83.45569507087 0.24572028144 
0.139105 83.16439951839 0.24115646308 
0.139612 83.49319349070 0.24564201896 
0.140119 83.20801103480 0.23466603717 
0.140625 83.14293569062 0.24258869681 
0.141132 83.15841647029 0.23825772929 
0.141639 83.22847219372 0.24170225790 
0.142145 83.11598860665 0.24271799274 
0.142652 82.88348582865 0.23977673252 
0.143159 82.94324369529 0.23471825569 
0.143666 82.50872799162 0.23968213262 
0.144172 82.41369736058 0.24262765885 
0.144679 82.27853615869 0.24384031069 
0.145186 82.56539656326 0.24486233906 
0.145692 82.40911463030 0.23807370576 
0.146199 82.36105068001 0.24418631250 
0.146706 82.27264372189 0.24051102365 
0.147213 82.05546413338 0.23895589039 
0.147719 81.89184745719 0.24172286960 
0.148226 82.03089259268 0.23658331032 
0.148733 81.55019340835 0.23303748681 
0.149240 81.51799424301 0.23735007873 
0.149746 81.60249728421 0.24438529014 
0.150253 81.21911223981 0.23488773699 
0.150760 81.55908999470 0.24076820332 
0.151266 81.27729894996 0.24160370091 
0.151773 81.40317900157 0.24318275587 
0.152280 80.92243486690 0.24390392924 
0.152787 80.95989855896 0.23943436922 
0.153293 81.02490707350 0.23686417050 
0.153800 80.77669653547 0.23614641042 
0.154307 80.74476483141 0.23938026472 
0.154813 80.94739499883 0.24320341674 
0.155320 80.78852152686 0.23783838335 
0.155827 80.86409620691 0.23819684652 
0.156334 80.50432282082 0.23652951825 
0.156840 80.70991787482 0.23915257425 
0.157347 80.63709441558 0.23807739785 
0.157854 80.31899448719 0.23970529142 
0.158360 79.98317887816 0.23487925688 
0.158867 79.72627960412 0.23861369942 
0.159374 80.41506649343 0.23518161714 
0.159881 80.37647373839 0.24459727604 
0.160387 79.82793977539 0.23390518164 
0.160894 79.87641102025 0.23398199911 
0.161401 80.24984918316 0.23598780918 
0.161907 80.08260259438 0.23568189692 
0.162414 79.97049506956 0.23689528944 
0.162921 79.65617950519 0.22961237166 
0.163427 79.55795190915 0.23413508480 
0.163934 80.14338804526 0.23947590586 
0.164441 79.63357272644 0.23482707996 
0.164948 79.26063749916 0.23389425179 
0.165454 79.55943679669 0.23332737471 
0.165961 79.09975551621 0.22617119074 
0.166468 79.35004389149 0.23093563473 
0.166974 79.22033455733 0.22667128223 
0.167481 78.96814774237 0.22971719831 
0.167988 78.86421497957 0.23019804635 
0.168495 79.41078507068 0.23303927374 
0.169001 78.96293972058 0.23269869304 
0.169508 79.15626233011 0.23106046178 
0.170015 79.37641482607 0.23108966854 
0.170521 79.30055299380 0.23244746046 
0.171028 78.89341868924 0.22798928007 
0.171535 78.97531097488 0.23358726482 
0.172041 79.00809350256 0.23404689043 
0.172548 79.01946254805 0.23432851950 
0.173055 79.21221509868 0.23323109769 
0.173562 79.25346246909 0.23850354285 
0.174068 79.22145509273 0.23837604118 
0.174575 78.89986826746 0.23600440655 
0.175082 79.01209878580 0.23421627344 
0.175588 78.91994870222 0.24168113232 
0.176095 78.94972528472 0.23934798500 
0.176602 79.03361782673 0.23908605279 
0.177108 79.17514532028 0.23610348229 
0.177615 78.54734675323 0.23316909768 
0.178122 78.86106632304 0.23561299296 
0.178629 78.75187106631 0.23137416431 
0.179135 78.79723737556 0.23692052489 
0.179642 78.79749131623 0.23377346947 
0.180149 79.08365643163 0.24091031217 
0.180655 78.63874366447 0.23920915819 
0.181162 78.43847460390 0.23612379835 
0.181669 78.65798319017 0.23765741759 
0.182175 78.94148827255 0.23962242897 
0.182682 79.01346744252 0.24282298751 
0.183189 78.95944031920 0.24319982660 
0.183695 78.46363740781 0.24085009697 
0.184202 78.58546406577 0.24160227873 
0.184709 78.60489313470 0.24256860075 
0.185216 78.42204949492 0.24079085166 
0.185722 78.33014158714 0.24899225175 
0.186229 78.22252337635 0.24668940005 
0.186736 78.36005455831 0.24514107697 
0.187242 78.11563476337 0.24237334194 
0.187749 77.98151580442 0.24574128832 
0.188256 78.08120714260 0.24843064510 
0.188762 77.33135089327 0.24218859883 
0.189269 77.56979374707 0.24350155531 
0.189776 77.85129222936 0.24630017116 
0.190282 77.44385811532 0.24564732983 
0.190789 77.80064964794 0.25097665925 
0.191296 77.64897040908 0.24592468791 
0.191802 77.27331331558 0.24188937328 
0.192309 76.96340036418 0.23472249001 
0.192816 76.87889902583 0.23824796173 
0.193323 77.14818329951 0.23578783921 
0.193829 76.96196729856 0.23800774598 
0.194336 76.72649427074 0.23749694498 
0.194843 76.61871204373 0.23370693961 
0.195349 75.88447982363 0.23297371777 
0.195856 76.28812896382 0.23484712699 
0.196363 76.45853691040 0.23621493816 
0.196869 76.51381847623 0.23015171899 
0.197376 76.25643853128 0.22843268857 
0.197883 76.45096968846 0.23294454850 
0.198389 76.06915911890 0.22670627070 
0.198896 76.17977049907 0.22363922155 
0.199403 75.90004757873 0.22681990377 
0.199909 76.16219893344 0.22712020837 
0.200416 76.01146751581 0.22721648967 
0.200923 75.63417431220 0.22318280448 
0.201429 75.75116315351 0.21973264159 
0.201936 75.90734754277 0.21934085607 
0.202443 75.42549515560 0.21894070608 
0.202949 75.67674868013 0.22498748539 
0.203456 75.64019104205 0.22015620778 
0.203963 75.79095207528 0.21641543517 
0.204469 75.30705103275 0.21865793921 
0.204976 75.59891981172 0.22367981761 
0.205483 75.61531186999 0.21650247426 
0.205989 75.66003773007 0.21662081075 
0.206496 75.39113399378 0.21402909707 
0.207003 75.52994020160 0.21374449441 
0.207509 75.66654154731 0.21343080414 
0.208016 75.05697939182 0.21262134197 
0.208523 75.65260347204 0.21180434757 
0.209029 75.26971991637 0.20908080523 
0.209536 75.22224210606 0.21372513575 
0.210043 74.99934929145 0.21192810045 
0.210549 75.09156908712 0.21064164376 
0.211056 74.94988755478 0.21356691670 
0.211563 75.31378200824 0.21031477740 
0.212069 74.77732568696 0.21257072164 
0.212576 74.99276629561 0.21174853422 
0.213083 74.92540778203 0.20945994291 
0.213589 74.97921409815 0.21226680898 
0.214096 74.59750137514 0.20519266874 
0.214603 74.75368975137 0.20732157213 
0.215109 74.52734128474 0.20932306748 
0.215616 74.84945520236 0.20773038915 
0.216123 74.68800182607 0.20841956410 
0.216629 74.60650421107 0.20929500864 
0.217136 74.00145025125 0.20664641630 
0.217643 74.40619801205 0.21083811684 
0.218149 73.98498964531 0.20264193628 
0.218656 74.03403732494 0.21143658549 
0.219163 74.24634440839 0.20552424866 
0.219669 74.46906625070 0.20756813162 
0.220176 74.31253429460 0.20794519440 
0.220683 73.75756164653 0.20362859362 
0.221189 74.15650792661 0.20337566086 
0.221696 73.91994004559 0.20672345685 
0.222203 74.10299014836 0.20272778092 
0.222709 73.72374495470 0.20115180555 
0.223216 73.59504555203 0.20210499405 
0.223722 73.67658130380 0.20627030395 
0.224229 74.13039447491 0.20416072470 
0.224736 73.54997697176 0.20473987825 
0.225242 73.47817128396 0.20560857723 
0.225749 73.49065099067 0.19975497496 
0.226256 73.62718326353 0.20229402656 
0.226762 72.96771641012 0.19981827231 
0.227269 73.37880969719 0.20061792811 
0.227776 73.54172315157 0.20536346949 
0.228282 73.49139619998 0.20120862016 
0.228789 73.51892651543 0.19876950146 
0.229296 73.52523513671 0.20816131702 
0.229802 73.22643711492 0.20064528365 
0.230309 73.33636792830 0.20275955527 
0.230816 73.01197890696 0.20215176743 
0.231322 73.17837125492 0.20536369356 
0.231829 73.04003891688 0.19879124477 
0.232335 73.08203655734 0.19862034931 
0.232842 72.89036699313 0.20082508597 
0.233349 72.97036262299 0.19843732002 
0.233855 73.13333748063 0.19834424715 
0.234362 72.64757988485 0.20060161825 
0.234869 72.82778453205 0.19997573751 
0.235375 72.70739138217 0.19858967884 
0.235882 72.81639935630 0.20406065772 
0.236389 72.75907242735 0.19850866269 
0.236895 72.60070640787 0.19852585129 
0.237402 72.21152101708 0.20203421147 
0.237908 72.30267339287 0.19888096495 
0.238415 72.32175758646 0.20178253892 
0.238922 72.46460741776 0.20011227762 
0.239428 71.88354346925 0.19555993018 
0.239935 72.26892940992 0.20150613061 
0.240442 72.12888883224 0.20087732297 
0.240948 72.26440867496 0.19790841451 
0.241455 71.92357017535 0.19835307599 
0.241962 71.97634253581 0.19625156342 
0.242468 71.96677393884 0.19756940903 
0.242975 72.19659028646 0.19767962496 
0.243481 72.03421809590 0.19999624554 
0.243988 71.89619966968 0.19823230300 
0.244495 71.68249391968 0.19997347516 
0.245001 71.77109713995 0.19718409822 
0.245508 71.90234195478 0.19644736286 
0.246015 71.44252003027 0.19451354113 
0.246521 71.60039509823 0.19835512487 
0.247028 71.53378698052 0.19970423149 
0.247534 71.50355188852 0.19940110497 
0.248041 71.65483246933 0.19415257920 
0.248548 71.21328846595 0.20010975232 
0.249054 71.79609254160 0.19709239152 
0.249561 71.38440844300 0.19788803521 
0.250068 71.51513460673 0.19758206730 
0.250574 71.30358996290 0.19369621099 
0.251081 71.17904930314 0.19624307972 
0.251587 71.02168048241 0.19644431091 
0.252094 71.20603429134 0.20242800583 
0.252601 71.11246434573 0.19898218430 
0.253107 71.14532493497 0.19654194748 
0.253614 71.22748690987 0.19643872908 
0.254120 70.97476373458 0.19289402151 
0.254627 70.97887125678 0.19764275861 
0.255134 71.17272654969 0.19525125670 
0.255640 71.08850065019 0.19688331930 
0.256147 70.92255512416 0.19744441049 
0.256654 70.74459583158 0.19879144011 
0.257160 71.10034050254 0.19725925801 
0.257667 71.26990486191 0.19368116281 
0.258173 71.33029515137 0.19718604823 
0.258680 71.39098067873 0.19779456706 
0.259187 71.43985716326 0.19661399822 
0.259693 71.50987897986 0.19436701949 
0.260200 71.56537923389 0.19675504319 
0.260706 71.87362309783 0.19686207925 
0.261213 71.59466341441 0.19821511275 
0.261720 71.70064984994 0.19922596559 
0.262226 71.46900782809 0.19039831798 
0.262733 71.54002312764 0.19482728549 
0.263239 71.55531622076 0.19298494226 
0.263746 71.80552517755 0.19621644486 
0.264253 71.56620030136 0.18965556371 
0.264759 71.69821354591 0.19120500307 
0.265266 71.94659342557 0.19335684424 
0.265772 71.88112707458 0.19299451462 
0.266279 71.94297379437 0.19463942689 
0.266786 71.84264751559 0.19014638495 
0.267292 72.03079551667 0.19256032506 
0.267799 71.64367449398 0.19162014882 
0.268305 71.77371947900 0.18828520182 
0.268812 72.07614944562 0.19200846432 
0.269319 72.03264622071 0.19303664824 
0.269825 71.78821683414 0.19029431508 
0.270332 71.84429613615 0.19623966420 
0.270838 72.22411210451 0.19099708527 
0.271345 72.07205372509 0.19352965035 
0.271852 72.26767771754 0.19330902929 
0.272358 72.02712702233 0.19201132305 
0.272865 72.27146418730 0.19338020859 
0.273371 72.52018259318 0.19684640421 
0.273878 72.39756661942 0.19205790644 
0.274385 72.63368715948 0.18977722110 
0.274891 72.42387341961 0.19372591416 
0.275398 72.54327698732 0.18622693570 
0.275904 72.41955077234 0.18768048257 
0.276411 72.27789379722 0.18812923559 
0.276917 72.18218118239 0.18484758385 
0.277424 72.38611102971 0.18471887334 
0.277931 72.37267662340 0.18508810661 
0.278437 72.28754541489 0.18383473128 
0.278944 72.03356041644 0.18067696084 
0.279450 72.12369024528 0.18437907606 
0.279957 72.40275314470 0.18570682388 
0.280464 72.20645267013 0.18287888171 
0.280970 72.16438741540 0.17890256844 
0.281477 72.14746903021 0.18304693470 
0.281983 72.41230901593 0.17819529752 
0.282490 72.13619547117 0.17960569049 
0.282996 72.08249630447 0.18071601703 
0.283503 72.14979238549 0.18043390840 
0.284010 72.16308437244 0.18208845879 
0.284516 71.58050552326 0.17631401688 
0.285023 71.91184140443 0.17704773999 
0.285529 71.73757734361 0.17473554523 
0.286036 71.50639971970 0.17120343872 
0.286542 71.50964428067 0.17207993654 
0.287049 71.50301807473 0.17367305034 
0.287556 71.54670343999 0.17456335311 
0.288062 71.48289385520 0.17497187726 
0.288569 71.72875678061 0.17185104264 
0.289075 71.60041614518 0.17130649994 
0.289582 71.28807965462 0.17138546407 
0.290088 71.47538675346 0.16941883875 
0.290595 71.36889616789 0.17087086755 
0.291102 71.42224657478 0.16818942703 
0.291608 71.10853766498 0.16558558104 
0.292115 71.12126106084 0.16276782428 
0.292621 71.20646309123 0.16746596365 
0.293128 71.24603907762 0.16541496556 
0.293634 71.39095303723 0.16613229336 
0.294141 71.14402161529 0.17028314106 
0.294647 70.93253202698 0.16894599061 
0.295154 71.14820660599 0.16383414983 
0.295661 70.87905146087 0.16474506505 
0.296167 70.94909649612 0.16930445344 
0.296674 70.87085874757 0.16472237978 
0.297180 70.80410741585 0.16577996569 
0.297687 70.57144531266 0.16599962212 
0.298193 70.79797326868 0.16401420307 
0.298700 70.63462933104 0.16150013827 
0.299207 70.82588834436 0.16540657252 
0.299713 70.73853834005 0.16592925512 
0.300220 70.67995400695 0.16198620238 
0.300726 70.40081804533 0.16312119336 
0.301233 70.38494335723 0.16364000663 
0.301739 70.45746440181 0.16474013109 
0.302246 70.32250004281 0.16208866357 
0.302752 70.16920519381 0.16439520481 
0.303259 70.45622223901 0.16015576721 
0.303765 70.13925573451 0.16068246626 
0.304272 70.21355039860 0.15924274760 
0.304779 69.95687271354 0.16078788298 
0.305285 70.41326123973 0.16264700926 
0.305792 70.01377051486 0.16151964162 
0.306298 70.28572629143 0.16141087195 
0.306805 70.05941362133 0.16367269998 
0.307311 69.94709906537 0.15738588383 
0.307818 69.93082070516 0.16016877639 
0.308324 69.75784727476 0.15672478124 
0.308831 69.66052083209 0.15287820575 
0.309337 69.50284866009 0.15617192804 
0.309844 69.31711905426 0.15588204313 
0.310350 69.36434953680 0.15465150418 
0.310857 68.89049411660 0.15291033995 
0.311364 68.82665687695 0.15075876303 
0.311870 68.25139892916 0.14799440738 
0.312377 68.31354004081 0.14926385309 
0.312883 68.34276029478 0.14754070174 
0.313390 67.93265256087 0.14693144674 
0.313896 67.86087178054 0.14760619229 
0.314403 67.80041869184 0.14429862354 
0.314909 67.84238657150 0.14252737907 
0.315416 67.58325689401 0.14579604744 
0.315922 67.44383640088 0.14396996951 
0.316429 67.27634427509 0.14082931675 
0.316935 67.24834105824 0.14283635194 
0.317442 67.28555584859 0.14241415408 
0.317948 67.09780906611 0.14066207664 
0.318455 67.26484610889 0.14148300740 
0.318961 66.82447576634 0.14276662098 
0.319468 66.89221641121 0.14387625104 
0.319975 66.84744425533 0.14528686618 
0.320481 66.93712136498 0.14052461391 
0.320988 66.75693910341 0.14369279177 
0.321494 66.65442640047 0.13898798528 
0.322001 66.71828768256 0.15849157949 
0.322507 66.79969140103 0.14128966928 
0.323014 66.71310702857 0.14215621057 
0.323520 66.52559432746 0.14381367982 
0.324027 66.48458820552 0.14160920732 
0.324533 66.45420046560 0.13966128977 
0.325040 66.55660764108 0.14020813117 
0.325546 66.61933219493 0.14049624726 
0.326053 66.46187166713 0.13935500443 
0.326559 66.39822112106 0.13939406379 
0.327066 66.37618635797 0.13919517421 
0.327572 66.26973219947 0.13843542601 
0.328079 66.29841750759 0.13945828970 
0.328585 65.88686405066 0.13858171469 
0.329092 66.17765913818 0.13808653815 
0.329598 66.18194670674 0.13948586537 
0.330105 66.26793568715 0.14029130066 
0.330611 65.91324925573 0.14284390936 
0.331118 66.00411801319 0.14000083133 
0.331624 66.14566566663 0.13792969157 
0.332131 65.86192741184 0.13647269359 
0.332637 65.72489168676 0.13918961313 
0.333144 65.81676095248 0.14103397436 
0.333650 65.74904814422 0.13951488318 
0.334157 65.67465155868 0.13909221967 
0.334663 65.83461655739 0.13659099998 
0.335170 65.65151857174 0.13916249211 
0.335676 65.61867610356 0.13879469369 
0.336183 65.60752385333 0.13951464286 
0.336689 65.63619593098 0.14268447587 
0.337196 65.66595218948 0.14012891876 
0.337702 65.56700424784 0.13743251935 
0.338209 65.47852942432 0.13753986154 
0.338715 65.57215399673 0.14167040755 
0.339222 65.51353174905 0.13873293583 
0.339728 65.55063077820 0.13719404117 
0.340235 65.61354492356 0.18585073650 
0.340741 65.70392395732 0.13638774118 
0.341248 65.29596660877 0.13758539817 
0.341754 65.25568042103 0.13899995050 
0.342261 65.33629595912 0.14059365369 
0.342767 65.38407258787 0.13926433062 
0.343274 65.29814195733 0.13958176500 
0.343780 65.29536089319 0.14054848407 
0.344287 65.13033963305 0.13890705393 
0.344793 65.37137022474 0.14075079134 
0.345300 65.10453851166 0.14031098772 
0.345806 64.99507911619 0.14006104016 
0.346313 64.99724138468 0.14435471710 
0.346819 64.79182376986 0.14412572827 
0.347325 65.09583957992 0.14588757071 
0.347832 65.09676890189 0.14525792839 
0.348338 64.90397566452 0.14621690820 
0.348845 64.78143367879 0.14543552921 
0.349351 64.89778068555 0.14929640369 
0.349858 64.66214534978 0.14933610231 
0.350364 64.88865317548 0.14709183913 
0.350871 64.40017454585 0.14611840319 
0.351377 64.92402382229 0.14762027563 
0.351884 64.54399003070 0.14852288012 
0.352390 64.55450783194 0.15006958817 
0.352897 64.54575500880 0.14854828150 
0.353403 64.53794533781 0.14951070458 
0.353910 64.31786922313 0.15033181908 
0.354416 64.10799996196 0.15238055100 
0.354923 64.47758361075 0.15393391457 
0.355429 64.20249802352 0.15454113186 
0.355935 64.10523593243 0.14899216840 
0.356442 63.90365753583 0.15101537995 
0.356948 64.21684611277 0.15345306837 
0.357455 64.01441212135 0.15285049440 
0.357961 64.14713464909 0.15932884045 
0.358468 63.94738950015 0.15780359621 
0.358974 63.91875557939 0.21916312838 
0.359481 63.93703767411 0.20480088456 
0.359987 63.68064410248 0.20073540966 
0.360494 63.94565612255 0.19011912738 
0.361000 63.75082124930 0.18589309780 
0.361506 63.71145156150 0.18652264433 
0.362013 63.92595253274 0.18755757915 
0.362519 63.89263401388 0.18280153059 
0.363026 63.71208622613 0.18559524091 
0.363532 63.78218865086 0.19015432291 
0.364039 64.06562200508 0.18222505922 
0.364545 63.98327351765 0.18263060950 
0.365052 63.86640428544 0.18267800365 
0.365558 64.03396061426 0.18438597784 
0.366064 63.58520301294 0.18263184963 
0.366571 63.64983696863 0.18930441129 
0.367077 63.81094966365 0.18390111708 
0.367584 63.82393666729 0.18536650625 
0.368090 63.67625992826 0.18931993576 
0.368597 63.89093060221 0.19215729028 
0.369103 63.93536583262 0.18749509750 
0.369610 63.83977931363 0.18608705076 
0.370116 63.69532676285 0.19008150986 
0.370622 63.59814414250 0.19128261743 
0.371129 63.81327838901 0.19494387047 
0.371635 63.80865127664 0.19142300595 
0.372142 63.56482319487 0.19516449869 
0.372648 63.64586817483 0.19718821173 
0.373155 63.61004913917 0.19412731775 
0.373661 63.54465127743 0.19250402944 
0.374167 63.27555525374 0.19922281079 
0.374674 63.60639791391 0.20035940632 
0.375180 63.65598631960 0.19319741845 
0.375687 63.58015305425 0.19955803918 
0.376193 63.38183982990 0.20193359689 
0.376700 63.28653338334 0.19683372961 
0.377206 63.34303014263 0.20455666959 
0.377712 63.56771162517 0.20230027284 
0.378219 63.46963995067 0.20176661146 
0.378725 63.33673865427 0.20544724507 
0.379232 63.46864857887 0.20676260103 
0.379738 63.19928033635 0.20514635276 
0.380245 63.41283639117 0.20568290890 
0.380751 63.36225206400 0.21041541835 
0.381257 63.46489103916 0.20933969316 
0.381764 63.27193417028 0.20740545485 
0.382270 62.91061241455 0.21248119383 
0.382777 62.98857619205 0.21100416746 
0.383283 63.26974523953 0.21087519864 
0.383789 63.19327031626 0.20915340704 
0.384296 62.90233464732 0.21092044437 
0.384802 63.24879781715 0.21385872379 
0.385309 62.95185496994 0.20761732907 
0.385815 62.88936732943 0.21263084925 
0.386321 62.89120481276 0.20947144196 
0.386828 63.18020638284 0.21800753473 
0.387334 62.74703949419 0.21112941942 
0.387841 63.11000083710 0.21554745930 
0.388347 62.86326825244 0.21295699614 
0.388853 63.11202289139 0.21394406007 
0.389360 62.95715632125 0.21517137892 
0.389866 62.49328765497 0.20952474478 
0.390373 62.73631999665 0.21575722887 
0.390879 62.62167560848 0.21390292028 
0.391385 62.69016245342 0.22095587996 
0.391892 62.84679838320 0.21753511518 
0.392398 62.62562551493 0.22524377364 
0.392905 62.46068816960 0.22295816701 
0.393411 62.65482387006 0.21562133376 
0.393917 62.71543027892 0.22628442334 
0.394424 62.87021296451 0.22386594423 
0.394930 62.46595277404 0.22294040463 
0.395437 62.64120781375 0.22834204694 
0.395943 62.74924823884 0.22689308109 
0.396449 62.96356892367 0.40907365796 
0.396956 62.52027969948 0.22836747736 
0.397462 62.68239907420 0.22908953446 
0.397969 62.46420968399 0.23655605362 
0.398475 62.35044754416 0.22565145712 
0.398981 62.72104295028 0.24137417520 
0.399488 62.81085624447 0.23887691578 
0.399994 62.56692465613 0.23767145343 
0.400500 62.71990158502 0.24289891156 
0.401007 62.46478575246 0.24247068970 
0.401513 62.41568027410 0.23684868834 
0.402020 62.22440408290 0.24352724181 
0.402526 63.01799803469 0.25118826417 
0.403032 62.61463238582 0.24281478969 
0.403539 62.65266045841 0.25207859483 
0.404045 62.48737713687 0.24458781540 
0.404551 61.90436183574 0.26442688760 
0.405058 62.41685515116 0.26501148221 
0.405564 62.22071712251 0.25904152441 
0.406071 62.38227907751 0.25706570285 
0.406577 62.42203241614 0.25704216468 
0.407083 62.61312840210 0.26952621999 
0.407590 61.77595889608 0.26205227905 
0.408096 62.39116367504 0.27654604700 
0.408602 62.34632346233 0.27460874621 
0.409109 62.04971928990 0.27136932384 
0.409615 62.01030202744 0.26748983841 
0.410121 62.36442651561 0.26034695354 
0.410628 61.63893930170 0.26039441454 
0.411134 62.30810203481 0.26691416946 
0.411641 62.43453103170 0.26905014813 
0.412147 62.40105307000 0.26493228360 
0.412653 62.04140098329 0.26601710963 
0.413160 62.04115265657 0.26616229761 
0.413666 61.75019967044 0.26573644285 
0.414172 61.89631100777 0.28009332589 
0.414679 61.95490622249 0.27074650825 
0.415185 62.17361976367 0.28912637037 
0.415691 61.75681976012 0.26901305668 
0.416198 61.76383513029 0.27407457291 
0.416704 61.76476440622 0.28848294642 
0.417210 61.72322375365 0.27830439778 
0.417717 62.08517284758 0.29183073280 
0.418223 61.78364228405 0.27611324528 
0.418729 61.67801915452 0.28267332525 
0.419236 62.03598285161 0.28222574357 
0.419742 61.48836151069 0.26868596399 
0.420248 61.87321206218 0.27312576350 
0.420755 61.89299981990 0.27075972846 
0.421261 61.79777057626 0.27766001114 
0.421767 61.93178402405 0.27969716929 
0.422274 62.00340280863 0.27367895058 
0.422780 61.67945473550 0.27890330170 
0.423286 61.63930652770 0.28622687229 
0.423793 61.61626759110 0.28722497974 
0.424299 61.94573628611 0.29131322383 
0.424805 61.59663205643 0.28682726458 
0.425312 61.98330640365 0.30306799858 
0.425818 61.84332893446 0.29332681899 
0.426324 61.94712675409 0.30520068418 
0.426831 61.74546534549 0.29449125989 
0.427337 61.81601430488 0.30202259615 
0.427843 61.92239064978 0.29982626129 
0.428350 61.96505317253 0.30782846251 
0.428856 61.21231507324 0.30242334342 
0.429362 61.64597938277 0.31156872047 
0.429869 61.53955231101 0.31391529907 
0.430375 61.37822609998 0.31056208894 
0.430881 61.53439020179 0.31249012618 
0.431388 61.49815388706 0.31129956341 
0.431894 61.84747466478 0.31968488081 
0.432400 61.39250885533 0.32904332789 
0.432907 61.69136636340 0.31751287812 
0.433413 61.52721790263 0.33230865431 
0.433919 61.53850421129 0.33469920763 
0.434425 61.16884563405 0.32612020848 
0.434932 61.67162001574 0.34615291500 
0.435438 61.79060155728 0.35223980014 
0.435944 61.45173300749 0.33509157453 
0.436451 62.28482133515 0.35428245139 
0.436957 61.59438361014 0.36082656903 
0.437463 61.15001792099 0.34071884946 
0.437970 61.35435692470 0.33852449335 
0.438476 61.88108347468 0.35693895011 
0.438982 61.12168052448 0.36493737137 
0.439489 61.52486687170 0.37166993668 
0.439995 61.68222089491 0.36783107840 
0.440501 61.18772169771 0.36886083226 
0.441007 61.13014173977 0.37532462319 
0.441514 60.61516454967 0.36433193705 
0.442020 61.50006656160 0.39310020361 
0.442526 61.29703473460 0.39952829108 
0.443033 60.60530702908 0.39622664315 
0.443539 61.52057481185 0.39688624370 
0.444045 61.11411450016 0.41466269328 
0.444551 60.83012041954 0.42446387855 
0.445058 60.88374598323 0.40751326387 
0.445564 62.11582775681 0.43182474355 
0.446070 60.81608265204 0.42429771834 
0.446577 60.74405533516 0.43256035275 
0.447083 61.00190040839 0.46279215066 
0.447589 60.23751524301 0.43674422877 
0.448095 60.63679125239 0.46229833458 
0.448602 61.70223661549 0.48712841438 
0.449108 59.81818601689 0.46810137224 
0.449614 61.10335001545 0.46474363219 
0.450121 60.74558935779 0.48649368215 
0.450627 61.05074965672 0.51757021876 
0.451133 60.80885084333 0.49145975975 
0.451639 61.16584943285 0.52212388581 
0.452146 59.78947340616 0.52947088096 
0.452652 59.25890379342 0.50255710826 
0.453158 61.02021608615 0.56781971048 
0.453664 60.25868080647 0.58319050920 
0.454171 60.01494526246 0.59517480232 
0.454677 60.69597891247 0.60651713334 
0.455183 60.07421343905 0.61385268499 
0.455689 60.22218832534 0.61866402300 
0.456196 59.21120551415 0.66017647823 
0.456702 60.45163433751 0.66263613585 
0.457208 60.10712915171 0.68496068063 
0.457714 60.35437877941 0.73879844631 
0.458221 60.81096333705 0.76324275641 
0.458727 60.18921167680 0.80006257625 
0.459233 59.72961805468 0.86524424409 
0.459740 60.60058128244 0.87230670747 
0.460246 60.54625504378 0.90946076805 
0.460752 60.49996777203 1.01015314302 
0.461258 59.92615891370 1.02768592010 
0.461765 60.64691429609 1.07634016775 
0.462271 59.74404850185 1.06645200876 
0.462777 59.01226958879 1.12519006659 
0.463283 60.05574742173 1.27208524300 
0.463789 58.93075703848 1.36499152771 
0.464296 60.26267113348 1.34713511728 
0.464802 61.29104077753 1.38782342933 
0.465308 61.05347363458 1.54762989928 
0.465814 60.32063120780 1.70762236246 
0.466321 61.21353576209 1.70692921782 
0.466827 61.09354410790 1.82550913558 
0.467333 57.87136243014 1.87314974649 
0.467839 60.57449276790 1.94841061654 
0.468346 59.32489039656 2.33623090148 
0.468852 57.76176761612 2.45455725334 
0.469358 56.37223258848 2.89670830104 
0.469864 60.18046559372 2.97715514396 
0.470371 58.06334813252 3.80378756478 
0.470877 57.57891934227 4.41088259930 
0.471383 56.06758876792 5.38278550505 
0.471889 50.89211119398 6.61774655962 
0.472395 53.26315770068 5.59333497664 
0.472902 51.92324426055 12.27003644092 
