0.010896 1357.04311953619 13.51540284995 
0.011402 1202.02449703484 12.44500727354 
0.011909 1086.38227446265 12.02589823521 
0.012416 977.24705789851 9.14622051891 
0.012923 893.24565994320 7.43107389967 
0.013430 828.37873210008 11.51599508029 
0.013936 788.90795786742 8.74414122164 
0.014443 734.29098382172 7.72062385505 
0.014950 683.62535582398 6.74124661908 
0.015457 624.40569869172 5.24621575399 
0.015963 584.99449241818 4.73105635779 
0.016470 545.69974857793 4.33736039386 
0.016977 509.20172466753 3.69285077457 
0.017484 474.83767931498 3.33390705444 
0.017990 449.73824394439 2.86059797820 
0.018497 423.27364639415 2.73567081264 
0.019004 402.70794930133 2.32364722425 
0.019511 380.93238097201 2.32482701872 
0.020018 362.67496035468 2.12223408969 
0.020524 346.14791610043 1.89812091651 
0.021031 329.45830184323 1.88065942265 
0.021538 313.38349317306 1.77238479520 
0.022045 302.03494261749 1.68674980989 
0.022551 291.27379674853 1.61168654563 
0.023058 277.31472430502 1.45471288483 
0.023565 268.65636247387 1.58754460025 
0.024072 260.81784894419 1.59097424670 
0.024579 249.49754860485 1.72933426321 
0.025085 243.90493182059 2.12063586412 
0.025592 236.96573616700 2.11141347507 
0.026099 228.45668426765 2.02883815953 
0.026606 222.69119820039 1.64878086535 
0.027112 218.50751528369 1.70197706595 
0.027619 212.66730858944 1.53264605333 
0.028126 208.35485147777 1.52893755358 
0.028633 201.78968091038 1.37765207034 
0.029139 198.66598807231 1.15026227783 
0.029646 193.95040371051 1.16974310600 
0.030153 190.45354147914 1.13914446644 
0.030660 187.29750090508 1.03816598021 
0.031167 182.19399967914 0.95831539618 
0.031673 178.57918383940 0.93975811201 
0.032180 176.01559375015 0.89930757089 
0.032687 171.42690923887 0.78911557398 
0.033194 168.96959926629 0.83222033251 
0.033700 167.86316259828 0.78542842275 
0.034207 164.26050222651 0.72777941532 
0.034714 161.51713804756 0.77281299239 
0.035221 160.37193667998 0.71412603700 
0.035727 157.12226395177 0.69196412119 
0.036234 155.83964464971 0.66074059997 
0.036741 154.39210889530 0.67300347052 
0.037248 151.90684466731 0.71160188347 
0.037755 149.56061273707 0.61374020634 
0.038261 148.23281027538 0.56385374649 
0.038768 146.89008636187 0.59202370568 
0.039275 145.74532390620 0.59166298136 
0.039782 145.32233288240 0.62095391730 
0.040288 142.52024366459 0.56029352018 
0.040795 141.44323918379 0.54603598927 
0.041302 140.11885377694 0.55837937823 
0.041809 138.35669166390 0.54825025796 
0.042315 137.72310689772 0.55946271020 
0.042822 136.07906330875 0.52522124236 
0.043329 134.79077943417 0.52644514775 
0.043836 133.63657301422 0.52729689444 
0.044343 133.83128761711 0.51798742450 
0.044849 131.47614384311 0.50372071941 
0.045356 130.80934956694 0.51113809734 
0.045863 129.97168264265 0.50590823094 
0.046370 129.15754379970 0.48691671363 
0.046876 128.51727166368 0.45978958488 
0.047383 126.05233711536 0.51177224050 
0.047890 125.84022398604 0.48362918765 
0.048397 126.32410589731 0.48759393004 
0.048903 124.11996383467 0.48061077101 
0.049410 124.06653648273 0.47382879841 
0.049917 122.29343164205 0.47670906242 
0.050424 122.42146134034 0.46418471885 
0.050931 121.20509293518 0.43788872879 
0.051437 120.91469625719 0.47734407223 
0.051944 118.94443947357 0.44401918646 
0.052451 119.03825733539 0.44731162654 
0.052958 118.41940177656 0.43244273068 
0.053464 118.88893639908 0.43720743753 
0.053971 117.38021791023 0.43858891059 
0.054478 116.42549392682 0.43517574245 
0.054985 115.83230002416 0.43362355659 
0.055491 115.63711202780 0.43587828258 
0.055998 114.40177159076 0.44286514828 
0.056505 113.39824391271 0.41877225803 
0.057012 113.19314224306 0.44581004618 
0.057519 112.01491712790 0.42827604202 
0.058025 112.83919103812 0.41241150189 
0.058532 112.04043238425 0.41202320073 
0.059039 111.12625762381 0.40524154109 
0.059546 111.07811287447 0.41386443747 
0.060052 111.16364490072 0.42271177534 
0.060559 109.82728004255 0.41147263449 
0.061066 109.32101836441 0.41224152503 
0.061573 108.95223054133 0.40417882293 
0.062079 108.90168559896 0.38589322748 
0.062586 107.94379912204 0.39409287141 
0.063093 107.75963994004 0.40078685825 
0.063600 107.83648755933 0.37860113564 
0.064106 105.88661386923 0.37081638925 
0.064613 106.08813057544 0.38875755900 
0.065120 105.83928048422 0.37153540757 
0.065627 105.29639893327 0.38292908596 
0.066134 104.97039622445 0.38465339974 
0.066640 104.51743473044 0.39134496139 
0.067147 104.66569756133 0.39169697076 
0.067654 104.28672497247 0.37408946086 
0.068161 103.33733230359 0.36291859219 
0.068667 103.67442333985 0.37366662114 
0.069174 103.07595839668 0.38202291396 
0.069681 102.55921052552 0.37004148410 
0.070188 101.97072617040 0.36698891454 
0.070694 101.57401141607 0.35794596902 
0.071201 101.45316392387 0.36135184389 
0.071708 101.28943026771 0.37043067223 
0.072215 100.77775274075 0.34987021642 
0.072721 100.86854481209 0.34212389647 
0.073228 100.49904335695 0.34212348511 
0.073735 100.35110872687 0.33930283525 
0.074242 99.78470344858 0.33140673509 
0.074748 99.67495859064 0.34202053388 
0.075255 99.76927343305 0.33846570528 
0.075762 98.93603979424 0.34611997201 
0.076269 99.32904138696 0.33565027018 
0.076776 98.58805063387 0.33999062651 
0.077282 97.96008075545 0.33281142638 
0.077789 98.23740232067 0.32975393564 
0.078296 97.36516408420 0.32176430039 
0.078803 96.92335523884 0.32725576967 
0.079309 97.87334730378 0.33356475592 
0.079816 97.39824144916 0.33182061201 
0.080323 97.00939895828 0.32530233939 
0.080830 97.17860145891 0.33614217799 
0.081336 97.23530229241 0.34042982861 
0.081843 97.24498433067 0.31540044352 
0.082350 96.49420784554 0.32316940983 
0.082857 96.71001672632 0.32608366966 
0.083363 96.53116780369 0.35242042154 
0.083870 96.15059740413 0.34547027238 
0.084377 96.21198816591 0.33758655499 
0.084884 95.99196119882 0.34217961739 
0.085390 96.04792363454 0.32871946159 
0.085897 95.38402678859 0.32378699238 
0.086404 95.36811858074 0.33059824107 
0.086911 95.13546695644 0.33642825410 
0.087417 94.92013093625 0.34014551753 
0.087924 94.56917016849 0.32610485141 
0.088431 94.61857874647 0.32102481209 
0.088938 94.23495339429 0.32560507902 
0.089444 94.21456966233 0.33901222195 
0.089951 94.39053087158 0.32461557197 
0.090458 93.99693097573 0.33241086204 
0.090965 93.72430908292 0.34173505498 
0.091471 93.95796492511 0.33721688923 
0.091978 93.40819362485 0.32987836306 
0.092485 91.82633667866 0.34374185768 
0.092992 93.04045819200 0.34386536877 
0.093498 92.51095347361 0.33960004002 
0.094005 93.48813582399 0.33485948216 
0.094512 92.39408032340 0.32902080829 
0.095019 92.73982384949 0.32554195337 
0.095525 92.31124179492 0.32330157925 
0.096032 92.37243623790 0.33508149392 
0.096539 92.45181565859 0.33454900635 
0.097046 92.03880735592 0.32166040076 
0.097552 91.79402819816 0.32767216461 
0.098059 92.18650469794 0.32289171638 
0.098566 91.74846488948 0.31722622962 
0.099073 92.03959698932 0.32521668045 
0.099579 91.61732361507 0.32489875980 
0.100086 91.30096184441 0.31579728689 
0.100593 91.37483541831 0.32894632503 
0.101100 91.67896807079 0.31234233859 
0.101606 90.92375439432 0.31731691189 
0.102113 90.32115544882 0.31628008403 
0.102620 89.77766155217 0.30552596864 
0.103127 89.45192213570 0.30088502817 
0.103633 88.99367677624 0.29065971236 
0.104140 88.29830954831 0.29208356115 
0.104647 88.37884434009 0.29026844227 
0.105154 88.61350242965 0.31037384012 
0.105660 88.76596638526 0.30000335416 
0.106167 88.27620062820 0.30707927990 
0.106674 88.45210843027 0.29409429321 
0.107181 88.61628449432 0.31454764320 
0.107687 87.73467589184 0.30359615806 
0.108194 87.87791584766 0.29710123884 
0.108701 88.00329120880 0.29143434978 
0.109208 87.26684941780 0.28801009694 
0.109714 87.42497677763 0.29221633415 
0.110221 87.96078263766 0.29385930284 
0.110728 87.56995240106 0.28406460937 
0.111235 87.56406342424 0.29213926616 
0.111741 86.99513286726 0.28241277479 
0.112248 87.38980901824 0.28782701796 
0.112755 87.34124036740 0.28192413540 
0.113262 87.25932913983 0.28794990457 
0.113768 86.66916102690 0.28498691695 
0.114275 87.40456002550 0.28143256703 
0.114782 86.60936404174 0.28199100243 
0.115289 86.57998508133 0.27684225400 
0.115795 86.23589809990 0.26744515672 
0.116302 86.32771020800 0.27970556302 
0.116809 86.29034554350 0.26930106122 
0.117316 86.38157192348 0.27383111402 
0.117822 86.53256101077 0.27235620294 
0.118329 86.48182965162 0.27553969186 
0.118836 85.98674421983 0.27405842349 
0.119342 85.77809166848 0.27016155297 
0.119849 85.97153430750 0.26992460764 
0.120356 86.00902877970 0.27375566778 
0.120863 85.46665642352 0.27383747149 
0.121369 85.69051849776 0.26129401866 
0.121876 85.55371186203 0.27195152506 
0.122383 85.17370196608 0.26462956285 
0.122890 85.41128571925 0.26264706775 
0.123396 85.97072277236 0.26486695007 
0.123903 85.07020982377 0.25663837893 
0.124410 85.28080587856 0.26073401633 
0.124917 84.94889844576 0.25826933518 
0.125423 84.51153195570 0.25596220156 
0.125930 84.72276892336 0.26098358895 
0.126437 85.02786679404 0.25379227798 
0.126944 85.10329019570 0.25779180323 
0.127450 84.94761285724 0.25188517597 
0.127957 84.89475295992 0.25061605378 
0.128464 84.80500371264 0.25694067054 
0.128970 84.31538208662 0.25546178863 
0.129477 84.45090786821 0.25511740683 
0.129984 84.69811463382 0.25555314181 
0.130491 84.06462308343 0.24490905626 
0.130997 84.04533508160 0.24882640598 
0.131504 84.81736100061 0.25019389253 
0.132011 84.27327689134 0.24760812713 
0.132518 83.91815093512 0.24931583906 
0.133024 84.07459887685 0.25385890233 
0.133531 83.73267950345 0.24561524777 
0.134038 84.13110604403 0.24613398492 
0.134545 83.34202262247 0.25397386740 
0.135051 83.78762916849 0.24762570557 
0.135558 83.85603525829 0.25315637080 
0.136065 83.49818606965 0.24307945400 
0.136571 83.78119943617 0.24261022283 
0.137078 83.26384701709 0.25637276516 
0.137585 83.33887901681 0.25373208691 
0.138092 83.68819035985 0.24772712556 
0.138598 83.25840637169 0.24475642908 
0.139105 82.85954346533 0.23665900534 
0.139612 83.17602266634 0.24521720885 
0.140119 83.13606390953 0.24549550519 
0.140625 83.21038692623 0.23673977911 
0.141132 82.43981338153 0.23861054569 
0.141639 83.23381791937 0.24622982956 
0.142145 82.93529532130 0.24437414875 
0.142652 82.72360938912 0.24068004727 
0.143159 82.60078250655 0.23975784451 
0.143666 82.14139389603 0.23518074437 
0.144172 82.30207427881 0.23762752471 
0.144679 82.45815326644 0.23338352864 
0.145186 82.06688345640 0.24030105211 
0.145692 81.89605312384 0.24293533729 
0.146199 82.06264531749 0.23321702431 
0.146706 81.96390620437 0.23683845939 
0.147213 81.82707022701 0.23613313761 
0.147719 81.68918123148 0.24299672313 
0.148226 81.50999893701 0.23525134168 
0.148733 81.76011208899 0.24505137546 
0.149240 81.36325674895 0.24303450267 
0.149746 81.29828992713 0.24274224947 
0.150253 81.20056708570 0.23643302209 
0.150760 80.99641170850 0.23611087409 
0.151266 81.36957688029 0.23679188050 
0.151773 81.31181949719 0.24711653496 
0.152280 80.86115036425 0.23962199635 
0.152787 80.91985334234 0.23801331180 
0.153293 80.80995704408 0.24353229090 
0.153800 80.66147283708 0.23705890966 
0.154307 81.07449425654 0.24023062920 
0.154813 80.53610939967 0.23515484272 
0.155320 80.35905500602 0.24002436911 
0.155827 80.69251143672 0.23956198193 
0.156334 80.70207773435 0.24244578457 
0.156840 80.54008103581 0.24073526466 
0.157347 80.48021458273 0.23883758658 
0.157854 80.14436111611 0.23706682599 
0.158360 80.09602326117 0.23709706577 
0.158867 80.30034901165 0.23302644781 
0.159374 80.21119179354 0.23548763186 
0.159881 80.01803634907 0.23693876995 
0.160387 79.80577805168 0.23329218605 
0.160894 79.60570423274 0.23843905959 
0.161401 79.69366496468 0.23141231949 
0.161907 79.75396605030 0.23368554795 
0.162414 79.64871098831 0.23611073477 
0.162921 79.66166331825 0.23096458009 
0.163427 79.76816014829 0.23740250792 
0.163934 79.43352633049 0.23778812720 
0.164441 79.38975896863 0.23369279143 
0.164948 79.27342691062 0.22896810139 
0.165454 79.31326438074 0.23004777951 
0.165961 79.17849824755 0.22673796603 
0.166468 79.23525788912 0.22914841060 
0.166974 78.78722195648 0.22757589135 
0.167481 78.89174317893 0.22742656917 
0.167988 79.12489764581 0.23076070817 
0.168495 79.45725680055 0.23285801778 
0.169001 78.80761246784 0.23516921811 
0.169508 79.30474113948 0.23142136664 
0.170015 79.03230167807 0.23750261901 
0.170521 78.87885550204 0.23250808238 
0.171028 79.07894606183 0.23578764674 
0.171535 79.00672778257 0.23282215043 
0.172041 79.28171021545 0.24305072609 
0.172548 79.03162376396 0.23130723684 
0.173055 78.94348248830 0.23646541145 
0.173562 79.24715750639 0.23637483225 
0.174068 79.30846886484 0.23278059673 
0.174575 79.01841601861 0.23378095814 
0.175082 78.72107914270 0.23449475215 
0.175588 78.54957805847 0.23433363906 
0.176095 79.08231551007 0.23568579656 
0.176602 79.21241258831 0.23573049268 
0.177108 79.11976808180 0.23932312528 
0.177615 78.43675024632 0.23275400723 
0.178122 78.43127892067 0.23795095003 
0.178629 78.63891603080 0.23988012974 
0.179135 78.62636165510 0.23605514558 
0.179642 78.76671166661 0.23993009031 
0.180149 78.30489545872 0.23734727071 
0.180655 78.46587494426 0.23740433234 
0.181162 78.66128178099 0.23437637392 
0.181669 78.81117048922 0.24390367525 
0.182175 78.99162833824 0.24933084592 
0.182682 79.05920662847 0.24640449975 
0.183189 78.78076660508 0.24037230242 
0.183695 78.62923288874 0.24030814216 
0.184202 78.32412722170 0.24376691068 
0.184709 78.11997916254 0.24246158321 
0.185216 78.17654522321 0.24436218380 
0.185722 78.48625527915 0.24870922115 
0.186229 78.10930869794 0.24120916720 
0.186736 77.96103676334 0.24675257852 
0.187242 77.72507588902 0.24065036436 
0.187749 78.02107863962 0.24189098179 
0.188256 77.99422556799 0.24554335690 
0.188762 77.70518760299 0.24808555198 
0.189269 77.88116976869 0.24479453762 
0.189776 77.50181276577 0.24920709855 
0.190282 77.60955352527 0.24720974905 
0.190789 77.64659421610 0.24235659188 
0.191296 77.34060954311 0.24299834396 
0.191802 77.53944020707 0.25002018673 
0.192309 77.08088450121 0.23326922298 
0.192816 76.95167983023 0.23966665928 
0.193323 76.83530377508 0.23543417627 
0.193829 76.59877167199 0.23488540758 
0.194336 76.70990746750 0.23097530337 
0.194843 76.81575705982 0.23494033765 
0.195349 76.57608825527 0.23364185900 
0.195856 76.96097576322 0.23403428373 
0.196363 76.15955632491 0.23606679453 
0.196869 76.20003393207 0.22926099066 
0.197376 76.22588079784 0.23239420271 
0.197883 76.23770725036 0.22999697134 
0.198389 75.81669887879 0.22496817293 
0.198896 75.81396006224 0.22334693536 
0.199403 75.80326334722 0.22673894185 
0.199909 76.08408510692 0.22421290116 
0.200416 76.04360595776 0.22488705561 
0.200923 75.87372840293 0.22423585729 
0.201429 75.62019322839 0.21905162219 
0.201936 75.55509976749 0.22436077428 
0.202443 75.54093740680 0.22254713794 
0.202949 75.60683301999 0.22107113386 
0.203456 75.60180579458 0.22543131738 
0.203963 75.34170382745 0.22072924481 
0.204469 75.42000316044 0.21776637865 
0.204976 75.21426745291 0.21575274587 
0.205483 75.44821578516 0.21927913574 
0.205989 75.52763002769 0.21304608489 
0.206496 75.50249028491 0.21731851592 
0.207003 75.40471606032 0.21280553117 
0.207509 75.44807588841 0.21463683090 
0.208016 75.34459615714 0.21598233654 
0.208523 75.20682338793 0.21551206420 
0.209029 75.05599039146 0.21720386745 
0.209536 75.00487785818 0.21356688971 
0.210043 75.31489884514 0.21316586233 
0.210549 75.23145443498 0.21436762810 
0.211056 75.33326977198 0.21144237766 
0.211563 74.43815672545 0.20930417549 
0.212069 74.82826314585 0.21149363946 
0.212576 74.83880370061 0.20709736612 
0.213083 74.73734943368 0.20636177428 
0.213589 74.71946437671 0.20807873415 
0.214096 74.92752158854 0.20725131512 
0.214603 74.45495199131 0.20445865726 
0.215109 74.64785089831 0.21003478105 
0.215616 74.96907966854 0.20713905164 
0.216123 74.55104155823 0.20643894381 
0.216629 74.16034079124 0.20523105567 
0.217136 74.10750744361 0.20595141964 
0.217643 74.05594179319 0.21045416561 
0.218149 74.18722541430 0.20595354435 
0.218656 74.20592016498 0.21023689674 
0.219163 74.12966340345 0.20793720865 
0.219669 74.26544365544 0.20723945845 
0.220176 74.14209836810 0.20774220607 
0.220683 73.82121579114 0.20718032852 
0.221189 74.02704885803 0.20672096442 
0.221696 73.66611823997 0.20458728060 
0.222203 73.97406247511 0.20275451080 
0.222709 73.89259187062 0.20509971712 
0.223216 73.71403468019 0.20114272050 
0.223722 73.75496127231 0.20221967069 
0.224229 73.80077443972 0.20208399248 
0.224736 73.83369212099 0.20605094544 
0.225242 73.92345334249 0.19997285902 
0.225749 73.48085072869 0.20161203932 
0.226256 73.60144448898 0.20203269141 
0.226762 73.66622602549 0.20283993215 
0.227269 73.36956907716 0.20512553036 
0.227776 73.50353238410 0.20134148386 
0.228282 73.36354544382 0.19859856105 
0.228789 73.50264239980 0.19974585204 
0.229296 73.15174281537 0.20183494260 
0.229802 73.21929305861 0.19801238117 
0.230309 72.94546300685 0.19724238533 
0.230816 73.27119276100 0.20406990873 
0.231322 72.95422197784 0.20358758283 
0.231829 73.27872856550 0.20191197007 
0.232335 72.96152660437 0.19964906816 
0.232842 73.15695994238 0.20071759488 
0.233349 72.87138652988 0.20075766160 
0.233855 72.82008703486 0.19819788012 
0.234362 73.08302118199 0.20004804491 
0.234869 72.70178941047 0.20310835374 
0.235375 72.55583101342 0.19760992948 
0.235882 72.65141223626 0.19928548819 
0.236389 72.74621139775 0.20042068270 
0.236895 72.43059516615 0.20046805239 
0.237402 72.32170331174 0.20105659339 
0.237908 72.39257691950 0.19615008925 
0.238415 72.22469129061 0.19575902803 
0.238922 72.34853095951 0.20230025607 
0.239428 72.16345913763 0.20177433929 
0.239935 72.35909335854 0.20069461520 
0.240442 72.07468995495 0.19916840515 
0.240948 72.00256456970 0.19810315942 
0.241455 71.91834169379 0.19724676441 
0.241962 71.97357149628 0.20021444542 
0.242468 72.05975505665 0.19631320709 
0.242975 71.97812353231 0.19982735664 
0.243481 72.11052999793 0.19681280383 
0.243988 71.80742076171 0.19967530241 
0.244495 71.55351868400 0.19611283297 
0.245001 71.89039895632 0.19538157982 
0.245508 71.59462260735 0.19777956280 
0.246015 71.93283207847 0.19862446522 
0.246521 71.55163561757 0.19810167843 
0.247028 71.41651949650 0.19764714159 
0.247534 71.68355594859 0.19593746397 
0.248041 71.47535630454 0.19575713006 
0.248548 71.06523402458 0.19246613903 
0.249054 71.35916873753 0.19621885755 
0.249561 71.21941505061 0.20129992396 
0.250068 71.19473710704 0.19790675525 
0.250574 71.49433238082 0.20077293442 
0.251081 71.35283911350 0.20013594497 
0.251587 71.16652096898 0.19578495809 
0.252094 71.03427876049 0.19641717684 
0.252601 70.90964729473 0.19815727767 
0.253107 71.21004247463 0.19675318533 
0.253614 71.18065834177 0.19445496051 
0.254120 70.97432028599 0.19742024299 
0.254627 70.73544860545 0.19814753939 
0.255134 70.94767535096 0.19582699372 
0.255640 70.87420528146 0.19588957525 
0.256147 71.04015880733 0.19515914772 
0.256654 70.90811445703 0.19821410101 
0.257160 71.34457518777 0.19532063956 
0.257667 71.28441113965 0.19880697064 
0.258173 71.48919935421 0.19654929936 
0.258680 71.65079784560 0.19518844939 
0.259187 71.50643946997 0.19390580333 
0.259693 71.53200205582 0.19496704657 
0.260200 71.45132813921 0.19483765600 
0.260706 71.49554527936 0.19406837636 
0.261213 71.52859266739 0.19272716652 
0.261720 71.70995912858 0.19419943972 
0.262226 71.67621661006 0.19192707665 
0.262733 71.70198925266 0.19325960235 
0.263239 71.68183873185 0.19150138196 
0.263746 71.63269060192 0.19662410209 
0.264253 71.69002170602 0.19326844874 
0.264759 71.53565967910 0.19156516747 
0.265266 71.77065719428 0.19731083454 
0.265772 71.56771655335 0.19077467891 
0.266279 71.54738889641 0.19359233248 
0.266786 71.70501296169 0.18815983905 
0.267292 71.83430860747 0.19206414148 
0.267799 71.78753698121 0.18765665400 
0.268305 71.70329948250 0.19433657146 
0.268812 71.69346010798 0.19239008286 
0.269319 71.90303733234 0.18852830371 
0.269825 71.81212331839 0.18988081759 
0.270332 71.94937659537 0.19155054309 
0.270838 72.17268925824 0.19110666764 
0.271345 72.33076030534 0.19241934348 
0.271852 71.84725191764 0.19102177159 
0.272358 72.17572041203 0.19237928130 
0.272865 72.22277507292 0.19046807031 
0.273371 71.99958473188 0.19162957651 
0.273878 72.10223885604 0.19273151878 
0.274385 72.21930136736 0.19370506594 
0.274891 72.30554980779 0.18550474537 
0.275398 71.98036717911 0.18959819222 
0.275904 72.34716413636 0.18432474080 
0.276411 72.22920975439 0.18064177098 
0.276917 72.34618663436 0.18579924822 
0.277424 72.27958741941 0.18328604473 
0.277931 71.96859464139 0.17923818380 
0.278437 72.14173014100 0.18460774481 
0.278944 71.89219484885 0.18210784740 
0.279450 72.37407567957 0.18441670300 
0.279957 71.93181431757 0.18156766105 
0.280464 71.85578594305 0.18336132505 
0.280970 72.04220131615 0.18005954503 
0.281477 72.05572011756 0.17890857248 
0.281983 72.05635761161 0.18078615168 
0.282490 72.00405490615 0.18049090324 
0.282996 71.99729435794 0.18100939285 
0.283503 72.15771367266 0.17999439361 
0.284010 72.06758438810 0.18077933082 
0.284516 71.78013598487 0.17951007661 
0.285023 71.69970410348 0.17883874589 
0.285529 71.84487227395 0.17373918025 
0.286036 71.78135941531 0.17326705979 
0.286542 71.52648720652 0.17332381114 
0.287049 71.70218359794 0.17377714235 
0.287556 71.38352421375 0.17398907402 
0.288062 71.76890043906 0.17329864178 
0.288569 71.50290557709 0.16904100498 
0.289075 71.44955342979 0.17271714038 
0.289582 71.30724768714 0.17460063126 
0.290088 71.12804369585 0.16847964236 
0.290595 71.57123539539 0.16966172935 
0.291102 71.30666852357 0.16811498521 
0.291608 70.98353950589 0.16614675511 
0.292115 71.19472384234 0.16454443674 
0.292621 71.36761275541 0.17044275252 
0.293128 71.03795089000 0.16902101513 
0.293634 71.00238992788 0.16810223892 
0.294141 70.80042947088 0.16620076239 
0.294647 71.03423439116 0.16834559064 
0.295154 70.71655991955 0.16595044355 
0.295661 71.01865919117 0.16579070121 
0.296167 70.98965962275 0.16623478451 
0.296674 70.98776255295 0.16373840942 
0.297180 70.93397496108 0.16522156119 
0.297687 70.92048057109 0.16600290008 
0.298193 70.63646165893 0.16005322672 
0.298700 70.51501159806 0.16553577287 
0.299207 70.86548691437 0.16517705543 
0.299713 70.69874275853 0.16568373751 
0.300220 70.62365104532 0.16527624344 
0.300726 70.75137002339 0.16453707218 
0.301233 70.40123344235 0.16644246399 
0.301739 70.59823313820 0.16504196118 
0.302246 70.38064625134 0.16271539404 
0.302752 70.17865894763 0.16069677051 
0.303259 70.45941021493 0.16120931293 
0.303765 70.06091520064 0.16044507641 
0.304272 70.37795398817 0.16028367181 
0.304779 69.93965366045 0.15930814667 
0.305285 70.22774810158 0.16266832397 
0.305792 69.99079890481 0.15978713523 
0.306298 70.09627988148 0.15920002933 
0.306805 70.12615281383 0.16341078441 
0.307311 69.69964610777 0.15691396148 
0.307818 69.95750570268 0.16179282330 
0.308324 69.82491894562 0.15554435204 
0.308831 69.43341103482 0.15495220079 
0.309337 69.15067485855 0.15236871232 
0.309844 69.18486786732 0.15443918161 
0.310350 69.15376494420 0.15291320316 
0.310857 68.97101167497 0.15281269777 
0.311364 68.77624547152 0.15160645908 
0.311870 68.49537162086 0.15150581796 
0.312377 68.16873765549 0.14774254843 
0.312883 68.47213862617 0.14847012329 
0.313390 68.45459448595 0.15070117038 
0.313896 67.85596419668 0.14823481227 
0.314403 67.85904145651 0.14531382690 
0.314909 67.65080490275 0.14684295942 
0.315416 67.52101612854 0.14360043616 
0.315922 67.61679349365 0.14475270810 
0.316429 67.12441303285 0.14175095222 
0.316935 67.33713139579 0.14320022493 
0.317442 67.20266697593 0.14120141791 
0.317948 67.09267308231 0.14190613781 
0.318455 67.19436273527 0.14192431181 
0.318961 66.87776423454 0.14001315309 
0.319468 66.76895683919 0.14269359446 
0.319975 66.78886876043 0.14143539178 
0.320481 66.82774508251 0.14331258118 
0.320988 66.61578700802 0.14338638643 
0.321494 66.59058613263 0.13840597861 
0.322001 66.73885403098 0.15719280892 
0.322507 66.72570770809 0.14083886378 
0.323014 66.46638060024 0.14160139405 
0.323520 66.34087103242 0.14016982393 
0.324027 66.58364928860 0.14130019377 
0.324533 66.45970934421 0.14302306962 
0.325040 66.33927954315 0.13770602168 
0.325546 66.20120890971 0.14116992843 
0.326053 66.23732652969 0.13848836247 
0.326559 66.28514967262 0.13912925221 
0.327066 66.25444770856 0.13799716589 
0.327572 66.27504424151 0.13908989599 
0.328079 66.23683493830 0.14012217662 
0.328585 66.25315686447 0.14145501347 
0.329092 66.04576585307 0.13485131325 
0.329598 65.96042150412 0.13908661222 
0.330105 65.98429695055 0.14116190942 
0.330611 66.12528844190 0.14010914826 
0.331118 65.79704231433 0.13951158562 
0.331624 65.62123062583 0.13905943595 
0.332131 65.89158789918 0.13838204572 
0.332637 65.94810813743 0.13992311227 
0.333144 65.79412633651 0.13698277889 
0.333650 65.88185412974 0.13678512305 
0.334157 65.59828003876 0.13826288252 
0.334663 65.94377022242 0.13912577834 
0.335170 65.76557155104 0.14057743352 
0.335676 65.39841672788 0.13792289529 
0.336183 65.49601141963 0.13749204354 
0.336689 65.51550699695 0.14266928532 
0.337196 65.53982228176 0.13867255111 
0.337702 65.37942068692 0.13972977890 
0.338209 65.42129508125 0.14204584838 
0.338715 65.44445830594 0.13795606853 
0.339222 65.35446720089 0.13976918802 
0.339728 65.47896782782 0.14198847863 
0.340235 65.19066750804 0.20394492759 
0.340741 65.35291774266 0.14058094724 
0.341248 65.40595683050 0.13951579275 
0.341754 65.43887007093 0.14192947208 
0.342261 65.21882633889 0.13903970029 
0.342767 65.31151197987 0.13981578764 
0.343274 65.34522835576 0.14207410936 
0.343780 65.21197473987 0.13736007816 
0.344287 65.29238638606 0.14074326236 
0.344793 65.09476888020 0.14039695945 
0.345300 64.76534327336 0.13966849687 
0.345806 64.81187444789 0.14165939148 
0.346313 65.07078306584 0.14268018235 
0.346819 64.94606050365 0.14276130907 
0.347325 64.99564645496 0.14610622281 
0.347832 64.82631277276 0.14516267044 
0.348338 64.81544673413 0.14380795674 
0.348845 64.80448249235 0.14895956664 
0.349351 64.84774025793 0.14879500189 
0.349858 64.86287503874 0.15003121703 
0.350364 64.60221740178 0.14836306112 
0.350871 64.77443171352 0.14664099929 
0.351377 64.59654239538 0.14513371636 
0.351884 64.34909837377 0.14919335395 
0.352390 64.43384828229 0.14894583742 
0.352897 64.50842050052 0.14518156448 
0.353403 64.17289732304 0.15097038319 
0.353910 64.58463534396 0.14896000248 
0.354416 64.28938405450 0.15224006019 
0.354923 64.23122297930 0.15422796409 
0.355429 64.12174826557 0.15303782629 
0.355935 64.25427902588 0.15012148902 
0.356442 63.85897466873 0.15345179853 
0.356948 63.85830975878 0.15268270941 
0.357455 64.05450031183 0.15725725494 
0.357961 63.79710092262 0.15628111268 
0.358468 63.86356725092 0.15734794233 
0.358974 63.67653799926 0.22033715258 
0.359481 64.12718860419 0.20412046078 
0.359987 63.70242052355 0.19897525839 
0.360494 63.72327105801 0.19015447842 
0.361000 63.92986324549 0.18601447059 
0.361506 63.97677338105 0.18394318409 
0.362013 63.69479079255 0.18756606720 
0.362519 63.81371538793 0.18185813543 
0.363026 63.67453134620 0.18593364437 
0.363532 63.65066276519 0.18740607968 
0.364039 63.70119657796 0.18381312841 
0.364545 63.82090108060 0.18344862170 
0.365052 63.53680597451 0.18743708710 
0.365558 63.75248865262 0.18243310000 
0.366064 63.53725486652 0.18086655641 
0.366571 63.95272889857 0.18267083484 
0.367077 63.72963002996 0.18573057777 
0.367584 63.33689248117 0.18758321341 
0.368090 63.67932490601 0.18653940350 
0.368597 63.52032386391 0.19050999171 
0.369103 63.58539234597 0.18693746299 
0.369610 63.68520445134 0.19073126017 
0.370116 63.45706545702 0.18971189857 
0.370622 63.75598090492 0.19197571518 
0.371129 63.62306511665 0.18824908249 
0.371635 63.59584999264 0.19488583196 
0.372142 63.52080711301 0.19429632695 
0.372648 63.50086485802 0.18801095622 
0.373155 63.58320350597 0.19750090275 
0.373661 62.98298036332 0.19394204146 
0.374167 63.48374831630 0.19692806274 
0.374674 63.32349337893 0.19786884724 
0.375180 63.50517377479 0.19759567508 
0.375687 63.56011048237 0.19736791215 
0.376193 63.77070458592 0.20058967849 
0.376700 63.38672635631 0.19821920543 
0.377206 63.81592411282 0.20433810058 
0.377712 63.49071988125 0.20626297930 
0.378219 63.34506804157 0.20450752269 
0.378725 63.21336772568 0.20184101575 
0.379232 63.50335125435 0.21244222719 
0.379738 63.24793028701 0.20540620617 
0.380245 63.32733305350 0.20716268417 
0.380751 63.14154441806 0.20604080838 
0.381257 63.23247660849 0.21108510372 
0.381764 63.16582744772 0.21153442241 
0.382270 62.86928394815 0.20684894565 
0.382777 63.20955433764 0.20477555129 
0.383283 63.23329927063 0.21170222987 
0.383789 63.04801837200 0.21101737292 
0.384296 62.99049199768 0.21127909065 
0.384802 62.95417574260 0.21516839193 
0.385309 63.14438308942 0.21160591383 
0.385815 62.94684460455 0.21038602225 
0.386321 62.84667562119 0.20707103672 
0.386828 63.29484401783 0.21596759344 
0.387334 63.00090170924 0.21436031790 
0.387841 63.11643079671 0.21633010724 
0.388347 62.90519457916 0.21620881767 
0.388853 62.81022219585 0.21990040198 
0.389360 63.00401845010 0.21275460980 
0.389866 63.26431471483 0.21291800759 
0.390373 62.91488096428 0.21414013717 
0.390879 63.05734657592 0.21743135555 
0.391385 62.83436321991 0.22208332057 
0.391892 62.55169070193 0.21776009545 
0.392398 62.56375907705 0.21616085601 
0.392905 62.84769770188 0.21453850469 
0.393411 62.89982518908 0.21890631675 
0.393917 62.79587688844 0.22299008787 
0.394424 62.91197063822 0.22950651044 
0.394930 62.86440700592 0.22697612594 
0.395437 62.31447502076 0.22684680217 
0.395943 62.65158852134 0.22744448390 
0.396449 62.90087440839 0.29753005435 
0.396956 62.34316644714 0.23280937847 
0.397462 62.18049363008 0.23510100542 
0.397969 62.34853194297 0.23474004164 
0.398475 62.17136855846 0.23065876095 
0.398981 62.63894070184 0.23429718667 
0.399488 62.59884810638 0.23493405211 
0.399994 62.75434617381 0.23892010061 
0.400500 62.66293916081 0.23004069150 
0.401007 62.30839549416 0.23303223759 
0.401513 62.53446747699 0.24754594607 
0.402020 62.43708265953 0.24125145115 
0.402526 62.51511693264 0.25256778919 
0.403032 62.46635758055 0.24445062501 
0.403539 62.63829034699 0.25364599202 
0.404045 62.10890900533 0.24596046938 
0.404551 62.65247012536 0.26367131522 
0.405058 62.54082700302 0.26585961563 
0.405564 62.29955854404 0.26002276803 
0.406071 62.09169239555 0.25965922881 
0.406577 62.35290397432 0.25824201610 
0.407083 62.04217074974 0.26385434144 
0.407590 62.27476936130 0.26461041212 
0.408096 62.32096240228 0.27577795521 
0.408602 61.65596092424 0.27634376786 
0.409109 62.07372364806 0.26304926134 
0.409615 62.17129268902 0.26500101737 
0.410121 62.49171953181 0.26620003071 
0.410628 61.90472221319 0.25916398419 
0.411134 61.89142578630 0.26852749996 
0.411641 62.16414189972 0.27181635595 
0.412147 61.73576204701 0.25837660165 
0.412653 61.93518117115 0.26711764030 
0.413160 62.30113175498 0.25989122138 
0.413666 62.39402652626 0.27042316719 
0.414172 61.94276342210 0.27981872594 
0.414679 61.60121492499 0.26669058958 
0.415185 62.19920433493 0.29220337944 
0.415691 61.82997774218 0.26814168111 
0.416198 61.76948922477 0.27172012634 
0.416704 62.04485795626 0.27811167623 
0.417210 61.67383145939 0.27952837938 
0.417717 61.64376579560 0.29266297436 
0.418223 61.43967783180 0.27971373461 
0.418729 61.91259909768 0.28456500401 
0.419236 62.01391402952 0.28431493301 
0.419742 61.94239541018 0.27521208584 
0.420248 61.43646533780 0.27552464366 
0.420755 61.84706463683 0.27983563755 
0.421261 62.10354758583 0.27978977956 
0.421767 61.98637252438 0.27731760145 
0.422274 61.45901968937 0.28164537712 
0.422780 61.36067698796 0.28052484082 
0.423286 61.89740478342 0.28100761458 
0.423793 61.76964399534 0.28998346896 
0.424299 61.68915187482 0.29429694040 
0.424805 61.61979880571 0.29143078867 
0.425312 61.35037272535 0.29213232398 
0.425818 61.55514495745 0.28449589033 
0.426324 61.23873602723 0.30242871274 
0.426831 61.54950263965 0.29580643201 
0.427337 61.69814543755 0.30605829884 
0.427843 61.26421264644 0.30826277188 
0.428350 61.64587302720 0.30871014448 
0.428856 61.98869328701 0.30959379168 
0.429362 61.75916836378 0.30412707987 
0.429869 61.66859426527 0.31196029812 
0.430375 61.50278077049 0.31414856490 
0.430881 61.48702308451 0.31182209748 
0.431388 61.55456584835 0.32165905430 
0.431894 61.87483533600 0.31739917807 
0.432400 60.79302597984 0.32358446384 
0.432907 61.48298413065 0.32850549955 
0.433413 61.52321408263 0.33582431348 
0.433919 61.54947644152 0.31473368549 
0.434425 61.27775232135 0.33643126982 
0.434932 61.10453569719 0.33651366313 
0.435438 61.35735692735 0.34767416122 
0.435944 61.27065089498 0.34521404395 
0.436451 61.44286378170 0.33428736272 
0.436957 62.09212026089 0.35800321416 
0.437463 61.63229076788 0.35875441468 
0.437970 61.31948834027 0.34713219929 
0.438476 61.71594123950 0.36448206924 
0.438982 61.32812318191 0.37282017460 
0.439489 61.54755069215 0.37553384276 
0.439995 61.22603757930 0.36880879587 
0.440501 61.41258869951 0.38331902367 
0.441007 61.80095891515 0.38799171228 
0.441514 61.05006566064 0.38391242443 
0.442020 61.18555837915 0.39101943675 
0.442526 60.81572375966 0.38447322641 
0.443033 61.19804026329 0.39448837516 
0.443539 60.77648631396 0.40691411634 
0.444045 60.89320495244 0.42082482423 
0.444551 60.83015329536 0.41235911842 
0.445058 60.72319979251 0.41756111914 
0.445564 61.83528175222 0.43422195414 
0.446070 61.06992871246 0.42804986693 
0.446577 61.60972793338 0.44631774344 
0.447083 60.47432429011 0.45453583975 
0.447589 61.21174431735 0.44850426328 
0.448095 60.16522346714 0.45594568841 
0.448602 60.61623097873 0.47366706034 
0.449108 60.70660248706 0.48217983486 
0.449614 60.83832496842 0.49582098221 
0.450121 60.53620192431 0.50038321668 
0.450627 60.30491851058 0.51721543150 
0.451133 60.05822022127 0.49606583503 
0.451639 60.13370153281 0.53960744724 
0.452146 60.16957456176 0.53789603789 
0.452652 60.61600472937 0.54478037824 
0.453158 59.95114673152 0.56504803823 
0.453664 60.40765647383 0.57154481104 
0.454171 60.97017100338 0.57056581493 
0.454677 60.75457540460 0.59934683029 
0.455183 59.79087289689 0.62055642204 
0.455689 60.14307139286 0.67062961136 
0.456196 59.87247207005 0.67520720779 
0.456702 60.97994194882 0.66616725783 
0.457208 60.35867566178 0.72238078529 
0.457714 60.31447034572 0.74063101867 
0.458221 60.02526788143 0.71150293097 
0.458727 60.06648238466 0.77013817144 
0.459233 60.68635315222 0.80146765252 
0.459740 60.06346491337 0.84673648623 
0.460246 60.23436282601 0.90920684498 
0.460752 59.36332037284 0.97250413751 
0.461258 60.64807378458 0.96639360117 
0.461765 59.15950736058 1.09988356040 
0.462271 60.17066811067 1.04008428926 
0.462777 59.49682017534 1.18528776500 
0.463283 59.85795862813 1.28771090412 
0.463789 58.80484197738 1.34527127329 
0.464296 60.60455591120 1.35796394071 
0.464802 60.28197247419 1.43350840711 
0.465308 60.27751010329 1.56406533454 
0.465814 59.92856538664 1.72126523515 
0.466321 60.77493775910 1.77057183359 
0.466827 60.60834721918 1.83762918389 
0.467333 60.56367936133 1.93350593441 
0.467839 60.39627984283 1.94879113824 
0.468346 60.79859907208 2.36034640800 
0.468852 58.82187656731 2.56969864503 
0.469358 59.07479232867 2.94010057573 
0.469864 58.02975368755 2.90656817643 
0.470371 57.76982115235 3.85543612185 
0.470877 58.26548734500 4.51776083226 
0.471383 56.88040124659 5.46115839645 
0.471889 55.69772118714 7.17382092568 
0.472395 51.83604551433 5.40730703442 
0.472902 49.62527902440 12.37758200158 
