0.010896 1340.73872918323 12.89481051608 
0.011402 1203.95985367390 12.66901312581 
0.011909 1083.68785602538 11.56274248215 
0.012416 986.24697098060 9.97026630311 
0.012923 887.03899037829 6.94519233226 
0.013430 818.75999588389 10.32209561811 
0.013936 788.74269675987 9.08657886762 
0.014443 738.71389148323 7.08012364992 
0.014950 679.43324859134 6.41832468411 
0.015457 623.66073351956 5.72557077427 
0.015963 577.89700192900 4.83084712172 
0.016470 539.38630129791 4.16654478632 
0.016977 507.39976043132 3.83978326631 
0.017484 471.70419937485 3.38983164187 
0.017990 446.91640351048 2.82545203988 
0.018497 421.74233871546 2.67193728562 
0.019004 400.85667299531 2.44473996974 
0.019511 379.84104321735 2.11617826928 
0.020018 363.07522912260 2.11806246538 
0.020524 344.06204435270 2.02873216686 
0.021031 328.51208736720 1.84761466413 
0.021538 317.00104195334 1.69362633159 
0.022045 303.28856455992 1.87017454280 
0.022551 289.91424293807 1.56472211272 
0.023058 280.06305192611 1.51328411844 
0.023565 268.60642146789 1.56380041557 
0.024072 258.92663561888 1.83166155660 
0.024579 249.27664465855 1.70654222976 
0.025085 243.80111395086 2.16979498630 
0.025592 236.15285454417 2.05726679494 
0.026099 228.82113282065 2.10085885862 
0.026606 223.57278615061 1.61799325367 
0.027112 216.88447737142 1.79567563977 
0.027619 211.86952269759 1.58207637468 
0.028126 207.43485575002 1.52132614790 
0.028633 201.81876871155 1.36300333420 
0.029139 198.07750083417 1.19678185063 
0.029646 194.27153653516 1.16261109119 
0.030153 188.94890872751 1.15192520514 
0.030660 185.27475793913 1.02722820949 
0.031167 182.95942018206 0.93629007063 
0.031673 178.87322534654 0.89929087676 
0.032180 176.06313859768 0.87188252101 
0.032687 172.36103677091 0.83778484693 
0.033194 169.45418821777 0.86516214357 
0.033700 168.09596461688 0.73186279688 
0.034207 164.53695330364 0.74141666546 
0.034714 162.08966227259 0.76227804063 
0.035221 160.31209362756 0.72165628672 
0.035727 158.14479679269 0.67026041086 
0.036234 156.07779976229 0.68031821954 
0.036741 153.12220922960 0.64330768600 
0.037248 153.05241128604 0.64069510326 
0.037755 150.60120259607 0.63104043547 
0.038261 148.69500891850 0.61785579201 
0.038768 146.52215935354 0.60116042312 
0.039275 145.80137443726 0.59763924326 
0.039782 143.92539657534 0.58948568815 
0.040288 142.55014484636 0.55462209393 
0.040795 141.67336290174 0.54541334341 
0.041302 140.38625132318 0.54884773666 
0.041809 138.59121010201 0.55217509351 
0.042315 137.99207353736 0.55516193103 
0.042822 136.20458081157 0.56383919090 
0.043329 134.12849493594 0.56666693019 
0.043836 133.98984561173 0.56141006427 
0.044343 133.02010484759 0.55227779612 
0.044849 131.69480642965 0.52821449798 
0.045356 131.48232080730 0.51075485655 
0.045863 129.88885756939 0.49896306993 
0.046370 128.79600788002 0.49902951795 
0.046876 128.66019672145 0.49173096128 
0.047383 127.62560246052 0.50271204528 
0.047890 126.12491328412 0.48999643856 
0.048397 125.09652221081 0.49342008701 
0.048903 124.69285760459 0.46681306042 
0.049410 123.93324467247 0.48881720409 
0.049917 122.54203268276 0.46861708266 
0.050424 122.14787639196 0.47250865488 
0.050931 121.47003975134 0.46306573965 
0.051437 121.31982100575 0.45722863490 
0.051944 119.63782689944 0.47404466250 
0.052451 119.22731403232 0.44333773756 
0.052958 118.46883169763 0.44730443989 
0.053464 117.66357288906 0.45757958961 
0.053971 116.65867899516 0.44742658339 
0.054478 116.32971700163 0.43835282604 
0.054985 116.96397449161 0.45846992859 
0.055491 115.30325167250 0.42533705428 
0.055998 114.89427132434 0.43740879356 
0.056505 113.41639870915 0.41150535977 
0.057012 113.16806478838 0.45107083285 
0.057519 112.66880579929 0.42243010539 
0.058025 112.69156666575 0.42259175901 
0.058532 111.40507310538 0.41413979241 
0.059039 111.28972765220 0.42668604650 
0.059546 111.34449971787 0.42092562094 
0.060052 109.58664058034 0.41202729090 
0.060559 109.47436084675 0.42294967565 
0.061066 109.23977535162 0.40488728816 
0.061573 109.06468124189 0.40034927840 
0.062079 109.13028065153 0.38859398079 
0.062586 107.97781198202 0.40416645690 
0.063093 107.56181696233 0.39665596526 
0.063600 106.62105413705 0.40343184202 
0.064106 106.20894204318 0.39515034191 
0.064613 106.04933517189 0.38477562827 
0.065120 105.67680809545 0.39136794816 
0.065627 105.44754028627 0.37865589159 
0.066134 104.81319382448 0.36465208443 
0.066640 105.13068335011 0.36758149974 
0.067147 104.82926290980 0.37195851126 
0.067654 104.02441948301 0.35770953792 
0.068161 103.69277657018 0.37443913472 
0.068667 103.43951216923 0.36765490880 
0.069174 102.91425011607 0.37020424586 
0.069681 102.11235816631 0.37310835047 
0.070188 102.67519667750 0.35237685691 
0.070694 102.16364191544 0.37030021936 
0.071201 101.75863504647 0.35723247798 
0.071708 101.29472871055 0.36596360147 
0.072215 100.44662527135 0.34403081175 
0.072721 100.88976961284 0.35742578675 
0.073228 99.54337902786 0.35002500705 
0.073735 100.28122374859 0.34636647257 
0.074242 99.97712587867 0.36098078247 
0.074748 99.67986767896 0.33890016874 
0.075255 98.80521615415 0.34142355512 
0.075762 99.28059313292 0.33665369687 
0.076269 98.79110465150 0.33421657665 
0.076776 98.73992139299 0.33660427246 
0.077282 98.23019345571 0.32930129350 
0.077789 98.03619743007 0.33018469794 
0.078296 98.17999432680 0.32468331957 
0.078803 98.19860942517 0.32686824004 
0.079309 97.54067237420 0.33777343769 
0.079816 97.00228127116 0.34203799377 
0.080323 97.75053953384 0.32658672320 
0.080830 97.20831460234 0.33370366159 
0.081336 96.87547532789 0.33023887946 
0.081843 96.73337975757 0.32044293886 
0.082350 96.42501395563 0.32804267960 
0.082857 96.16710391339 0.33327340020 
0.083363 97.04709451606 0.33157150039 
0.083870 96.63312234401 0.33832697696 
0.084377 96.56530242354 0.33629607216 
0.084884 95.88521214590 0.32607848885 
0.085390 95.80052765965 0.33067374134 
0.085897 95.65035276074 0.33469913823 
0.086404 95.42162243912 0.33009356079 
0.086911 95.34513968783 0.33836919538 
0.087417 95.18502056030 0.33628033228 
0.087924 95.15772124116 0.33226758298 
0.088431 95.11637456145 0.33715286918 
0.088938 94.95571050635 0.33217058022 
0.089444 95.07846699151 0.34032401783 
0.089951 94.17219446212 0.33244778959 
0.090458 94.78196605845 0.34072181613 
0.090965 94.05888938289 0.34079520667 
0.091471 93.75064614317 0.33024615146 
0.091978 94.01370169662 0.33587964357 
0.092485 92.72786063726 0.34501922663 
0.092992 92.88521402785 0.33297397025 
0.093498 93.73689750977 0.33706088583 
0.094005 92.89717007308 0.32626964142 
0.094512 93.01259703138 0.32239197458 
0.095019 92.80112796871 0.33458270772 
0.095525 93.01986001858 0.33799907552 
0.096032 92.58466733781 0.33390919588 
0.096539 92.13852299603 0.32812394376 
0.097046 92.16384912753 0.33762930137 
0.097552 92.34214095238 0.33706265581 
0.098059 92.17360394270 0.32230933956 
0.098566 92.20320203050 0.32967377847 
0.099073 91.78654968206 0.33018181729 
0.099579 91.44488703767 0.31536206513 
0.100086 91.39570603600 0.31415690913 
0.100593 91.40492805657 0.32962311474 
0.101100 91.03156779331 0.32675584366 
0.101606 91.33507012626 0.30203205750 
0.102113 90.09081625099 0.30420519099 
0.102620 89.94856643450 0.29844878028 
0.103127 90.17589883755 0.29645265084 
0.103633 88.93596101593 0.28278299572 
0.104140 88.72586828215 0.29153641239 
0.104647 88.00377114389 0.28969622784 
0.105154 88.51295772983 0.29682875367 
0.105660 88.65091536258 0.30453805832 
0.106167 88.05715344126 0.29458693982 
0.106674 88.59421138244 0.30853628389 
0.107181 88.13214454594 0.29954216522 
0.107687 88.28567816012 0.30111797677 
0.108194 88.13284311063 0.28352125351 
0.108701 88.01529185555 0.29451788001 
0.109208 87.49647858140 0.28947167617 
0.109714 87.97332159768 0.28146534241 
0.110221 87.48157642282 0.28792703249 
0.110728 87.67800008916 0.27916978504 
0.111235 87.40191214990 0.28975602556 
0.111741 87.04197809547 0.28179625687 
0.112248 86.89846149210 0.28360731346 
0.112755 87.24064004355 0.27806850310 
0.113262 87.06713049009 0.27562465461 
0.113768 87.14627557315 0.27694959023 
0.114275 86.54368559305 0.26876938731 
0.114782 86.73380206430 0.27233603403 
0.115289 86.33094190196 0.27806875281 
0.115795 86.32392400489 0.27168457984 
0.116302 86.77868414105 0.27046511193 
0.116809 86.01155803897 0.27773164573 
0.117316 86.24876722887 0.26318750027 
0.117822 86.33894711890 0.28203664298 
0.118329 86.07742335527 0.26958909280 
0.118836 86.00161126021 0.26754312999 
0.119342 86.04419802768 0.27151601530 
0.119849 85.88544741941 0.27251221250 
0.120356 85.78318508212 0.27051797359 
0.120863 86.06835140308 0.26938859918 
0.121369 85.95674312791 0.25949257982 
0.121876 85.50331717214 0.26401282611 
0.122383 85.27350314330 0.26311690950 
0.122890 85.40943190319 0.26943810173 
0.123396 85.07584114605 0.26082027167 
0.123903 85.05517529022 0.25453256174 
0.124410 85.41864308237 0.26703917665 
0.124917 85.22725154271 0.26646537505 
0.125423 84.99098193328 0.25581470151 
0.125930 85.00268705631 0.25838931391 
0.126437 84.81012118566 0.25879406937 
0.126944 84.77431616504 0.26050310010 
0.127450 84.47138837409 0.25779495122 
0.127957 84.75172166117 0.25899446156 
0.128464 84.48932713903 0.25264236361 
0.128970 84.36167084871 0.25484324613 
0.129477 84.08776952613 0.25772888166 
0.129984 84.31346739901 0.25163042816 
0.130491 84.04597317339 0.25293218034 
0.130997 84.17299685430 0.25207137752 
0.131504 84.12229875032 0.24870337777 
0.132011 84.02719655887 0.24918753594 
0.132518 84.14395328530 0.24747370688 
0.133024 83.91807732640 0.25038365735 
0.133531 83.79556859135 0.24207320061 
0.134038 83.84307857928 0.23376492356 
0.134545 83.68885768792 0.25384484420 
0.135051 83.47635145951 0.25048684439 
0.135558 83.76532549258 0.24132548900 
0.136065 83.56449004671 0.24682584717 
0.136571 83.41058536517 0.24414323194 
0.137078 83.35575911492 0.24877811744 
0.137585 83.02690458920 0.23879715226 
0.138092 83.05884565407 0.24095379704 
0.138598 83.33385178703 0.24714324174 
0.139105 82.87189710971 0.24094691988 
0.139612 83.13314061030 0.23944744584 
0.140119 83.15805574102 0.24186578407 
0.140625 82.95401916278 0.24948964545 
0.141132 82.98430710912 0.23701229729 
0.141639 83.06236956969 0.24105210221 
0.142145 82.42956236821 0.24230890313 
0.142652 82.51404221538 0.23207450179 
0.143159 82.17936807789 0.23428293547 
0.143666 82.13850547417 0.23827642747 
0.144172 82.29025404343 0.23918345591 
0.144679 82.32873965531 0.23990621601 
0.145186 82.02444076935 0.23910825940 
0.145692 82.12228008921 0.23811408744 
0.146199 81.81018387410 0.24358903680 
0.146706 82.06408864100 0.24626106210 
0.147213 81.65328230248 0.24915018694 
0.147719 81.67689184988 0.24314275562 
0.148226 81.58953177801 0.24295228844 
0.148733 81.87430668313 0.24050998044 
0.149240 81.58072964212 0.24274310284 
0.149746 81.38745387163 0.24036164381 
0.150253 81.41200999482 0.23952831016 
0.150760 80.85484284451 0.24183235299 
0.151266 81.18507268125 0.24173248003 
0.151773 81.29458332381 0.25068339748 
0.152280 80.87019274416 0.23389382620 
0.152787 80.67765657618 0.24064382606 
0.153293 80.60443330935 0.23578362471 
0.153800 81.18144541775 0.23953509546 
0.154307 80.40347027296 0.23411148281 
0.154813 80.64942391953 0.23899243490 
0.155320 80.20928808803 0.23421868800 
0.155827 80.58655497129 0.23660023610 
0.156334 80.57312348487 0.23970671411 
0.156840 80.58930284868 0.23974664835 
0.157347 80.24038428092 0.24389771468 
0.157854 80.31719529665 0.23582005148 
0.158360 80.12549007255 0.23946502817 
0.158867 80.20597773659 0.23381935946 
0.159374 80.23848230988 0.23321649917 
0.159881 79.72606467386 0.23596002215 
0.160387 79.90508412306 0.23378658736 
0.160894 80.09317120509 0.23311028709 
0.161401 79.55913604172 0.23412008110 
0.161907 79.40875660232 0.23177079222 
0.162414 79.78176344426 0.23229490274 
0.162921 79.36843493638 0.23591988207 
0.163427 79.75030191528 0.23919892673 
0.163934 79.63779255769 0.23163588486 
0.164441 79.15101226577 0.23399033188 
0.164948 79.27449561655 0.22931530808 
0.165454 79.06019865610 0.23318744405 
0.165961 79.18425908318 0.22494755708 
0.166468 79.07359893762 0.23335599216 
0.166974 78.73120703728 0.22391487174 
0.167481 78.52564609190 0.22900982367 
0.167988 78.84489830044 0.23150200664 
0.168495 78.80706726816 0.23186606264 
0.169001 79.08913607603 0.23545142794 
0.169508 78.93727764182 0.22773494449 
0.170015 78.99572645091 0.23564626674 
0.170521 79.03128073403 0.23619066108 
0.171028 79.07895825244 0.23141433482 
0.171535 79.11033406051 0.23536395779 
0.172041 79.12255863939 0.23412979984 
0.172548 78.89428478897 0.23371409163 
0.173055 79.04548225495 0.23700051076 
0.173562 78.81745308340 0.23130702578 
0.174068 78.84313314034 0.23832258961 
0.174575 78.95673162302 0.23707811068 
0.175082 78.64452112945 0.23524885722 
0.175588 78.53986663759 0.23568312160 
0.176095 78.84317605386 0.23104363645 
0.176602 78.96718541687 0.23638965149 
0.177108 78.78535863219 0.23469835535 
0.177615 78.46997284995 0.23494314905 
0.178122 78.65524032425 0.23789485466 
0.178629 78.59666182717 0.23245095083 
0.179135 78.51035875731 0.24049596215 
0.179642 78.64489094989 0.23214811263 
0.180149 78.21703857254 0.23744684695 
0.180655 78.63202385482 0.23883776756 
0.181162 78.46999591971 0.23935307893 
0.181669 78.71843698385 0.23811909571 
0.182175 78.62662595210 0.23530479270 
0.182682 78.78940305986 0.24339162380 
0.183189 78.72041104359 0.23976365097 
0.183695 78.63943501027 0.24299272673 
0.184202 78.54252791370 0.24157551466 
0.184709 78.35779840432 0.24460044295 
0.185216 78.42098517437 0.24019228407 
0.185722 78.02788773235 0.24262682606 
0.186229 78.00897595481 0.24596255070 
0.186736 77.58072913601 0.23633506399 
0.187242 77.56751216969 0.24186218311 
0.187749 77.83247468165 0.24365839606 
0.188256 77.90786908318 0.24284333616 
0.188762 77.85552982094 0.24227255677 
0.189269 77.61346175984 0.24318806171 
0.189776 77.13558401236 0.24337180703 
0.190282 77.39525297310 0.24202551544 
0.190789 76.99581782291 0.24285430615 
0.191296 77.30806000841 0.24728554592 
0.191802 77.45494699461 0.24287588850 
0.192309 77.36136648086 0.23998497762 
0.192816 76.72980625860 0.23402512340 
0.193323 76.79691301864 0.23054052000 
0.193829 76.42490645615 0.23266037145 
0.194336 76.61005304275 0.23819670545 
0.194843 76.41324576425 0.23384642692 
0.195349 76.53536118715 0.23310167276 
0.195856 76.53075408675 0.23384462420 
0.196363 76.08034148047 0.23147223796 
0.196869 76.02623618346 0.23152723641 
0.197376 75.99792949637 0.22833914757 
0.197883 76.27053581478 0.23124019930 
0.198389 75.92637830903 0.22491887669 
0.198896 75.93592509593 0.22501272024 
0.199403 75.87753851165 0.21926383401 
0.199909 76.00699334569 0.22131758467 
0.200416 75.90402610256 0.22253572073 
0.200923 75.73152542972 0.22368867307 
0.201429 75.56261974663 0.22363611183 
0.201936 75.82404623487 0.21976900154 
0.202443 75.58140217908 0.21844771172 
0.202949 75.65583780319 0.22096611442 
0.203456 75.48399093867 0.22531187322 
0.203963 75.04864693997 0.21667847767 
0.204469 75.32407416541 0.21603286533 
0.204976 75.58474319484 0.22169519368 
0.205483 75.21355785357 0.21661513278 
0.205989 75.17863973646 0.21784213913 
0.206496 75.42715248066 0.21417308435 
0.207003 75.44396088929 0.21541010178 
0.207509 75.05356521318 0.21630562423 
0.208016 75.07177665009 0.21260835757 
0.208523 75.42651350591 0.21159117092 
0.209029 75.19187339686 0.20869027581 
0.209536 75.06727261041 0.21604441596 
0.210043 75.07184020826 0.21426124104 
0.210549 75.19486838399 0.21117899341 
0.211056 74.84526391828 0.21360259298 
0.211563 74.94304576032 0.20634377571 
0.212069 74.68679809385 0.21231857712 
0.212576 74.87431198328 0.20843701397 
0.213083 75.13533178373 0.20984302589 
0.213589 74.87630523527 0.20723808122 
0.214096 74.37041414837 0.20733800129 
0.214603 74.75410922753 0.20511942570 
0.215109 74.55623714403 0.20818279075 
0.215616 74.61738273802 0.20779928054 
0.216123 74.41688007084 0.20425974332 
0.216629 74.16868697198 0.20590724244 
0.217136 73.82001656057 0.20736822623 
0.217643 73.96054975585 0.20601147190 
0.218149 73.95445062017 0.20294690971 
0.218656 74.35330681374 0.20247396498 
0.219163 74.21446369247 0.20568452737 
0.219669 74.26930391372 0.20882662448 
0.220176 74.03540834800 0.20236687484 
0.220683 74.05961201885 0.20607258666 
0.221189 74.18214866186 0.20583040095 
0.221696 73.88975986998 0.19985291080 
0.222203 73.71845522309 0.20679846964 
0.222709 73.91786597389 0.20109413425 
0.223216 73.65396371494 0.20544666378 
0.223722 73.86664839960 0.20630228098 
0.224229 73.59025511170 0.20380493713 
0.224736 73.54183541650 0.20176764620 
0.225242 73.92921177324 0.20648114309 
0.225749 73.46526420763 0.20116299422 
0.226256 73.42183765106 0.19902341760 
0.226762 73.39156595847 0.19945194633 
0.227269 73.70750337184 0.20355355261 
0.227776 73.17630654190 0.20282051393 
0.228282 72.89097796811 0.20139254731 
0.228789 73.34968389465 0.19906561663 
0.229296 73.28369953388 0.20108817767 
0.229802 73.24242661095 0.19604669638 
0.230309 72.93972824292 0.19934447237 
0.230816 73.00380813215 0.19777056978 
0.231322 73.30976076019 0.20387412631 
0.231829 73.08482532768 0.20059197955 
0.232335 73.06047162749 0.19905070487 
0.232842 73.17284379508 0.20219261046 
0.233349 72.74716946930 0.19807274019 
0.233855 72.97487354107 0.19967838647 
0.234362 72.73238082090 0.19806362328 
0.234869 72.69819240914 0.19533957786 
0.235375 72.73200592467 0.19897339411 
0.235882 72.59899885818 0.20193159331 
0.236389 72.69539393772 0.19792516793 
0.236895 72.87141457335 0.19855975543 
0.237402 72.31108408869 0.19910335292 
0.237908 72.40456095875 0.19605119871 
0.238415 72.16763682514 0.19836462267 
0.238922 72.48912887332 0.19545782320 
0.239428 72.28042409845 0.19660496294 
0.239935 72.38503435151 0.19829572086 
0.240442 71.93162442854 0.19835570669 
0.240948 71.98240732327 0.19961409855 
0.241455 71.88233542028 0.19597302660 
0.241962 72.01922817443 0.19678380833 
0.242468 72.09130771538 0.19785855319 
0.242975 71.92881130756 0.19475805437 
0.243481 72.08044259072 0.19698366589 
0.243988 71.82273987517 0.19776236259 
0.244495 71.62813280135 0.19776269312 
0.245001 71.66917513594 0.19976587059 
0.245508 71.78170528790 0.19834343375 
0.246015 71.67670362083 0.19479459738 
0.246521 71.34279547087 0.19730879137 
0.247028 71.56026073954 0.19514065933 
0.247534 71.67821429177 0.19563484031 
0.248041 71.29853956207 0.19390344646 
0.248548 71.23652783729 0.19825077930 
0.249054 71.22827101496 0.19381776274 
0.249561 71.47483662598 0.19558954580 
0.250068 71.42266702759 0.19514767873 
0.250574 71.21222633269 0.19619487437 
0.251081 70.88728927181 0.19594437089 
0.251587 71.41847474921 0.19987924148 
0.252094 71.34263738310 0.19780874358 
0.252601 71.13985627078 0.19587541494 
0.253107 71.27814324834 0.19730015105 
0.253614 71.20731963902 0.19608167076 
0.254120 71.14583532368 0.19420561196 
0.254627 70.74524034042 0.19439045729 
0.255134 70.74944521524 0.19740340058 
0.255640 71.16518036364 0.19560326450 
0.256147 71.07158765650 0.19416670158 
0.256654 70.84731377178 0.19422314168 
0.257160 71.47316785005 0.19849470100 
0.257667 71.14746710305 0.19523188577 
0.258173 71.38755142587 0.19886404102 
0.258680 71.38906103234 0.19251956220 
0.259187 71.36697405147 0.19663063624 
0.259693 71.57845411639 0.19452623434 
0.260200 71.59621386242 0.19660994616 
0.260706 71.54502794567 0.19499375059 
0.261213 71.60966737872 0.19004997482 
0.261720 71.63228361725 0.19899121165 
0.262226 71.56556523208 0.19116424617 
0.262733 71.70003897963 0.19246260652 
0.263239 71.66567544192 0.19442950968 
0.263746 71.50430482745 0.19355643146 
0.264253 71.70101112144 0.19401261864 
0.264759 71.49751011054 0.19203610606 
0.265266 71.63783118250 0.19338943076 
0.265772 71.66735622325 0.19233129304 
0.266279 71.71838452258 0.19370596648 
0.266786 71.77517492326 0.19048118023 
0.267292 71.96247923182 0.19122284081 
0.267799 71.81281971935 0.18919761195 
0.268305 71.89124911301 0.19154835861 
0.268812 71.54739272068 0.19141503524 
0.269319 71.73186482693 0.18820311630 
0.269825 71.92097974617 0.19018590330 
0.270332 71.74908920492 0.19075657675 
0.270838 71.93253149406 0.19080900854 
0.271345 72.08351782189 0.19141352870 
0.271852 72.58288938583 0.19096990174 
0.272358 72.07569847217 0.18888248914 
0.272865 72.20484247158 0.19331440066 
0.273371 72.25807413121 0.18999717794 
0.273878 72.12459028086 0.19570674514 
0.274385 72.77801616822 0.18764659738 
0.274891 72.65560859437 0.18946696117 
0.275398 72.29759070531 0.18766829149 
0.275904 72.10183628862 0.18458641833 
0.276411 72.24362335981 0.18399187334 
0.276917 72.49113555428 0.18543068363 
0.277424 72.26995100317 0.18388629090 
0.277931 72.21226496884 0.18205658001 
0.278437 71.79766921373 0.17964901447 
0.278944 72.12479814819 0.18195440465 
0.279450 72.41611350625 0.17871332421 
0.279957 72.25996860515 0.18281773089 
0.280464 72.26475306967 0.18027518904 
0.280970 72.16830516430 0.18675298769 
0.281477 72.18931594485 0.17974028235 
0.281983 72.22952511192 0.18498452535 
0.282490 71.98569139648 0.18537341712 
0.282996 72.20272576718 0.17896238073 
0.283503 72.07390591806 0.18036298570 
0.284010 72.07778738953 0.18052710782 
0.284516 71.95090413452 0.17891434439 
0.285023 71.53959650878 0.17383140749 
0.285529 71.65644458749 0.17621937465 
0.286036 71.71714902851 0.17763811023 
0.286542 71.53992251493 0.17220556537 
0.287049 71.66140187938 0.17523585876 
0.287556 71.52017256509 0.17240142008 
0.288062 71.57551886191 0.17240305397 
0.288569 71.61402739368 0.17000467778 
0.289075 71.50695514383 0.16998293737 
0.289582 71.67845870605 0.17026423649 
0.290088 71.45725256113 0.17247359151 
0.290595 71.41266568088 0.16975484162 
0.291102 71.21386304908 0.17168106933 
0.291608 71.26098817596 0.16837422119 
0.292115 71.31825444742 0.16650384772 
0.292621 71.02082058602 0.16367499017 
0.293128 71.03960869531 0.16477054720 
0.293634 70.76447808186 0.16911381407 
0.294141 70.91737214464 0.16679196136 
0.294647 71.30651457809 0.16677154518 
0.295154 71.03898302977 0.16700846459 
0.295661 71.10497244920 0.16555261587 
0.296167 70.87888785879 0.16517998530 
0.296674 70.55573860466 0.16554558012 
0.297180 70.87908213501 0.16573913241 
0.297687 70.79998948763 0.16298662858 
0.298193 70.86538978521 0.16349682498 
0.298700 70.55718572381 0.16458435129 
0.299207 70.55627986183 0.16429610539 
0.299713 70.47947889565 0.16705599981 
0.300220 70.42009865133 0.16356539749 
0.300726 70.27271872063 0.16237312960 
0.301233 70.64053800819 0.16352616431 
0.301739 70.21609275488 0.16440477106 
0.302246 70.21513234056 0.16108412997 
0.302752 70.25256186682 0.16365997403 
0.303259 70.37205300347 0.16163402212 
0.303765 70.21581789709 0.16099046939 
0.304272 70.19215974436 0.15972615196 
0.304779 70.06758096119 0.16087285924 
0.305285 70.28976873778 0.16024651958 
0.305792 70.09990176079 0.15958953530 
0.306298 69.78047063231 0.16233171791 
0.306805 69.93855670995 0.16433540906 
0.307311 69.96635998977 0.15969030656 
0.307818 70.06358727747 0.16048372695 
0.308324 69.71799764374 0.15427954665 
0.308831 69.35199523074 0.15599436303 
0.309337 69.43443050275 0.15387714324 
0.309844 69.20791695264 0.15273202110 
0.310350 69.55472481887 0.15327556077 
0.310857 68.98154456052 0.15053290716 
0.311364 68.55613010544 0.15012706859 
0.311870 68.55153771862 0.14767120361 
0.312377 68.30258110190 0.15053740311 
0.312883 68.27176920520 0.14777148334 
0.313390 68.12346925283 0.14331349324 
0.313896 67.90571543030 0.14700798884 
0.314403 67.52111103158 0.14608421743 
0.314909 67.48431627419 0.14468938526 
0.315416 67.61405097657 0.14247666215 
0.315922 67.43183906138 0.14138356025 
0.316429 67.32033310288 0.14022799950 
0.316935 67.39819659517 0.14163493589 
0.317442 67.20901383469 0.14114553818 
0.317948 67.16573275587 0.13914956464 
0.318455 66.98972436249 0.13922462073 
0.318961 67.12656125370 0.14265415914 
0.319468 67.19077667683 0.14261737693 
0.319975 67.12365386305 0.14410859501 
0.320481 66.49627152986 0.14206368522 
0.320988 66.52739719874 0.14486408917 
0.321494 66.73896350106 0.14192111913 
0.322001 66.52413686992 0.14948477413 
0.322507 66.54875145749 0.14006732107 
0.323014 66.50788141340 0.14415019797 
0.323520 66.60978262788 0.13948846713 
0.324027 66.49786219876 0.13841802941 
0.324533 66.51153639941 0.14223200017 
0.325040 66.29266755535 0.13884068039 
0.325546 66.45289612540 0.14136875333 
0.326053 66.55330117079 0.13965472925 
0.326559 66.27178146316 0.13797943436 
0.327066 66.57651409937 0.13789390136 
0.327572 66.25201673491 0.13874646151 
0.328079 66.26844197940 0.14171343731 
0.328585 65.97381086212 0.14026273875 
0.329092 66.25222660520 0.13764149268 
0.329598 66.24373026494 0.13840889271 
0.330105 65.90805744129 0.13679014517 
0.330611 66.09507149881 0.13843561471 
0.331118 66.07120764236 0.13714116808 
0.331624 66.10879730844 0.13971454118 
0.332131 66.06569225701 0.13898091867 
0.332637 66.06807821159 0.14081300525 
0.333144 65.74160077515 0.13846310506 
0.333650 65.63217093864 0.13955872844 
0.334157 66.12514351863 0.13886702666 
0.334663 65.81394129907 0.14065746870 
0.335170 65.75170011890 0.13925650967 
0.335676 65.82140032944 0.13999052905 
0.336183 65.59850593799 0.13767168205 
0.336689 65.58434248984 0.14044668967 
0.337196 65.70978072802 0.14039221903 
0.337702 65.63867442697 0.13910515377 
0.338209 65.61622430839 0.13879944978 
0.338715 65.49721859408 0.13831983552 
0.339222 65.47357741816 0.13942506047 
0.339728 65.37195077254 0.13850103408 
0.340235 65.44732530673 0.19756796092 
0.340741 65.35937135362 0.13977639795 
0.341248 65.29590886922 0.13844394884 
0.341754 65.34320301164 0.14062241624 
0.342261 65.37456445881 0.13896075600 
0.342767 65.30586122983 0.13877345340 
0.343274 65.28019733157 0.13734168045 
0.343780 65.24258905487 0.13975376107 
0.344287 65.28477353690 0.14081728713 
0.344793 64.88633028403 0.13890974894 
0.345300 65.09220023069 0.14208626145 
0.345806 65.01691957496 0.13619398293 
0.346313 65.22352863523 0.14151909552 
0.346819 64.89077142181 0.14384593561 
0.347325 65.00633467121 0.14323215090 
0.347832 64.96404529756 0.14644534598 
0.348338 65.01244502008 0.14794283495 
0.348845 65.04405334921 0.14516338541 
0.349351 65.00105848135 0.14741588203 
0.349858 64.85340221889 0.14805825777 
0.350364 64.98586521586 0.14932436334 
0.350871 64.62294208059 0.14801782241 
0.351377 64.51792870807 0.14385932793 
0.351884 64.52259862430 0.15025663302 
0.352390 64.52397248738 0.14587648166 
0.352897 64.31274909350 0.14755501794 
0.353403 64.59268271200 0.14798263132 
0.353910 64.29764038476 0.14852032697 
0.354416 64.33063343425 0.15014230526 
0.354923 64.29848462687 0.15306598606 
0.355429 64.10694315172 0.15098497244 
0.355935 64.21433089935 0.14915941035 
0.356442 63.91580991751 0.15241373510 
0.356948 63.85487406472 0.15500140376 
0.357455 64.06571620627 0.15258779440 
0.357961 63.84517475568 0.15466151996 
0.358468 63.80783794213 0.15812936385 
0.358974 64.04313014455 0.21921978360 
0.359481 63.78417865758 0.20422474647 
0.359987 64.01434680401 0.19808349634 
0.360494 63.83759584485 0.18950636298 
0.361000 63.92420818904 0.18790752946 
0.361506 63.80565929144 0.18161751037 
0.362013 64.09945607612 0.18559479061 
0.362519 63.79571937533 0.18303434336 
0.363026 63.82339186414 0.18786413830 
0.363532 63.93189105733 0.18776542504 
0.364039 63.83937590101 0.17799720072 
0.364545 63.56727183156 0.18009313841 
0.365052 63.68326033708 0.18348305852 
0.365558 63.74807646636 0.18289624607 
0.366064 63.79756834881 0.18428994588 
0.366571 63.73267763449 0.18671728215 
0.367077 63.60693907807 0.18179414362 
0.367584 63.84078148900 0.18354657368 
0.368090 63.58832903014 0.18612166617 
0.368597 63.82138573265 0.19044600965 
0.369103 63.62921114289 0.18636939982 
0.369610 63.44947708534 0.18662672820 
0.370116 63.68115382169 0.18942599842 
0.370622 63.47063091062 0.18893923449 
0.371129 63.60295134818 0.19545163275 
0.371635 63.58949777924 0.19059705087 
0.372142 63.42908199635 0.19417185703 
0.372648 63.37656361792 0.19639568123 
0.373155 63.36378597984 0.19827045190 
0.373661 63.05727980577 0.19204504094 
0.374167 63.38931005067 0.19355642259 
0.374674 63.59612595637 0.20153401898 
0.375180 63.57981696673 0.19597612795 
0.375687 63.54870276424 0.19948130023 
0.376193 63.21710368427 0.19823249692 
0.376700 63.22738162864 0.20200875644 
0.377206 63.48941027054 0.20414271463 
0.377712 63.24625485926 0.20267302769 
0.378219 63.46047428012 0.20132950264 
0.378725 63.47021568713 0.20366848728 
0.379232 63.34479336687 0.20629017952 
0.379738 62.99360684617 0.20589648648 
0.380245 63.36600216204 0.20837390759 
0.380751 63.30022578913 0.21299580617 
0.381257 63.44231741301 0.20945863259 
0.381764 62.95601327599 0.20567285316 
0.382270 62.92557655258 0.20473032296 
0.382777 63.54044930347 0.20803008918 
0.383283 63.59495024141 0.20870477078 
0.383789 62.83258385397 0.20744858201 
0.384296 63.09598893200 0.20375072645 
0.384802 63.27279252488 0.21118729479 
0.385309 62.90569272329 0.21392558913 
0.385815 62.99679340975 0.21577239861 
0.386321 62.98203021132 0.21096268555 
0.386828 63.23159235435 0.21186587194 
0.387334 62.84077181538 0.20946000573 
0.387841 62.78719486755 0.20950274349 
0.388347 62.77992323659 0.21394006129 
0.388853 62.78240022382 0.21454357768 
0.389360 63.05192090076 0.21863135190 
0.389866 62.71646715436 0.21301601906 
0.390373 62.89239307904 0.21654799867 
0.390879 63.00359835277 0.21359069263 
0.391385 62.81316965000 0.22166919068 
0.391892 62.51189739848 0.22404265143 
0.392398 62.95837048857 0.22531815973 
0.392905 62.54542937249 0.22178857006 
0.393411 62.66851971024 0.22079360471 
0.393917 62.66029190627 0.22386591892 
0.394424 62.70109977120 0.22657331262 
0.394930 62.42202741760 0.22716595869 
0.395437 62.78149473749 0.23018509992 
0.395943 62.47343512425 0.22100901930 
0.396449 62.64803252211 0.29186831376 
0.396956 62.67105687823 0.23173992176 
0.397462 62.60765100454 0.22947361147 
0.397969 62.72712124428 0.23502170533 
0.398475 62.89336069815 0.23361800351 
0.398981 63.05222360489 0.23405388172 
0.399488 62.37308062623 0.23327623516 
0.399994 62.78315791791 0.24300275569 
0.400500 62.31207936143 0.24017520913 
0.401007 62.64850852740 0.23726126078 
0.401513 62.69525192712 0.25170272426 
0.402020 62.59971602042 0.25262973851 
0.402526 62.27785558735 0.25310339632 
0.403032 62.43338075816 0.24552333233 
0.403539 62.22361914119 0.25425090818 
0.404045 62.39360117001 0.25008440814 
0.404551 62.11640384497 0.26462913010 
0.405058 62.15876197560 0.26052247464 
0.405564 62.11555326121 0.25635536232 
0.406071 62.21397126478 0.26026752309 
0.406577 62.30261854249 0.25650642774 
0.407083 62.58537873050 0.26044015377 
0.407590 62.31288600155 0.26263431097 
0.408096 61.88961236423 0.27173413320 
0.408602 62.13849268467 0.27721007914 
0.409109 62.19855809448 0.26412242031 
0.409615 61.92833959115 0.26898653405 
0.410121 61.99528583160 0.26528402381 
0.410628 62.26772463984 0.27057995236 
0.411134 62.14188782805 0.26676409115 
0.411641 62.02710136494 0.27596624292 
0.412147 62.05742935287 0.26302986904 
0.412653 62.18024583765 0.26614466665 
0.413160 61.68950757485 0.26024101943 
0.413666 61.88988315385 0.26910536138 
0.414172 62.06576589968 0.27333404136 
0.414679 61.97454966532 0.27407152517 
0.415185 62.10854653390 0.28054149042 
0.415691 61.74351900940 0.26825159734 
0.416198 61.89286909277 0.27557749325 
0.416704 61.76137969918 0.28879775505 
0.417210 62.12099262025 0.27656295011 
0.417717 61.79745635033 0.29820025105 
0.418223 61.89294277529 0.27651908157 
0.418729 61.33634118037 0.27673317482 
0.419236 61.81651591224 0.27979690904 
0.419742 61.92891733929 0.27365584146 
0.420248 62.09824001373 0.28067959111 
0.420755 61.90705609620 0.26957554615 
0.421261 61.70177692487 0.27774017300 
0.421767 61.38882073153 0.27577203971 
0.422274 61.76320145191 0.27443904286 
0.422780 61.53534249504 0.27779721253 
0.423286 61.69773593170 0.28763839049 
0.423793 62.19278730449 0.27984751055 
0.424299 61.82651007691 0.30048564527 
0.424805 61.78910690248 0.28389684109 
0.425312 62.18235092209 0.29110978760 
0.425818 61.81443164689 0.28474803074 
0.426324 61.92301331556 0.29572549304 
0.426831 61.85458641523 0.29291311620 
0.427337 61.94218189894 0.30479418998 
0.427843 61.74912453441 0.30857411171 
0.428350 61.97272439084 0.29729142261 
0.428856 61.50149568728 0.30128855354 
0.429362 61.18788322563 0.30766456341 
0.429869 61.76339334721 0.31079114379 
0.430375 61.40704132803 0.31177044686 
0.430881 61.34124812952 0.32135140602 
0.431388 61.70898107585 0.31316475284 
0.431894 61.67267020605 0.31449266815 
0.432400 61.90301390458 0.32903768231 
0.432907 61.83093947800 0.32250780942 
0.433413 61.54956335284 0.33323128062 
0.433919 61.20028974714 0.33165998458 
0.434425 61.35383511870 0.33503972376 
0.434932 61.88898328994 0.34257594002 
0.435438 61.50474851056 0.35741841190 
0.435944 61.27664962489 0.34359493281 
0.436451 61.74025154258 0.34149938572 
0.436957 61.75316186618 0.36040664303 
0.437463 61.50341251237 0.35735604269 
0.437970 61.24801363180 0.35332167212 
0.438476 61.16939516500 0.36324262252 
0.438982 61.39402698150 0.36120117740 
0.439489 61.05682121868 0.38478208532 
0.439995 60.72764262085 0.36697023790 
0.440501 61.35078803404 0.38116137227 
0.441007 61.25890274654 0.37668003414 
0.441514 61.36787544819 0.37487621061 
0.442020 60.84966273417 0.38653582317 
0.442526 61.73522103389 0.40410462260 
0.443033 60.84975935763 0.38191752441 
0.443539 61.31419453378 0.42437953742 
0.444045 60.76654318212 0.40780677674 
0.444551 61.47774901971 0.41885960874 
0.445058 61.29523532028 0.41670966650 
0.445564 60.98111040738 0.42890292022 
0.446070 60.74059328738 0.43390305041 
0.446577 60.83973767700 0.43078270426 
0.447083 60.58280902712 0.46131550335 
0.447589 60.97666444568 0.47531248731 
0.448095 60.47023118452 0.45180765258 
0.448602 60.65228464608 0.45473497615 
0.449108 60.65062406080 0.46619694117 
0.449614 60.55249898444 0.47691154788 
0.450121 60.96359846516 0.47382420751 
0.450627 59.61972087943 0.49614024766 
0.451133 60.24735553987 0.48880970199 
0.451639 60.19581676605 0.51535919663 
0.452146 59.86901897507 0.55855185320 
0.452652 60.43630220649 0.52696591999 
0.453158 60.69899979972 0.58615316757 
0.453664 60.86575051732 0.58729490929 
0.454171 60.08456466910 0.55122904544 
0.454677 60.70182289987 0.59134671800 
0.455183 60.00696907825 0.60425709376 
0.455689 59.47142362294 0.60829522028 
0.456196 60.13205707178 0.65678824492 
0.456702 60.34821466844 0.65641609475 
0.457208 60.04713170937 0.69191859399 
0.457714 60.27938402505 0.73567129155 
0.458221 60.25970080661 0.74045618453 
0.458727 59.40844653587 0.76695273170 
0.459233 59.98648128993 0.82775796443 
0.459740 60.64661624806 0.85304623788 
0.460246 60.88607587544 0.87279594477 
0.460752 59.22705100265 0.96933464665 
0.461258 59.94622424029 1.04238954410 
0.461765 59.60374443606 1.06288919154 
0.462271 59.47880623321 1.06368935999 
0.462777 60.05117040374 1.22115955279 
0.463283 61.30990495325 1.29039362222 
0.463789 60.63604178893 1.38278075222 
0.464296 59.13759056663 1.31519028473 
0.464802 60.34850177356 1.30602136942 
0.465308 60.61318034314 1.57962360733 
0.465814 59.71582207573 1.66573847750 
0.466321 58.37701145449 1.68645109490 
0.466827 59.09509254110 1.85693613075 
0.467333 57.83509450069 1.77879432316 
0.467839 59.34060652676 1.96000371269 
0.468346 59.98909606712 2.25225976098 
0.468852 62.50190079536 2.68125986594 
0.469358 60.18735684823 2.90126990771 
0.469864 61.92933552181 3.04976472008 
0.470371 60.21498517025 3.84586866163 
0.470877 57.75207258353 4.67247427803 
0.471383 58.73199652428 5.64888227412 
0.471889 56.02950210843 7.38729400835 
0.472395 59.16934011839 6.55566840884 
0.472902 54.54003437957 13.29151660164 
