0.010896 1346.48753154622 14.28599191373 
0.011402 1207.57448204124 11.35781418263 
0.011909 1089.96903843279 11.30255063284 
0.012416 977.12435975686 8.28294791146 
0.012923 889.39649985948 7.51382466228 
0.013430 820.04212617504 11.34620136571 
0.013936 789.73135732932 9.01891231530 
0.014443 737.52728433712 6.84789275297 
0.014950 681.38464045004 6.59290046200 
0.015457 631.98967573429 5.72541606889 
0.015963 582.77024758895 4.81743581353 
0.016470 547.33836699226 4.35990005676 
0.016977 512.74772107363 3.83759285150 
0.017484 479.23343603029 3.35242636711 
0.017990 451.54920585641 3.18977679484 
0.018497 426.48189924292 2.73795461243 
0.019004 404.96267879576 2.34980180787 
0.019511 382.48918227081 2.20076620532 
0.020018 364.15438107030 2.32355023862 
0.020524 345.13220423856 2.01422338366 
0.021031 331.75687384003 1.94015526684 
0.021538 319.45672157550 1.77545542359 
0.022045 305.32434731142 1.72097841303 
0.022551 293.85924730488 1.57294827841 
0.023058 282.09229432833 1.59395488326 
0.023565 272.18866525192 1.53223534681 
0.024072 262.56297936076 1.64397549643 
0.024579 254.43651519579 1.77373533292 
0.025085 246.29364122560 2.15923316443 
0.025592 241.70801547601 2.15898083481 
0.026099 231.14035564429 2.08817782979 
0.026606 225.59033304530 1.69589409564 
0.027112 220.80109737957 1.80539218063 
0.027619 215.33889801631 1.68348816221 
0.028126 210.48077256553 1.47977372801 
0.028633 204.32866373355 1.28819364184 
0.029139 202.14391577520 1.38127538636 
0.029646 196.38769407671 1.10254641170 
0.030153 192.69145230789 1.17461429273 
0.030660 189.25510427966 1.09702630933 
0.031167 184.13922971782 0.91255405076 
0.031673 181.72071437176 0.97069407294 
0.032180 178.69761696781 0.85519322559 
0.032687 175.60466094279 0.90985120275 
0.033194 173.25314149977 0.81734569673 
0.033700 169.66371623077 0.77102989403 
0.034207 167.69156894612 0.76357418210 
0.034714 165.00395525944 0.75824468689 
0.035221 163.04788267283 0.71360012409 
0.035727 159.32236447051 0.69711402779 
0.036234 158.85885665620 0.63252608589 
0.036741 156.95091138222 0.65482232394 
0.037248 153.53268775006 0.64974903057 
0.037755 153.29857026280 0.61973638127 
0.038261 150.39845534359 0.62614890857 
0.038768 149.80056865006 0.59716588446 
0.039275 147.68891514306 0.59324126356 
0.039782 146.89439018239 0.59600646941 
0.040288 144.99691418682 0.53812294882 
0.040795 143.63081014256 0.54830090558 
0.041302 141.39648330473 0.55111536572 
0.041809 141.12387306300 0.53672963006 
0.042315 139.70529591157 0.58884914485 
0.042822 138.79868165726 0.57250612461 
0.043329 137.11862073883 0.54908442568 
0.043836 136.44786753425 0.51383744209 
0.044343 135.28358976135 0.52997970483 
0.044849 133.61463995315 0.52468437694 
0.045356 132.83519700765 0.51779683700 
0.045863 131.11991504993 0.51789331303 
0.046370 130.32684231494 0.48970129964 
0.046876 129.23172107339 0.50801443866 
0.047383 129.14243043602 0.50405306622 
0.047890 127.71990267671 0.48939707971 
0.048397 126.34974650205 0.48335493531 
0.048903 125.88023130018 0.48950589024 
0.049410 124.97631657098 0.49700298801 
0.049917 124.39291513610 0.49264295639 
0.050424 123.13371387065 0.46376910999 
0.050931 122.31453383826 0.44658306260 
0.051437 121.28817772096 0.46309809897 
0.051944 121.41910609751 0.44234164343 
0.052451 120.66865340221 0.44597055172 
0.052958 120.16237359414 0.43880277550 
0.053464 119.25839378742 0.42299127010 
0.053971 118.08809855667 0.43397891648 
0.054478 118.08641960083 0.44342072043 
0.054985 117.11319783445 0.45093765405 
0.055491 116.34154456368 0.44110161773 
0.055998 115.73237538334 0.40714673683 
0.056505 115.62480859722 0.43415283759 
0.057012 114.50380408946 0.45041744442 
0.057519 113.84134476475 0.44214335139 
0.058025 113.84937940990 0.41349377371 
0.058532 113.16253040613 0.41302550719 
0.059039 111.82561258408 0.40521629795 
0.059546 111.35265033646 0.41247909661 
0.060052 111.29967367624 0.41580993985 
0.060559 110.75559136274 0.39577435049 
0.061066 110.31140751745 0.41022087942 
0.061573 109.82566433891 0.40469674168 
0.062079 109.17762882193 0.39642292440 
0.062586 108.88163221581 0.39542768969 
0.063093 108.60110464870 0.40004617656 
0.063600 107.60871408261 0.39774829019 
0.064106 107.45786626754 0.40289304769 
0.064613 106.95421165520 0.39316199411 
0.065120 106.54638645149 0.39304263042 
0.065627 106.48090380394 0.39209326205 
0.066134 106.10103695059 0.39047845382 
0.066640 105.22546808217 0.38261499885 
0.067147 105.20712471577 0.36995386559 
0.067654 105.08015966661 0.37799268131 
0.068161 104.67396006239 0.36155323002 
0.068667 103.67411440061 0.36823289812 
0.069174 103.35085303737 0.38082688759 
0.069681 103.84492665703 0.37548006332 
0.070188 103.23148158670 0.34947688378 
0.070694 101.71727531667 0.36308128125 
0.071201 102.61382282335 0.37184419581 
0.071708 101.72362644572 0.36366616449 
0.072215 101.78196940095 0.34426178047 
0.072721 101.24512062849 0.35402745252 
0.073228 100.75774003338 0.34995163049 
0.073735 100.48054191017 0.35362712402 
0.074242 100.57838693256 0.35078940736 
0.074748 100.17026207496 0.34766929986 
0.075255 100.18553349748 0.35027095149 
0.075762 100.17567519123 0.33484840543 
0.076269 99.61098387175 0.34742380042 
0.076776 99.44523143107 0.34028947981 
0.077282 99.13256089670 0.33142427431 
0.077789 99.13905846564 0.33308069227 
0.078296 98.20243008395 0.33312504198 
0.078803 97.81619624372 0.32129497840 
0.079309 98.27872459664 0.32434166919 
0.079816 98.17806943754 0.34190352656 
0.080323 98.46804845870 0.33427126880 
0.080830 97.21097707636 0.33145788698 
0.081336 97.81102518157 0.33946646884 
0.081843 97.55699275015 0.33030378476 
0.082350 97.04582951426 0.33055822565 
0.082857 97.11889946237 0.32576604957 
0.083363 96.69019267608 0.33395947765 
0.083870 96.69918908926 0.32961381499 
0.084377 96.68859712990 0.32410440019 
0.084884 96.21007864695 0.32635184030 
0.085390 96.20982828082 0.33419035648 
0.085897 96.46291724670 0.33933454226 
0.086404 95.81080592081 0.34350514399 
0.086911 95.74226633660 0.33970015109 
0.087417 95.28198743657 0.32903351135 
0.087924 95.29539063152 0.32331425183 
0.088431 94.92079814821 0.33059500621 
0.088938 94.85513392406 0.33983613067 
0.089444 94.78066620612 0.33156942777 
0.089951 94.51984871599 0.33686537616 
0.090458 94.47848334173 0.34496757444 
0.090965 94.24251515132 0.33361331283 
0.091471 93.72654274630 0.34235975941 
0.091978 93.71086612603 0.33186589879 
0.092485 92.77411211708 0.33519158216 
0.092992 93.24380555145 0.33624301967 
0.093498 93.58897226609 0.33693931239 
0.094005 93.33712864548 0.33083795548 
0.094512 92.99104221175 0.32468254236 
0.095019 92.84799499794 0.33083227865 
0.095525 93.10899942506 0.32742663834 
0.096032 92.48128919354 0.32950271510 
0.096539 92.95896310568 0.33714851901 
0.097046 92.39740882675 0.33662609464 
0.097552 92.22399394756 0.32455310002 
0.098059 92.24861168343 0.33096885122 
0.098566 91.69620055473 0.32487062309 
0.099073 91.67664423657 0.31500043360 
0.099579 91.78444888952 0.32572183982 
0.100086 92.10383770599 0.32201152686 
0.100593 91.83566827324 0.32561915679 
0.101100 91.33102685497 0.31651408096 
0.101606 90.96494544019 0.30495504792 
0.102113 89.92024361294 0.30978927727 
0.102620 89.34145831150 0.30057764066 
0.103127 89.48929558845 0.29480698658 
0.103633 89.61614677732 0.29104701952 
0.104140 89.12616947781 0.30530889409 
0.104647 88.83509038183 0.30156866746 
0.105154 88.69292710510 0.29731125251 
0.105660 88.63544237994 0.30233915078 
0.106167 88.32656817485 0.30304934996 
0.106674 88.70766292597 0.29938877530 
0.107181 88.46480446519 0.29997721990 
0.107687 88.18248185532 0.29464936892 
0.108194 88.11691543308 0.29838833697 
0.108701 88.11725614561 0.29364219147 
0.109208 87.78166458619 0.29610554408 
0.109714 87.85980617057 0.28989812162 
0.110221 88.16874010656 0.28195204774 
0.110728 87.52830436013 0.28909669392 
0.111235 87.49816101046 0.28217546466 
0.111741 87.18575195045 0.28630875496 
0.112248 87.39136438934 0.27747376545 
0.112755 86.94996950400 0.28237226393 
0.113262 87.00236917946 0.28213627510 
0.113768 87.03709401649 0.28201727253 
0.114275 87.10490169221 0.28133605369 
0.114782 87.35596911242 0.27668364140 
0.115289 86.85419243885 0.27284298797 
0.115795 86.50068140681 0.28004735620 
0.116302 87.11584358352 0.28096922373 
0.116809 86.72809746162 0.27037837798 
0.117316 86.45041166538 0.27668495869 
0.117822 86.76547854565 0.27769046208 
0.118329 86.27383661338 0.27641200811 
0.118836 86.42635802428 0.27267185928 
0.119342 86.32738642707 0.26412978936 
0.119849 86.50915819368 0.27065135142 
0.120356 85.90900077909 0.26501960558 
0.120863 86.00615295589 0.27013274718 
0.121369 85.48580637676 0.26173691919 
0.121876 85.70009740029 0.25929911911 
0.122383 85.42139964870 0.26925256261 
0.122890 85.69261840693 0.25498553261 
0.123396 85.34100483977 0.26202656531 
0.123903 85.41796313704 0.25409780125 
0.124410 85.46943391697 0.26457111057 
0.124917 85.15794719737 0.25998450122 
0.125423 84.92237350837 0.25406536243 
0.125930 85.13278000626 0.25995694413 
0.126437 84.64299005246 0.25902142260 
0.126944 84.79203590329 0.25714966491 
0.127450 84.94078677384 0.25734955647 
0.127957 84.58234183634 0.25504760731 
0.128464 84.70947592277 0.25721051592 
0.128970 85.12127795983 0.25739720072 
0.129477 84.52648027526 0.25967682079 
0.129984 84.68542296818 0.25781704772 
0.130491 84.53893348899 0.25490692673 
0.130997 84.45235593750 0.24903370722 
0.131504 83.97200062325 0.25083906145 
0.132011 83.95390697480 0.24884520266 
0.132518 83.83090258379 0.24846155768 
0.133024 84.07460340171 0.24908289633 
0.133531 83.97010557248 0.24854098503 
0.134038 84.32957089732 0.24329639666 
0.134545 84.07326640603 0.24765370964 
0.135051 83.80802192022 0.25070893615 
0.135558 83.79616143437 0.24890012418 
0.136065 83.54953957273 0.24121306860 
0.136571 83.75127296022 0.24586841364 
0.137078 83.57965128963 0.24169336160 
0.137585 83.62374202642 0.25109575415 
0.138092 83.06514230259 0.23758960468 
0.138598 83.08086470109 0.24780100460 
0.139105 83.50677944724 0.24624223071 
0.139612 82.97555209072 0.24001098999 
0.140119 83.04728132913 0.24450527226 
0.140625 83.19083122223 0.24287095337 
0.141132 82.89603144220 0.24297399710 
0.141639 82.77568000431 0.23805986782 
0.142145 82.72628175492 0.24730367838 
0.142652 82.34194547549 0.24540780534 
0.143159 82.77488676295 0.23408603853 
0.143666 82.62565992123 0.24572312040 
0.144172 82.55169464797 0.24170525930 
0.144679 82.45029179061 0.24131055421 
0.145186 82.49897820576 0.23864726929 
0.145692 82.08688158184 0.24725794806 
0.146199 82.00333539164 0.23950532338 
0.146706 82.02735710050 0.23753089985 
0.147213 82.04504475751 0.24367521794 
0.147719 82.02270779948 0.24559309334 
0.148226 81.53674463993 0.23337827087 
0.148733 81.83253355808 0.24950334329 
0.149240 81.55656370333 0.24056723030 
0.149746 81.49283925985 0.24128975607 
0.150253 81.21963763528 0.23668010792 
0.150760 81.42993299411 0.24088076184 
0.151266 81.24477806210 0.24620815564 
0.151773 81.42264810985 0.24217206522 
0.152280 81.09119215461 0.24113981047 
0.152787 80.97307295707 0.23564956423 
0.153293 81.15770264899 0.23394598760 
0.153800 80.84818485134 0.24208462751 
0.154307 80.38213891610 0.24106457599 
0.154813 80.95118990089 0.23909735675 
0.155320 80.55677176037 0.23601361538 
0.155827 80.57717062475 0.23630704923 
0.156334 80.40790124089 0.23767564778 
0.156840 80.30700702490 0.24526565640 
0.157347 80.30491026313 0.23925849508 
0.157854 80.03966855961 0.23821843251 
0.158360 80.00488625923 0.23862854028 
0.158867 80.16268925588 0.23918518548 
0.159374 80.37889418012 0.24020567310 
0.159881 80.25503849310 0.23605083337 
0.160387 79.65364378873 0.23299813670 
0.160894 79.88332115758 0.23262328743 
0.161401 80.07046055896 0.23426006102 
0.161907 79.64384904744 0.23139854809 
0.162414 79.49916083529 0.23414247575 
0.162921 79.59713047038 0.23196960013 
0.163427 79.80758341281 0.23296747248 
0.163934 79.46955467756 0.22963382799 
0.164441 79.69260211538 0.23081498288 
0.164948 79.47066652524 0.23767691247 
0.165454 79.12303113003 0.23018669775 
0.165961 79.15217346551 0.22962076977 
0.166468 79.26828834872 0.23278492927 
0.166974 78.96138661228 0.22841976208 
0.167481 78.65959424959 0.23004962959 
0.167988 78.93736935718 0.23323514021 
0.168495 79.06028697218 0.23133551277 
0.169001 79.05364063364 0.23187861506 
0.169508 79.12296506913 0.22766151986 
0.170015 79.07903638602 0.23464838643 
0.170521 79.05059644940 0.23110995324 
0.171028 78.93779679023 0.23277175341 
0.171535 79.16868577195 0.23816056363 
0.172041 79.23728618421 0.23668655698 
0.172548 78.84296785342 0.23749261659 
0.173055 79.37541913749 0.23781223617 
0.173562 78.84617020064 0.23523352102 
0.174068 78.94405400947 0.23116018837 
0.174575 79.00263177276 0.23878590646 
0.175082 78.82248121518 0.23318560672 
0.175588 78.88290055819 0.23447861449 
0.176095 78.86708090699 0.23983445002 
0.176602 78.86294229769 0.23226993637 
0.177108 78.74953038114 0.23646049897 
0.177615 78.74495869899 0.23611660566 
0.178122 78.55024547953 0.23793133577 
0.178629 78.58710016918 0.23911531694 
0.179135 78.60156873855 0.24271504728 
0.179642 78.46818639184 0.24412687461 
0.180149 78.38329485361 0.24083124006 
0.180655 78.82999576473 0.23647841268 
0.181162 78.21877238673 0.23553588932 
0.181669 78.69927077199 0.24543900268 
0.182175 78.93873272172 0.23533533268 
0.182682 78.66887270665 0.23932309143 
0.183189 78.76112243820 0.24689074794 
0.183695 78.30400251495 0.24692604264 
0.184202 78.43728707117 0.24547529528 
0.184709 78.33969314450 0.24854114198 
0.185216 78.11511169483 0.24095374751 
0.185722 78.41010042411 0.24551362734 
0.186229 78.16205360807 0.24156864088 
0.186736 78.12276439535 0.24884060157 
0.187242 77.98101982960 0.24065792814 
0.187749 78.00109958993 0.24501832669 
0.188256 78.16107922537 0.24609147735 
0.188762 77.74502217817 0.24310504146 
0.189269 77.84918723395 0.24406853116 
0.189776 77.61207471939 0.24827336345 
0.190282 77.59696989361 0.24969766143 
0.190789 78.00091837453 0.24568257437 
0.191296 77.08828104677 0.24189895406 
0.191802 77.88777563903 0.23897237913 
0.192309 76.87771649859 0.23995358222 
0.192816 77.10651005678 0.24452591642 
0.193323 76.70882457238 0.23511096034 
0.193829 76.85163536887 0.23677075386 
0.194336 76.70545031415 0.23434622134 
0.194843 76.41301260585 0.23015741672 
0.195349 76.46941009224 0.23114457695 
0.195856 76.24224514092 0.23241709332 
0.196363 76.23950292057 0.23144358093 
0.196869 76.07607819289 0.23244510176 
0.197376 76.29693368264 0.23319679809 
0.197883 76.36402340228 0.23471074919 
0.198389 76.28887171091 0.22760691173 
0.198896 75.90910932702 0.22690019996 
0.199403 76.02147428683 0.21817584199 
0.199909 75.89636651984 0.22440672743 
0.200416 75.90515994725 0.22377603362 
0.200923 75.59126005282 0.22261875285 
0.201429 75.70269553433 0.22153860666 
0.201936 75.46099038210 0.22668328507 
0.202443 75.89958037955 0.21967316492 
0.202949 75.81423565459 0.22373806950 
0.203456 75.49836186708 0.22435460346 
0.203963 75.60924114565 0.21400328654 
0.204469 75.23353772175 0.21712084713 
0.204976 75.70413509341 0.21810002590 
0.205483 75.38097323265 0.21892523798 
0.205989 75.51747205424 0.21593605759 
0.206496 75.27379175612 0.21494145909 
0.207003 75.02495453145 0.21154891348 
0.207509 75.73244362457 0.21574525238 
0.208016 75.41993451454 0.21651011199 
0.208523 75.03114071155 0.21328213893 
0.209029 75.38094182062 0.21495364266 
0.209536 75.41687112955 0.21231930415 
0.210043 75.17998230722 0.20841330748 
0.210549 75.11867413133 0.21198652141 
0.211056 75.45071993293 0.20977759660 
0.211563 75.04741474310 0.20944537029 
0.212069 75.11796309678 0.21173949607 
0.212576 75.00998338357 0.20841685681 
0.213083 75.42781769344 0.20788369535 
0.213589 74.99633464894 0.21404010838 
0.214096 74.77595529284 0.20491300522 
0.214603 74.98452212006 0.20747921940 
0.215109 74.78737643058 0.20943757216 
0.215616 74.80072799584 0.20842793681 
0.216123 74.39964165803 0.20861999477 
0.216629 74.49899416283 0.20593810483 
0.217136 74.08706012854 0.20727273142 
0.217643 74.09054356422 0.21018998098 
0.218149 74.07019026806 0.20532345824 
0.218656 74.15465410592 0.20767745937 
0.219163 74.13281627542 0.21071433684 
0.219669 74.08877245769 0.20730691707 
0.220176 73.99752298199 0.21329906514 
0.220683 73.78045983452 0.20617466683 
0.221189 74.11590625447 0.20373401069 
0.221696 74.10854601912 0.20690200637 
0.222203 74.07244027216 0.20497044935 
0.222709 74.14612290656 0.20786309438 
0.223216 73.96105559012 0.20491763820 
0.223722 73.92424545896 0.20589049658 
0.224229 73.74221812913 0.20244197571 
0.224736 73.81507970099 0.20522142876 
0.225242 73.70820361710 0.20142648620 
0.225749 73.39286903739 0.20228517038 
0.226256 73.57083766140 0.19913502771 
0.226762 73.56189766480 0.19954617959 
0.227269 73.43962218633 0.20415738666 
0.227776 73.25311394415 0.20470716341 
0.228282 73.36117776086 0.20328141829 
0.228789 73.31598688542 0.20423770939 
0.229296 73.25264014151 0.20330722223 
0.229802 73.63058072623 0.20061064089 
0.230309 73.28536742998 0.20305310722 
0.230816 73.08876848643 0.19818495400 
0.231322 73.28318648166 0.20245983208 
0.231829 73.07391534470 0.20210137625 
0.232335 72.86738237786 0.20138326876 
0.232842 72.83204724838 0.20042538392 
0.233349 73.00067252697 0.20015820229 
0.233855 72.78460817997 0.19791399163 
0.234362 72.78524161648 0.19845383554 
0.234869 73.03882766671 0.20297263104 
0.235375 72.48943210511 0.19881240121 
0.235882 72.86020247612 0.19551273048 
0.236389 72.53987184420 0.20376003675 
0.236895 72.49618525420 0.20097501813 
0.237402 72.25783957749 0.19684741820 
0.237908 72.60711639916 0.20425024990 
0.238415 72.55451979777 0.20101151590 
0.238922 72.03843826458 0.20049187943 
0.239428 72.31112480509 0.20020871328 
0.239935 72.18986773058 0.19553384136 
0.240442 72.24190979273 0.19850057372 
0.240948 71.87093550243 0.19832964599 
0.241455 72.09460854064 0.19413222126 
0.241962 71.91731733129 0.19691105233 
0.242468 71.99208843906 0.19617190272 
0.242975 72.09926218998 0.19786452050 
0.243481 71.96965715436 0.19797832424 
0.243988 71.49437907132 0.19442426141 
0.244495 71.59500940623 0.19684300084 
0.245001 71.68070784292 0.20020575761 
0.245508 71.93151738691 0.19665753233 
0.246015 71.68076311810 0.19723218309 
0.246521 71.71137140225 0.20004614892 
0.247028 71.78373339616 0.20020774940 
0.247534 71.67451415615 0.19766741281 
0.248041 71.32000479525 0.20189079804 
0.248548 71.37484243920 0.19691843061 
0.249054 71.35269056864 0.20091243941 
0.249561 71.04437416625 0.19706678811 
0.250068 71.37019176301 0.19417695132 
0.250574 71.53389631322 0.19532551226 
0.251081 71.15212753089 0.19736587919 
0.251587 71.30807914177 0.19870689569 
0.252094 70.95088856681 0.19553502587 
0.252601 71.31903483463 0.19776261058 
0.253107 71.15708187242 0.19677786271 
0.253614 71.20314635233 0.19867173625 
0.254120 70.98507931717 0.19608567637 
0.254627 71.02230579167 0.19698350498 
0.255134 71.16368479099 0.19610820401 
0.255640 70.79038958511 0.19396499976 
0.256147 70.96272994868 0.19318526290 
0.256654 70.87403962367 0.19874411886 
0.257160 70.97372023915 0.19460984880 
0.257667 71.34936322275 0.19519178021 
0.258173 71.65827633180 0.19677426738 
0.258680 71.37741311349 0.19437653668 
0.259187 71.66573281171 0.19571268141 
0.259693 71.30619283740 0.19842054517 
0.260200 71.57785842422 0.19554226398 
0.260706 71.53952538494 0.20042226318 
0.261213 71.60215976083 0.19349574460 
0.261720 71.87775250556 0.19492898055 
0.262226 71.70818750669 0.19624397869 
0.262733 71.58090449181 0.19274312264 
0.263239 71.78947234780 0.19518593490 
0.263746 71.79327548710 0.19598715729 
0.264253 71.90464744593 0.19362046425 
0.264759 71.59819102842 0.19131701222 
0.265266 71.80620515715 0.19902655021 
0.265772 71.56802071752 0.19112457323 
0.266279 71.61670974445 0.19395578213 
0.266786 72.01008289691 0.19409795059 
0.267292 71.68583162789 0.19010067744 
0.267799 71.92217095300 0.18852528724 
0.268305 71.93541747181 0.19532555041 
0.268812 71.78446376308 0.19008889148 
0.269319 71.73259166219 0.18794063192 
0.269825 71.72458059128 0.18911582874 
0.270332 71.85729778649 0.18863772078 
0.270838 72.07828094179 0.19260364706 
0.271345 72.19014672062 0.19191370938 
0.271852 72.23498971780 0.19477855729 
0.272358 72.28416920103 0.19013734245 
0.272865 72.21811803383 0.19357925145 
0.273371 72.23116664236 0.19225904006 
0.273878 71.95853810342 0.19362332377 
0.274385 72.49138747383 0.18744163326 
0.274891 72.22219916011 0.18842787025 
0.275398 72.36416106571 0.19294681003 
0.275904 72.15447227364 0.18310397999 
0.276411 72.22314551787 0.18313879732 
0.276917 72.14032926090 0.18617791856 
0.277424 72.20865666645 0.17878690686 
0.277931 72.19104503198 0.18499121149 
0.278437 72.29954534612 0.17845256399 
0.278944 72.29753689445 0.18336213178 
0.279450 72.10602183456 0.18106240412 
0.279957 71.96561340424 0.18659964136 
0.280464 72.05127473792 0.18353875386 
0.280970 72.04016851467 0.18034577181 
0.281477 72.25108859751 0.18263640438 
0.281983 72.11411914154 0.18327797380 
0.282490 71.98767813775 0.18067452593 
0.282996 72.12631625564 0.17837616829 
0.283503 72.07701663140 0.18146678337 
0.284010 71.73817490505 0.17914407845 
0.284516 71.94230514678 0.17989449030 
0.285023 71.57612789266 0.17798793718 
0.285529 71.61243672786 0.17575394539 
0.286036 71.78583876251 0.17356223870 
0.286542 71.61626251844 0.17748089259 
0.287049 72.02359950161 0.17582146905 
0.287556 71.58266383359 0.17162171823 
0.288062 71.79246246572 0.17495298960 
0.288569 71.34924430422 0.17172661237 
0.289075 71.54743620778 0.17119421799 
0.289582 71.39222226143 0.17299446054 
0.290088 71.19004985527 0.17014140042 
0.290595 71.18303038149 0.16882037144 
0.291102 71.25717648182 0.16872575265 
0.291608 71.26094817686 0.16926511982 
0.292115 71.28790570738 0.16817721205 
0.292621 71.25223942421 0.16796921660 
0.293128 71.21182243718 0.16543848876 
0.293634 70.95466252802 0.16705465386 
0.294141 71.19009952868 0.16717566317 
0.294647 70.94641334681 0.16825648405 
0.295154 71.03441466553 0.16624843786 
0.295661 71.08301516480 0.16800610465 
0.296167 71.08334639055 0.16669632815 
0.296674 70.94075110197 0.16921717327 
0.297180 70.71668058320 0.16460604083 
0.297687 70.86087052683 0.16687522956 
0.298193 70.78407143735 0.16148730973 
0.298700 70.70286199069 0.16689204132 
0.299207 70.71734492392 0.16401383508 
0.299713 70.50879747763 0.16567753378 
0.300220 70.51860357097 0.16566486817 
0.300726 70.60085801110 0.16560927710 
0.301233 70.48294674827 0.16420828809 
0.301739 70.64144382308 0.16354212792 
0.302246 70.55416621044 0.16200769589 
0.302752 70.43340451296 0.16173026496 
0.303259 70.43794131292 0.16259270892 
0.303765 70.39922674886 0.16522287706 
0.304272 70.01985659076 0.16321694624 
0.304779 70.25675352218 0.15912120353 
0.305285 70.11727333663 0.15811681505 
0.305792 70.16896427077 0.16263233814 
0.306298 69.95653235369 0.16058464639 
0.306805 70.08687593851 0.16525852971 
0.307311 69.91374903874 0.15734893891 
0.307818 69.97515369277 0.15929434922 
0.308324 69.67418142861 0.15667532567 
0.308831 69.53833381749 0.15576798559 
0.309337 69.48954984548 0.15692006896 
0.309844 69.36896923468 0.15542505688 
0.310350 69.27271745595 0.15330640192 
0.310857 69.02841287283 0.15164909696 
0.311364 68.84087257667 0.15408981496 
0.311870 68.48698263096 0.15060526476 
0.312377 68.34590040225 0.14976455776 
0.312883 68.24967685750 0.14789973781 
0.313390 68.11508066901 0.14724846931 
0.313896 67.93935730580 0.14438482348 
0.314403 67.63329293535 0.14390556368 
0.314909 67.54545813856 0.14723900647 
0.315416 67.34538919169 0.14435673274 
0.315922 67.42577251081 0.14418338648 
0.316429 67.21236739333 0.14440505369 
0.316935 67.34690570820 0.14078111022 
0.317442 67.28812099025 0.13992145669 
0.317948 67.09266083501 0.14266321851 
0.318455 67.22844815982 0.14129145359 
0.318961 67.07311443113 0.14310374784 
0.319468 66.80821836704 0.14036138269 
0.319975 66.86626285487 0.14069682492 
0.320481 66.83899980801 0.14207935343 
0.320988 67.01704810143 0.14389525953 
0.321494 67.02403095339 0.14053833634 
0.322001 66.47038084371 0.15214945928 
0.322507 66.52996920319 0.14135662517 
0.323014 66.63698914559 0.14304362212 
0.323520 66.57676256543 0.14239402903 
0.324027 66.66575163476 0.14397597803 
0.324533 66.52979177442 0.14146426413 
0.325040 66.54793935439 0.13994581289 
0.325546 66.39217601120 0.14281496624 
0.326053 66.48037362257 0.13740660732 
0.326559 66.40323061559 0.13796814248 
0.327066 66.04297243000 0.14032196047 
0.327572 66.34686276575 0.13752236087 
0.328079 66.26137584549 0.13791196873 
0.328585 66.24362589271 0.13897757802 
0.329092 66.20735000820 0.13990751227 
0.329598 66.20963924026 0.13855021650 
0.330105 66.23260231951 0.13864735041 
0.330611 66.00597335872 0.13903213828 
0.331118 66.14663229815 0.13604901202 
0.331624 66.23758370105 0.13883431254 
0.332131 65.83911055283 0.13667437548 
0.332637 65.97143372734 0.14064061800 
0.333144 65.94206330297 0.14286005642 
0.333650 65.50660013699 0.13571345567 
0.334157 65.62985168816 0.13945689808 
0.334663 65.89114640457 0.13982555106 
0.335170 65.62410270852 0.13815555634 
0.335676 65.71325302521 0.14037930920 
0.336183 66.10893961868 0.13951122526 
0.336689 65.71239502776 0.13975636417 
0.337196 65.60116611442 0.13882752555 
0.337702 65.59514537115 0.13859361043 
0.338209 65.58986210683 0.13955016863 
0.338715 65.72903861471 0.13781400054 
0.339222 65.90548414946 0.13847873808 
0.339728 65.79874870148 0.14005761098 
0.340235 65.31637230388 0.23541414398 
0.340741 65.21372795511 0.13860760021 
0.341248 65.44316568225 0.13734364363 
0.341754 65.17537440695 0.13766901728 
0.342261 65.13223558220 0.14178294903 
0.342767 65.34073789500 0.13933952669 
0.343274 65.15824454251 0.14015474079 
0.343780 65.28964721079 0.13765030269 
0.344287 65.05596042928 0.13912915784 
0.344793 65.17600030797 0.13894107413 
0.345300 65.20285000494 0.14021274163 
0.345806 64.82046771283 0.14103825503 
0.346313 64.86555711649 0.14355389698 
0.346819 64.89395457299 0.14370479277 
0.347325 65.01325224463 0.14030191671 
0.347832 65.15101975986 0.14586525217 
0.348338 64.91653972197 0.14418189629 
0.348845 65.07189151181 0.14476611760 
0.349351 64.81116913539 0.14848267637 
0.349858 64.66044867065 0.14794121437 
0.350364 64.69521806080 0.14532765251 
0.350871 64.74860310444 0.14548607625 
0.351377 64.78330247493 0.14903660064 
0.351884 64.41993302386 0.14931963518 
0.352390 64.81755093559 0.14990178434 
0.352897 64.49299928146 0.14985346485 
0.353403 64.40928587375 0.14946376071 
0.353910 64.41985385322 0.14780813380 
0.354416 64.27078372292 0.15039490923 
0.354923 64.49685345591 0.15107073660 
0.355429 64.22253151419 0.15395222130 
0.355935 64.02756451451 0.15220900390 
0.356442 64.14446895647 0.15551097771 
0.356948 63.77219629959 0.15270557989 
0.357455 64.00202033721 0.15715997762 
0.357961 64.03481167161 0.15497633369 
0.358468 63.74912173085 0.15335677551 
0.358974 63.91143985004 0.22125620341 
0.359481 63.77204313173 0.20174794619 
0.359987 63.86866761089 0.19912903889 
0.360494 63.92089510512 0.18769598812 
0.361000 63.71163371553 0.18683085706 
0.361506 63.90406689435 0.18284814441 
0.362013 63.89158602134 0.18346999135 
0.362519 64.02827286324 0.18329732493 
0.363026 63.95748373463 0.18402857880 
0.363532 63.59543260143 0.18732022065 
0.364039 63.71015832309 0.18177267232 
0.364545 63.72072674150 0.18339280122 
0.365052 64.00358842416 0.18760549058 
0.365558 63.74623774064 0.18175565933 
0.366064 63.90441482133 0.18002706841 
0.366571 63.91349392607 0.18949398682 
0.367077 63.64984992619 0.18491399818 
0.367584 63.71334209380 0.18587519523 
0.368090 63.71796958328 0.18659632428 
0.368597 63.74994876046 0.19090502770 
0.369103 63.31076707796 0.18867317852 
0.369610 63.65101973747 0.19017468188 
0.370116 63.68763814220 0.18534334718 
0.370622 63.60358815420 0.18906034286 
0.371129 63.56217092940 0.18998772128 
0.371635 63.81699993351 0.19348158882 
0.372142 63.33604648449 0.19346221514 
0.372648 63.64062298598 0.19313913199 
0.373155 63.47257921392 0.19607676495 
0.373661 63.38954069709 0.19773079731 
0.374167 63.46196642867 0.19541175025 
0.374674 63.29681681165 0.19634978785 
0.375180 63.41589063997 0.19734086721 
0.375687 63.77498057798 0.20168068928 
0.376193 63.56892782161 0.20157472015 
0.376700 63.54833260744 0.20234712814 
0.377206 63.78321422704 0.20373083222 
0.377712 63.72723795950 0.20389098576 
0.378219 63.09242635540 0.20367917424 
0.378725 63.38500698116 0.20203104675 
0.379232 63.54856419449 0.20679807213 
0.379738 63.55775996589 0.20550552743 
0.380245 63.43091640841 0.20745132422 
0.380751 63.55021633872 0.21032399200 
0.381257 63.42188670278 0.21168140652 
0.381764 63.26488316677 0.20774620516 
0.382270 63.32074001865 0.20706114909 
0.382777 63.06741950077 0.21134958909 
0.383283 63.41587730756 0.21489880258 
0.383789 63.04059496999 0.21291181284 
0.384296 62.63667230088 0.20763585115 
0.384802 62.96941070421 0.21246176540 
0.385309 63.14740527570 0.20665622819 
0.385815 63.28945319480 0.21382402770 
0.386321 63.27774280113 0.20980266482 
0.386828 62.92419089333 0.21626635693 
0.387334 62.69112900545 0.20956764670 
0.387841 62.98950142876 0.21362708581 
0.388347 62.97843770842 0.21154071584 
0.388853 62.88323019523 0.21260538182 
0.389360 63.02013947103 0.21617389504 
0.389866 62.80705929417 0.21732832198 
0.390373 62.91175245106 0.21614721513 
0.390879 62.75048282027 0.21357705436 
0.391385 62.84552083601 0.21865481257 
0.391892 62.50292483168 0.22355652583 
0.392398 62.92605807164 0.22346860295 
0.392905 62.50271570783 0.22096175746 
0.393411 62.97212723053 0.22362394634 
0.393917 63.19409975120 0.22556717627 
0.394424 62.51999685369 0.22150464376 
0.394930 62.74101053345 0.22195121527 
0.395437 62.52839611312 0.22407098322 
0.395943 63.04000989849 0.22345012331 
0.396449 62.51672182205 0.27935064148 
0.396956 62.49578199866 0.22907511028 
0.397462 62.90266493333 0.22987414339 
0.397969 62.37053131978 0.23273862919 
0.398475 62.72797158352 0.22487136345 
0.398981 62.72631289181 0.23785648318 
0.399488 62.37763574818 0.23616344776 
0.399994 62.12889855223 0.24303656743 
0.400500 62.67694706921 0.24417653580 
0.401007 62.60753521940 0.23486755445 
0.401513 62.68547349184 0.25371074672 
0.402020 62.05665006088 0.24565532345 
0.402526 62.49915627767 0.25128017040 
0.403032 62.48458986405 0.24638302011 
0.403539 62.30885275938 0.25706065738 
0.404045 62.62999223898 0.25086403617 
0.404551 62.25661610376 0.26217665355 
0.405058 62.06952897362 0.26735931530 
0.405564 62.42963534691 0.25703382286 
0.406071 62.21876878459 0.25494729566 
0.406577 62.49375951950 0.25046796553 
0.407083 62.16826460822 0.26021916622 
0.407590 62.61247120700 0.26811846906 
0.408096 62.23502859448 0.27492279110 
0.408602 61.69688828266 0.27674059801 
0.409109 62.20365353400 0.25821841591 
0.409615 62.47000085903 0.27496535058 
0.410121 62.21575391423 0.26163764169 
0.410628 61.94895326908 0.27166756044 
0.411134 62.46402154020 0.26222736092 
0.411641 61.91547309064 0.27328684466 
0.412147 62.39428930424 0.25931759603 
0.412653 62.12118032292 0.26348331223 
0.413160 61.66010121813 0.26184005092 
0.413666 62.25294664366 0.26562855366 
0.414172 62.48956326815 0.27733127733 
0.414679 62.10040594940 0.26881606451 
0.415185 62.12607090387 0.28576649330 
0.415691 61.87375663344 0.27485990702 
0.416198 61.87319234139 0.27511650081 
0.416704 61.81033813758 0.28048613645 
0.417210 61.95554923558 0.28476466213 
0.417717 61.99941166800 0.29658884406 
0.418223 61.57279874873 0.27883911090 
0.418729 62.10968221603 0.28365350231 
0.419236 61.94237416144 0.28218265378 
0.419742 61.90807252387 0.26765813338 
0.420248 61.86734164918 0.28083501438 
0.420755 61.84586208211 0.28082998814 
0.421261 61.99828254029 0.27425871564 
0.421767 61.56220330214 0.28117260086 
0.422274 61.70932980026 0.29076568663 
0.422780 61.82365366072 0.28784313933 
0.423286 61.85242248794 0.28722460121 
0.423793 61.95191680935 0.27875055143 
0.424299 62.02654557361 0.28702743540 
0.424805 61.75685684335 0.28414621283 
0.425312 61.70796355089 0.29775036073 
0.425818 61.49858227881 0.28152588910 
0.426324 61.76546372460 0.29798250786 
0.426831 61.35243013693 0.28743150586 
0.427337 61.36649417588 0.30042485301 
0.427843 61.81009913689 0.29614682037 
0.428350 61.84562399389 0.30464795496 
0.428856 62.45863141000 0.30898532341 
0.429362 61.58626181337 0.30289167844 
0.429869 61.59953660477 0.31538772553 
0.430375 61.35913814726 0.31801687687 
0.430881 61.80795785866 0.30689117640 
0.431388 61.12024543257 0.31274905718 
0.431894 61.79156990628 0.31492079244 
0.432400 61.51581381185 0.33308341751 
0.432907 61.04011139832 0.31605810323 
0.433413 61.91591529969 0.33325820154 
0.433919 61.57032458938 0.32889466695 
0.434425 61.07785373883 0.32124777047 
0.434932 61.53520144243 0.33370410334 
0.435438 61.70445400317 0.35538163334 
0.435944 61.30709978256 0.33531849006 
0.436451 61.58915668750 0.34044499148 
0.436957 61.70663667119 0.35904346136 
0.437463 61.48606474518 0.36063866184 
0.437970 61.42798392544 0.34431704447 
0.438476 61.51698506963 0.36653584390 
0.438982 61.79911603447 0.37783959222 
0.439489 61.05571277753 0.36556552391 
0.439995 60.51565128662 0.34889822948 
0.440501 61.33701471213 0.39546435843 
0.441007 61.33305180034 0.38275148739 
0.441514 61.11779529659 0.39231629008 
0.442020 61.36732051295 0.39338703985 
0.442526 61.33903185922 0.39105948419 
0.443033 61.37385922266 0.40694788419 
0.443539 60.70535631098 0.40014442770 
0.444045 61.43661555888 0.42346757891 
0.444551 61.12057088666 0.41711999798 
0.445058 60.83274020832 0.42806755543 
0.445564 61.77360654096 0.43989430679 
0.446070 59.93919865107 0.42235073656 
0.446577 60.68003394391 0.44595898126 
0.447083 60.82165101889 0.46073238828 
0.447589 60.59904702134 0.45166487095 
0.448095 60.88315516907 0.44125089573 
0.448602 61.31205174997 0.46391620748 
0.449108 60.35847003599 0.47498952607 
0.449614 60.39693150149 0.46943752263 
0.450121 60.18834273149 0.48976335133 
0.450627 61.10185515838 0.50591232058 
0.451133 59.73613014167 0.49628768678 
0.451639 60.79075036927 0.51568160884 
0.452146 60.74338282443 0.53250882035 
0.452652 60.51396178129 0.56317958683 
0.453158 60.05059359861 0.55584939442 
0.453664 59.98495143434 0.58616871107 
0.454171 60.76271876674 0.57809589942 
0.454677 60.77663064000 0.61500211682 
0.455183 60.27197040324 0.62652025195 
0.455689 60.54957412270 0.63748746061 
0.456196 59.66174722918 0.63896160533 
0.456702 60.56037388872 0.65487569481 
0.457208 59.54718251160 0.68140116400 
0.457714 59.68362280614 0.72708146559 
0.458221 60.68732301866 0.78139520978 
0.458727 59.29390632060 0.79053751645 
0.459233 60.42372571629 0.82518034052 
0.459740 60.46171011339 0.86520020043 
0.460246 60.96702784703 0.89609862795 
0.460752 60.23863309382 0.98039608481 
0.461258 59.57392045626 0.98130593982 
0.461765 59.26853887524 1.09823747630 
0.462271 59.03114221279 1.05054722407 
0.462777 59.54035367569 1.15304306705 
0.463283 60.50866784143 1.22760776222 
0.463789 60.45492071603 1.35500738216 
0.464296 60.32721961844 1.33139594316 
0.464802 61.66391297054 1.37614220424 
0.465308 60.82156982408 1.51722407742 
0.465814 60.46505266791 1.71838719172 
0.466321 60.31891895917 1.76682249766 
0.466827 60.27092950624 1.81391681451 
0.467333 58.70680127830 1.85586808103 
0.467839 58.75177221587 2.01069018069 
0.468346 59.58397260831 2.33601045463 
0.468852 58.43802296613 2.55792045356 
0.469358 60.07636361139 2.91452431212 
0.469864 56.08886736406 2.76764883362 
0.470371 62.39918808728 4.00126064078 
0.470877 58.02187656292 4.46062112734 
0.471383 59.29986923575 5.64567579187 
0.471889 58.58462730981 7.64171573696 
0.472395 49.83375805995 5.24053765327 
0.472902 53.26086266100 12.93798977916 
