0.010896 1342.24373291384 13.49885779635 
0.011402 1207.73433239797 11.14521138055 
0.011909 1072.38419823983 11.09243428612 
0.012416 979.11528493420 7.77824548114 
0.012923 891.30098253771 7.28483232509 
0.013430 824.40540297751 11.53885706263 
0.013936 783.21219896098 9.69586780669 
0.014443 733.77451797329 7.39753445184 
0.014950 680.18337416832 6.63787583007 
0.015457 626.22355061378 5.54725467301 
0.015963 584.06401105997 5.18887369378 
0.016470 543.26611192561 4.09824281729 
0.016977 509.10493241451 4.00342588120 
0.017484 476.73054656158 3.21478138243 
0.017990 450.49963333628 3.06249676195 
0.018497 422.08916506457 2.68447432142 
0.019004 396.95934590365 2.39626862501 
0.019511 380.35152567263 2.23197344255 
0.020018 362.31900001708 2.21386817093 
0.020524 345.25030673712 1.78571823745 
0.021031 329.36464488817 1.85046587882 
0.021538 316.09483919162 1.67710430413 
0.022045 303.78589524828 1.70195868570 
0.022551 288.50111004786 1.52201782821 
0.023058 278.73711579302 1.58189512869 
0.023565 270.41315408351 1.47507665151 
0.024072 260.66743952277 1.75533629788 
0.024579 251.01344521327 1.74224321689 
0.025085 245.05567414316 2.15556505193 
0.025592 236.38070855966 2.20025052138 
0.026099 230.29327742153 2.14540159534 
0.026606 224.16527260743 1.72412807327 
0.027112 218.27213405608 1.77378943029 
0.027619 213.06884617969 1.50568679199 
0.028126 206.97333975487 1.51163219886 
0.028633 203.03772839314 1.35365265824 
0.029139 198.53243744658 1.14060542021 
0.029646 194.56186159670 1.11457189063 
0.030153 190.57669821013 1.16723247462 
0.030660 186.77970537809 1.04459098069 
0.031167 182.17665119417 0.92113239647 
0.031673 179.09453325925 0.97843942833 
0.032180 176.96146383764 0.91590992684 
0.032687 173.42203544887 0.85320298316 
0.033194 169.30060522881 0.89489076532 
0.033700 168.06367013855 0.73493450045 
0.034207 165.77974851729 0.77183681909 
0.034714 161.48185425093 0.76667116869 
0.035221 161.19520135901 0.73919494392 
0.035727 158.24841178516 0.64909720675 
0.036234 157.05365662564 0.69732203866 
0.036741 153.90658075663 0.69739442024 
0.037248 152.82939401175 0.66245409504 
0.037755 150.78415895192 0.65285083008 
0.038261 149.40219151750 0.58994811115 
0.038768 147.49692909002 0.57031064977 
0.039275 146.08849083839 0.63453401521 
0.039782 144.34294826266 0.57647796884 
0.040288 142.74878217242 0.57244573568 
0.040795 142.47047302936 0.57862687548 
0.041302 140.42342668058 0.55447604824 
0.041809 138.97286250530 0.54033223636 
0.042315 136.91373408220 0.54540417729 
0.042822 136.38580827735 0.54210530128 
0.043329 134.56261361167 0.51232738539 
0.043836 134.08522040434 0.53113812743 
0.044343 132.49161854975 0.52784705233 
0.044849 132.89753500033 0.53272997689 
0.045356 130.58572109762 0.49915651024 
0.045863 130.02502921499 0.54980448065 
0.046370 128.90302468434 0.49674999407 
0.046876 128.75932940067 0.49095665125 
0.047383 126.73562153978 0.49529911236 
0.047890 125.82681544664 0.50101509684 
0.048397 125.12471398019 0.50298055008 
0.048903 124.64615730988 0.49473509935 
0.049410 124.79574240312 0.49318734946 
0.049917 123.27937840673 0.46567767573 
0.050424 123.03993807067 0.46642923260 
0.050931 121.07912012618 0.46726380865 
0.051437 121.33802886646 0.46571862242 
0.051944 120.43106164138 0.44002281013 
0.052451 118.93340521949 0.45590999142 
0.052958 118.59273029237 0.44122662180 
0.053464 118.22577667242 0.45489309028 
0.053971 116.95463025799 0.44324327172 
0.054478 116.45349465702 0.42689630534 
0.054985 115.92076630657 0.43704755109 
0.055491 115.80358720861 0.43157259778 
0.055998 114.77248431630 0.42031421567 
0.056505 114.03282664616 0.42241205252 
0.057012 113.60034804074 0.43372740115 
0.057519 112.79327146810 0.43865398930 
0.058025 113.29826592593 0.41990299812 
0.058532 112.22949276602 0.41082032586 
0.059039 111.46937557144 0.43500952443 
0.059546 111.37238568809 0.40432074084 
0.060052 110.94299770576 0.42613700471 
0.060559 109.79611975487 0.40795648902 
0.061066 109.26711156657 0.39137341557 
0.061573 109.21436675973 0.39592512897 
0.062079 108.41005059121 0.40887974319 
0.062586 108.05281033314 0.41673420009 
0.063093 107.34084855881 0.38352674346 
0.063600 106.94932095651 0.38865018083 
0.064106 106.91315580788 0.41471082334 
0.064613 106.75405027443 0.38780672765 
0.065120 106.21585912946 0.37142902178 
0.065627 105.60536113804 0.38254458042 
0.066134 105.19643773480 0.37032104768 
0.066640 105.04519014659 0.39328880042 
0.067147 103.78419307015 0.37130227177 
0.067654 104.08778106595 0.36787131360 
0.068161 103.91654892879 0.35065874637 
0.068667 103.29785495479 0.35373436328 
0.069174 103.84069106100 0.37005268009 
0.069681 102.42862846395 0.36401653504 
0.070188 102.38808441224 0.36298160261 
0.070694 101.76453327257 0.36083710738 
0.071201 102.07865509938 0.36843474522 
0.071708 101.45960349201 0.36476644236 
0.072215 101.22268955008 0.35762216593 
0.072721 101.15151238323 0.35560433484 
0.073228 100.73186798929 0.35295626130 
0.073735 100.34419056392 0.34809239551 
0.074242 99.61010202442 0.34324897704 
0.074748 99.07738256611 0.35740485344 
0.075255 99.81379264353 0.33987697235 
0.075762 99.16978461840 0.33685940425 
0.076269 98.91099817215 0.33948808412 
0.076776 99.01756854428 0.33599031744 
0.077282 98.18466120569 0.32728378570 
0.077789 98.06631747962 0.32744425503 
0.078296 98.16129725243 0.32334605720 
0.078803 98.04833404749 0.33914079072 
0.079309 97.63068899167 0.33206103708 
0.079816 97.38268565522 0.33455558259 
0.080323 97.41344282036 0.32697907106 
0.080830 97.24666357766 0.32872527084 
0.081336 97.46107122392 0.33567650980 
0.081843 97.01728836356 0.34683516673 
0.082350 96.38319361159 0.33821431428 
0.082857 96.68536516401 0.33634017339 
0.083363 96.65408841323 0.32060150007 
0.083870 96.85163089547 0.33223538317 
0.084377 96.34476389232 0.33297490127 
0.084884 96.05337369636 0.32436397167 
0.085390 95.98973431131 0.34180556317 
0.085897 95.69068340513 0.32048488228 
0.086404 96.10021781618 0.33132678691 
0.086911 95.42989472663 0.33653874063 
0.087417 94.40631043040 0.33538917685 
0.087924 94.88450896463 0.32963821352 
0.088431 95.23386062249 0.32955429694 
0.088938 94.66079739147 0.32085979724 
0.089444 94.69419287612 0.32643915464 
0.089951 94.31672970044 0.32481938633 
0.090458 94.44214899666 0.32836715851 
0.090965 94.30259401624 0.32486377952 
0.091471 93.97267056898 0.32964132073 
0.091978 93.88085748006 0.33030886171 
0.092485 92.97730535892 0.35034540767 
0.092992 93.09335366473 0.33679468134 
0.093498 93.01912940393 0.34282297844 
0.094005 92.80087593191 0.34387638718 
0.094512 92.97693202691 0.32836938038 
0.095019 93.10606329437 0.33098829442 
0.095525 92.45516892241 0.33314543001 
0.096032 92.16386520946 0.32039589218 
0.096539 92.66503084993 0.33236056360 
0.097046 92.19546716328 0.31870862510 
0.097552 92.31454234342 0.32853083839 
0.098059 92.12331372154 0.33227800529 
0.098566 92.22270161875 0.33292180615 
0.099073 91.74665051208 0.31434634210 
0.099579 92.05802300714 0.32300897373 
0.100086 91.77805722898 0.32636341776 
0.100593 91.13600516216 0.32710669795 
0.101100 91.16782630431 0.31066834149 
0.101606 90.56264688858 0.31254376800 
0.102113 90.24999128394 0.30096904030 
0.102620 89.41864226385 0.28957564075 
0.103127 89.71293407218 0.29475024084 
0.103633 88.73422981558 0.28960406848 
0.104140 88.86775388279 0.29519149404 
0.104647 87.89623996270 0.30217228336 
0.105154 88.62677622667 0.31159542622 
0.105660 88.50129862745 0.30617061768 
0.106167 88.08644323542 0.30412601439 
0.106674 88.42176735532 0.30355097676 
0.107181 88.21575546290 0.30550372930 
0.107687 87.95914272573 0.29423050634 
0.108194 88.05534034094 0.29893519896 
0.108701 87.59646182849 0.29629597885 
0.109208 88.15287671655 0.29428210542 
0.109714 88.01651353048 0.28494834480 
0.110221 87.62188389158 0.29282860494 
0.110728 87.74309920422 0.29252288956 
0.111235 87.19884333115 0.28279611687 
0.111741 87.32781530791 0.29081642670 
0.112248 87.27498190478 0.28840786324 
0.112755 87.31717236117 0.28203864531 
0.113262 87.18513386079 0.28055459441 
0.113768 86.94404011291 0.27258764580 
0.114275 87.04309553397 0.27320883472 
0.114782 87.09103891705 0.27589048469 
0.115289 86.54101775497 0.27820013670 
0.115795 86.46192667515 0.27641915755 
0.116302 86.11383465775 0.27353020443 
0.116809 86.28995421020 0.26655432780 
0.117316 86.14110652808 0.27656803918 
0.117822 86.17224653560 0.27118274917 
0.118329 85.66028446044 0.26342059657 
0.118836 86.08497014449 0.26465967274 
0.119342 85.98836967306 0.26982143857 
0.119849 85.93627686337 0.26986566222 
0.120356 85.58811418100 0.26533484655 
0.120863 85.87312919276 0.26981567085 
0.121369 85.48265723643 0.26762145743 
0.121876 85.83484025713 0.26148140026 
0.122383 85.56535280194 0.26279009701 
0.122890 85.09221830688 0.26238690459 
0.123396 85.06069021635 0.26078868320 
0.123903 85.31317729561 0.26281116879 
0.124410 85.00831674997 0.25865254308 
0.124917 85.37196926482 0.26332028184 
0.125423 84.78926476601 0.26177738790 
0.125930 85.43972761924 0.25922089073 
0.126437 84.86391176291 0.25733206023 
0.126944 84.45716360453 0.26187027078 
0.127450 84.80367795721 0.25941987259 
0.127957 84.64836049312 0.25129314437 
0.128464 84.47226121495 0.25587817027 
0.128970 84.52206438107 0.25529057284 
0.129477 84.27317995430 0.26117190798 
0.129984 84.38176359880 0.25734457747 
0.130491 84.12482001092 0.25166214065 
0.130997 84.21117493898 0.25813465265 
0.131504 84.05205645524 0.24756002244 
0.132011 84.21060241133 0.24743620558 
0.132518 83.55522727121 0.24210796081 
0.133024 83.93475760523 0.24830759896 
0.133531 83.82799513938 0.25416945573 
0.134038 83.84244904814 0.25972101533 
0.134545 84.05400666797 0.25181393520 
0.135051 84.18088918607 0.24842732945 
0.135558 83.79113909520 0.25241567510 
0.136065 83.59504509466 0.24811836141 
0.136571 83.39305328581 0.24823079793 
0.137078 83.43683611114 0.24622941893 
0.137585 83.21900763164 0.24162286699 
0.138092 83.71612630730 0.24294836331 
0.138598 83.36181505853 0.24219252558 
0.139105 83.04803316475 0.24909379189 
0.139612 82.85373656350 0.24180959073 
0.140119 83.12919067024 0.23513974934 
0.140625 82.71050314731 0.24509508399 
0.141132 82.82066191295 0.23620641441 
0.141639 82.91998246358 0.24413577080 
0.142145 82.53182239090 0.24641791496 
0.142652 82.72743472714 0.23841021104 
0.143159 82.58522167160 0.24466323629 
0.143666 82.69743932799 0.24216679362 
0.144172 82.01354513257 0.24589465676 
0.144679 82.52910899073 0.23803852622 
0.145186 82.24532679980 0.24264774411 
0.145692 82.41574078629 0.23817439937 
0.146199 82.14003756676 0.23977613332 
0.146706 81.88737116888 0.24425163611 
0.147213 82.10861386122 0.24659904120 
0.147719 82.16231028714 0.25128974558 
0.148226 81.45662724817 0.24197207879 
0.148733 81.96200652767 0.24808977214 
0.149240 81.46800589381 0.23683297869 
0.149746 81.51830113995 0.24358936759 
0.150253 81.44746349568 0.23747221942 
0.150760 81.74656670309 0.24474636118 
0.151266 81.41079354536 0.23989020067 
0.151773 81.33162042620 0.24093929464 
0.152280 81.05269840182 0.24058385509 
0.152787 81.09271476647 0.24144249562 
0.153293 81.03069177358 0.23581721935 
0.153800 80.73502919307 0.23524928102 
0.154307 80.96298114003 0.24027225764 
0.154813 80.68587303718 0.23595222491 
0.155320 80.43824256913 0.23490483047 
0.155827 80.45487679095 0.23848089961 
0.156334 80.48653359229 0.24059102890 
0.156840 80.48067836747 0.23495343066 
0.157347 80.28558117206 0.23791470516 
0.157854 80.32960364983 0.23503766935 
0.158360 79.92939960822 0.23671934597 
0.158867 80.11152098266 0.22942882655 
0.159374 79.92606370034 0.23822653974 
0.159881 79.82298295501 0.23825173124 
0.160387 79.74283171284 0.23493242494 
0.160894 79.92794476409 0.23293700255 
0.161401 79.91487157143 0.23371596791 
0.161907 79.64421083445 0.23663965780 
0.162414 79.62507641358 0.23798020713 
0.162921 79.39181762062 0.23055308259 
0.163427 79.30910138420 0.23053213494 
0.163934 79.41323966519 0.23125256386 
0.164441 79.21562385232 0.23048308888 
0.164948 79.35311598948 0.23407409431 
0.165454 79.33459392432 0.23056633096 
0.165961 79.17473411104 0.23284226604 
0.166468 79.24075633680 0.22998254708 
0.166974 79.12206833507 0.23134199064 
0.167481 78.89310294813 0.22610432405 
0.167988 78.90589027538 0.22983568137 
0.168495 78.94176112071 0.22967025665 
0.169001 79.17256936320 0.22895809848 
0.169508 79.02313535324 0.23212823534 
0.170015 79.40382750724 0.23468703677 
0.170521 79.30571765748 0.23492404396 
0.171028 79.16236400164 0.23601430391 
0.171535 79.23832708602 0.23147999765 
0.172041 79.07740403632 0.23418079413 
0.172548 78.96856866602 0.23323546713 
0.173055 79.10197145414 0.23460750073 
0.173562 79.08001116543 0.23765682791 
0.174068 78.94182770794 0.23407093347 
0.174575 78.94421864142 0.23330635040 
0.175082 78.75780287077 0.23506207518 
0.175588 78.99546400312 0.24144971145 
0.176095 78.66558746323 0.24046114948 
0.176602 78.75809019649 0.23707632529 
0.177108 79.13134351161 0.23468497771 
0.177615 78.77560364577 0.23732397478 
0.178122 78.83116676143 0.23371232579 
0.178629 78.85971869497 0.23014906462 
0.179135 78.81123148242 0.23915247132 
0.179642 78.31073939070 0.23356819606 
0.180149 78.61183124609 0.23680985023 
0.180655 78.53665280157 0.22718625818 
0.181162 78.72444353298 0.23297359416 
0.181669 78.46211477512 0.23754143731 
0.182175 78.47173192779 0.24066134492 
0.182682 78.71206254918 0.24482775206 
0.183189 78.89298730444 0.24413159069 
0.183695 78.54146089687 0.24349382873 
0.184202 78.42380391842 0.24879539405 
0.184709 78.37356827924 0.24302796854 
0.185216 78.28326371756 0.24311440686 
0.185722 77.96900717998 0.24611380860 
0.186229 77.85379693806 0.24290999350 
0.186736 77.86782897330 0.23963250376 
0.187242 77.53009795743 0.24402576747 
0.187749 77.69647232425 0.24593831356 
0.188256 77.97737829141 0.24419951102 
0.188762 77.44627158425 0.24920703925 
0.189269 77.65048786488 0.24798280865 
0.189776 77.38843450739 0.24552788285 
0.190282 77.87775161631 0.24323640117 
0.190789 77.49252203751 0.24276839065 
0.191296 77.19987508705 0.24488914039 
0.191802 77.39208830759 0.24423238601 
0.192309 77.13045738862 0.23961319105 
0.192816 76.82541375671 0.24151666268 
0.193323 76.82648559767 0.23289461505 
0.193829 76.83776120598 0.24094932395 
0.194336 76.84699602604 0.23847287151 
0.194843 76.50362450873 0.23675345789 
0.195349 76.45799955355 0.23455499251 
0.195856 76.33196280537 0.23431594445 
0.196363 76.31654238870 0.23081494525 
0.196869 76.25377263579 0.23040786117 
0.197376 76.27312401323 0.23152066033 
0.197883 76.34983347287 0.22546929706 
0.198389 76.17492529000 0.22530282053 
0.198896 75.67389667413 0.22432963686 
0.199403 75.89174839630 0.22298341506 
0.199909 75.85401510432 0.22141196878 
0.200416 75.89318879654 0.22486852561 
0.200923 75.45026490099 0.22291182969 
0.201429 75.77122210314 0.22227834436 
0.201936 75.68157268565 0.21927236507 
0.202443 75.43386844095 0.22411307801 
0.202949 75.35295686682 0.21550196489 
0.203456 75.48617693117 0.22259476874 
0.203963 75.43947446330 0.21811454175 
0.204469 75.25232842017 0.21747942099 
0.204976 75.56787895853 0.21682371402 
0.205483 75.63979656455 0.21377711686 
0.205989 75.10656992304 0.21625103303 
0.206496 75.21493200330 0.21350306343 
0.207003 75.38168052997 0.21349754157 
0.207509 75.60697722832 0.21661161707 
0.208016 75.12031767309 0.21304005383 
0.208523 75.22493754829 0.21431968506 
0.209029 75.18862930317 0.20966683090 
0.209536 75.14528709474 0.20899694507 
0.210043 75.12250407399 0.21097158443 
0.210549 75.33041678388 0.21426893815 
0.211056 75.04868135060 0.21257430600 
0.211563 75.15441447950 0.21035290160 
0.212069 75.00168402774 0.21195052727 
0.212576 75.03670239400 0.21387786290 
0.213083 74.85499619725 0.21309795010 
0.213589 74.86171062967 0.20997696086 
0.214096 74.70291357770 0.20950247389 
0.214603 74.61888991538 0.20815917609 
0.215109 74.62222052406 0.20535087568 
0.215616 74.65678370318 0.20523110433 
0.216123 74.50828753237 0.20377966995 
0.216629 74.50011270834 0.20898428229 
0.217136 74.20202308846 0.20402582646 
0.217643 74.46914538287 0.20938562077 
0.218149 74.09712812679 0.20800363740 
0.218656 73.87767810665 0.20635459340 
0.219163 74.23410125159 0.20677274587 
0.219669 74.15365362808 0.20730897197 
0.220176 74.17442498962 0.20357978609 
0.220683 74.05843994525 0.20426075846 
0.221189 74.03369876977 0.20201108781 
0.221696 73.82683905204 0.20463195597 
0.222203 73.95742907490 0.20224256982 
0.222709 73.86871853840 0.20506480919 
0.223216 73.90469169265 0.20425546229 
0.223722 73.71974476489 0.20505149207 
0.224229 74.01431143726 0.20133349081 
0.224736 73.87373821988 0.20554559105 
0.225242 73.66616994006 0.20198392830 
0.225749 73.65126772670 0.20244742742 
0.226256 73.48868773207 0.20446777593 
0.226762 73.24550888883 0.20290313171 
0.227269 73.65057504021 0.20095312131 
0.227776 73.27909494603 0.20125675441 
0.228282 73.35096096697 0.20309218820 
0.228789 73.43737938441 0.20252714510 
0.229296 73.21492346894 0.19642878341 
0.229802 73.05046724172 0.20217706649 
0.230309 73.11852482451 0.20147179733 
0.230816 73.16235587443 0.19901308083 
0.231322 73.20201600636 0.19973223362 
0.231829 73.17818001523 0.20214235403 
0.232335 73.12376901320 0.20022270414 
0.232842 73.21378898416 0.20358970076 
0.233349 73.18061813902 0.20288857086 
0.233855 72.67664730857 0.19935087869 
0.234362 72.90572316944 0.19801627685 
0.234869 72.66537848251 0.19855143569 
0.235375 72.65087776140 0.20235979874 
0.235882 72.51183383434 0.19839878552 
0.236389 72.61101929028 0.19966607963 
0.236895 72.41024511173 0.19923840500 
0.237402 72.37582468175 0.19632452901 
0.237908 72.51295346398 0.19947006878 
0.238415 72.49584102942 0.19901544669 
0.238922 72.66415079248 0.20306455005 
0.239428 72.03510718525 0.20034069243 
0.239935 72.25662690088 0.20068840967 
0.240442 72.12234341436 0.19663759440 
0.240948 72.08619574921 0.19772405499 
0.241455 71.99732907039 0.19904193337 
0.241962 72.03158256994 0.19587129407 
0.242468 71.80766329668 0.19998738380 
0.242975 71.85957729310 0.19700871991 
0.243481 72.09081424790 0.19631834180 
0.243988 71.71208944936 0.19907918154 
0.244495 71.77627085025 0.19734537387 
0.245001 71.73136188712 0.19659785671 
0.245508 71.66933063939 0.19858449009 
0.246015 71.50938449514 0.19743714944 
0.246521 71.55890475884 0.20059469140 
0.247028 71.53950631456 0.19790335764 
0.247534 71.30005459487 0.19511920964 
0.248041 71.87224835332 0.19432799156 
0.248548 71.54697640884 0.19563059820 
0.249054 71.67099974895 0.19632016406 
0.249561 71.29289564009 0.19227241602 
0.250068 71.57811096250 0.19642547334 
0.250574 71.27744829341 0.19629112100 
0.251081 70.97947373111 0.19740237281 
0.251587 71.08899594874 0.19629382039 
0.252094 71.38941373873 0.19812604000 
0.252601 71.02192182152 0.19305173480 
0.253107 71.15197122766 0.20193725841 
0.253614 71.14345569829 0.19867568905 
0.254120 71.16702735178 0.19933733625 
0.254627 70.99341542001 0.19183655364 
0.255134 71.02901127317 0.19531693822 
0.255640 70.79952123302 0.19628613154 
0.256147 70.84951897656 0.19197941472 
0.256654 70.81657390447 0.19927046310 
0.257160 71.06610260705 0.19628025406 
0.257667 71.43235992091 0.19528387594 
0.258173 71.52431273627 0.19582465447 
0.258680 71.58815797423 0.19585603881 
0.259187 71.06483281843 0.19308324867 
0.259693 71.50808750622 0.19774235510 
0.260200 71.49544617795 0.19624116604 
0.260706 71.59101353123 0.19686159738 
0.261213 71.69224245947 0.19543913541 
0.261720 71.50962048600 0.19732942313 
0.262226 71.72271403946 0.19088269329 
0.262733 71.67976482422 0.19738411874 
0.263239 71.66041597570 0.19098352000 
0.263746 71.62903413213 0.19371331735 
0.264253 71.55690352762 0.19079312062 
0.264759 71.80580986775 0.19053674399 
0.265266 71.69203857821 0.19682109912 
0.265772 71.78425246720 0.19277984649 
0.266279 71.64383658468 0.19292957381 
0.266786 71.81821568836 0.19404109732 
0.267292 71.84375818580 0.19268483068 
0.267799 71.54654287564 0.19448069022 
0.268305 71.68588690128 0.19169300184 
0.268812 71.65004740430 0.19203760110 
0.269319 71.81508143666 0.18750062593 
0.269825 71.92460722519 0.18770648095 
0.270332 71.84510632919 0.19032294362 
0.270838 72.08882226613 0.19124320019 
0.271345 72.11680931474 0.19129655218 
0.271852 71.99023076930 0.19005774279 
0.272358 72.35229535014 0.19322390396 
0.272865 72.16922186966 0.19404602044 
0.273371 72.13114745450 0.19043079518 
0.273878 72.54543329382 0.19200095541 
0.274385 72.39032771142 0.19316285684 
0.274891 72.39213147988 0.19083157613 
0.275398 72.22227121489 0.19378250085 
0.275904 71.96792410744 0.18614296824 
0.276411 72.40680148305 0.18930888217 
0.276917 72.25668805371 0.18253258353 
0.277424 72.40045406086 0.18246051543 
0.277931 72.24320659143 0.18540418920 
0.278437 72.52342553252 0.18377541546 
0.278944 72.13976159139 0.18546503285 
0.279450 72.55350559812 0.18504053881 
0.279957 72.09219474299 0.18437529981 
0.280464 72.19526019191 0.17933860804 
0.280970 72.40044628522 0.18253898892 
0.281477 72.22588658310 0.18263813041 
0.281983 72.41490905431 0.18005461823 
0.282490 72.10742056348 0.18216187158 
0.282996 72.15903593950 0.18064209189 
0.283503 72.21094278699 0.17828099394 
0.284010 71.94100950069 0.18138473415 
0.284516 71.98032914887 0.17933972781 
0.285023 71.69541203330 0.17559451426 
0.285529 71.90469385350 0.17389829974 
0.286036 71.64251817814 0.17590648270 
0.286542 71.58411339601 0.17181711387 
0.287049 71.63501850906 0.17356350280 
0.287556 71.51690327484 0.17640670905 
0.288062 71.52923006552 0.17000408072 
0.288569 71.74782567038 0.17219698663 
0.289075 71.47393894660 0.16882881628 
0.289582 71.56345758609 0.16860016552 
0.290088 71.25614724901 0.17076265441 
0.290595 71.33376175844 0.16821037807 
0.291102 71.30525531039 0.16632801978 
0.291608 71.34320367351 0.16864334968 
0.292115 71.22712006786 0.16950205478 
0.292621 71.46560799879 0.17062734289 
0.293128 71.10845253734 0.16613378180 
0.293634 70.94857553974 0.16585863397 
0.294141 71.03376194258 0.16733804483 
0.294647 71.20250451640 0.16839575688 
0.295154 71.26239954318 0.16812543268 
0.295661 71.03938487381 0.16417352533 
0.296167 70.87793016204 0.16625499783 
0.296674 70.89098835674 0.16624120636 
0.297180 70.80971267432 0.16687311496 
0.297687 71.01000610265 0.16378272799 
0.298193 70.65366851444 0.16435806856 
0.298700 70.87841694736 0.16461117517 
0.299207 70.72710854717 0.16405408248 
0.299713 70.85039190932 0.16747359723 
0.300220 70.44019096526 0.16233657769 
0.300726 70.66492836184 0.16295049473 
0.301233 70.74782986995 0.16392439563 
0.301739 70.83485433482 0.16574643147 
0.302246 70.53501274319 0.16305690507 
0.302752 70.11328359296 0.15840194192 
0.303259 70.30780962455 0.16359077964 
0.303765 70.19263266788 0.16111059966 
0.304272 70.20679876966 0.15854558135 
0.304779 70.07694158704 0.16019846065 
0.305285 70.21325363074 0.16205795871 
0.305792 70.22841209911 0.15973385318 
0.306298 70.13477509851 0.15682317424 
0.306805 69.92148083148 0.16479990811 
0.307311 69.85909764448 0.15968531100 
0.307818 69.87868892698 0.15619173748 
0.308324 69.82215195846 0.15620396366 
0.308831 69.59547458430 0.15536554937 
0.309337 69.55966159894 0.15393434057 
0.309844 69.03883706858 0.15562639308 
0.310350 69.30767274698 0.15386645958 
0.310857 69.04830722478 0.15162944649 
0.311364 68.40327765350 0.15090179985 
0.311870 68.81858916273 0.14922927915 
0.312377 68.39519972150 0.14978677663 
0.312883 68.20633627054 0.14844369516 
0.313390 67.99775293129 0.14531314047 
0.313896 67.84714520481 0.14926228386 
0.314403 67.83448348411 0.14702611485 
0.314909 67.58631124459 0.14416484307 
0.315416 67.68137738113 0.14317447429 
0.315922 67.39811243111 0.14499695089 
0.316429 67.41550655029 0.14160623564 
0.316935 67.37027626943 0.14156545677 
0.317442 67.10706820808 0.14327388740 
0.317948 67.05630177247 0.14178911541 
0.318455 67.10312994748 0.14292765777 
0.318961 66.93017685485 0.14181299585 
0.319468 67.06804249318 0.14254681369 
0.319975 66.94922577408 0.14473728557 
0.320481 66.70047807939 0.14091336794 
0.320988 66.55676632782 0.14289147247 
0.321494 66.61783219923 0.13934028575 
0.322001 66.57581389406 0.15918960096 
0.322507 66.72182514989 0.14017383267 
0.323014 66.67807527158 0.14520451252 
0.323520 66.66981217186 0.14302092502 
0.324027 66.57071767178 0.14037072284 
0.324533 66.62079091587 0.14204166155 
0.325040 66.43040621522 0.14238153352 
0.325546 66.51950560141 0.14047281373 
0.326053 66.31758453016 0.14075668685 
0.326559 66.32950820811 0.13658421379 
0.327066 66.26211314172 0.13913347313 
0.327572 66.35270961999 0.14030486696 
0.328079 66.23027118418 0.13895490962 
0.328585 66.41756839134 0.13812646717 
0.329092 66.22717764831 0.13784278101 
0.329598 66.18423813761 0.13697689965 
0.330105 66.10514549340 0.13965895588 
0.330611 66.14695089003 0.13872917074 
0.331118 66.22633527416 0.13744250525 
0.331624 66.13342944854 0.13999297162 
0.332131 66.04680320760 0.13931272707 
0.332637 66.27833342359 0.13798891556 
0.333144 65.73691772388 0.14100012530 
0.333650 65.66548291295 0.13783150705 
0.334157 65.80001720399 0.13722236374 
0.334663 65.83092204608 0.13798716370 
0.335170 65.94284252343 0.14176807171 
0.335676 65.50956229502 0.13854258750 
0.336183 65.55857361002 0.13958403679 
0.336689 65.81073935826 0.13869451921 
0.337196 65.75843947505 0.14116965069 
0.337702 65.73060816056 0.13810607497 
0.338209 65.54348541685 0.13860489090 
0.338715 65.36196788587 0.13924076579 
0.339222 65.76556703971 0.14138655240 
0.339728 65.49512374252 0.14198775421 
0.340235 65.32197336566 0.20289766363 
0.340741 65.33922953028 0.13498297641 
0.341248 65.28035487189 0.13812315391 
0.341754 65.15199216477 0.14019156007 
0.342261 65.50539564575 0.14046988098 
0.342767 65.22627730619 0.13586617809 
0.343274 65.24221626314 0.13979680416 
0.343780 65.14339177770 0.14065192004 
0.344287 65.34870186166 0.13902571442 
0.344793 65.03428374641 0.13851969164 
0.345300 65.36606951495 0.14276777969 
0.345806 65.13989144087 0.14167813751 
0.346313 65.12456779940 0.14040713055 
0.346819 65.21805493539 0.14294538538 
0.347325 64.99530752700 0.14590966664 
0.347832 65.07032601608 0.14525549771 
0.348338 64.89324822374 0.14711222654 
0.348845 64.89456492895 0.14653933223 
0.349351 64.78474446690 0.14530663542 
0.349858 64.60062847275 0.14836735933 
0.350364 64.72758330906 0.14558531990 
0.350871 64.55270230995 0.14468965553 
0.351377 64.76213753576 0.14715781283 
0.351884 64.48652669591 0.14667899781 
0.352390 64.70823187624 0.14446396517 
0.352897 64.66795102922 0.14971783220 
0.353403 64.54394381830 0.14752822705 
0.353910 64.39934576961 0.14731123989 
0.354416 64.33972759875 0.15467281607 
0.354923 64.45012248812 0.14982277192 
0.355429 64.18947028346 0.15747145938 
0.355935 64.12615468366 0.15091000129 
0.356442 64.01288762524 0.15083169692 
0.356948 63.91704322846 0.15417366261 
0.357455 64.17130974311 0.15716129134 
0.357961 64.06568597697 0.15904322667 
0.358468 64.22215934860 0.15909590932 
0.358974 63.62554949836 0.21909292518 
0.359481 64.00090981556 0.20374475420 
0.359987 63.93877025917 0.19929207244 
0.360494 63.97863529207 0.18927639954 
0.361000 63.88121371188 0.18523887191 
0.361506 63.87439521704 0.18194257061 
0.362013 63.70128739973 0.18655236035 
0.362519 63.68536418613 0.18771745247 
0.363026 63.74161811797 0.18277493878 
0.363532 63.86472211743 0.18802825063 
0.364039 63.87095648163 0.17854467445 
0.364545 63.65719730730 0.18215952450 
0.365052 63.95672658119 0.18751270983 
0.365558 63.87386166883 0.18357095621 
0.366064 63.90945932698 0.18239877806 
0.366571 64.08209619922 0.18531421942 
0.367077 63.54310480887 0.18351920106 
0.367584 63.73749686652 0.18664045833 
0.368090 64.01357719934 0.18473159463 
0.368597 63.46998730964 0.19049756392 
0.369103 63.83786375004 0.18879863524 
0.369610 63.85119367344 0.18891127441 
0.370116 63.81078839742 0.18964308443 
0.370622 63.69116719245 0.18821662050 
0.371129 63.70892052919 0.19822896674 
0.371635 63.87033893948 0.19503971287 
0.372142 63.34632868646 0.18913430804 
0.372648 63.59018858729 0.19441551366 
0.373155 63.62813760703 0.19915019068 
0.373661 63.58218488773 0.19684953565 
0.374167 63.13953877246 0.19634857206 
0.374674 63.47436073217 0.19837933938 
0.375180 63.72369576681 0.19271596348 
0.375687 63.63258245569 0.20226171174 
0.376193 63.58586177673 0.20297412843 
0.376700 63.73663454355 0.20038124270 
0.377206 63.57552202411 0.19903136010 
0.377712 63.44852864958 0.20118679192 
0.378219 63.47655217014 0.20409609855 
0.378725 63.57525207922 0.20385419067 
0.379232 62.60650381233 0.20570496844 
0.379738 63.26343843763 0.20874200948 
0.380245 63.44576493803 0.21145514951 
0.380751 63.34311772736 0.20790235321 
0.381257 63.58688466510 0.20522162515 
0.381764 63.47902875188 0.20833178742 
0.382270 63.21070471080 0.20802427779 
0.382777 62.97030893917 0.21406764876 
0.383283 63.29560378777 0.20966560662 
0.383789 62.75488117357 0.20530264354 
0.384296 63.43703001039 0.20762564050 
0.384802 63.22402409743 0.21327661820 
0.385309 63.17579078885 0.20948019180 
0.385815 63.23582168932 0.20938816952 
0.386321 63.02788244656 0.21286438455 
0.386828 63.25723325660 0.21667442816 
0.387334 62.52654749940 0.21079167005 
0.387841 62.99219577742 0.21300114424 
0.388347 62.80062808775 0.21513800413 
0.388853 63.30570174558 0.20878386157 
0.389360 62.87089616668 0.21616597071 
0.389866 62.61162708078 0.21614372528 
0.390373 62.57239745566 0.21613803090 
0.390879 62.87269424467 0.21756274235 
0.391385 62.57954698121 0.22327132646 
0.391892 62.79428745624 0.21826482354 
0.392398 63.07660589403 0.21751824388 
0.392905 62.83750139089 0.21655991875 
0.393411 63.08715718549 0.22192633420 
0.393917 62.74314158525 0.22002505842 
0.394424 62.30365506514 0.22363161203 
0.394930 62.77143830074 0.22587996197 
0.395437 63.04616406224 0.22798058748 
0.395943 62.87509213347 0.22559152659 
0.396449 62.79281211932 0.36463809452 
0.396956 62.81577917440 0.22727519924 
0.397462 62.82998869980 0.23191157046 
0.397969 62.70966585379 0.23123594889 
0.398475 62.63124795038 0.23220907513 
0.398981 62.75473922869 0.23800010121 
0.399488 62.45082963449 0.23243763902 
0.399994 62.91877403990 0.24091340282 
0.400500 62.14158223424 0.24259084195 
0.401007 63.09229293230 0.24264731427 
0.401513 62.36760316598 0.23932686404 
0.402020 62.41371942930 0.24074536763 
0.402526 62.39655997314 0.25389786886 
0.403032 62.55274163375 0.25281591306 
0.403539 62.28589418636 0.25215155210 
0.404045 62.27959179563 0.24993331661 
0.404551 61.97640570563 0.26914945848 
0.405058 62.20820220240 0.26526645667 
0.405564 62.45717147411 0.25681557861 
0.406071 62.54743513520 0.25468425962 
0.406577 62.41308431318 0.25156246177 
0.407083 62.28838003319 0.25790015137 
0.407590 62.68540861167 0.26712173096 
0.408096 62.45416008185 0.27600828624 
0.408602 62.13721374309 0.26745234203 
0.409109 62.07809083367 0.26339174416 
0.409615 62.44923391478 0.27275973018 
0.410121 62.13067490363 0.26068454834 
0.410628 61.64671804298 0.26049625889 
0.411134 62.11360112383 0.26332941474 
0.411641 62.00837017205 0.27477300900 
0.412147 61.93840331240 0.26096495265 
0.412653 62.08577652825 0.26422496048 
0.413160 62.24479765320 0.26158379231 
0.413666 62.16363540492 0.26712682648 
0.414172 62.38574222314 0.28308571061 
0.414679 62.27753423434 0.26829653642 
0.415185 62.16687607158 0.29850790266 
0.415691 62.02193397243 0.27269748353 
0.416198 61.88723479911 0.27542633378 
0.416704 61.88397546809 0.28470041672 
0.417210 61.93535600837 0.28302187029 
0.417717 61.68719651122 0.28563430288 
0.418223 61.94663687358 0.27949523711 
0.418729 61.80725811036 0.27427288117 
0.419236 62.15442087010 0.27809906642 
0.419742 62.23495625088 0.27131777151 
0.420248 61.94271770522 0.27930841486 
0.420755 62.01209452865 0.27762728595 
0.421261 62.17563919064 0.27805499097 
0.421767 61.89873070865 0.28393334443 
0.422274 61.75475393585 0.28217539740 
0.422780 61.82989116721 0.27623672425 
0.423286 61.39356699152 0.28569740192 
0.423793 61.54652962693 0.27800500443 
0.424299 61.60409250607 0.29237502633 
0.424805 61.65510545940 0.29291304318 
0.425312 61.94012887667 0.30292473335 
0.425818 61.85158283528 0.28265300099 
0.426324 61.71656916299 0.29470811469 
0.426831 61.53161973286 0.29532642195 
0.427337 61.73614575951 0.30209849520 
0.427843 61.55929511130 0.29656800771 
0.428350 61.48584258608 0.29254766884 
0.428856 61.36088252332 0.29700312246 
0.429362 61.32121157169 0.30544120110 
0.429869 61.69724212584 0.30365850331 
0.430375 61.72666142718 0.30623001062 
0.430881 61.48127396909 0.31243926068 
0.431388 61.83931929303 0.31548527769 
0.431894 61.45938162890 0.31504515652 
0.432400 61.43512776762 0.32138977827 
0.432907 61.05357334524 0.32893000368 
0.433413 61.40415768284 0.34058649924 
0.433919 61.57825865180 0.34113898587 
0.434425 61.69566452328 0.31798335432 
0.434932 61.94842091059 0.34554585064 
0.435438 61.67430507579 0.35982277528 
0.435944 61.85861186699 0.34495539182 
0.436451 61.64891890232 0.34787437201 
0.436957 61.62984230782 0.37095708618 
0.437463 61.59617300840 0.36112578481 
0.437970 60.80168961980 0.34706767233 
0.438476 61.27822619733 0.35685389872 
0.438982 61.67554132386 0.36812794873 
0.439489 61.36413650897 0.38475801766 
0.439995 61.27599546767 0.37485134705 
0.440501 61.63521167816 0.37306058347 
0.441007 61.15931384749 0.37519034386 
0.441514 61.60890081566 0.38624380039 
0.442020 61.72000878941 0.39099803792 
0.442526 61.31351293490 0.38691376366 
0.443033 61.50540868535 0.38852075333 
0.443539 60.64174875243 0.41177449041 
0.444045 61.39538959310 0.41790516909 
0.444551 61.02049157998 0.42988042181 
0.445058 61.39593767267 0.41978532970 
0.445564 60.92638251745 0.42713141450 
0.446070 60.68506318457 0.43326653537 
0.446577 61.05944434522 0.43119798503 
0.447083 61.09360710759 0.47667573953 
0.447589 60.74925673848 0.44551266119 
0.448095 60.69244394851 0.46381094351 
0.448602 60.97132836816 0.46935840053 
0.449108 60.69190009137 0.46518870734 
0.449614 61.29457035083 0.49670061530 
0.450121 60.94407502253 0.48568080217 
0.450627 61.35870219612 0.50147160152 
0.451133 60.08115320137 0.49644616569 
0.451639 59.82692331078 0.51766514606 
0.452146 60.49976056380 0.53497087290 
0.452652 59.80605094893 0.55826571439 
0.453158 59.68302247822 0.55896316276 
0.453664 60.51180005402 0.56989426361 
0.454171 59.80470105263 0.59053724827 
0.454677 60.41158969596 0.62668041185 
0.455183 60.17637842581 0.63157011969 
0.455689 59.94193013025 0.63425246144 
0.456196 59.84981346793 0.64542264353 
0.456702 61.55926737254 0.64950653269 
0.457208 60.71953071792 0.68016827176 
0.457714 59.73308414899 0.71444430407 
0.458221 60.15358810052 0.71427683277 
0.458727 61.02261007680 0.78352323752 
0.459233 59.20616772464 0.83438790117 
0.459740 60.21256981056 0.85538138655 
0.460246 60.14817543506 0.87058287366 
0.460752 59.89469098589 0.95885961970 
0.461258 59.49581437927 0.96500904591 
0.461765 59.66631821021 1.07831607017 
0.462271 60.24860663905 1.05950487953 
0.462777 61.29468642525 1.24068213933 
0.463283 60.60318112028 1.29199384856 
0.463789 59.90973530321 1.32674032871 
0.464296 59.92762167973 1.36037441618 
0.464802 60.19833819985 1.36830933101 
0.465308 60.19539384017 1.51163623004 
0.465814 60.82531707629 1.63773831989 
0.466321 57.53681509221 1.66613611485 
0.466827 59.83194289813 1.87141802105 
0.467333 58.28707082712 1.92042447833 
0.467839 60.01424757797 2.03539322747 
0.468346 59.52459048839 2.36123860458 
0.468852 58.57813549143 2.54004729815 
0.469358 60.28758889341 2.91965182185 
0.469864 59.09294065816 2.87908599604 
0.470371 59.93610341648 3.89725605286 
0.470877 58.06978085732 4.39324350405 
0.471383 55.55413365852 5.29111051831 
0.471889 58.44478153536 7.42075448751 
0.472395 60.27922049245 6.30180261067 
0.472902 50.33721388845 12.24518212113 
