0.010896 1337.59743991892 14.31804017319 
0.011402 1202.20077319479 12.56719131650 
0.011909 1070.83601563283 10.49469852753 
0.012416 980.74307989207 9.03638864339 
0.012923 881.49898511586 9.17058207642 
0.013430 821.45381499028 11.38953058070 
0.013936 781.05284850199 9.14250606056 
0.014443 735.46753776087 7.82001830839 
0.014950 679.40854503676 6.26687955052 
0.015457 622.05913024662 5.54688932491 
0.015963 578.70362102446 4.82230949279 
0.016470 541.32743126772 4.17039733854 
0.016977 510.13426457855 3.91788399639 
0.017484 474.05387918099 3.24833923866 
0.017990 447.54699295067 2.92738465814 
0.018497 423.27223697860 2.75037980692 
0.019004 400.76090141430 2.33862966213 
0.019511 379.64546157237 2.38161100702 
0.020018 358.98140086089 2.19415271390 
0.020524 342.93267423407 1.93963417932 
0.021031 328.72336428174 1.98291419068 
0.021538 313.09319652793 1.61839932692 
0.022045 301.77159801925 1.66841637900 
0.022551 289.68607054212 1.50161136216 
0.023058 279.81780293890 1.49197679568 
0.023565 269.04233046909 1.52109886613 
0.024072 257.37077505774 1.70560199368 
0.024579 251.15569347994 1.65197995382 
0.025085 243.82270341929 2.09602156375 
0.025592 236.73963460808 2.14850377126 
0.026099 229.65951826024 2.13078398667 
0.026606 223.08850994922 1.69627065715 
0.027112 217.02132399838 1.75019203855 
0.027619 212.42031383588 1.58307642218 
0.028126 205.21190254878 1.48759600121 
0.028633 202.35162954821 1.35636203006 
0.029139 198.02241501119 1.15133698493 
0.029646 193.44092174391 1.14067136718 
0.030153 189.18390222740 1.19470227444 
0.030660 186.21396705879 1.05295330660 
0.031167 182.32428091650 0.97682010101 
0.031673 179.64554905787 0.91744355766 
0.032180 175.31615013943 0.91082522358 
0.032687 172.48702409091 0.89016548590 
0.033194 170.41978255439 0.86108414935 
0.033700 167.79312537389 0.76791757647 
0.034207 166.48716859824 0.75470048210 
0.034714 162.56202147527 0.71778210554 
0.035221 161.03691805973 0.72647826141 
0.035727 157.75009218800 0.65323075454 
0.036234 156.31767798314 0.68243369855 
0.036741 154.07058910397 0.67782975541 
0.037248 151.65256394477 0.67717484815 
0.037755 151.12856482268 0.62254541309 
0.038261 149.00750302844 0.59432652510 
0.038768 147.03641453265 0.55846867177 
0.039275 145.68171306106 0.58086177003 
0.039782 144.59963239226 0.59297465438 
0.040288 142.82272527129 0.53937147685 
0.040795 141.26246034349 0.56625424070 
0.041302 140.08799941250 0.55110194451 
0.041809 138.83363128786 0.52125391950 
0.042315 137.30028330224 0.53755922942 
0.042822 136.16305822424 0.55290712656 
0.043329 135.46439740846 0.51926757059 
0.043836 134.12589184870 0.54227878101 
0.044343 133.11172889759 0.51079594052 
0.044849 132.39691049771 0.51489377409 
0.045356 132.27658342100 0.50430278185 
0.045863 129.73798460567 0.52171266110 
0.046370 128.96217437808 0.48076443347 
0.046876 128.28890667339 0.47086144299 
0.047383 127.53607133228 0.48615492225 
0.047890 126.37654008902 0.49646080277 
0.048397 125.60341025095 0.49562247229 
0.048903 125.06694651722 0.47909896608 
0.049410 123.86121676068 0.48114674276 
0.049917 123.90377039229 0.47926917000 
0.050424 122.13402726114 0.46412889842 
0.050931 121.74108635315 0.46739520778 
0.051437 121.11986659828 0.47722354280 
0.051944 120.88278143844 0.44785807969 
0.052451 119.27825293404 0.48417193519 
0.052958 118.26620522618 0.43766022615 
0.053464 117.65771145202 0.43546338635 
0.053971 117.19007332832 0.42494740624 
0.054478 116.49920049077 0.44343081971 
0.054985 116.06194152317 0.42372892392 
0.055491 115.27210008354 0.43602788227 
0.055998 114.86180236676 0.42852224907 
0.056505 114.48834485472 0.44669998955 
0.057012 113.77721600954 0.43240251933 
0.057519 113.19620461394 0.44768553767 
0.058025 112.57060887004 0.41310949822 
0.058532 111.72365803580 0.39293514299 
0.059039 111.32401820788 0.41682376179 
0.059546 111.59445023407 0.41696173422 
0.060052 109.96138905337 0.42418597599 
0.060559 109.99282400042 0.40690883951 
0.061066 109.36628510015 0.41078005374 
0.061573 109.24043985244 0.39081615472 
0.062079 108.44536389552 0.39334444491 
0.062586 108.28207044228 0.41208702944 
0.063093 107.65026321664 0.38881992065 
0.063600 107.22962643773 0.37543305542 
0.064106 107.14655252764 0.39086635931 
0.064613 105.75570550646 0.39061711784 
0.065120 105.70942598238 0.38511892299 
0.065627 105.53159613755 0.38478472748 
0.066134 105.98397981486 0.37449267812 
0.066640 103.99217715658 0.38651548418 
0.067147 104.78740043083 0.37648213882 
0.067654 104.60597698458 0.36891142402 
0.068161 103.46396731590 0.37123643420 
0.068667 103.65004930210 0.37796279431 
0.069174 102.89706422587 0.37798237280 
0.069681 103.40041955397 0.36852270630 
0.070188 102.50660361094 0.35644781277 
0.070694 101.89720712359 0.36445117438 
0.071201 102.06929460606 0.34387589899 
0.071708 101.15165133902 0.36753191430 
0.072215 101.11889523236 0.34224327681 
0.072721 100.77404745541 0.35022218827 
0.073228 100.55612816889 0.34040892905 
0.073735 100.55945829985 0.34593947552 
0.074242 100.17772326361 0.35937689463 
0.074748 99.89582227086 0.34718121110 
0.075255 98.71441208814 0.34158727409 
0.075762 98.92159869930 0.34468367206 
0.076269 99.09261274572 0.32149927761 
0.076776 98.15856162711 0.33165266944 
0.077282 98.31724286948 0.32935392073 
0.077789 97.97184643755 0.33629959702 
0.078296 97.74461373208 0.32796174869 
0.078803 97.77837973250 0.32735921885 
0.079309 97.92177305718 0.31970336393 
0.079816 97.53013544014 0.34097877203 
0.080323 97.04869348465 0.33146570196 
0.080830 97.68842347868 0.33007239460 
0.081336 97.63772171338 0.34062395705 
0.081843 97.32355171078 0.33115250516 
0.082350 97.13004490905 0.33294662227 
0.082857 96.72537308207 0.33372560440 
0.083363 96.56376796237 0.33128746670 
0.083870 96.22745682049 0.34054089707 
0.084377 95.75957431415 0.33044214960 
0.084884 95.77303406702 0.33357384373 
0.085390 95.91189795654 0.33433639589 
0.085897 95.05975313175 0.33872790330 
0.086404 95.30878420118 0.33410663756 
0.086911 95.06039770999 0.32647649815 
0.087417 94.91857971419 0.34120176340 
0.087924 95.46385357594 0.32070401822 
0.088431 94.31044457590 0.32495380736 
0.088938 94.48361268302 0.32935810804 
0.089444 94.41463249438 0.32267999605 
0.089951 94.33688953227 0.32359299759 
0.090458 94.48935888792 0.34292499129 
0.090965 93.87455724961 0.33428372468 
0.091471 93.96472635416 0.32700012854 
0.091978 93.46737152920 0.32845017157 
0.092485 92.79307990713 0.35113771051 
0.092992 92.97968409144 0.32747566172 
0.093498 93.45770613475 0.32990092472 
0.094005 93.04996086235 0.33403174549 
0.094512 92.41641129735 0.32960630464 
0.095019 93.20755615988 0.33691896760 
0.095525 92.63790120238 0.33612828041 
0.096032 92.40104429856 0.32281177819 
0.096539 92.24275152747 0.32904389048 
0.097046 92.27920007205 0.32588383376 
0.097552 92.18480718223 0.32451411217 
0.098059 92.23407817143 0.32808172914 
0.098566 91.79637966892 0.32819154855 
0.099073 92.05500113158 0.32193488169 
0.099579 91.89371553360 0.32203032248 
0.100086 91.49956287532 0.32306450988 
0.100593 91.31657104529 0.32097538472 
0.101100 90.98018175033 0.31815803847 
0.101606 90.63843589870 0.30768157211 
0.102113 90.63979913032 0.29818909226 
0.102620 89.59485194094 0.30299580750 
0.103127 89.45364988403 0.30234757550 
0.103633 89.38468619699 0.30067855098 
0.104140 88.35398669423 0.29541343850 
0.104647 89.06102083967 0.30377866186 
0.105154 88.55373110462 0.30563664622 
0.105660 88.38042578025 0.30492358852 
0.106167 88.27287373081 0.29817730338 
0.106674 88.28489064739 0.30445173520 
0.107181 88.05916269880 0.29891103970 
0.107687 88.31104149732 0.30058247224 
0.108194 88.05741247001 0.30606520639 
0.108701 87.95962470613 0.28871287646 
0.109208 87.73527456946 0.28981558785 
0.109714 88.01419030911 0.29198143220 
0.110221 87.67175626900 0.29797781072 
0.110728 87.40886266061 0.28745089175 
0.111235 87.29317448134 0.28403783283 
0.111741 86.85311178333 0.27908000569 
0.112248 87.06557456792 0.28253136212 
0.112755 86.99110593295 0.28926553444 
0.113262 86.67082862044 0.28332045891 
0.113768 86.79607745200 0.28534833050 
0.114275 86.74605677157 0.28048078958 
0.114782 86.43330760961 0.27192453591 
0.115289 86.28802842817 0.27334094611 
0.115795 86.99218221901 0.28408007644 
0.116302 86.47252198547 0.27255426154 
0.116809 86.38444881617 0.26791199881 
0.117316 86.25545832012 0.26422723858 
0.117822 86.61337420957 0.28163213826 
0.118329 85.67991108822 0.27906342558 
0.118836 85.93688933982 0.26954692484 
0.119342 85.94479254985 0.27472694703 
0.119849 86.25088856221 0.27484262351 
0.120356 85.81707196089 0.26771896316 
0.120863 85.89523220845 0.26587506974 
0.121369 85.57912632483 0.25927847060 
0.121876 85.84472221946 0.26921768955 
0.122383 85.11133141560 0.26740397111 
0.122890 85.34614523363 0.26164767445 
0.123396 85.30946143120 0.26537261230 
0.123903 84.97158321792 0.25770849527 
0.124410 85.69141531542 0.26863193656 
0.124917 85.21511673723 0.26225509482 
0.125423 85.07234356012 0.25794036180 
0.125930 84.90075932908 0.26121922296 
0.126437 84.68198735348 0.25173600989 
0.126944 84.44395191600 0.25703304047 
0.127450 84.50692842599 0.25905275029 
0.127957 84.71235450022 0.26162933992 
0.128464 84.46024670984 0.25574350883 
0.128970 84.75432287307 0.25701583437 
0.129477 84.45424898885 0.25120866593 
0.129984 84.83378652660 0.25485718121 
0.130491 84.28824050987 0.24918746099 
0.130997 84.01594504782 0.25049077629 
0.131504 84.21800622831 0.24869522712 
0.132011 84.25931117399 0.25443771571 
0.132518 84.14199477079 0.24683561311 
0.133024 83.89004328176 0.24892191483 
0.133531 84.00771056492 0.24609923288 
0.134038 83.90506818377 0.24663887050 
0.134545 83.86154406423 0.24246051684 
0.135051 83.48416788790 0.24577472553 
0.135558 83.58947683170 0.24598363639 
0.136065 83.93519678796 0.24612070704 
0.136571 83.41005412013 0.24457127303 
0.137078 83.69946514690 0.24627521685 
0.137585 83.30891606445 0.24288647766 
0.138092 83.22604654549 0.23932674471 
0.138598 83.07028847588 0.24974867338 
0.139105 82.93687109219 0.24240771082 
0.139612 82.93789211121 0.24194638274 
0.140119 82.84886805352 0.24090473340 
0.140625 82.59082565288 0.23500669485 
0.141132 82.87928981444 0.24596053940 
0.141639 82.58137170873 0.24040481491 
0.142145 82.72468911397 0.23741777463 
0.142652 82.73849104145 0.23937357500 
0.143159 82.36602554058 0.23963399174 
0.143666 82.35826931373 0.24478325099 
0.144172 82.30994932513 0.24557707517 
0.144679 82.07852546967 0.24320578424 
0.145186 82.34575914115 0.24866823844 
0.145692 81.88106682905 0.24469013454 
0.146199 81.88678553310 0.24304578891 
0.146706 81.66154234358 0.24235105971 
0.147213 81.69488163208 0.24313001423 
0.147719 81.82844419468 0.24065642888 
0.148226 81.81623103132 0.23909954060 
0.148733 81.77547879159 0.24228788743 
0.149240 81.34734388241 0.23937314787 
0.149746 81.39978171093 0.24088286179 
0.150253 81.45958001282 0.24346034475 
0.150760 81.66018877580 0.23690961032 
0.151266 81.22726419182 0.23717292756 
0.151773 81.11039660558 0.23884875085 
0.152280 80.87923255619 0.24358669399 
0.152787 80.75316404040 0.24531775916 
0.153293 80.81868369907 0.24223419674 
0.153800 80.50922078655 0.24185951872 
0.154307 80.90952053348 0.23453470495 
0.154813 80.64814986200 0.24258819497 
0.155320 80.65854794579 0.23798280814 
0.155827 80.48427949929 0.23480359812 
0.156334 80.45923673600 0.24000474677 
0.156840 80.37238919016 0.23848090357 
0.157347 80.20400066112 0.24465918484 
0.157854 80.30764776467 0.22997341797 
0.158360 80.29886365678 0.23504603470 
0.158867 79.97799115570 0.23442776136 
0.159374 79.78590642464 0.24036544951 
0.159881 80.09979514507 0.23141094411 
0.160387 80.15947541796 0.23987067602 
0.160894 80.12596428227 0.23537003186 
0.161401 79.98486915367 0.23501220046 
0.161907 79.70247473944 0.23673818601 
0.162414 79.57180018217 0.23875752979 
0.162921 79.44115559599 0.23467210919 
0.163427 79.70248873728 0.23683045910 
0.163934 79.58635287601 0.23399465614 
0.164441 79.41048375984 0.23119056391 
0.164948 78.90317612442 0.23422528833 
0.165454 79.15844917394 0.23017882776 
0.165961 79.17180809551 0.22509617643 
0.166468 79.20935477369 0.23013158247 
0.166974 79.12894238983 0.23211510131 
0.167481 79.14478399970 0.23108470289 
0.167988 79.07833616062 0.22971315945 
0.168495 78.97439130840 0.22805161199 
0.169001 79.08758965797 0.23075537543 
0.169508 78.96726923716 0.23516960434 
0.170015 79.30282149377 0.23169015217 
0.170521 79.01571128195 0.23227516464 
0.171028 78.87015057878 0.23383402051 
0.171535 78.62309207981 0.23231427113 
0.172041 78.97913038897 0.23810205397 
0.172548 78.99496129949 0.23186926853 
0.173055 78.62115357107 0.23082549008 
0.173562 79.42014833454 0.23818893265 
0.174068 78.86313922382 0.23525837706 
0.174575 79.02854369367 0.23538598314 
0.175082 78.83748116836 0.23268599218 
0.175588 78.54919581227 0.23645425656 
0.176095 78.80142162070 0.24553428896 
0.176602 78.91034766219 0.23818645677 
0.177108 79.03841359396 0.24195827768 
0.177615 78.61954785913 0.23187871651 
0.178122 78.56114249033 0.23896969509 
0.178629 78.37373917539 0.23675755766 
0.179135 78.17875443790 0.23997569464 
0.179642 78.94177248222 0.23566198277 
0.180149 78.27953437074 0.23222151945 
0.180655 78.46651912864 0.23278288759 
0.181162 78.21203244995 0.23981698053 
0.181669 78.47906229608 0.23662879567 
0.182175 78.60186306624 0.23944062387 
0.182682 78.48604000189 0.24572111176 
0.183189 78.99987421352 0.24246323751 
0.183695 78.61530059743 0.24441848218 
0.184202 78.35648221754 0.24361177148 
0.184709 78.31244130418 0.24440744134 
0.185216 77.99030405061 0.24441356260 
0.185722 77.91435977744 0.23986664543 
0.186229 78.04093820687 0.24168372252 
0.186736 77.73374890465 0.24593637182 
0.187242 77.81409504606 0.24217270370 
0.187749 77.68379961053 0.24123886806 
0.188256 78.09291485511 0.24168893373 
0.188762 77.64889520692 0.24490185721 
0.189269 77.70545148888 0.24702761454 
0.189776 77.30670734504 0.24404094930 
0.190282 77.50002881654 0.24944112517 
0.190789 77.28348621992 0.24497772828 
0.191296 77.41070159112 0.24348517294 
0.191802 77.18905855183 0.24354069956 
0.192309 77.06332295822 0.24569829578 
0.192816 76.94820458142 0.23975965496 
0.193323 77.08403045402 0.23986178569 
0.193829 76.50112633889 0.23206681196 
0.194336 76.42984352026 0.23631286080 
0.194843 76.13909158874 0.23153519630 
0.195349 76.49799485917 0.23672441274 
0.195856 76.40507693433 0.23061910613 
0.196363 76.28041253796 0.22409515575 
0.196869 76.23922967841 0.23033011283 
0.197376 76.08886368732 0.23015521677 
0.197883 76.07766343150 0.22959233194 
0.198389 76.09149431730 0.22756060424 
0.198896 75.98932673518 0.23134504133 
0.199403 75.73340164371 0.22684082704 
0.199909 75.53969213979 0.22680650499 
0.200416 76.02769817821 0.22672143063 
0.200923 75.86446598658 0.22303995364 
0.201429 75.50766979208 0.22148039551 
0.201936 75.59846992275 0.22733756087 
0.202443 75.37512028736 0.22150609741 
0.202949 75.72543822734 0.21807489209 
0.203456 75.50310820800 0.21807689120 
0.203963 75.78647282932 0.22028812803 
0.204469 75.47431884658 0.21940576150 
0.204976 75.32631788994 0.21804542010 
0.205483 75.51801977471 0.21587653552 
0.205989 75.39320832200 0.22203850502 
0.206496 75.35472232946 0.21588100199 
0.207003 75.27930339272 0.21054397608 
0.207509 75.43386355218 0.21091073858 
0.208016 75.14693350711 0.21625550206 
0.208523 75.26277295838 0.21353568302 
0.209029 75.22900168686 0.21126398100 
0.209536 75.07962376296 0.21257655792 
0.210043 75.12114000718 0.21837585384 
0.210549 74.79800873194 0.21053439702 
0.211056 75.04604815944 0.21210828587 
0.211563 74.90883053487 0.20773088697 
0.212069 75.32127430953 0.20917520744 
0.212576 74.91580871192 0.21038811112 
0.213083 74.88652050873 0.21008769211 
0.213589 75.16618769427 0.20976901316 
0.214096 74.66667389904 0.20922561824 
0.214603 74.59531759418 0.20900869173 
0.215109 75.02644475683 0.20663037578 
0.215616 74.46222202712 0.21207084424 
0.216123 74.27079678625 0.20129834843 
0.216629 74.51953591236 0.20453551837 
0.217136 74.02262408249 0.20474158766 
0.217643 74.26209205852 0.20840273040 
0.218149 73.97359733257 0.20803525397 
0.218656 74.19419395000 0.20429578331 
0.219163 73.97367209705 0.20643927211 
0.219669 74.08883257304 0.20447954153 
0.220176 74.30253457321 0.20276824153 
0.220683 73.78482884850 0.21079458013 
0.221189 74.10165695126 0.20243937854 
0.221696 74.16095845572 0.20192043750 
0.222203 73.86390904664 0.20311464278 
0.222709 73.88764506332 0.20250862246 
0.223216 73.69568259682 0.20569257482 
0.223722 73.95520423038 0.20358608849 
0.224229 73.65485069245 0.20334714340 
0.224736 73.35816072971 0.20159650216 
0.225242 73.57365737822 0.20391286075 
0.225749 73.44399330633 0.19905350112 
0.226256 73.62351102167 0.20283905714 
0.226762 73.49129783351 0.20257395884 
0.227269 73.33233006471 0.19981868931 
0.227776 73.23979317579 0.20114960173 
0.228282 73.45051684029 0.20173158011 
0.228789 73.36239862035 0.20455374338 
0.229296 73.61323062563 0.20442905132 
0.229802 73.09341249991 0.20048907423 
0.230309 72.99843145367 0.19914137075 
0.230816 73.08015158678 0.20352737517 
0.231322 73.15409077532 0.19960323578 
0.231829 72.87269135556 0.19738312602 
0.232335 72.74224884322 0.19926915839 
0.232842 72.90155001085 0.20204367165 
0.233349 72.78081809887 0.19902304666 
0.233855 72.60360387381 0.19991279678 
0.234362 72.78152934409 0.20136292105 
0.234869 72.67871784816 0.20168226221 
0.235375 72.94801491568 0.20173309898 
0.235882 72.81750323339 0.19709673329 
0.236389 72.54822229541 0.20189574503 
0.236895 72.61443592262 0.20086546815 
0.237402 72.36968942449 0.19832594531 
0.237908 72.33148746941 0.19847902849 
0.238415 72.19757772156 0.19866579789 
0.238922 72.14486235043 0.19797609515 
0.239428 72.15157903597 0.19668342526 
0.239935 71.95564382817 0.19755991761 
0.240442 72.21887089503 0.19750788546 
0.240948 72.12555172215 0.19760060250 
0.241455 71.92707554500 0.19890209338 
0.241962 71.91768589325 0.19757892108 
0.242468 71.63721552126 0.20093280737 
0.242975 71.96615163241 0.19603086691 
0.243481 71.82873658854 0.19594021672 
0.243988 71.77687823733 0.20118741722 
0.244495 71.68600893990 0.20165013422 
0.245001 71.69248462069 0.19683910630 
0.245508 71.70173090923 0.19499666581 
0.246015 71.49593016500 0.19334469115 
0.246521 71.60949479977 0.20079031815 
0.247028 71.64712047545 0.19910611315 
0.247534 71.45186011413 0.19708488618 
0.248041 71.55930469041 0.19499952909 
0.248548 71.50841072232 0.19896087167 
0.249054 71.46695744265 0.19733587203 
0.249561 71.29827465667 0.20011723454 
0.250068 71.20853885715 0.19967184772 
0.250574 71.12620298872 0.19570635843 
0.251081 71.08500686727 0.19388199574 
0.251587 71.30982704572 0.20075964631 
0.252094 71.48950499848 0.19502981908 
0.252601 71.07416158858 0.19515143036 
0.253107 71.15904657796 0.19721044056 
0.253614 71.31712668865 0.19663805851 
0.254120 71.03419736681 0.19473374313 
0.254627 70.75281677046 0.19997486725 
0.255134 70.92622384097 0.19124587127 
0.255640 71.15857547263 0.19710837148 
0.256147 70.75321454866 0.19501761240 
0.256654 70.86662430416 0.19750020415 
0.257160 70.90103432679 0.19313373638 
0.257667 71.46407545719 0.19733545763 
0.258173 71.58434488223 0.19825498724 
0.258680 71.44203886238 0.19633269730 
0.259187 71.35014185888 0.19187684715 
0.259693 71.22376567237 0.19674662947 
0.260200 71.35916261020 0.19613115638 
0.260706 71.68213320717 0.19650094302 
0.261213 71.56532038972 0.19401329014 
0.261720 71.57222721735 0.19458493269 
0.262226 71.45635272937 0.19448418737 
0.262733 71.75958534316 0.19915258518 
0.263239 71.35021900265 0.19734053203 
0.263746 71.58057397971 0.19420810759 
0.264253 71.78542960072 0.19200468344 
0.264759 71.83151549765 0.19528364068 
0.265266 71.43016682383 0.19155100265 
0.265772 71.50889412348 0.19207660613 
0.266279 71.87917665024 0.19272414075 
0.266786 71.84055929557 0.19082287649 
0.267292 71.81668914043 0.19407911521 
0.267799 71.68122339447 0.19135294192 
0.268305 71.47412355413 0.18817718183 
0.268812 71.50425876054 0.19347914299 
0.269319 71.82916265237 0.18907687010 
0.269825 71.57467729639 0.18970151867 
0.270332 71.85278675557 0.18833537833 
0.270838 71.87755359588 0.19438343217 
0.271345 72.02698462553 0.19389129503 
0.271852 72.24175727870 0.19345937042 
0.272358 71.99456084372 0.19658670507 
0.272865 72.41659778809 0.19088598043 
0.273371 72.28658520191 0.18903051774 
0.273878 72.43476215091 0.19568439741 
0.274385 72.87092875019 0.18922489262 
0.274891 72.52745355710 0.19126912207 
0.275398 72.17968019745 0.19232355119 
0.275904 72.14376547601 0.18722926489 
0.276411 72.40831480255 0.18783529077 
0.276917 72.11697003937 0.18033682424 
0.277424 72.15996970677 0.18162066789 
0.277931 72.10986413278 0.18158979522 
0.278437 72.07271996782 0.18258029182 
0.278944 72.19138249120 0.18098058471 
0.279450 72.00244325363 0.18065159839 
0.279957 71.98396128975 0.17994922392 
0.280464 71.92108050626 0.18028706679 
0.280970 72.07154581219 0.18314534348 
0.281477 72.09440053830 0.18044221475 
0.281983 71.89056431802 0.18407424588 
0.282490 72.08494637454 0.18367195586 
0.282996 72.04266260402 0.18663947486 
0.283503 71.99080107445 0.18114621105 
0.284010 71.87533842222 0.18132961700 
0.284516 71.81588682635 0.17894578976 
0.285023 71.92081578096 0.17268927088 
0.285529 71.77250874076 0.17439392626 
0.286036 71.58835836681 0.17411747996 
0.286542 71.43076479591 0.17333083678 
0.287049 71.65078631263 0.17316540966 
0.287556 71.55632682330 0.17572815960 
0.288062 71.49997257385 0.17229870494 
0.288569 71.39663996145 0.17019559799 
0.289075 71.54406274578 0.17154753567 
0.289582 71.40923337183 0.17179605288 
0.290088 71.28656486178 0.16838824168 
0.290595 71.06159647810 0.17088789319 
0.291102 71.17788608966 0.16696534406 
0.291608 71.49580450063 0.16882122069 
0.292115 71.17998551053 0.16529591622 
0.292621 71.14824446145 0.16631937078 
0.293128 71.33091091209 0.16429440031 
0.293634 71.19580429954 0.16561868320 
0.294141 71.24014067996 0.16870098134 
0.294647 71.03762858073 0.16577011461 
0.295154 70.98201996975 0.16785835145 
0.295661 71.01502201467 0.16576459900 
0.296167 70.96088381312 0.16814822864 
0.296674 70.87807316678 0.16677265620 
0.297180 70.90289297744 0.16232850493 
0.297687 70.54335032984 0.16597362379 
0.298193 70.75921125890 0.16494391383 
0.298700 70.48931587255 0.16332766202 
0.299207 70.56873633118 0.16596886846 
0.299713 70.65381899745 0.16721505235 
0.300220 70.48479342002 0.16427074461 
0.300726 70.25570661142 0.16143103212 
0.301233 70.39956523989 0.16301844697 
0.301739 70.40833955867 0.16419998331 
0.302246 69.90961220092 0.16349814058 
0.302752 70.29682395196 0.16581360582 
0.303259 70.48176138095 0.16418101654 
0.303765 70.17672932007 0.15950609310 
0.304272 70.04968791243 0.15927506403 
0.304779 70.13950697024 0.15906767305 
0.305285 69.92448602330 0.16121991639 
0.305792 70.38838176099 0.16160337687 
0.306298 70.22241271869 0.16035473404 
0.306805 69.87460683610 0.16398403626 
0.307311 69.96071388356 0.15855764381 
0.307818 69.81107704560 0.15770568753 
0.308324 69.85063738612 0.15508573804 
0.308831 69.63234095704 0.15774345978 
0.309337 69.54093587723 0.15565538074 
0.309844 69.42606396824 0.15533769576 
0.310350 69.18985501480 0.15444801924 
0.310857 68.86388764165 0.15233033140 
0.311364 68.57135431435 0.15173880918 
0.311870 68.57806136997 0.15203833807 
0.312377 68.40929437723 0.14873586826 
0.312883 68.29945741499 0.14538887349 
0.313390 67.99648564027 0.14783557106 
0.313896 68.08722080374 0.14583300306 
0.314403 67.71480261190 0.14358599921 
0.314909 67.48246748220 0.14564499903 
0.315416 67.37014368771 0.14318895411 
0.315922 67.40174007364 0.14479900137 
0.316429 67.39933941112 0.14208017196 
0.316935 67.37805332650 0.14257633966 
0.317442 67.00333860274 0.14317174822 
0.317948 66.99005546407 0.14250445803 
0.318455 66.85000681133 0.13944479257 
0.318961 67.23369982873 0.14096295660 
0.319468 67.02699108135 0.14116851577 
0.319975 66.84052210567 0.14241010708 
0.320481 66.76655595847 0.14238873397 
0.320988 66.89162080470 0.14359338517 
0.321494 66.78301884172 0.14144362855 
0.322001 66.69143676032 0.15782967496 
0.322507 66.73827737111 0.14120867637 
0.323014 66.48068724477 0.14200366117 
0.323520 66.39739287264 0.14454889696 
0.324027 66.33422424574 0.14063289788 
0.324533 66.52169372844 0.13977475409 
0.325040 66.39362789978 0.13926539021 
0.325546 66.15152129622 0.14039549002 
0.326053 66.15634863345 0.13564965462 
0.326559 66.42605096574 0.13523805267 
0.327066 66.36747930924 0.13630035163 
0.327572 66.24304009025 0.13951855385 
0.328079 66.29163541327 0.13925652867 
0.328585 66.16141676760 0.13670508034 
0.329092 66.16855059361 0.13852999559 
0.329598 66.04545445237 0.13956071085 
0.330105 66.08432235977 0.13703576256 
0.330611 66.01799711301 0.13626717272 
0.331118 66.20921676935 0.14075952588 
0.331624 65.97523363892 0.13706466717 
0.332131 65.91695218315 0.13829363993 
0.332637 65.70446878471 0.13899629079 
0.333144 66.09875429346 0.13833530750 
0.333650 65.77077333473 0.13819268411 
0.334157 65.63698600825 0.13815600893 
0.334663 65.76992721750 0.13777462540 
0.335170 65.61773918805 0.14149228959 
0.335676 65.98258662436 0.13984899795 
0.336183 65.67506954932 0.14065266856 
0.336689 65.63419339145 0.13956887472 
0.337196 65.59927365394 0.13990600264 
0.337702 65.27164121532 0.13706201203 
0.338209 65.54874884200 0.13751377462 
0.338715 65.75032280130 0.14055927009 
0.339222 65.47573223548 0.14168650480 
0.339728 65.18709240512 0.13794438867 
0.340235 65.28680051775 0.21025051663 
0.340741 65.60635187726 0.13885803613 
0.341248 65.31591135419 0.13668974742 
0.341754 65.29231006542 0.13855605623 
0.342261 65.09266777129 0.14095049687 
0.342767 65.23731157915 0.13788204638 
0.343274 65.00879367023 0.14041348866 
0.343780 65.12370443458 0.13969405762 
0.344287 65.20697224702 0.14063691976 
0.344793 65.25331627351 0.14136936053 
0.345300 65.19222851568 0.13984520256 
0.345806 64.85469092618 0.14036934778 
0.346313 65.09482404809 0.14211900252 
0.346819 65.09468103383 0.14552515309 
0.347325 64.93782010181 0.14335958478 
0.347832 64.81389939000 0.14595863815 
0.348338 64.82848581385 0.14310816820 
0.348845 64.82388112494 0.14780501194 
0.349351 64.96266866550 0.14773482377 
0.349858 64.75667758224 0.14941661541 
0.350364 64.87510251066 0.14754576607 
0.350871 64.64409160175 0.14695851806 
0.351377 64.82820122491 0.14769240036 
0.351884 64.73121179237 0.14537019098 
0.352390 64.66558532176 0.14946587345 
0.352897 64.53512908751 0.14995195741 
0.353403 64.44468270376 0.14901451260 
0.353910 64.42871784538 0.15154730721 
0.354416 64.50402735079 0.14952580645 
0.354923 64.21311797291 0.15112580038 
0.355429 64.30661435668 0.15081290884 
0.355935 64.17187123012 0.14765863046 
0.356442 63.99164563766 0.15245021517 
0.356948 63.89604909818 0.15287560294 
0.357455 63.60210607326 0.15545182233 
0.357961 64.01131105842 0.15593464369 
0.358468 63.85513881516 0.15679363783 
0.358974 64.00778906881 0.22414261003 
0.359481 63.88918268712 0.20472899236 
0.359987 63.96426758265 0.19904001008 
0.360494 63.80431769119 0.19059833673 
0.361000 63.82210149999 0.18965150925 
0.361506 64.16999920936 0.18419676896 
0.362013 63.81709324353 0.18617487008 
0.362519 63.95063205207 0.18421307372 
0.363026 63.84694471030 0.18639015378 
0.363532 63.91624943520 0.19006608313 
0.364039 63.79424192501 0.17995171628 
0.364545 63.86997798690 0.18289776563 
0.365052 63.61753975311 0.18540249580 
0.365558 63.98057615475 0.18192429526 
0.366064 63.92782289358 0.18182251961 
0.366571 63.78338721202 0.18719968225 
0.367077 63.87334915921 0.18414413793 
0.367584 63.67013946940 0.18389446001 
0.368090 63.66401017099 0.18534754427 
0.368597 63.57490252077 0.18796502462 
0.369103 63.74665581833 0.19068743034 
0.369610 63.68322662358 0.18864052603 
0.370116 63.58704258389 0.18504005235 
0.370622 63.35312800718 0.19288693137 
0.371129 63.65603628174 0.19461432710 
0.371635 63.74234055618 0.18826345879 
0.372142 63.60178876789 0.19413778247 
0.372648 63.77077328695 0.19520668683 
0.373155 63.44381473393 0.19424473480 
0.373661 63.43348403981 0.19462667857 
0.374167 63.10989524418 0.19580091533 
0.374674 63.37558669128 0.19553616902 
0.375180 63.33853067033 0.19548714117 
0.375687 63.67776802892 0.19807630918 
0.376193 63.00609816223 0.20263949055 
0.376700 63.37287228045 0.19811830218 
0.377206 63.49835828545 0.20181016015 
0.377712 63.73867136404 0.20314831069 
0.378219 63.51073272809 0.20759634654 
0.378725 62.97006404103 0.19897073362 
0.379232 63.64268949512 0.20992343371 
0.379738 63.31162489406 0.20518058896 
0.380245 63.20969249974 0.21319231874 
0.380751 63.69689434900 0.20765052597 
0.381257 63.13724258183 0.20289762759 
0.381764 63.36359599606 0.21358505615 
0.382270 63.00412220523 0.20422166235 
0.382777 63.07397049375 0.21208511663 
0.383283 63.44904286500 0.20895296634 
0.383789 62.72307581383 0.20326133368 
0.384296 62.82484228422 0.20966678953 
0.384802 63.01617400364 0.21494455968 
0.385309 63.19665243153 0.21158899950 
0.385815 63.23414517496 0.21182976119 
0.386321 63.16331995014 0.20950050025 
0.386828 62.92499247674 0.21808509245 
0.387334 63.15963802926 0.21450673466 
0.387841 63.17148197445 0.21702080936 
0.388347 62.76460501413 0.21777781860 
0.388853 62.86713538888 0.21536661189 
0.389360 62.70919865354 0.21989654946 
0.389866 62.77027681248 0.22072470257 
0.390373 62.98608271867 0.21249562750 
0.390879 62.79293692468 0.21472356879 
0.391385 62.91163384385 0.21948564865 
0.391892 62.56058505433 0.22138181692 
0.392398 62.38762188171 0.21724261306 
0.392905 62.72182242297 0.21988654318 
0.393411 62.75623514235 0.22440664021 
0.393917 62.99262228213 0.21777577010 
0.394424 62.75826483095 0.22296652323 
0.394930 62.78666205918 0.22690226761 
0.395437 62.85681172912 0.22918625986 
0.395943 62.36491929226 0.22063925613 
0.396449 62.45232581361 0.33876860986 
0.396956 62.50135991965 0.23088459000 
0.397462 62.92799189384 0.22734279432 
0.397969 62.41536857162 0.23249611947 
0.398475 62.58340619744 0.23647711181 
0.398981 62.48761876302 0.23791456135 
0.399488 62.34623713936 0.23543800640 
0.399994 62.30175289509 0.24133682325 
0.400500 61.88627404838 0.24032674322 
0.401007 62.47430386344 0.23984425476 
0.401513 62.71617583265 0.24380550330 
0.402020 62.91928052197 0.25223530063 
0.402526 62.82677662974 0.24479195952 
0.403032 62.34991619385 0.24228736962 
0.403539 62.36394538454 0.25833696944 
0.404045 62.29755934374 0.24829616208 
0.404551 61.94751139386 0.25661274257 
0.405058 62.67912086712 0.26672338677 
0.405564 62.58752361176 0.27121784838 
0.406071 62.52266062235 0.26521676100 
0.406577 62.50354007191 0.25342624731 
0.407083 62.00847960737 0.25783954277 
0.407590 62.15987742254 0.26163345974 
0.408096 61.91481152682 0.27954567027 
0.408602 62.09997682687 0.26413444813 
0.409109 62.12915799100 0.26007649110 
0.409615 62.28403044016 0.26763888948 
0.410121 61.97258220016 0.25557819212 
0.410628 62.31887321813 0.26238757203 
0.411134 61.80820463644 0.25936165610 
0.411641 62.33816517857 0.28182960017 
0.412147 62.14805430629 0.26461764612 
0.412653 62.02431425394 0.26695832230 
0.413160 62.13994239199 0.26206889455 
0.413666 61.71372517976 0.26483445436 
0.414172 62.03564425500 0.28081436154 
0.414679 62.17205676461 0.26846431000 
0.415185 62.16867395496 0.28616168816 
0.415691 61.97099939252 0.26427970566 
0.416198 62.16096336593 0.27973088415 
0.416704 62.14955791758 0.29069011754 
0.417210 61.88338532531 0.27971638129 
0.417717 61.89417868149 0.28844020564 
0.418223 61.98715132514 0.28322781667 
0.418729 61.77490244911 0.27933451741 
0.419236 62.00493199387 0.28851732656 
0.419742 62.24343334462 0.27575957733 
0.420248 61.56326751209 0.27162846543 
0.420755 61.61409877723 0.27655856433 
0.421261 61.58125134270 0.27451738409 
0.421767 61.86387928844 0.28395513005 
0.422274 61.70187772971 0.27148124911 
0.422780 61.85984329364 0.27965926197 
0.423286 61.87286040685 0.27824378561 
0.423793 61.86154802875 0.28228546683 
0.424299 61.56738735074 0.28654808188 
0.424805 61.77541638522 0.28895959792 
0.425312 61.53745903185 0.29869904693 
0.425818 61.43675639335 0.28136984325 
0.426324 61.97711644627 0.28788867516 
0.426831 61.98734502217 0.29681965417 
0.427337 61.77396396667 0.30349928249 
0.427843 61.76549661303 0.30751289828 
0.428350 61.85448402839 0.29882907550 
0.428856 61.41326022932 0.30913201389 
0.429362 61.37116786796 0.30234145959 
0.429869 61.51738979088 0.31023848650 
0.430375 61.31730416333 0.30753638085 
0.430881 61.93342992815 0.31318237326 
0.431388 61.51416555962 0.31378375433 
0.431894 62.16499564376 0.32478649832 
0.432400 61.69952339383 0.32609635944 
0.432907 61.66930405317 0.31726179387 
0.433413 61.61160970454 0.33283261888 
0.433919 61.03498951129 0.32818555912 
0.434425 61.11291657336 0.32961856486 
0.434932 61.56195483758 0.33994023940 
0.435438 61.73482836527 0.35760334515 
0.435944 61.55262336867 0.34116943912 
0.436451 61.33534680844 0.34379120035 
0.436957 61.73797104214 0.35740790372 
0.437463 61.22419492820 0.37193251064 
0.437970 61.04445887772 0.33890818575 
0.438476 61.45078575582 0.36440259060 
0.438982 61.47172235116 0.36007514259 
0.439489 61.14373897137 0.38511218414 
0.439995 61.24385648805 0.37294274853 
0.440501 61.48610685669 0.38084508930 
0.441007 61.14016435521 0.38304306599 
0.441514 61.54215149295 0.37911054070 
0.442020 61.77015928908 0.39085518432 
0.442526 61.62419320352 0.40196555177 
0.443033 60.80813323797 0.39153668554 
0.443539 61.81740214466 0.39655181087 
0.444045 61.20536212734 0.39652527526 
0.444551 61.56646400760 0.42081681407 
0.445058 61.18632788354 0.41591833748 
0.445564 60.84091716211 0.43578610905 
0.446070 60.90288202044 0.44805190625 
0.446577 61.01767672492 0.43024332665 
0.447083 60.63863050001 0.44961987011 
0.447589 60.82936981375 0.45347697224 
0.448095 61.11266856887 0.44086196475 
0.448602 60.78628325772 0.45694509822 
0.449108 60.93154782134 0.49722853359 
0.449614 60.74910280624 0.48790247808 
0.450121 60.28313854994 0.51826704940 
0.450627 59.81384867377 0.49007811859 
0.451133 60.18067464145 0.48036755449 
0.451639 60.05466366316 0.51505158847 
0.452146 60.14150803545 0.53721803275 
0.452652 60.24445190017 0.54592057648 
0.453158 60.61726085945 0.54802795707 
0.453664 58.78298949847 0.57290931387 
0.454171 61.31552142472 0.54624311376 
0.454677 60.53882962500 0.60049146571 
0.455183 60.51067260870 0.62643273319 
0.455689 60.37738837636 0.65667626684 
0.456196 60.56467594679 0.65380351502 
0.456702 60.32590854282 0.60795590633 
0.457208 60.36861340235 0.71773134116 
0.457714 59.86215345730 0.73106198004 
0.458221 59.67133779965 0.78187350550 
0.458727 60.78831936994 0.80619944293 
0.459233 59.07113395860 0.79777635450 
0.459740 60.06527001826 0.86291579025 
0.460246 59.71172360708 0.85571483956 
0.460752 59.11296247115 0.96605083212 
0.461258 60.16293200973 0.97248438676 
0.461765 59.96116761207 1.06597301044 
0.462271 61.00293670397 1.04208125849 
0.462777 59.77121512341 1.18065389412 
0.463283 61.86072898336 1.24280010650 
0.463789 61.11451523822 1.32227829156 
0.464296 59.98208573944 1.35506064835 
0.464802 58.68875854044 1.29849308931 
0.465308 59.43464407262 1.42747477150 
0.465814 60.39503165243 1.69232225010 
0.466321 59.44791667069 1.67289885999 
0.466827 59.60083729379 1.76943491181 
0.467333 60.29401999993 1.91072019893 
0.467839 60.36990076196 1.92684999633 
0.468346 59.76476141072 2.42511577187 
0.468852 57.39825713040 2.51985124012 
0.469358 58.35575695528 2.89756939435 
0.469864 59.18780742422 2.89038464857 
0.470371 56.84345809914 3.81405616300 
0.470877 55.30407774318 4.11343548630 
0.471383 58.44495295060 5.48744997231 
0.471889 54.00041892710 6.99414531102 
0.472395 53.97042305141 5.51635377532 
0.472902 51.76410502310 12.23242213849 
