0.010896 1351.66383685389 11.95946818274 
0.011402 1207.51421845021 14.69881164868 
0.011909 1085.16142727429 11.62564295065 
0.012416 979.95580364010 9.65250257048 
0.012923 895.88924552073 7.49888291934 
0.013430 820.66718639886 11.07618652208 
0.013936 788.78612911792 8.87649151610 
0.014443 743.15492285608 7.22568320085 
0.014950 682.65720929212 6.79123757782 
0.015457 629.12384067902 5.34903082919 
0.015963 584.69449283332 4.63557835393 
0.016470 547.45969624074 4.13553863795 
0.016977 510.09945057928 3.80321334237 
0.017484 473.88424845113 3.31978622437 
0.017990 449.90078302244 2.98532378929 
0.018497 425.33681516225 2.66968039270 
0.019004 402.86345662531 2.47215628287 
0.019511 380.79314467358 2.22766239417 
0.020018 363.09330337602 2.26557338272 
0.020524 349.06994336944 1.98263131571 
0.021031 328.94924977747 1.94294772908 
0.021538 317.55976868069 1.61750008130 
0.022045 301.39237077740 1.61617681680 
0.022551 290.77898539121 1.56213469159 
0.023058 278.96545740903 1.52071076457 
0.023565 270.30229845458 1.62755792557 
0.024072 260.75359018306 1.71669737869 
0.024579 251.32407983269 1.63914644924 
0.025085 244.06797958222 2.09863145838 
0.025592 235.86996285808 2.14234807831 
0.026099 229.67225114093 2.17527330751 
0.026606 224.20510996668 1.64193555951 
0.027112 217.43327568490 1.67520098655 
0.027619 211.34680670425 1.64329784278 
0.028126 207.54473059203 1.43366955737 
0.028633 201.44007718503 1.38883985644 
0.029139 199.20815840172 1.24403963993 
0.029646 193.75612662457 1.20794207041 
0.030153 189.78327530931 1.15743813966 
0.030660 186.75255474900 1.02681889179 
0.031167 182.08080830850 0.93709700009 
0.031673 178.08868230720 0.92321724549 
0.032180 177.79345259027 0.88812931629 
0.032687 173.28163820803 0.90496003204 
0.033194 169.85900093057 0.85131622446 
0.033700 166.89957084514 0.75108648323 
0.034207 164.78704252893 0.76356887065 
0.034714 162.68735625085 0.79308806450 
0.035221 159.30747182113 0.74885291113 
0.035727 157.62623132424 0.68452212418 
0.036234 156.37001736836 0.64119190979 
0.036741 153.76304930989 0.67125094244 
0.037248 152.06783363476 0.65393827421 
0.037755 150.40327714818 0.62987669692 
0.038261 148.29688675523 0.59251089190 
0.038768 146.85939506682 0.56652642307 
0.039275 146.18653595496 0.60684382056 
0.039782 143.75595787282 0.60938979539 
0.040288 142.90225037673 0.55284727871 
0.040795 141.47397460330 0.52945937284 
0.041302 139.31441002902 0.58534409900 
0.041809 138.02402638718 0.58063779531 
0.042315 137.10756682046 0.53014929587 
0.042822 136.70745226390 0.54012787499 
0.043329 134.48435749172 0.50769949247 
0.043836 134.09582308914 0.50823700476 
0.044343 133.45997272216 0.55377534498 
0.044849 132.58123077132 0.50300707094 
0.045356 130.52570412405 0.52237655508 
0.045863 129.45258751939 0.50138487705 
0.046370 129.25975502349 0.50580437508 
0.046876 128.04357998693 0.50393264542 
0.047383 126.91317425456 0.48181801451 
0.047890 126.37158818294 0.48370628432 
0.048397 125.38873468472 0.47145827377 
0.048903 124.34356210208 0.47371559616 
0.049410 123.95537313597 0.47732721054 
0.049917 123.24056079267 0.47198021462 
0.050424 121.99858136605 0.43989621625 
0.050931 121.21598731657 0.45206203474 
0.051437 121.10010106442 0.45864193196 
0.051944 119.62588285772 0.44495668335 
0.052451 119.85116864085 0.45856966422 
0.052958 118.61676868489 0.44860519559 
0.053464 118.07703499267 0.44186135895 
0.053971 117.27157894895 0.41896843215 
0.054478 116.52153545280 0.45092134524 
0.054985 115.71705864704 0.43411971632 
0.055491 114.99938883545 0.43990734974 
0.055998 114.52616144800 0.45233959356 
0.056505 114.08727715097 0.43063742250 
0.057012 112.69941011796 0.41669025596 
0.057519 113.06763586901 0.42417251844 
0.058025 112.45058589990 0.41525228108 
0.058532 111.61989597438 0.41423820481 
0.059039 110.78534755884 0.42062433897 
0.059546 111.09521959365 0.43098873089 
0.060052 109.89557281324 0.41579377534 
0.060559 110.01129714328 0.39672326506 
0.061066 109.83987353294 0.39475739886 
0.061573 108.80996258405 0.40680336945 
0.062079 108.59540312559 0.40523628028 
0.062586 108.08504238787 0.40360630081 
0.063093 107.82072145889 0.39209617097 
0.063600 106.72799522825 0.38385692336 
0.064106 107.14832013310 0.39683457244 
0.064613 106.28601213576 0.38306779955 
0.065120 105.87489872708 0.38914793709 
0.065627 105.66269688304 0.38605497710 
0.066134 105.44533339023 0.36333803956 
0.066640 104.96196720049 0.37471717268 
0.067147 104.85483274933 0.37984536890 
0.067654 104.83448544823 0.37409709760 
0.068161 103.71042732251 0.37162277819 
0.068667 103.38414299838 0.37210337006 
0.069174 102.97665418616 0.37307269885 
0.069681 102.71704501313 0.36927388278 
0.070188 102.59143999802 0.35577736072 
0.070694 101.36399233476 0.35065909820 
0.071201 101.70239258112 0.37190504752 
0.071708 102.14485696210 0.37471151738 
0.072215 100.85500453722 0.34962342569 
0.072721 100.99741448864 0.35967934589 
0.073228 99.85262773544 0.36020453919 
0.073735 100.29401422745 0.34151057761 
0.074242 100.04442535352 0.35759466422 
0.074748 99.83030059708 0.34691935353 
0.075255 99.41060032823 0.33686959970 
0.075762 98.63170108877 0.34335976923 
0.076269 99.37586751364 0.35470874528 
0.076776 98.29226545639 0.33836947284 
0.077282 98.22559398363 0.32751760050 
0.077789 98.28005817141 0.33390196903 
0.078296 98.07116516921 0.32314775120 
0.078803 97.81710305123 0.32884187071 
0.079309 97.67885726503 0.33066319177 
0.079816 97.43826959711 0.33292364051 
0.080323 97.20147450200 0.33319693507 
0.080830 97.84966076596 0.33102526573 
0.081336 96.53196893919 0.32983338617 
0.081843 97.27724038636 0.33141922637 
0.082350 96.25788279846 0.33691880501 
0.082857 96.69714129971 0.32396226158 
0.083363 96.19291741914 0.33243619475 
0.083870 96.29503878518 0.32631447306 
0.084377 95.90951850906 0.31578680411 
0.084884 95.19678838558 0.32457146471 
0.085390 96.01713048806 0.32828116572 
0.085897 95.32919091488 0.34566362316 
0.086404 95.66618093553 0.33075292901 
0.086911 94.90160309222 0.33112949525 
0.087417 95.14869855590 0.34313400201 
0.087924 95.16485669026 0.32491693417 
0.088431 94.98776317784 0.33266952520 
0.088938 94.27960424154 0.33556955060 
0.089444 94.31715924485 0.32338325329 
0.089951 94.33632263454 0.32092701436 
0.090458 94.30105669959 0.32161607043 
0.090965 93.62209446208 0.33769266348 
0.091471 93.65902700448 0.32691731542 
0.091978 93.59944577455 0.33020040024 
0.092485 92.87930649733 0.34274271644 
0.092992 93.07330162104 0.33776605745 
0.093498 93.37624824161 0.33807789068 
0.094005 92.19783754867 0.33056339192 
0.094512 92.77007706497 0.32639363497 
0.095019 92.43703557393 0.34021653951 
0.095525 92.31339280802 0.32614155809 
0.096032 91.83847211816 0.33024023207 
0.096539 92.15219163602 0.33342360679 
0.097046 92.52457577514 0.32688093213 
0.097552 91.30761466616 0.33603516775 
0.098059 92.27968129174 0.32909386312 
0.098566 91.90656103463 0.32819898886 
0.099073 92.07277144291 0.33377972999 
0.099579 91.45296155962 0.33051184561 
0.100086 91.84422847647 0.32078545770 
0.100593 91.54868826193 0.32517504005 
0.101100 90.82658594732 0.31508638764 
0.101606 90.69172429349 0.30145407562 
0.102113 89.87056677386 0.29501723172 
0.102620 89.86438216366 0.30820556431 
0.103127 89.29310997495 0.29885063009 
0.103633 89.06003214124 0.29589277485 
0.104140 88.54860108674 0.30223657641 
0.104647 88.67516580623 0.28751892120 
0.105154 88.52214688719 0.31842496168 
0.105660 88.87826937103 0.31115359478 
0.106167 88.34233256940 0.30473420980 
0.106674 88.37556820335 0.30076254377 
0.107181 87.94182562152 0.29268391145 
0.107687 88.13578979517 0.29705088453 
0.108194 88.15954254124 0.29626501882 
0.108701 88.48286617076 0.29185715513 
0.109208 87.56688218904 0.29390405025 
0.109714 87.77017712869 0.28848447156 
0.110221 87.47104277160 0.28633479487 
0.110728 87.43645845482 0.29125230033 
0.111235 87.22420083466 0.28918822719 
0.111741 87.31940959198 0.28977918455 
0.112248 87.28968271333 0.28781666041 
0.112755 87.18319304736 0.28118306976 
0.113262 87.25797546217 0.28047796953 
0.113768 86.86322318530 0.28498459372 
0.114275 86.95034097510 0.27643308188 
0.114782 86.44766876715 0.28112441594 
0.115289 86.76326058179 0.27031598834 
0.115795 86.17934534407 0.28905140501 
0.116302 86.41180526792 0.26751014138 
0.116809 86.48220709316 0.26866964053 
0.117316 86.18094706963 0.26344076788 
0.117822 86.49063831865 0.27828511324 
0.118329 86.33804579446 0.26183407917 
0.118836 85.70292784373 0.26287259583 
0.119342 85.99593155691 0.27094095354 
0.119849 86.40389519407 0.26846081591 
0.120356 86.13494895894 0.26976039698 
0.120863 85.78103914697 0.26840065516 
0.121369 85.53377989531 0.26681362078 
0.121876 85.56370314869 0.27072895644 
0.122383 85.37437343920 0.26261915978 
0.122890 85.63604491012 0.26421344643 
0.123396 85.21548393169 0.26681901611 
0.123903 85.13287840102 0.27025127710 
0.124410 85.05691411174 0.26046718795 
0.124917 85.26426554919 0.26367076879 
0.125423 84.69506275265 0.25738694316 
0.125930 85.04172039193 0.26212086535 
0.126437 84.74448346528 0.25219353533 
0.126944 84.63273081369 0.25817062469 
0.127450 84.81481787427 0.25579564420 
0.127957 84.82740519596 0.25134681572 
0.128464 84.92263180912 0.25887976811 
0.128970 84.29876227049 0.25498115277 
0.129477 84.11996925527 0.25614419322 
0.129984 84.36222791797 0.25262688703 
0.130491 84.71053555084 0.25700256498 
0.130997 84.13021504638 0.24613349027 
0.131504 84.34167731225 0.24871742222 
0.132011 84.55713673079 0.25635859122 
0.132518 83.91766794755 0.24860695912 
0.133024 83.97107547337 0.25319885304 
0.133531 83.80943694191 0.25316011145 
0.134038 83.80472265656 0.24249776260 
0.134545 83.69171139392 0.24863289043 
0.135051 83.69774379463 0.25388968754 
0.135558 84.01264385710 0.25276381519 
0.136065 84.27607949204 0.23948410269 
0.136571 83.70866183896 0.24698403199 
0.137078 83.75562371682 0.24430653085 
0.137585 83.71811927627 0.24331999021 
0.138092 83.25229742064 0.24829219945 
0.138598 83.44336320856 0.23714195327 
0.139105 83.09636457903 0.24024145115 
0.139612 83.11466272407 0.25168845434 
0.140119 83.13525555502 0.24276091172 
0.140625 83.05303274504 0.24299612451 
0.141132 82.85675118705 0.24167353534 
0.141639 82.92059224297 0.24694845347 
0.142145 83.05263644563 0.23947893237 
0.142652 82.61717214592 0.23974251902 
0.143159 82.97859259256 0.23872273660 
0.143666 82.52255200813 0.24759855127 
0.144172 82.23896496150 0.24380013062 
0.144679 82.41384235154 0.23889093963 
0.145186 82.28139659961 0.23789957609 
0.145692 82.18307201324 0.24642508762 
0.146199 82.02850260587 0.23803004959 
0.146706 82.61859811044 0.24140500987 
0.147213 82.18994679922 0.24706097132 
0.147719 81.94285208752 0.24484549563 
0.148226 81.68427493996 0.24243839831 
0.148733 82.02173709594 0.24033380345 
0.149240 81.70414816723 0.24000596537 
0.149746 81.83342808420 0.24623632234 
0.150253 81.42475998908 0.24124849675 
0.150760 81.52542084880 0.24024670879 
0.151266 80.94951617658 0.24413918414 
0.151773 81.27227680198 0.23548501948 
0.152280 81.32044192189 0.24113413588 
0.152787 80.86464462434 0.24288560455 
0.153293 81.02775442383 0.24004981530 
0.153800 80.84849441739 0.24130902976 
0.154307 80.84162259364 0.24087341702 
0.154813 80.61666164612 0.24370132721 
0.155320 80.62236752431 0.23817337360 
0.155827 80.89548718585 0.23927140438 
0.156334 80.52771577667 0.23402377958 
0.156840 80.70502904693 0.23727995612 
0.157347 80.00466486527 0.24449349512 
0.157854 80.59733895416 0.23673042558 
0.158360 80.36293484626 0.23843186297 
0.158867 80.17046078627 0.23209001807 
0.159374 80.50035542976 0.23882795106 
0.159881 79.83032897164 0.23371464816 
0.160387 80.04383828481 0.23104983586 
0.160894 80.03229136475 0.23190536602 
0.161401 79.94435369422 0.23542691363 
0.161907 79.65898307659 0.23298551618 
0.162414 79.62295146025 0.23591960479 
0.162921 79.66117629154 0.23281263820 
0.163427 79.57492392705 0.23173782118 
0.163934 79.30322590772 0.23622316442 
0.164441 79.66868721691 0.23210526772 
0.164948 79.16849575484 0.23287604430 
0.165454 79.27745801715 0.23069327908 
0.165961 79.25597392687 0.23671877658 
0.166468 79.35980923498 0.23608336965 
0.166974 78.60034023331 0.23109054904 
0.167481 79.15487183587 0.22490742134 
0.167988 78.84830544251 0.22995675154 
0.168495 78.92749061627 0.23454750914 
0.169001 78.73721342410 0.23404729182 
0.169508 79.27608587963 0.22920860251 
0.170015 78.96503618193 0.23416254638 
0.170521 79.09353649219 0.23522630513 
0.171028 79.42389921578 0.23209511603 
0.171535 78.92819637020 0.23857962930 
0.172041 79.03087232753 0.24085402438 
0.172548 79.29980872820 0.23798863301 
0.173055 78.93018180911 0.23325149565 
0.173562 79.15993804195 0.23659638353 
0.174068 78.92357703502 0.23872593091 
0.174575 79.35407074159 0.23279246578 
0.175082 79.08242526713 0.23239098932 
0.175588 79.39695979541 0.23176222030 
0.176095 79.08515857753 0.23006141604 
0.176602 78.96403840449 0.23824763738 
0.177108 78.89187819734 0.23515650539 
0.177615 78.57172108692 0.23493294248 
0.178122 78.50076661473 0.23664136197 
0.178629 78.55684241252 0.23802985252 
0.179135 78.47349965745 0.23964138567 
0.179642 78.73108379307 0.23988846969 
0.180149 78.59941044346 0.23833322510 
0.180655 78.89309257836 0.24099339760 
0.181162 78.67477756786 0.23692863643 
0.181669 78.99259589986 0.24099901354 
0.182175 79.13623087387 0.24521198284 
0.182682 78.86868615385 0.24521523732 
0.183189 78.75788636667 0.24154005946 
0.183695 78.46623321575 0.23825173781 
0.184202 78.50722465693 0.24548908929 
0.184709 78.58779082067 0.24017070812 
0.185216 78.48425058554 0.24287242074 
0.185722 78.25553556517 0.24289008732 
0.186229 78.29240052000 0.24584904750 
0.186736 77.78644686916 0.24752372994 
0.187242 77.94691315067 0.24854607165 
0.187749 77.72318866344 0.24805055893 
0.188256 77.73021263939 0.24168075976 
0.188762 77.77123331331 0.24240996026 
0.189269 77.87915036593 0.24556028108 
0.189776 77.14945664466 0.24187680444 
0.190282 77.62482565318 0.24276641954 
0.190789 77.44490034743 0.24587432853 
0.191296 77.36003679856 0.24451115677 
0.191802 77.63333981280 0.24647229316 
0.192309 77.21024723290 0.23647383455 
0.192816 77.08254236176 0.23954738611 
0.193323 76.79341882036 0.23254555952 
0.193829 76.60855654140 0.23765122337 
0.194336 76.53010128484 0.23903696159 
0.194843 76.56025585196 0.23631742557 
0.195349 76.69193629763 0.22980638166 
0.195856 76.39261779288 0.23653358959 
0.196363 76.17104231285 0.23235563072 
0.196869 76.48515310589 0.23190254562 
0.197376 76.19291213458 0.23063145584 
0.197883 76.11828259734 0.22856882504 
0.198389 76.66569533998 0.22614004433 
0.198896 75.90288223530 0.22805683876 
0.199403 75.92549919748 0.22431245507 
0.199909 76.01579041821 0.22432611852 
0.200416 75.66058831552 0.22565228290 
0.200923 75.49024500940 0.22363845058 
0.201429 75.76893792275 0.21948256140 
0.201936 75.67593379339 0.22319563555 
0.202443 75.57270082232 0.22186920272 
0.202949 75.78578781636 0.22225521367 
0.203456 75.53773670711 0.22378268506 
0.203963 75.31162457651 0.21393451895 
0.204469 75.50232373338 0.21930229318 
0.204976 75.35936958817 0.21855471025 
0.205483 75.64516871591 0.21600526880 
0.205989 75.35722786782 0.21600538283 
0.206496 75.24866844172 0.21193233862 
0.207003 75.51501124858 0.21513406612 
0.207509 75.59942430505 0.21732983298 
0.208016 75.57867815650 0.21672281675 
0.208523 75.20291751663 0.21147033886 
0.209029 75.02362600871 0.20791589184 
0.209536 75.17806878564 0.21138455075 
0.210043 75.19126049044 0.21240636801 
0.210549 75.08158146423 0.21288103999 
0.211056 75.12985989833 0.21148224040 
0.211563 75.07337721152 0.20671647151 
0.212069 74.82298278496 0.20873559306 
0.212576 74.92473730684 0.21133633606 
0.213083 75.07303802081 0.20993059020 
0.213589 74.97975681977 0.21309295268 
0.214096 74.78544321898 0.20455501625 
0.214603 74.90809170136 0.21381382537 
0.215109 74.98237983438 0.20777394337 
0.215616 74.41327557919 0.20795923004 
0.216123 74.15898726574 0.21081222674 
0.216629 74.44056464887 0.20714978497 
0.217136 74.41986876243 0.20471931577 
0.217643 74.14979254133 0.20720260545 
0.218149 74.21996072633 0.20660372747 
0.218656 74.39842507076 0.20813443812 
0.219163 74.16185538294 0.20708406763 
0.219669 73.79337032375 0.20667983033 
0.220176 74.07381793218 0.20985802911 
0.220683 74.10205895137 0.20585258081 
0.221189 73.95228919504 0.20353765471 
0.221696 74.01825798529 0.20577836939 
0.222203 74.10040695609 0.20183021252 
0.222709 74.00921038848 0.20439141743 
0.223216 73.97179377512 0.20543707275 
0.223722 73.94227029961 0.20672435877 
0.224229 73.81568537768 0.20406425574 
0.224736 73.58583894912 0.20023700702 
0.225242 73.88091279399 0.20172164707 
0.225749 73.57060698694 0.20308177836 
0.226256 73.49248970388 0.20047820077 
0.226762 73.63883452707 0.20403937439 
0.227269 73.50841603742 0.20471169990 
0.227776 73.47256862950 0.20159032382 
0.228282 73.38085201224 0.19932344232 
0.228789 73.43872534195 0.20119246805 
0.229296 73.19228455810 0.20302070596 
0.229802 73.51894527334 0.20406379818 
0.230309 73.12268791415 0.20414043065 
0.230816 73.07782987038 0.20283734931 
0.231322 73.21598279834 0.19896776323 
0.231829 73.14779503702 0.20237193699 
0.232335 73.20252821582 0.20026098912 
0.232842 72.95780447140 0.19767071312 
0.233349 72.73468510541 0.19570975114 
0.233855 72.99890910625 0.19890963097 
0.234362 72.75657441287 0.19784185265 
0.234869 72.86415835881 0.19595416692 
0.235375 72.94457576938 0.19945890960 
0.235882 72.68373233324 0.19816473116 
0.236389 72.58851295889 0.20017475230 
0.236895 72.36227946700 0.20081665806 
0.237402 72.36039939303 0.19688016317 
0.237908 72.09860126032 0.19926845277 
0.238415 72.33267173621 0.20120849269 
0.238922 72.42727868650 0.20111128683 
0.239428 72.28239569256 0.20255619134 
0.239935 72.15887995763 0.19925223973 
0.240442 71.98618770844 0.19957959488 
0.240948 72.06140740649 0.19875159388 
0.241455 71.92048569843 0.19983577251 
0.241962 71.96973681425 0.19785890521 
0.242468 71.74394418266 0.19682849532 
0.242975 72.23093546359 0.19703700441 
0.243481 71.94050452386 0.19612246871 
0.243988 71.94074726011 0.20343182369 
0.244495 72.01251795330 0.20055291842 
0.245001 71.82416327107 0.19792188873 
0.245508 71.86755503255 0.19403737313 
0.246015 71.53763078181 0.19772786442 
0.246521 71.72627006590 0.19461818204 
0.247028 71.35922860961 0.19516949788 
0.247534 71.42714328370 0.19819055588 
0.248041 71.56563515434 0.19679872892 
0.248548 71.44914567610 0.19547006467 
0.249054 71.55123155676 0.19555007971 
0.249561 71.35563451164 0.19880211682 
0.250068 71.34010713357 0.19713904590 
0.250574 71.13596805701 0.19385150081 
0.251081 71.18359517773 0.19355163076 
0.251587 71.19555269440 0.19719995269 
0.252094 71.12209542002 0.19352915997 
0.252601 71.20287914894 0.19722255476 
0.253107 71.33345359705 0.20162704015 
0.253614 71.23872089577 0.19964300779 
0.254120 71.16477469116 0.19480010939 
0.254627 70.72233134915 0.19349297468 
0.255134 71.25734036307 0.19413912638 
0.255640 70.79585632581 0.19548722331 
0.256147 71.11110582391 0.19567252557 
0.256654 70.74311643449 0.19651136612 
0.257160 71.27614853878 0.19480219146 
0.257667 71.24418071012 0.19582799770 
0.258173 71.10914765920 0.19784934711 
0.258680 71.37897505260 0.19480539920 
0.259187 71.53797405817 0.19801035581 
0.259693 71.54910982637 0.19905284034 
0.260200 71.61890742953 0.19397414902 
0.260706 71.48894002807 0.19568883122 
0.261213 71.41192845095 0.19765439191 
0.261720 71.74611443895 0.19714386376 
0.262226 71.40134624667 0.19691314569 
0.262733 71.69548784213 0.19953028296 
0.263239 71.60238797368 0.19633449834 
0.263746 71.82994236950 0.19471130657 
0.264253 71.27273322226 0.19219969842 
0.264759 71.66785391521 0.19369993614 
0.265266 71.49645576622 0.19401780959 
0.265772 71.33671174047 0.19290093931 
0.266279 71.90882426965 0.18975998907 
0.266786 71.75197231554 0.19437515461 
0.267292 71.52163172458 0.18532617265 
0.267799 71.68855127125 0.19351637269 
0.268305 71.63260494787 0.19283899873 
0.268812 71.69463603953 0.19023261363 
0.269319 71.71389699533 0.18952464548 
0.269825 71.88102187956 0.18724028126 
0.270332 71.86148796745 0.19041877072 
0.270838 72.08083687360 0.19169200819 
0.271345 72.06725770789 0.19346451264 
0.271852 72.11681885020 0.19311956271 
0.272358 72.11422679784 0.19578636310 
0.272865 72.31379759863 0.19272107586 
0.273371 72.22893134441 0.19392995717 
0.273878 71.88733248163 0.19406030470 
0.274385 72.26933785023 0.19223434397 
0.274891 72.70629995794 0.19397351474 
0.275398 72.36263936533 0.19003024642 
0.275904 72.26147295952 0.18860574171 
0.276411 72.70795770239 0.18667135709 
0.276917 72.57448221087 0.18306811627 
0.277424 72.08544134165 0.18742204933 
0.277931 72.20536603797 0.18632987711 
0.278437 71.91145919335 0.18356539828 
0.278944 72.32048518409 0.18898946395 
0.279450 72.18222770753 0.18173560153 
0.279957 72.21813205064 0.18533776516 
0.280464 72.25137903456 0.18082198168 
0.280970 72.26200827212 0.18022008834 
0.281477 71.90703320711 0.18529464260 
0.281983 72.19102789173 0.17977659176 
0.282490 72.17507625041 0.18379103933 
0.282996 72.00451437307 0.18024076880 
0.283503 72.07419183189 0.17830059497 
0.284010 72.18283714377 0.17970072236 
0.284516 71.82067644869 0.17767138953 
0.285023 71.79780468573 0.17765395191 
0.285529 71.88207656875 0.17593984952 
0.286036 71.77626224895 0.17625159575 
0.286542 71.82269871528 0.17098794581 
0.287049 71.55862075288 0.17648846944 
0.287556 71.64581893981 0.17674265663 
0.288062 71.57807056813 0.17216363382 
0.288569 71.74329617735 0.17124955913 
0.289075 71.55073440599 0.17100780495 
0.289582 71.35920887159 0.17156256727 
0.290088 71.22767808732 0.16681629721 
0.290595 71.29289969565 0.16568241639 
0.291102 71.07912567542 0.16851197029 
0.291608 71.12830661834 0.16829361282 
0.292115 71.03520704962 0.16835886707 
0.292621 70.95266896908 0.16518786463 
0.293128 71.21815990471 0.16507521906 
0.293634 71.09175637752 0.16480331033 
0.294141 71.04099411617 0.16980815787 
0.294647 71.11559496261 0.16669807302 
0.295154 70.84005828765 0.16618431668 
0.295661 70.83757135283 0.16572762521 
0.296167 70.80566107007 0.16785586269 
0.296674 70.85004384674 0.16568263479 
0.297180 70.88381289643 0.16392861421 
0.297687 70.67642021194 0.16078888759 
0.298193 70.78460202846 0.16373953493 
0.298700 70.78880416859 0.16617258352 
0.299207 70.67766390378 0.16468219190 
0.299713 70.68992967201 0.16377092451 
0.300220 70.55682500567 0.16446458123 
0.300726 70.23074445954 0.16237283178 
0.301233 70.50434394329 0.16474971321 
0.301739 70.58612662005 0.16664766522 
0.302246 70.47160052474 0.16428594524 
0.302752 70.36134300886 0.16328929774 
0.303259 70.25728777490 0.16095832710 
0.303765 70.15466216247 0.16276147697 
0.304272 70.13647721953 0.15909197765 
0.304779 70.06965234278 0.15836133150 
0.305285 70.01918176188 0.16031984437 
0.305792 70.22242580846 0.16136831451 
0.306298 70.00065558852 0.15912057840 
0.306805 69.94018174507 0.16217401157 
0.307311 69.86858301202 0.16074415067 
0.307818 69.94683510884 0.15912618622 
0.308324 69.70352368541 0.15736446774 
0.308831 69.53203240173 0.15851415191 
0.309337 69.25627469561 0.15489883457 
0.309844 69.49946934782 0.15471439679 
0.310350 69.17978335706 0.15614150559 
0.310857 68.95994906651 0.14956380382 
0.311364 68.48642991717 0.15213400586 
0.311870 68.40650850313 0.15023026874 
0.312377 68.43742320715 0.15055381340 
0.312883 68.39718077327 0.15008713441 
0.313390 67.86404084247 0.14530997093 
0.313896 67.99878515078 0.14912716089 
0.314403 67.63873894794 0.14491899229 
0.314909 67.78400575457 0.14568271337 
0.315416 67.51118376058 0.14548005827 
0.315922 67.41472361850 0.14846243506 
0.316429 67.51085785016 0.14232563585 
0.316935 67.23825851109 0.14422282315 
0.317442 67.35431522337 0.14514038882 
0.317948 67.34187688425 0.14321807444 
0.318455 67.02414340448 0.14186874713 
0.318961 66.88474688663 0.14711020297 
0.319468 66.48510391078 0.14012780728 
0.319975 66.80926725682 0.14212710532 
0.320481 66.79875023883 0.14123667939 
0.320988 66.73154072099 0.14538053510 
0.321494 66.73980510667 0.13845585363 
0.322001 66.66755328262 0.15043316386 
0.322507 66.73136844016 0.14033551364 
0.323014 66.63903845560 0.14355952419 
0.323520 66.53085656174 0.14071663367 
0.324027 66.40457537854 0.13930016116 
0.324533 66.44064137565 0.13887178995 
0.325040 66.33869617049 0.14287172954 
0.325546 66.36113472107 0.14042230477 
0.326053 66.39415638301 0.13619592514 
0.326559 66.15354641947 0.13703321852 
0.327066 66.25497624020 0.13793967987 
0.327572 66.39966094600 0.14106527518 
0.328079 66.29025210043 0.14020128336 
0.328585 66.28194534260 0.13932186758 
0.329092 66.02781247662 0.13831157525 
0.329598 66.29484985935 0.14037184458 
0.330105 66.03348497689 0.13905165564 
0.330611 66.18733663534 0.13835477961 
0.331118 65.83671769965 0.13826847545 
0.331624 65.96576160355 0.14049319035 
0.332131 65.79143345464 0.13975433180 
0.332637 65.83782625397 0.13711107709 
0.333144 65.77675330645 0.13996279088 
0.333650 65.84207562301 0.13691214541 
0.334157 65.86787457379 0.13731773923 
0.334663 65.74742123892 0.14037580160 
0.335170 65.92938581192 0.13994017848 
0.335676 65.57870534143 0.13950804143 
0.336183 65.70469253217 0.14032449078 
0.336689 65.88707361337 0.14061846031 
0.337196 65.68723942419 0.14109747238 
0.337702 65.36903313620 0.13870815333 
0.338209 65.61228178747 0.13954011604 
0.338715 65.44553529565 0.13760959843 
0.339222 65.31631611607 0.14255611102 
0.339728 65.38342716638 0.13724037467 
0.340235 65.33541269241 0.23264318326 
0.340741 65.34176925292 0.13767429600 
0.341248 65.25150278984 0.13607694142 
0.341754 65.37582559718 0.13934248129 
0.342261 65.22731860889 0.13919057460 
0.342767 65.41892076463 0.13644071940 
0.343274 65.15831173681 0.13941146277 
0.343780 65.03045480505 0.14334859938 
0.344287 65.22696999353 0.13958874720 
0.344793 65.07602353638 0.13986328670 
0.345300 65.36750802231 0.14175576908 
0.345806 64.91347713419 0.14267104975 
0.346313 64.92388759923 0.14759532985 
0.346819 64.88818748784 0.14260628323 
0.347325 65.12675771927 0.14453698779 
0.347832 64.89538958278 0.14354709284 
0.348338 65.23189383849 0.14477909286 
0.348845 64.74586964319 0.14924411478 
0.349351 64.59882677477 0.14420215048 
0.349858 64.72140661792 0.15040281303 
0.350364 64.93059863665 0.14842031065 
0.350871 64.53678901454 0.14899235315 
0.351377 64.45196040724 0.14899394550 
0.351884 64.88156953250 0.14759713705 
0.352390 64.63133779041 0.14805683247 
0.352897 64.51036470031 0.14950201751 
0.353403 64.44148817149 0.14815245205 
0.353910 64.87692372202 0.15043284788 
0.354416 64.35265645086 0.15424350340 
0.354923 64.06641806475 0.15084225157 
0.355429 64.18618848239 0.15189921610 
0.355935 64.11839176282 0.15266817198 
0.356442 64.11994584200 0.15311537294 
0.356948 64.05486970390 0.15216105350 
0.357455 64.17879738466 0.15333861305 
0.357961 63.74844993341 0.15293200158 
0.358468 63.86459656767 0.15479961506 
0.358974 63.90835650312 0.22235942228 
0.359481 63.59831829733 0.20297649107 
0.359987 63.81108035805 0.19859607892 
0.360494 64.04752323036 0.19369185575 
0.361000 63.84946818532 0.19090766196 
0.361506 63.92345593025 0.18561236048 
0.362013 64.03504623551 0.18665163787 
0.362519 63.59335830111 0.18463068240 
0.363026 63.68947619168 0.18297831166 
0.363532 63.48485442475 0.18714289900 
0.364039 63.65798430518 0.17879859357 
0.364545 63.81455493035 0.18173678269 
0.365052 63.53985239405 0.18640793059 
0.365558 64.14066666990 0.18533650929 
0.366064 63.81038283625 0.18529568980 
0.366571 63.64220954950 0.18646347423 
0.367077 63.50650353118 0.18552459842 
0.367584 63.61874233152 0.18644176042 
0.368090 63.57620170236 0.18389267291 
0.368597 63.83398710213 0.18880746534 
0.369103 63.53767326731 0.19148487542 
0.369610 63.72187879794 0.18769846950 
0.370116 63.56471449203 0.19117077374 
0.370622 63.52454623559 0.18998992489 
0.371129 63.45978265025 0.19202733200 
0.371635 63.63260984720 0.19383016763 
0.372142 63.71997443595 0.19639715103 
0.372648 63.42802301845 0.19341724055 
0.373155 63.70525602724 0.19702775552 
0.373661 63.42976905947 0.19608002234 
0.374167 63.65520427152 0.19745773227 
0.374674 63.52520660522 0.19730661185 
0.375180 63.60083662589 0.19400798543 
0.375687 63.45057745738 0.19691181541 
0.376193 63.25808530718 0.19979761362 
0.376700 63.41681212846 0.19940085238 
0.377206 63.17623573629 0.20233178751 
0.377712 63.37555310883 0.20062621231 
0.378219 63.23338493261 0.20510690251 
0.378725 63.46373115423 0.20315200985 
0.379232 63.60520452511 0.20434946868 
0.379738 63.33568644698 0.19998583711 
0.380245 62.89631607646 0.21208728750 
0.380751 63.24974904206 0.20658705696 
0.381257 63.65128236285 0.20799865861 
0.381764 63.11167685699 0.20746533246 
0.382270 63.12725897801 0.21133723901 
0.382777 63.19430712823 0.21064950087 
0.383283 63.24131471608 0.20679210379 
0.383789 62.99133299115 0.20551806366 
0.384296 62.95194346213 0.20867712064 
0.384802 62.80446568951 0.21473358859 
0.385309 63.27616219130 0.21093539349 
0.385815 63.04324492432 0.21491994935 
0.386321 63.04647688969 0.21869429091 
0.386828 62.97823409167 0.21315169095 
0.387334 63.01016438789 0.20929319265 
0.387841 63.35058581134 0.22151104951 
0.388347 63.32305874641 0.21052449401 
0.388853 62.72109735685 0.21592051665 
0.389360 63.15971365647 0.21858528984 
0.389866 63.15526495947 0.21502520892 
0.390373 62.72392238767 0.21344865105 
0.390879 62.94189361938 0.21523035627 
0.391385 62.77938541706 0.22405779834 
0.391892 62.65655782984 0.21781230128 
0.392398 62.89297259128 0.22239930526 
0.392905 62.47901943551 0.21792356696 
0.393411 62.82248889441 0.22491392303 
0.393917 62.72463706511 0.22394901890 
0.394424 62.69234040980 0.22145458407 
0.394930 62.80112644849 0.23357766105 
0.395437 62.67027734118 0.22696406281 
0.395943 62.71603333588 0.22394112319 
0.396449 62.83986629375 0.31651508269 
0.396956 62.81061876302 0.23449918192 
0.397462 62.40579224154 0.23408692395 
0.397969 62.61470708178 0.23690149116 
0.398475 62.66632851504 0.22435758003 
0.398981 62.76186197992 0.23847654175 
0.399488 62.61164172142 0.23817039437 
0.399994 62.56960753640 0.23986676000 
0.400500 62.39209498870 0.23751766762 
0.401007 62.52244893412 0.23289873256 
0.401513 62.38946186177 0.24677104405 
0.402020 62.24898494539 0.24450662505 
0.402526 62.18249887269 0.23769212510 
0.403032 62.66798152470 0.24797636092 
0.403539 62.39613129221 0.25365036860 
0.404045 62.17732110126 0.24266311711 
0.404551 62.49692006924 0.26344144854 
0.405058 62.05239744915 0.26297239811 
0.405564 62.40313867195 0.26354460679 
0.406071 62.34056052634 0.25667711167 
0.406577 62.51955476877 0.25669290857 
0.407083 62.59337177545 0.25916048661 
0.407590 62.46292122230 0.26229795538 
0.408096 62.23312407463 0.27625005316 
0.408602 62.35767251566 0.27771849258 
0.409109 62.25343484020 0.25767443850 
0.409615 62.03468512631 0.26306204854 
0.410121 62.13099944225 0.25913734860 
0.410628 62.15247428385 0.26126293108 
0.411134 61.99383127506 0.26556631976 
0.411641 62.55185281432 0.27381730663 
0.412147 62.09911662423 0.26730793196 
0.412653 61.87710187496 0.26287988807 
0.413160 62.24554041282 0.26380938624 
0.413666 62.16084336760 0.26998424717 
0.414172 61.44076944205 0.27461780532 
0.414679 61.81413191897 0.27268640039 
0.415185 61.80753108705 0.29230785131 
0.415691 61.96623835037 0.26520989345 
0.416198 61.53854093974 0.27714796643 
0.416704 61.87036849652 0.28351152135 
0.417210 62.10532501118 0.28535759180 
0.417717 62.09307240308 0.29021661212 
0.418223 61.91696999683 0.27535493924 
0.418729 61.57242684072 0.28063905028 
0.419236 62.13958639287 0.28176463031 
0.419742 61.88936497560 0.26886807600 
0.420248 61.58645143042 0.27497794384 
0.420755 62.04721668469 0.27280718531 
0.421261 62.09602424966 0.27044459148 
0.421767 61.77263963365 0.28290508484 
0.422274 61.28834538465 0.28178823007 
0.422780 62.32777468377 0.28057457592 
0.423286 61.45143850662 0.28248841496 
0.423793 62.10586004486 0.28217752282 
0.424299 61.95619701575 0.29470914461 
0.424805 61.89324039827 0.28282322391 
0.425312 61.40948542222 0.28834464554 
0.425818 61.63494815500 0.29189038581 
0.426324 61.55201767561 0.29666464654 
0.426831 61.92808168453 0.30365598413 
0.427337 61.41469725101 0.31535748419 
0.427843 61.73483388895 0.29897139818 
0.428350 61.63806520289 0.30277343744 
0.428856 61.56855998371 0.30276074254 
0.429362 61.43344511412 0.30254521622 
0.429869 61.90081452450 0.32843074033 
0.430375 61.48928679734 0.32152169922 
0.430881 61.41640462326 0.31394971744 
0.431388 61.68825206447 0.32141305757 
0.431894 61.55163521328 0.31251674097 
0.432400 61.48149383823 0.32622548720 
0.432907 61.27795221615 0.31360926478 
0.433413 61.42278902978 0.34351873994 
0.433919 61.62197659241 0.32992524507 
0.434425 61.96103491346 0.34398527481 
0.434932 61.62204549685 0.34025860604 
0.435438 61.49402017025 0.36376915351 
0.435944 61.88166983857 0.32495645007 
0.436451 60.71077114158 0.32804143242 
0.436957 61.58491855242 0.35605894283 
0.437463 60.90110941776 0.35111998600 
0.437970 61.19081920333 0.34005675943 
0.438476 61.62141118901 0.36550512135 
0.438982 61.36140988603 0.34935422969 
0.439489 61.04653061392 0.38240651209 
0.439995 61.08126204306 0.36018058287 
0.440501 61.42201537132 0.37328867259 
0.441007 60.65876672106 0.36658160275 
0.441514 60.94819381326 0.38959717786 
0.442020 60.85744135613 0.40818233572 
0.442526 60.74131846707 0.38622336220 
0.443033 60.98628751789 0.39973308425 
0.443539 61.29137472588 0.41471205331 
0.444045 60.33792630082 0.39705038418 
0.444551 61.31702425877 0.41183472329 
0.445058 61.03472753679 0.42845724955 
0.445564 60.47413965142 0.42132464460 
0.446070 60.76062729827 0.41841268315 
0.446577 60.72517904909 0.43920826812 
0.447083 61.45809292378 0.44163502204 
0.447589 61.21628110677 0.44937228174 
0.448095 61.17774056935 0.45944477196 
0.448602 60.83074355760 0.46598017563 
0.449108 60.62688571904 0.47109782093 
0.449614 60.09203067153 0.44666402296 
0.450121 61.00163720013 0.49698586140 
0.450627 60.65236414981 0.49760041945 
0.451133 60.23779330184 0.49498486168 
0.451639 60.80474455662 0.54546358189 
0.452146 59.85329633936 0.53590460098 
0.452652 60.84609366494 0.55834108066 
0.453158 59.94055394429 0.55296354157 
0.453664 60.57079617225 0.59192327553 
0.454171 60.32895771372 0.54100259020 
0.454677 60.61455430066 0.62097709193 
0.455183 59.80917348008 0.61439184402 
0.455689 59.30091181558 0.64509016484 
0.456196 59.97563191564 0.66489458725 
0.456702 60.26491065295 0.63854178918 
0.457208 59.82144219834 0.70076792347 
0.457714 60.75371141582 0.75688772476 
0.458221 59.35488898939 0.72698871323 
0.458727 59.65655425457 0.77241254564 
0.459233 61.01114922084 0.83466123288 
0.459740 60.07400035990 0.86270911124 
0.460246 59.13432594490 0.86093641080 
0.460752 60.09482411290 0.94217322663 
0.461258 59.79925244939 1.00573549211 
0.461765 60.10203177787 1.13143954816 
0.462271 60.60285390163 1.03821470157 
0.462777 60.79766233858 1.19165950423 
0.463283 59.90618244240 1.23829031860 
0.463789 60.56074286348 1.37463512689 
0.464296 60.13304537901 1.36879923907 
0.464802 58.11614827527 1.35740120209 
0.465308 59.54822602316 1.45333648135 
0.465814 60.37290653564 1.65462840897 
0.466321 59.82637209772 1.68794011516 
0.466827 59.78906140351 1.85799776790 
0.467333 60.54829582097 1.98866394157 
0.467839 61.27438574105 2.00137321811 
0.468346 59.54274029864 2.27160795989 
0.468852 61.34607716502 2.73871091923 
0.469358 56.64032018172 2.84257100107 
0.469864 59.38998770917 2.98886590002 
0.470371 63.26640770419 4.28686518198 
0.470877 56.50527168489 4.34127312878 
0.471383 57.30216312801 5.47833085887 
0.471889 55.43057025899 7.22368255222 
0.472395 54.55777819108 5.77092697839 
0.472902 48.59729287475 12.05146556729 
