0.010896 1364.35799500120 10.63631295430 
0.011402 1206.16766147652 13.18602792878 
0.011909 1084.95107641917 11.45707612397 
0.012416 968.35408353758 10.45948724207 
0.012923 887.47392573158 7.25778314827 
0.013430 821.47301853479 11.46186414401 
0.013936 786.98566548912 9.01779686636 
0.014443 738.49388177046 7.61922370929 
0.014950 682.84986228266 6.39635627402 
0.015457 628.94711937191 5.32890841594 
0.015963 582.09564762561 4.77866435952 
0.016470 546.87396579362 3.86697284503 
0.016977 507.55974918304 3.87743950005 
0.017484 474.34506959503 3.48095218683 
0.017990 449.64248225930 3.09887334110 
0.018497 422.93395727600 2.69133669307 
0.019004 400.24380509203 2.39769057487 
0.019511 381.40298870800 2.17579550091 
0.020018 360.51019168842 2.15952457875 
0.020524 344.32864697638 2.04493438434 
0.021031 328.53861409761 1.96521105039 
0.021538 317.40440294541 1.66070928686 
0.022045 299.80964533929 1.68840093067 
0.022551 288.65832076348 1.66752732340 
0.023058 279.87023704659 1.49283886218 
0.023565 269.82710990089 1.64163971387 
0.024072 260.76585751701 1.72648175156 
0.024579 250.28531805072 1.65244785821 
0.025085 242.51916151605 2.16597034002 
0.025592 236.75755503991 2.22244832730 
0.026099 229.08107459682 2.14335993597 
0.026606 223.85481896635 1.67714907594 
0.027112 218.69978821370 1.72502031355 
0.027619 211.64942094181 1.49979347461 
0.028126 207.87651987332 1.52868287573 
0.028633 202.52681752211 1.36538415709 
0.029139 197.96468881702 1.19201015770 
0.029646 194.77299276259 1.20199555848 
0.030153 188.89033155929 1.12041613085 
0.030660 186.74984060546 0.98736097064 
0.031167 182.25863224204 0.92859121675 
0.031673 178.60085110695 0.95080407424 
0.032180 176.05372443671 0.86634078204 
0.032687 173.95350155698 0.89303769262 
0.033194 170.32492590061 0.84887685685 
0.033700 167.58292471375 0.74215710548 
0.034207 164.54741507942 0.72921011334 
0.034714 161.84858787574 0.78494083751 
0.035221 160.69872339481 0.69908528251 
0.035727 158.91054688470 0.68919715610 
0.036234 156.15339177683 0.69403114151 
0.036741 153.58611001175 0.63226813686 
0.037248 152.44965000533 0.69217479211 
0.037755 149.43498977981 0.65458326264 
0.038261 148.29524834761 0.62312629730 
0.038768 146.37055695388 0.58606544650 
0.039275 146.65635011785 0.60122968169 
0.039782 145.24024513754 0.58335854984 
0.040288 143.41992715863 0.55514559310 
0.040795 142.08792470479 0.54436915201 
0.041302 140.86494176130 0.54358133867 
0.041809 138.89696300873 0.54914127831 
0.042315 136.68506526328 0.55081896443 
0.042822 136.27039937246 0.53051005572 
0.043329 135.09451442888 0.54215799053 
0.043836 134.58078745682 0.53814981009 
0.044343 132.89427405280 0.51199254993 
0.044849 132.04546289353 0.52534341684 
0.045356 130.84167694796 0.49555090336 
0.045863 129.23748488680 0.49450738550 
0.046370 128.95316882584 0.51751450470 
0.046876 127.52892659778 0.49655234624 
0.047383 126.98355401898 0.49093201203 
0.047890 125.62374592024 0.48010161603 
0.048397 124.50670751326 0.50577402238 
0.048903 124.20909103501 0.48589810212 
0.049410 123.33855255150 0.47559206051 
0.049917 123.76685228167 0.49863305993 
0.050424 122.32498622787 0.48076410222 
0.050931 121.81052049278 0.46893774228 
0.051437 119.85678658395 0.46215501448 
0.051944 120.01483320750 0.44759769110 
0.052451 118.77801330357 0.46582332003 
0.052958 119.11500574719 0.42924179453 
0.053464 118.43384463884 0.45649729896 
0.053971 116.86999937312 0.45683671399 
0.054478 116.83284000192 0.44008157671 
0.054985 116.11135000143 0.44579365947 
0.055491 115.56641580760 0.43195583848 
0.055998 114.34113334442 0.42354223304 
0.056505 115.25586130801 0.44025985727 
0.057012 113.71769239491 0.42647412371 
0.057519 112.60095690136 0.43819862065 
0.058025 113.23320088110 0.40316996764 
0.058532 112.09421485139 0.40351756732 
0.059039 111.81356850949 0.40361346166 
0.059546 111.04986548557 0.42829926405 
0.060052 110.37120928450 0.41256282301 
0.060559 110.77938637215 0.37927068207 
0.061066 110.66358677408 0.38782769085 
0.061573 109.32432418540 0.39703512427 
0.062079 108.36397115439 0.40098691453 
0.062586 107.72661099759 0.39010740728 
0.063093 108.02569255492 0.39391841535 
0.063600 107.78344401364 0.37978887139 
0.064106 106.94830509310 0.40480116593 
0.064613 106.15017090130 0.39676004313 
0.065120 105.80797285735 0.38817958704 
0.065627 106.29126009354 0.37583632982 
0.066134 104.74928997676 0.37380009486 
0.066640 105.12911340162 0.38624253886 
0.067147 104.13759564697 0.37134536592 
0.067654 103.94536792737 0.36315187144 
0.068161 104.07218760696 0.36776945928 
0.068667 103.43943685403 0.36279487430 
0.069174 102.75855735807 0.37137787275 
0.069681 102.59687972474 0.37274574878 
0.070188 102.72432250735 0.35259715846 
0.070694 101.87227070475 0.35900246887 
0.071201 101.90178729349 0.34869055865 
0.071708 101.43358154490 0.36661089836 
0.072215 101.43252341307 0.34979882016 
0.072721 101.22780929490 0.34963297749 
0.073228 100.10062423302 0.35395392962 
0.073735 100.15871853883 0.36348770749 
0.074242 100.06479737171 0.36028730314 
0.074748 99.59628209111 0.35316781664 
0.075255 99.56972627266 0.33387886896 
0.075762 99.21680615716 0.33834620347 
0.076269 99.15897199641 0.33623975003 
0.076776 98.59921841920 0.33454716602 
0.077282 98.48583269774 0.32573322248 
0.077789 97.83415081577 0.33745224754 
0.078296 98.23767652032 0.33442696353 
0.078803 97.42390878196 0.32978553219 
0.079309 97.93301999376 0.33970882724 
0.079816 97.00317927649 0.32887906248 
0.080323 97.03904729755 0.32026030043 
0.080830 97.34841077169 0.32390252060 
0.081336 97.11710188711 0.33218487316 
0.081843 96.50357997868 0.33495474752 
0.082350 96.73353983573 0.33063630470 
0.082857 96.50118673647 0.32992867432 
0.083363 96.65922009374 0.34175868887 
0.083870 96.98620244532 0.34021618778 
0.084377 96.41785093443 0.33343751779 
0.084884 96.10552011651 0.32941139289 
0.085390 95.98741605798 0.32898003688 
0.085897 95.25015595610 0.34276862920 
0.086404 95.35349555051 0.34627280436 
0.086911 95.70040803734 0.33036626688 
0.087417 95.47976027604 0.32219344615 
0.087924 95.10430917253 0.34124466791 
0.088431 94.70168254359 0.32904283323 
0.088938 94.71597909189 0.34190126939 
0.089444 94.85607369119 0.33415294104 
0.089951 94.41191070527 0.32630444240 
0.090458 94.00223736103 0.31472462722 
0.090965 93.92826661836 0.32779312990 
0.091471 93.87039775514 0.33167929828 
0.091978 93.15566469201 0.32773285150 
0.092485 92.43797997706 0.35378318709 
0.092992 93.10015596947 0.35240437820 
0.093498 93.30259796195 0.34800812634 
0.094005 92.89092507647 0.33977532614 
0.094512 92.95457224956 0.32543011157 
0.095019 92.47973044583 0.34377788092 
0.095525 92.37690659848 0.33449270812 
0.096032 92.33959029725 0.32861225952 
0.096539 92.13118530743 0.32776712005 
0.097046 92.39012067699 0.32609910705 
0.097552 92.00811416497 0.33118644732 
0.098059 92.25883597404 0.32299087166 
0.098566 91.41089350995 0.31146955138 
0.099073 92.12841596099 0.31143402120 
0.099579 91.08589175351 0.31927808972 
0.100086 91.14731733953 0.32596197166 
0.100593 91.24577315332 0.33252443940 
0.101100 91.55604739512 0.31500514630 
0.101606 91.32833498211 0.32009768629 
0.102113 89.66858208629 0.30664972969 
0.102620 89.64434160475 0.30896183076 
0.103127 89.12281878365 0.29468321525 
0.103633 89.15335970636 0.28686780039 
0.104140 88.80881283379 0.30616234194 
0.104647 88.41137678756 0.29695721997 
0.105154 88.36141425408 0.29453396184 
0.105660 88.93669887747 0.30904974125 
0.106167 88.12597369786 0.30483562200 
0.106674 88.18382778417 0.29905063481 
0.107181 87.92309999223 0.29776236897 
0.107687 88.21686581455 0.29949697976 
0.108194 87.59290021941 0.30626366330 
0.108701 88.28322525309 0.28785592777 
0.109208 87.78615156585 0.30385755520 
0.109714 87.80762908006 0.28858736614 
0.110221 87.77346319093 0.29502126033 
0.110728 87.66352336240 0.29325896337 
0.111235 87.46472438381 0.27707134983 
0.111741 87.10270558077 0.28115123410 
0.112248 87.15885108202 0.28959859481 
0.112755 87.46744691340 0.28371258100 
0.113262 87.33424982478 0.27702879335 
0.113768 87.37301353229 0.27471859551 
0.114275 86.81176927981 0.27924436549 
0.114782 87.11980598271 0.28131609112 
0.115289 86.57071618053 0.27935813027 
0.115795 86.46248886178 0.27694458941 
0.116302 86.37588986704 0.27397901707 
0.116809 86.60668932175 0.26782755657 
0.117316 86.67408158563 0.27315278558 
0.117822 85.51711138582 0.27586345515 
0.118329 86.36759834059 0.27288092250 
0.118836 86.19805107076 0.26876840748 
0.119342 86.50948375311 0.26669491407 
0.119849 85.69918913414 0.26285131590 
0.120356 86.05052435252 0.26471408871 
0.120863 85.99556410295 0.26691590097 
0.121369 85.27297119853 0.27082413492 
0.121876 85.82239613847 0.26175746852 
0.122383 85.67586056942 0.26238894201 
0.122890 85.05690662791 0.27123205887 
0.123396 85.20410079216 0.26183297115 
0.123903 85.24008126847 0.26473882323 
0.124410 85.35407794389 0.26718556330 
0.124917 84.81085844725 0.25854645730 
0.125423 85.17023325897 0.25716954365 
0.125930 84.99528365879 0.25785525940 
0.126437 84.69109907035 0.25125443487 
0.126944 85.18728761813 0.26467816441 
0.127450 84.62895405377 0.24890568586 
0.127957 84.71658417508 0.25546322654 
0.128464 85.08284510416 0.25854359966 
0.128970 84.61340361915 0.25421311041 
0.129477 84.63175370576 0.25399599143 
0.129984 84.49966418926 0.25477538825 
0.130491 84.63474227882 0.24896508407 
0.130997 83.87632772406 0.24920193504 
0.131504 84.32609804953 0.25001028197 
0.132011 84.50712586662 0.24734937833 
0.132518 84.24390407759 0.24777928735 
0.133024 84.16008075552 0.24819950302 
0.133531 83.89252952878 0.24713652259 
0.134038 84.13199801798 0.24788033194 
0.134545 83.71239631685 0.24477200904 
0.135051 84.11817582465 0.24460594258 
0.135558 84.10719713047 0.24585465443 
0.136065 83.60837997884 0.24045783671 
0.136571 83.38139278208 0.24392196638 
0.137078 83.63251441567 0.24799721952 
0.137585 83.58774417286 0.24241389787 
0.138092 83.69213243227 0.24525484048 
0.138598 83.74281904964 0.23864357024 
0.139105 83.32478960464 0.24206150070 
0.139612 83.22133663266 0.24463561991 
0.140119 83.00007989795 0.24319728303 
0.140625 82.91514044047 0.24799034909 
0.141132 82.90214515715 0.23524083264 
0.141639 82.97064976526 0.23758498870 
0.142145 82.65347460382 0.24289476998 
0.142652 82.93509953849 0.24482040670 
0.143159 82.60493976611 0.24054405804 
0.143666 82.58530653205 0.24397697534 
0.144172 82.45814491021 0.23810453348 
0.144679 82.41120352226 0.23966789800 
0.145186 82.22842384444 0.24049349101 
0.145692 81.75089425122 0.24437307322 
0.146199 81.94607951570 0.24314259335 
0.146706 81.73318782990 0.24318797079 
0.147213 82.04147300750 0.23794851863 
0.147719 81.70873552261 0.24153577011 
0.148226 81.70573047755 0.24193961799 
0.148733 81.63125186318 0.24709526099 
0.149240 81.60073483108 0.23888562463 
0.149746 81.73613322895 0.23790459974 
0.150253 81.38550628853 0.24258967166 
0.150760 81.75344263791 0.24413148792 
0.151266 81.10718547318 0.24179207413 
0.151773 81.18672344398 0.24357721841 
0.152280 81.38568461273 0.24171562364 
0.152787 80.60504560515 0.23791523171 
0.153293 81.10677076136 0.24398833906 
0.153800 80.84262305681 0.24416286762 
0.154307 80.55799941928 0.24104970361 
0.154813 80.79413811436 0.23583619719 
0.155320 80.81549702732 0.24059784034 
0.155827 80.84260117685 0.24058352325 
0.156334 80.95200345999 0.23932908487 
0.156840 80.30091900556 0.23682882556 
0.157347 80.31471590476 0.23761396611 
0.157854 80.97069403438 0.23198125278 
0.158360 80.19878538843 0.23681283854 
0.158867 80.37420793685 0.23185423008 
0.159374 80.23236023085 0.23610866719 
0.159881 80.14561094946 0.23614882905 
0.160387 79.87169400995 0.23330088131 
0.160894 79.97053382508 0.23349654733 
0.161401 79.62823542266 0.23300654251 
0.161907 79.74111157487 0.23205156253 
0.162414 79.80896441160 0.23395614994 
0.162921 79.55029304352 0.23585557656 
0.163427 79.58240934275 0.23696644446 
0.163934 79.68742582625 0.23352147093 
0.164441 79.48343441876 0.23233923434 
0.164948 79.53176896977 0.23267187715 
0.165454 79.27546561716 0.22665105596 
0.165961 79.44880123455 0.23252670691 
0.166468 79.10626044568 0.22739456250 
0.166974 79.26054116660 0.23016443659 
0.167481 79.01909516930 0.23821812392 
0.167988 79.42388377882 0.23115620736 
0.168495 79.41527758926 0.23076258490 
0.169001 79.15901083630 0.23024406970 
0.169508 78.97899681682 0.23767146261 
0.170015 79.18425706558 0.23548799401 
0.170521 79.10986205528 0.22802256455 
0.171028 79.14080528808 0.24042379081 
0.171535 79.08223358765 0.23175973490 
0.172041 79.18311579130 0.24033139506 
0.172548 78.97212225721 0.24216014745 
0.173055 79.32052935014 0.23511887640 
0.173562 79.39057502936 0.23498348765 
0.174068 79.07229636467 0.23603728357 
0.174575 78.74803340320 0.23481917497 
0.175082 78.81826283262 0.23872903889 
0.175588 78.73009695122 0.24474933640 
0.176095 78.80411994676 0.23675713173 
0.176602 79.12491880011 0.24018681098 
0.177108 78.87714253115 0.23764220227 
0.177615 78.55937215025 0.23819941652 
0.178122 79.15285611385 0.23270558343 
0.178629 78.83831415054 0.23815889682 
0.179135 78.75184755214 0.23343653164 
0.179642 78.55451422918 0.23386017623 
0.180149 78.71590723898 0.23789412552 
0.180655 78.76653278457 0.23461439667 
0.181162 78.61758272336 0.23389073207 
0.181669 78.44332481802 0.23056719130 
0.182175 78.50427950026 0.24305871691 
0.182682 78.82806898853 0.24416030622 
0.183189 78.96534859990 0.24262295909 
0.183695 78.77519938937 0.24443013146 
0.184202 78.63486928809 0.24233944598 
0.184709 78.10035081749 0.24664388881 
0.185216 78.28722216251 0.24385019659 
0.185722 78.24624869816 0.24778087232 
0.186229 77.69902529343 0.23687548943 
0.186736 77.77896954043 0.24145828616 
0.187242 77.86340901638 0.23927307301 
0.187749 77.90353909347 0.25260365521 
0.188256 78.06102558019 0.25005972825 
0.188762 77.55201268212 0.24590641954 
0.189269 77.91038533286 0.24357135610 
0.189776 77.64944904540 0.23972556776 
0.190282 78.00049230079 0.24335958032 
0.190789 77.89836110952 0.24151480547 
0.191296 77.55425701192 0.23764438523 
0.191802 77.49837016479 0.24335391378 
0.192309 77.16633266273 0.23925006476 
0.192816 77.00417992302 0.24204175952 
0.193323 76.94303867131 0.23111560742 
0.193829 76.87625703053 0.23472410571 
0.194336 76.92716279643 0.24038085757 
0.194843 76.83560348085 0.23619392243 
0.195349 76.58389444143 0.23334597602 
0.195856 76.41614278474 0.23546239249 
0.196363 75.95317702811 0.23127691941 
0.196869 76.64456934284 0.23508597628 
0.197376 76.27427009428 0.23164247647 
0.197883 76.27431709215 0.22739003979 
0.198389 76.12099886204 0.23075948511 
0.198896 75.90765077994 0.22607998848 
0.199403 76.02765230997 0.22089923471 
0.199909 75.82927972834 0.21993853713 
0.200416 75.99821548069 0.22217642562 
0.200923 75.82095083319 0.22675984514 
0.201429 75.69753721960 0.22777509325 
0.201936 75.62501121903 0.21785369832 
0.202443 75.24556888916 0.22238812733 
0.202949 75.43606579483 0.22045885548 
0.203456 75.62230699671 0.22050229665 
0.203963 75.44882369685 0.21957522814 
0.204469 75.68400305690 0.21614519338 
0.204976 75.66126223450 0.21993734513 
0.205483 75.45749946531 0.21640607701 
0.205989 75.70130569457 0.22104998632 
0.206496 75.42445581486 0.21584161649 
0.207003 75.37656215592 0.21347179911 
0.207509 75.47385641212 0.21299827734 
0.208016 75.34505422301 0.21347047062 
0.208523 75.76647929748 0.21252443711 
0.209029 75.27380315587 0.21141855703 
0.209536 75.14138842298 0.21740321216 
0.210043 75.26383463071 0.21240055716 
0.210549 75.05261280316 0.20803280817 
0.211056 75.12403010379 0.21396619663 
0.211563 74.93490029975 0.21063318190 
0.212069 75.02053495170 0.20959294980 
0.212576 74.80980466763 0.20969127689 
0.213083 74.73148732625 0.21150835846 
0.213589 74.73759415217 0.21057316707 
0.214096 74.56502239243 0.20863887736 
0.214603 75.13589396951 0.20993045039 
0.215109 74.66860589237 0.20787957509 
0.215616 74.83784868521 0.20532124722 
0.216123 74.57914103385 0.20363034718 
0.216629 74.62133722588 0.20962925112 
0.217136 74.81616859044 0.20958599315 
0.217643 74.19831940429 0.20932280001 
0.218149 74.10087121458 0.20541634745 
0.218656 74.19268647871 0.20578467776 
0.219163 74.36739374006 0.20960125635 
0.219669 74.09353847949 0.21028851607 
0.220176 74.23690845323 0.20312815655 
0.220683 74.16325813885 0.20361090398 
0.221189 74.14528763820 0.20806518611 
0.221696 74.22212903981 0.20696052381 
0.222203 73.99722309589 0.20497109526 
0.222709 74.08036084607 0.20409284331 
0.223216 73.86329673609 0.20347074985 
0.223722 73.93292881306 0.20114633717 
0.224229 73.88817872328 0.20429210211 
0.224736 73.83805265861 0.20266571278 
0.225242 73.71770911969 0.20782998807 
0.225749 73.61322890509 0.19818809540 
0.226256 73.64092198879 0.19827489892 
0.226762 73.52455064717 0.20251472736 
0.227269 73.55222449382 0.20065529635 
0.227776 73.28088252265 0.20187179261 
0.228282 73.33941129597 0.20162533464 
0.228789 73.35127179262 0.20314224309 
0.229296 73.22612054231 0.20325196015 
0.229802 73.29562120659 0.20191384200 
0.230309 73.18412316543 0.20038149664 
0.230816 73.32840666874 0.20144791252 
0.231322 73.27809104189 0.20283582487 
0.231829 73.42905370888 0.20253706129 
0.232335 73.08562771721 0.19915364715 
0.232842 73.02042682223 0.19992024078 
0.233349 73.06255150798 0.19857690856 
0.233855 72.89667813352 0.19902534473 
0.234362 72.90978625887 0.19950526888 
0.234869 72.81998386818 0.19710026939 
0.235375 72.99401611236 0.19948806736 
0.235882 72.58492816545 0.20151173416 
0.236389 72.60944211949 0.20204595493 
0.236895 72.68055380762 0.19962967182 
0.237402 72.59238350418 0.19800106916 
0.237908 72.46502954444 0.19674452109 
0.238415 72.57102597427 0.20369122060 
0.238922 72.36384262154 0.20288380940 
0.239428 72.39888935139 0.20344031580 
0.239935 72.14545606975 0.20224809254 
0.240442 71.90675151981 0.20117077559 
0.240948 72.29766735519 0.19784004005 
0.241455 72.27515049885 0.19992992721 
0.241962 72.16094561172 0.20109374203 
0.242468 71.99123040920 0.20003253872 
0.242975 72.14138543126 0.19739693076 
0.243481 71.92320886712 0.20053818176 
0.243988 71.86736262673 0.19793753237 
0.244495 71.72424670031 0.19806019684 
0.245001 71.70334226810 0.20221154678 
0.245508 71.85769061993 0.19987886909 
0.246015 71.78430865772 0.19480296773 
0.246521 71.67279206584 0.19634202603 
0.247028 71.78636511565 0.20076354594 
0.247534 71.47923103458 0.19990370440 
0.248041 71.46899062274 0.19560603859 
0.248548 71.50398347593 0.19977592553 
0.249054 71.43802170308 0.19647922635 
0.249561 71.27882559575 0.19984606803 
0.250068 71.49659643412 0.19697276744 
0.250574 71.47576959612 0.19393142604 
0.251081 71.58099921902 0.19960017453 
0.251587 71.09619024528 0.19790196344 
0.252094 71.10644613670 0.19668994017 
0.252601 71.02145310547 0.19533117165 
0.253107 71.33443368143 0.19476942253 
0.253614 71.16981819467 0.19742525826 
0.254120 71.07530049847 0.19459926437 
0.254627 70.79864766758 0.19538108750 
0.255134 71.14010313425 0.19627098604 
0.255640 70.84651086741 0.19759342802 
0.256147 71.05932761664 0.19369414188 
0.256654 70.97646987706 0.20092010685 
0.257160 71.23894421513 0.19710116954 
0.257667 71.37197161196 0.19512795015 
0.258173 71.43976963615 0.19757386463 
0.258680 71.62237497261 0.19585415600 
0.259187 71.33310633764 0.19206852540 
0.259693 71.40436112669 0.19519197224 
0.260200 71.71798369555 0.19219106330 
0.260706 71.61429958658 0.19478099209 
0.261213 71.54049050212 0.19542374496 
0.261720 71.81045613553 0.19756535150 
0.262226 71.59605541005 0.19484486151 
0.262733 71.71909662896 0.19260963418 
0.263239 71.65274927434 0.19590905618 
0.263746 71.76588866409 0.19198797465 
0.264253 71.91848229503 0.19400445206 
0.264759 71.63968445337 0.19317842776 
0.265266 71.70427003699 0.19490919364 
0.265772 71.40684679541 0.19234113055 
0.266279 71.99424520449 0.19362628831 
0.266786 71.64920525682 0.19171213562 
0.267292 71.83534592606 0.19216032780 
0.267799 71.91497245933 0.19390435126 
0.268305 71.66932354172 0.19360668948 
0.268812 71.74492177554 0.19070351174 
0.269319 71.68145592370 0.19154684551 
0.269825 71.88215587767 0.18836910029 
0.270332 72.09509851369 0.18883199543 
0.270838 71.83746977584 0.18760410771 
0.271345 72.15037445464 0.19023183320 
0.271852 72.13141157168 0.19236935475 
0.272358 72.49915867973 0.19444803892 
0.272865 72.32698308641 0.19104748944 
0.273371 72.25262258492 0.19199945015 
0.273878 72.27782607972 0.19607434181 
0.274385 72.54528089279 0.19314728311 
0.274891 72.37900988505 0.18955414698 
0.275398 72.13665865136 0.18566214439 
0.275904 72.20331306576 0.19094850639 
0.276411 72.33694688458 0.18290216708 
0.276917 72.18853473210 0.18839551958 
0.277424 72.10270980650 0.18177200300 
0.277931 72.14962712484 0.18166392332 
0.278437 72.11693227933 0.18338602104 
0.278944 72.11957247915 0.18165597820 
0.279450 72.19271509552 0.18277146936 
0.279957 72.22498818117 0.18642878167 
0.280464 72.05566998913 0.18481149304 
0.280970 71.93205385405 0.18809030789 
0.281477 72.36968633607 0.18274814586 
0.281983 71.95008611144 0.17840930746 
0.282490 72.05975273102 0.18198598539 
0.282996 72.15518660287 0.18330419262 
0.283503 72.07493699638 0.17860777688 
0.284010 72.14667358994 0.18133226620 
0.284516 72.11913604776 0.18520908558 
0.285023 71.68957473732 0.17640874284 
0.285529 71.97291133990 0.17688035811 
0.286036 71.86645753463 0.17617895661 
0.286542 71.62039924356 0.17213557575 
0.287049 71.62717921504 0.17365263117 
0.287556 71.42866890613 0.17534251297 
0.288062 71.55522016938 0.17087392992 
0.288569 71.23918814713 0.17098908943 
0.289075 71.44665480015 0.17185588482 
0.289582 71.48575896964 0.16862637695 
0.290088 71.17063881288 0.16633055246 
0.290595 71.15295360689 0.16585832819 
0.291102 71.34137446233 0.17116599112 
0.291608 71.13371600456 0.16802750248 
0.292115 71.35235311203 0.16511679859 
0.292621 71.20804638753 0.16944576604 
0.293128 71.18255319144 0.16618887062 
0.293634 70.95987176037 0.16543942516 
0.294141 71.04134650655 0.16547261943 
0.294647 71.15526360503 0.16805504756 
0.295154 70.75979621679 0.16429847620 
0.295661 70.88996572050 0.16703820766 
0.296167 70.86000440728 0.16477492817 
0.296674 70.88946541843 0.16587658196 
0.297180 70.59508591771 0.16239315933 
0.297687 70.82151390118 0.16700930111 
0.298193 70.57825823629 0.16683363791 
0.298700 70.66880018044 0.16693504125 
0.299207 70.75522829965 0.16276800889 
0.299713 70.62905619711 0.16412205845 
0.300220 70.52412346121 0.16821308001 
0.300726 70.40980818545 0.16219452919 
0.301233 70.59513078465 0.16481169276 
0.301739 70.44499096726 0.16405440814 
0.302246 70.30593571112 0.16382086125 
0.302752 70.35999729185 0.16242119084 
0.303259 70.58562149747 0.16218968820 
0.303765 70.49589918331 0.15834790995 
0.304272 70.33769523018 0.16059061492 
0.304779 70.17916075178 0.15997129210 
0.305285 70.25772339418 0.15926200967 
0.305792 70.05862490082 0.16054041560 
0.306298 70.16477192227 0.15970605835 
0.306805 70.00661757288 0.16374208781 
0.307311 69.99357178462 0.15589621387 
0.307818 69.90866283891 0.15679095106 
0.308324 69.81530411148 0.15712127211 
0.308831 69.70718691957 0.15759329584 
0.309337 69.42974540651 0.15680136410 
0.309844 69.35236285910 0.15469545101 
0.310350 69.25128362268 0.15627624481 
0.310857 69.11449829902 0.15176382519 
0.311364 68.88443161843 0.15108612347 
0.311870 68.37113814425 0.14759619641 
0.312377 68.30731713352 0.15093783326 
0.312883 68.41105761328 0.14913937055 
0.313390 67.98625021802 0.14496512356 
0.313896 67.85334324174 0.14584692794 
0.314403 67.93933506871 0.14390352822 
0.314909 67.64477284728 0.14557163989 
0.315416 67.51641046852 0.14506526708 
0.315922 67.48781276571 0.14562495679 
0.316429 67.24644238565 0.13979408425 
0.316935 67.19531682627 0.14110749186 
0.317442 67.14455129205 0.14178324146 
0.317948 67.22791397609 0.14065051225 
0.318455 67.19544340313 0.14079267854 
0.318961 66.96141740444 0.14442020234 
0.319468 66.78240957927 0.14373779139 
0.319975 66.80417087164 0.14302275941 
0.320481 66.84970898960 0.14361759222 
0.320988 66.88647469639 0.14551750963 
0.321494 66.53624930205 0.14055733552 
0.322001 66.90653431214 0.16498886950 
0.322507 66.62806539509 0.13924689062 
0.323014 66.58771535340 0.14183826019 
0.323520 66.54992310372 0.14501617451 
0.324027 66.62712053288 0.14215873977 
0.324533 66.45775715400 0.14372758726 
0.325040 66.27538890807 0.14128018496 
0.325546 66.50447255579 0.14285762117 
0.326053 66.30281871432 0.14030397003 
0.326559 66.33909647570 0.13693408596 
0.327066 66.24013082130 0.13870824101 
0.327572 66.22041232775 0.13782613789 
0.328079 66.10898527390 0.14356218487 
0.328585 66.34247360396 0.13764023474 
0.329092 66.08111556004 0.13764453303 
0.329598 65.96132268074 0.14144691459 
0.330105 65.90356558904 0.14040105841 
0.330611 65.91333496588 0.13906464697 
0.331118 66.02418007506 0.13813031638 
0.331624 65.90519365711 0.14149421073 
0.332131 66.00677435342 0.13920437407 
0.332637 66.02221301565 0.14055313874 
0.333144 65.93637940936 0.13890057543 
0.333650 65.84216911736 0.13643557260 
0.334157 65.79420424372 0.13945137120 
0.334663 65.81857523567 0.13752674301 
0.335170 65.79026704636 0.13753149748 
0.335676 65.83084053219 0.14195904638 
0.336183 65.87694987072 0.13984172698 
0.336689 65.56286896409 0.13814274139 
0.337196 65.69163960961 0.14144831857 
0.337702 65.77969109022 0.13993089435 
0.338209 65.44965665018 0.13866560650 
0.338715 65.50474950108 0.13771649423 
0.339222 65.41357500023 0.13958119981 
0.339728 65.25674797834 0.13937218649 
0.340235 65.51646183323 0.17896371469 
0.340741 65.15994686313 0.13913729294 
0.341248 65.19057956700 0.14061595605 
0.341754 65.24781095821 0.13689459720 
0.342261 65.30856780267 0.14125950461 
0.342767 65.37081946806 0.14030096052 
0.343274 64.72324802355 0.13835781156 
0.343780 65.17820177000 0.13921097868 
0.344287 65.30536774836 0.14273582284 
0.344793 65.07988469735 0.13843984437 
0.345300 64.99703484427 0.13985476054 
0.345806 65.14055286654 0.14105615014 
0.346313 65.23332889134 0.14034421839 
0.346819 64.88708673631 0.14322942244 
0.347325 65.10811214661 0.14424012954 
0.347832 65.07377124306 0.14393804058 
0.348338 65.18507607678 0.14496320245 
0.348845 64.93093389618 0.14726748655 
0.349351 64.73951345211 0.14844780856 
0.349858 64.98266656405 0.15067494773 
0.350364 64.93790722146 0.14663358666 
0.350871 64.70590026207 0.14873931579 
0.351377 64.72869471935 0.14890581483 
0.351884 64.50710308495 0.14857354013 
0.352390 64.38863947872 0.14592721046 
0.352897 64.51942009371 0.14775658231 
0.353403 64.56545590621 0.14659124476 
0.353910 64.23070182824 0.15195366067 
0.354416 64.23052149443 0.15355900293 
0.354923 64.24982823162 0.15172254314 
0.355429 64.38861554346 0.15370856146 
0.355935 64.07445476941 0.15085686301 
0.356442 63.86488623670 0.15175658245 
0.356948 64.07493177923 0.15400301070 
0.357455 63.79785529752 0.15337194458 
0.357961 63.62029392284 0.15412573097 
0.358468 64.00653003659 0.15615826013 
0.358974 63.63342591499 0.22090726757 
0.359481 64.10472123013 0.20372860343 
0.359987 63.73035430071 0.19753919226 
0.360494 64.00567996153 0.18807549990 
0.361000 63.66855771943 0.18899339962 
0.361506 63.80337558659 0.18344314497 
0.362013 63.74770073258 0.18450261988 
0.362519 64.00914529636 0.18570520470 
0.363026 63.80549516015 0.18594354582 
0.363532 63.99909593169 0.18627885733 
0.364039 63.94205386709 0.17873361750 
0.364545 63.98946064910 0.18452556977 
0.365052 64.00201434090 0.18514087113 
0.365558 64.07539610389 0.18073201842 
0.366064 64.00463386575 0.18655203887 
0.366571 63.69173192376 0.18661200231 
0.367077 63.47708674543 0.18878480840 
0.367584 63.93091290717 0.18793371266 
0.368090 63.71148642204 0.18924443071 
0.368597 63.88116252494 0.19142660038 
0.369103 64.00584223771 0.19058062023 
0.369610 63.88643390022 0.18771482221 
0.370116 63.16930333181 0.18641881204 
0.370622 63.49776416219 0.18779111943 
0.371129 63.58514612582 0.19405140564 
0.371635 63.51851677180 0.19021750371 
0.372142 63.55966931532 0.19579678033 
0.372648 63.58577583598 0.19315229325 
0.373155 63.37875235795 0.19586640865 
0.373661 63.48437905445 0.19655427308 
0.374167 63.36516933282 0.19705715742 
0.374674 63.95596039464 0.19549997538 
0.375180 63.41215048548 0.19961111881 
0.375687 63.05881678452 0.19910688747 
0.376193 63.62227062933 0.20110869079 
0.376700 63.72514085492 0.19860248190 
0.377206 63.47444697733 0.20020145446 
0.377712 63.52266523130 0.20445530026 
0.378219 63.46533190222 0.20014256249 
0.378725 63.45309655645 0.20475191733 
0.379232 63.25607944158 0.20696320949 
0.379738 63.39182730849 0.20751731948 
0.380245 63.42959353215 0.20605633019 
0.380751 63.56344028540 0.20869231907 
0.381257 63.23327081425 0.20989898477 
0.381764 63.08787432057 0.21171654380 
0.382270 62.94131402026 0.20509397783 
0.382777 63.18008918751 0.20607835898 
0.383283 63.24101274193 0.20799775849 
0.383789 62.96563366240 0.20952476158 
0.384296 63.42748467384 0.21381068706 
0.384802 63.33746610773 0.21172723112 
0.385309 63.02177875163 0.20915733869 
0.385815 62.89733881088 0.21213315412 
0.386321 63.00320387464 0.21405399890 
0.386828 62.97905471844 0.21296346562 
0.387334 62.83992096142 0.21122338844 
0.387841 62.85580030529 0.21598277507 
0.388347 62.83960675144 0.21167687690 
0.388853 63.04464649305 0.21031131535 
0.389360 62.34911053442 0.21207084321 
0.389866 63.01277603056 0.21358697160 
0.390373 63.00160878768 0.21564791245 
0.390879 62.81090650788 0.21655303099 
0.391385 62.59062348850 0.21981685941 
0.391892 62.87394305446 0.21740341751 
0.392398 63.03991633395 0.22159264805 
0.392905 62.32042028188 0.22349903027 
0.393411 62.89560807646 0.22415758367 
0.393917 62.65654917903 0.22248724731 
0.394424 62.74354481278 0.22421172326 
0.394930 63.09302459203 0.22541085643 
0.395437 62.74156443295 0.22485710175 
0.395943 62.33456298535 0.22426477475 
0.396449 62.43655066304 0.27162466490 
0.396956 62.70776492418 0.23092383269 
0.397462 62.82817592936 0.23459061058 
0.397969 62.53411037559 0.23330482400 
0.398475 62.47453978464 0.23962659209 
0.398981 62.57263136862 0.23978379659 
0.399488 62.35131103289 0.23795178598 
0.399994 62.47612450178 0.24094411998 
0.400500 62.82860143368 0.24713635956 
0.401007 62.62237783223 0.23825849596 
0.401513 62.73375111089 0.24431013639 
0.402020 62.20287629618 0.23799964127 
0.402526 61.90002416723 0.24369355211 
0.403032 62.14706880334 0.24202337215 
0.403539 62.68097445478 0.25536974716 
0.404045 61.92381102070 0.24421119846 
0.404551 62.49350703344 0.26562542882 
0.405058 62.18873709155 0.26496397614 
0.405564 62.55066183820 0.26046740815 
0.406071 62.21944288655 0.26062469617 
0.406577 62.46081692860 0.26365752158 
0.407083 62.06537755854 0.25648360163 
0.407590 62.16527856748 0.26298844087 
0.408096 62.26701497470 0.27932731241 
0.408602 62.26563098090 0.26834780106 
0.409109 62.16895023133 0.25698609310 
0.409615 62.08612190765 0.27226850097 
0.410121 62.06619642874 0.26549224034 
0.410628 62.54698533898 0.26475211668 
0.411134 62.13374131803 0.27053292452 
0.411641 62.29423631619 0.27224033106 
0.412147 62.33465432162 0.25934282664 
0.412653 61.92619063833 0.27011624162 
0.413160 62.29977591170 0.27156403833 
0.413666 62.17687800164 0.26350833777 
0.414172 61.90001225600 0.27880548790 
0.414679 61.91918262366 0.26832522945 
0.415185 62.11465522992 0.28500999367 
0.415691 61.64810815250 0.26458529889 
0.416198 61.70565332771 0.28303157732 
0.416704 61.93826646405 0.27631867306 
0.417210 61.90193660156 0.28093053209 
0.417717 62.55573206510 0.29158553763 
0.418223 61.72288881430 0.28448875946 
0.418729 61.81764600032 0.27941727443 
0.419236 62.19274993621 0.28601911334 
0.419742 61.71359614037 0.27072951921 
0.420248 61.68753618838 0.27146948945 
0.420755 62.16697973891 0.28267822207 
0.421261 61.88426241537 0.27360742566 
0.421767 61.90999185481 0.27994053195 
0.422274 61.64688246490 0.28312815135 
0.422780 62.32333464669 0.28269185489 
0.423286 61.48084903645 0.28491668495 
0.423793 61.94031620905 0.27713717449 
0.424299 61.55768743851 0.29021026727 
0.424805 61.79823262835 0.28926069138 
0.425312 61.54077265069 0.29980551497 
0.425818 61.65550173544 0.27677758326 
0.426324 61.59914777974 0.31549766387 
0.426831 61.54432526245 0.29474039237 
0.427337 61.77546683493 0.30521269864 
0.427843 61.60105790789 0.30450765961 
0.428350 61.31595404817 0.30572445969 
0.428856 61.97057734510 0.30708809386 
0.429362 61.46699127071 0.30729003691 
0.429869 61.06405691624 0.30838271694 
0.430375 61.41662563701 0.30896312078 
0.430881 61.25235650192 0.32005571937 
0.431388 61.40058917785 0.31807275874 
0.431894 61.56886378472 0.32276809736 
0.432400 61.50251879594 0.32917060466 
0.432907 61.56627649140 0.31688740054 
0.433413 61.35837960992 0.33128193065 
0.433919 61.48943872385 0.34238255005 
0.434425 61.48823569435 0.34208143115 
0.434932 61.45579642413 0.33128873765 
0.435438 62.07590053719 0.36029780337 
0.435944 61.44522176791 0.34311483044 
0.436451 61.43714511633 0.33579117074 
0.436957 61.76589770647 0.35825249062 
0.437463 61.97937765443 0.34842518770 
0.437970 61.35501401913 0.37118295688 
0.438476 61.14025893478 0.36002555849 
0.438982 61.36883993914 0.37266874281 
0.439489 61.01013551364 0.37296962651 
0.439995 61.45406297764 0.37069001075 
0.440501 62.02857633504 0.38218991378 
0.441007 61.53864677871 0.37018393127 
0.441514 61.05283285298 0.37057151209 
0.442020 61.31587759902 0.39445619473 
0.442526 60.86347000821 0.39938753189 
0.443033 60.76520476979 0.38102944921 
0.443539 61.63285353780 0.41415040211 
0.444045 61.10570669426 0.41797511272 
0.444551 60.52350502594 0.41559912975 
0.445058 60.86052870803 0.39847328204 
0.445564 61.35268637792 0.42858438149 
0.446070 60.37891145290 0.41165767710 
0.446577 60.56880997680 0.43878615812 
0.447083 60.45772912016 0.44346582723 
0.447589 61.39003110842 0.47418484422 
0.448095 61.21719015172 0.46937032200 
0.448602 61.63217301700 0.49451286556 
0.449108 60.55845204925 0.46184264933 
0.449614 60.50703676602 0.48615707292 
0.450121 61.03437507406 0.49558561297 
0.450627 60.76587102956 0.50655407077 
0.451133 60.39033123727 0.51002602139 
0.451639 59.50724838051 0.53260048684 
0.452146 59.66543421403 0.53624279112 
0.452652 60.03878273887 0.55362362593 
0.453158 59.91215942021 0.55702279109 
0.453664 60.35869612861 0.59491798521 
0.454171 61.03616180762 0.57191418193 
0.454677 61.14266598107 0.59639142826 
0.455183 60.40503762041 0.61259044753 
0.455689 60.20566970237 0.63022765982 
0.456196 59.64082216645 0.66598274004 
0.456702 60.80793325784 0.63289241345 
0.457208 60.48140553024 0.68307455284 
0.457714 60.83422211903 0.75126620108 
0.458221 60.88383639535 0.76149140131 
0.458727 60.46561557702 0.79372816819 
0.459233 60.13545295629 0.79290868557 
0.459740 61.04393836207 0.86408567802 
0.460246 60.48542384488 0.87899247685 
0.460752 58.89019902141 0.92929842467 
0.461258 59.96065209035 0.97223207307 
0.461765 59.98210038343 1.04867067242 
0.462271 61.31332213519 1.04453792775 
0.462777 60.91486451002 1.21562878356 
0.463283 60.80179804064 1.26162535945 
0.463789 59.36685630490 1.40157404638 
0.464296 60.87213826840 1.38491243216 
0.464802 60.34770606458 1.34634274657 
0.465308 61.14075370479 1.53601858073 
0.465814 58.64719208532 1.60211701842 
0.466321 61.26807171545 1.75878659986 
0.466827 59.90240278125 1.81192642077 
0.467333 60.21471234202 1.86705503169 
0.467839 61.21745353920 2.02790759346 
0.468346 60.08209002244 2.36299809979 
0.468852 58.46752621797 2.47946397582 
0.469358 59.16029269966 2.85778435593 
0.469864 58.72643204066 2.92556537166 
0.470371 58.29930095955 3.81650616792 
0.470877 57.04794927795 4.32565248819 
0.471383 57.32911150789 5.62776172534 
0.471889 55.55611714443 7.32614696352 
0.472395 56.89561228742 5.84384543945 
0.472902 48.18167879995 11.43457289532 
