0.010896 1349.85578407979 14.56225003939 
0.011402 1202.83560944341 12.33767866489 
0.011909 1087.45086183461 10.81655841895 
0.012416 980.34172715817 8.56351316492 
0.012923 893.35049491339 8.15117515796 
0.013430 832.81563762510 10.51458737410 
0.013936 794.12949218949 8.68465004460 
0.014443 739.71359022037 7.42983879852 
0.014950 682.80986861838 6.42942997929 
0.015457 632.69962323273 5.72212082440 
0.015963 583.18908470140 4.41882327798 
0.016470 547.01572372665 4.35010862610 
0.016977 517.52672311951 3.78834632972 
0.017484 479.77216727388 3.36488108024 
0.017990 454.75665000940 3.09684104068 
0.018497 432.16599656994 2.88602489580 
0.019004 406.29219582444 2.43561701913 
0.019511 386.97781075582 2.21634781861 
0.020018 367.44834947058 2.16701363708 
0.020524 350.04486950649 1.95091163130 
0.021031 333.51192966077 1.88900557420 
0.021538 320.70519889412 1.71054400239 
0.022045 310.07558749008 1.69373788395 
0.022551 295.39022306167 1.55725603977 
0.023058 284.64965312372 1.62179897841 
0.023565 276.03505487566 1.46046355745 
0.024072 265.47273487908 1.67599752221 
0.024579 257.25922937378 1.71633360776 
0.025085 250.70177003783 2.12753507697 
0.025592 242.41824715692 2.15454952665 
0.026099 235.87186712085 2.08622035982 
0.026606 228.85015379340 1.64480292710 
0.027112 223.33624429246 1.72617941639 
0.027619 219.50193696033 1.54251768123 
0.028126 212.29897719891 1.51806454461 
0.028633 207.68588689832 1.34136673771 
0.029139 204.11336334914 1.20584779301 
0.029646 200.05089574011 1.16144670658 
0.030153 195.16307899403 1.10015121525 
0.030660 191.29674305239 1.08617081697 
0.031167 186.02500656668 0.96225057252 
0.031673 183.00381788619 0.92952265146 
0.032180 180.82506887314 0.90116629135 
0.032687 178.26276660068 0.88197980975 
0.033194 174.36307632228 0.84015226858 
0.033700 171.48134987551 0.79180559511 
0.034207 168.83467138533 0.75617099748 
0.034714 166.72863144559 0.73759542874 
0.035221 164.02563492872 0.76172884004 
0.035727 162.47001166116 0.69099857109 
0.036234 160.92095906390 0.69079731091 
0.036741 159.01900574589 0.67963466837 
0.037248 156.41832940880 0.64195207889 
0.037755 154.43081481780 0.62157866577 
0.038261 152.00621962745 0.60575520965 
0.038768 150.38243162367 0.57742580990 
0.039275 150.01742279020 0.59606151982 
0.039782 148.14025553155 0.57740775120 
0.040288 146.26053796101 0.56702273643 
0.040795 145.26541346130 0.56830701173 
0.041302 144.48088164828 0.55500089051 
0.041809 142.61352500274 0.55083385095 
0.042315 140.88903873688 0.57121883708 
0.042822 140.22665877417 0.51046560451 
0.043329 138.44078941637 0.57635551688 
0.043836 137.71703629935 0.52758942446 
0.044343 135.06579441673 0.55125959010 
0.044849 136.35590225470 0.52027095860 
0.045356 134.51723458114 0.51611114161 
0.045863 133.47295040234 0.54157134058 
0.046370 132.57259451158 0.50492896472 
0.046876 130.91935885679 0.49475959460 
0.047383 130.28538820015 0.49190847718 
0.047890 129.64090665042 0.48826158093 
0.048397 128.37008542160 0.49254016041 
0.048903 126.95068119422 0.47560410174 
0.049410 126.40008458787 0.47194661992 
0.049917 125.87889898966 0.49046934391 
0.050424 124.73178975324 0.46526422165 
0.050931 123.85651832136 0.47347780243 
0.051437 123.45031565553 0.47246652020 
0.051944 122.28136081774 0.45186106051 
0.052451 121.98042784954 0.45468036188 
0.052958 120.92096782059 0.43572859764 
0.053464 120.14487470106 0.43958924836 
0.053971 119.45200268655 0.45988278526 
0.054478 119.01444207508 0.46524710912 
0.054985 117.60869568172 0.43347330999 
0.055491 117.63168122654 0.44616461832 
0.055998 116.97761046584 0.43397334984 
0.056505 116.05125614853 0.43897208376 
0.057012 115.74331308565 0.42714366076 
0.057519 115.35153664180 0.42571367443 
0.058025 114.74460413394 0.40652349716 
0.058532 114.13635697419 0.39888623846 
0.059039 112.53041312237 0.41290129932 
0.059546 112.47718199634 0.42470970315 
0.060052 111.74528226613 0.40880566495 
0.060559 110.78688309563 0.42341717152 
0.061066 111.07763531488 0.38988332099 
0.061573 111.20120082006 0.41391306589 
0.062079 110.10077166826 0.39629125385 
0.062586 109.47086912224 0.40412368363 
0.063093 109.58413343406 0.37719194144 
0.063600 108.50037043152 0.39121616901 
0.064106 108.10419425083 0.40201033915 
0.064613 108.37109298450 0.39224515642 
0.065120 107.85891224911 0.39479177858 
0.065627 106.85446121018 0.38560355012 
0.066134 107.13375874351 0.37767377219 
0.066640 106.12124958615 0.38338978331 
0.067147 106.35344097024 0.37510036235 
0.067654 105.80358193282 0.38332378481 
0.068161 104.91656750217 0.37439781077 
0.068667 104.80934591003 0.37320180696 
0.069174 104.30959246435 0.36441085789 
0.069681 103.65841531834 0.37058070624 
0.070188 103.96039164009 0.37020871195 
0.070694 103.49279390456 0.37207215006 
0.071201 102.95651357900 0.36945717958 
0.071708 103.14308586054 0.36417859907 
0.072215 102.50765520755 0.34239724324 
0.072721 101.62623640827 0.35502361856 
0.073228 101.42566963148 0.34563542604 
0.073735 101.62234238953 0.34478137175 
0.074242 101.08039432251 0.34041618005 
0.074748 100.63139612384 0.34583159232 
0.075255 100.74784844987 0.33606662461 
0.075762 99.77658599205 0.34121931668 
0.076269 100.30786109700 0.35005661079 
0.076776 99.67138430649 0.34184822993 
0.077282 99.45679890793 0.32151241654 
0.077789 99.54654216139 0.33151447660 
0.078296 99.39955506408 0.34108576222 
0.078803 98.55403474599 0.32675244016 
0.079309 98.94408017520 0.33482732140 
0.079816 99.04372394355 0.32931284852 
0.080323 98.40794265671 0.33451437556 
0.080830 98.43295575864 0.32175240304 
0.081336 97.98302294944 0.33913012014 
0.081843 98.17742182604 0.34603015664 
0.082350 97.90651657875 0.32990848365 
0.082857 97.21103562174 0.32583773580 
0.083363 97.30189893110 0.34851662077 
0.083870 96.68516713315 0.33514668643 
0.084377 96.98941749825 0.32517946857 
0.084884 96.95291174346 0.33669055177 
0.085390 96.55402855146 0.33792240226 
0.085897 96.05278452707 0.33212091304 
0.086404 96.58952147922 0.32251622475 
0.086911 96.07812918462 0.33567964341 
0.087417 96.04016428296 0.33353962903 
0.087924 95.50091690635 0.33076650141 
0.088431 95.70476934245 0.33142727292 
0.088938 95.65046502719 0.34043561618 
0.089444 94.76460061738 0.33381920424 
0.089951 95.11538820824 0.32461537792 
0.090458 94.72682974430 0.33895175291 
0.090965 94.16275004427 0.32264294753 
0.091471 94.99661418832 0.32751205448 
0.091978 93.97202419904 0.33430417062 
0.092485 93.28998376511 0.34441630173 
0.092992 94.10916629403 0.33533332838 
0.093498 93.83501547836 0.34275543344 
0.094005 93.85803006176 0.33476171597 
0.094512 93.16532190062 0.33380082888 
0.095019 92.99888794257 0.33057521513 
0.095525 93.04287448845 0.33950325811 
0.096032 92.87708631492 0.33405152046 
0.096539 92.92900515323 0.33869804591 
0.097046 92.32771967853 0.33029986717 
0.097552 92.72723482818 0.34047832863 
0.098059 92.64646081360 0.32562100841 
0.098566 92.49954843783 0.30992416654 
0.099073 92.06953868923 0.33161504641 
0.099579 92.16513583153 0.32913428735 
0.100086 92.03749914747 0.32440883718 
0.100593 91.58113790257 0.32488508642 
0.101100 91.24721766573 0.31996618964 
0.101606 91.11352579607 0.32494720491 
0.102113 90.67038133771 0.29645121483 
0.102620 89.76540557919 0.29957467101 
0.103127 89.66994306011 0.30403450910 
0.103633 89.55512619611 0.29927277920 
0.104140 88.79290027353 0.28451391112 
0.104647 89.25633490532 0.29120650192 
0.105154 89.10010364497 0.29753412357 
0.105660 89.03794400595 0.30385983467 
0.106167 89.11854022244 0.31300008756 
0.106674 88.57825578534 0.30635034708 
0.107181 88.06339168218 0.30640134762 
0.107687 88.21623426654 0.30513018944 
0.108194 88.72270822180 0.28939167718 
0.108701 88.43891994327 0.30090018882 
0.109208 87.69263381634 0.29061442033 
0.109714 88.03627544550 0.30242429859 
0.110221 87.81899208976 0.28622122242 
0.110728 87.97948592041 0.28658845488 
0.111235 88.00086792280 0.29227932767 
0.111741 87.25656106002 0.29049271260 
0.112248 87.52145901528 0.28647236959 
0.112755 87.31214242844 0.27539936995 
0.113262 87.42952189349 0.28798432955 
0.113768 86.99998910985 0.27821547470 
0.114275 86.84946240237 0.28765767344 
0.114782 87.16978595992 0.28874469690 
0.115289 87.20223037742 0.27345848203 
0.115795 86.89177259707 0.27785748025 
0.116302 86.73572316747 0.27797866306 
0.116809 86.91883105632 0.26600164980 
0.117316 86.74990231567 0.27505930332 
0.117822 86.58146793388 0.27594541107 
0.118329 86.71850828857 0.27496633317 
0.118836 86.27717741533 0.27329962843 
0.119342 85.93673269909 0.27201275540 
0.119849 85.98627774606 0.27052132702 
0.120356 86.29150704022 0.27554294698 
0.120863 85.63584996784 0.27073543925 
0.121369 85.73525130039 0.25757487460 
0.121876 85.69230322043 0.26193720990 
0.122383 85.70423052244 0.27184510010 
0.122890 85.52298570057 0.26001112126 
0.123396 85.50264513761 0.25534941716 
0.123903 85.43262644434 0.26016982311 
0.124410 85.39893168891 0.25538028283 
0.124917 85.31659781357 0.26379361191 
0.125423 85.22476715965 0.26327154788 
0.125930 85.31584785954 0.26326486195 
0.126437 85.16900178272 0.26167671124 
0.126944 84.77568624069 0.25203085923 
0.127450 84.22034969586 0.25992702683 
0.127957 85.09020934190 0.25287512347 
0.128464 84.55593941623 0.26010029329 
0.128970 84.76464851638 0.25115436125 
0.129477 84.65271258433 0.24636047986 
0.129984 84.77417281917 0.26004531586 
0.130491 84.61367088868 0.24839249039 
0.130997 84.32132935645 0.25520956125 
0.131504 85.00491410114 0.24936041939 
0.132011 84.46748901607 0.25465438452 
0.132518 84.05270979370 0.25349122154 
0.133024 84.29389674207 0.25115613717 
0.133531 84.23836906486 0.24553544763 
0.134038 83.84973313673 0.24430480390 
0.134545 84.07456049902 0.24580027787 
0.135051 83.63266054208 0.24593857862 
0.135558 83.50612237495 0.24800522232 
0.136065 83.53969078429 0.25150773978 
0.136571 83.59623937187 0.24705756617 
0.137078 83.75367947010 0.24377815592 
0.137585 83.48869737854 0.24375471186 
0.138092 83.36322133755 0.23841254189 
0.138598 83.26135174314 0.24301064764 
0.139105 83.29089435669 0.24390044034 
0.139612 83.32851900085 0.25295934062 
0.140119 82.66797039362 0.25070297442 
0.140625 82.79668027131 0.23958224214 
0.141132 83.16205730476 0.24402229582 
0.141639 83.19596475010 0.24328166565 
0.142145 82.76968032214 0.23853352549 
0.142652 82.64628316114 0.24300329431 
0.143159 82.92247003827 0.24614917578 
0.143666 82.17303604297 0.23840868263 
0.144172 82.52968900153 0.24112993655 
0.144679 82.70282764863 0.24165359735 
0.145186 82.19945331643 0.24126900793 
0.145692 81.95444550723 0.24233357988 
0.146199 82.24834129039 0.23969097799 
0.146706 81.84316659243 0.23602589929 
0.147213 82.06866249626 0.24057075693 
0.147719 81.71344064256 0.24039368039 
0.148226 81.85507927017 0.24716727952 
0.148733 81.57758905406 0.23649905940 
0.149240 81.57772763729 0.24531597617 
0.149746 81.57398971306 0.24531638813 
0.150253 81.33067605472 0.23963465657 
0.150760 81.21508199412 0.24256381131 
0.151266 81.02877269319 0.23746937484 
0.151773 80.89524034286 0.24230580382 
0.152280 81.18713223172 0.24195342022 
0.152787 81.16544210776 0.23211917732 
0.153293 80.87951144907 0.24070883637 
0.153800 80.58840322381 0.24059902775 
0.154307 80.63254601947 0.24213170576 
0.154813 80.54940211302 0.23845926241 
0.155320 80.76832836378 0.23827671371 
0.155827 80.89100338367 0.23255161210 
0.156334 80.54137081243 0.23674690041 
0.156840 80.55345953835 0.24636730964 
0.157347 80.25430375275 0.23458568422 
0.157854 80.31937860299 0.23356779945 
0.158360 80.19631350916 0.23481382982 
0.158867 79.88308643112 0.23856769628 
0.159374 80.17490295092 0.24225606117 
0.159881 80.02612857324 0.23590362888 
0.160387 79.81944681566 0.23472486448 
0.160894 80.07126922227 0.23362374699 
0.161401 79.25875582394 0.23243127591 
0.161907 79.72131834159 0.23904443060 
0.162414 79.78727079566 0.23188311661 
0.162921 79.88059994854 0.23478142518 
0.163427 79.80595560800 0.23946267602 
0.163934 79.91872546295 0.23826107231 
0.164441 79.26564211656 0.23532181415 
0.164948 79.35874393706 0.23009807836 
0.165454 79.45445244969 0.22788873703 
0.165961 78.96130638253 0.23314664579 
0.166468 79.29726078387 0.22839266037 
0.166974 79.25029076866 0.22802279719 
0.167481 78.74135119153 0.22691393197 
0.167988 78.96096608365 0.22755025742 
0.168495 78.84362524770 0.23073793101 
0.169001 79.11717064794 0.23542933515 
0.169508 79.24419885110 0.23866032825 
0.170015 79.23159336186 0.23019911021 
0.170521 79.46163880256 0.23723013240 
0.171028 78.90553991701 0.23319431226 
0.171535 79.25487342935 0.24156381869 
0.172041 79.05976349965 0.23857717483 
0.172548 78.90805389112 0.23990711599 
0.173055 78.70764711239 0.23285939820 
0.173562 79.24736680270 0.23941276429 
0.174068 79.16331791851 0.23179932026 
0.174575 79.07629477234 0.23690279455 
0.175082 78.95574045783 0.23124743955 
0.175588 78.78458391001 0.23831349478 
0.176095 78.76262312596 0.24071164057 
0.176602 78.67491558776 0.23638358242 
0.177108 78.67362057584 0.23879672055 
0.177615 78.41413295701 0.23735222028 
0.178122 78.86222794579 0.23788111543 
0.178629 78.81284558586 0.23951544929 
0.179135 78.74327215917 0.23612322009 
0.179642 78.46195814289 0.23654281970 
0.180149 78.58005865638 0.23311209612 
0.180655 78.75216682680 0.23747642843 
0.181162 78.44029122699 0.24028112164 
0.181669 78.77737968227 0.24277088155 
0.182175 78.92001758265 0.23881531417 
0.182682 78.57353992432 0.23699339714 
0.183189 78.65834828478 0.24470873844 
0.183695 78.43262301390 0.24223149498 
0.184202 78.51510902161 0.24484528741 
0.184709 78.29881917782 0.24309903826 
0.185216 78.51901106328 0.23973762285 
0.185722 78.34031714436 0.24619729901 
0.186229 78.03543779382 0.24101061569 
0.186736 77.96891882679 0.24127021623 
0.187242 78.03782224251 0.24274325699 
0.187749 78.05743347162 0.24592568022 
0.188256 77.92740426396 0.24651942947 
0.188762 78.04522810875 0.24338707686 
0.189269 77.75356664208 0.24392186051 
0.189776 77.34672311111 0.24860706670 
0.190282 77.53939319247 0.24554286597 
0.190789 77.50410198370 0.24501630694 
0.191296 77.53379470653 0.24747696935 
0.191802 77.57419599066 0.24346231514 
0.192309 77.22384390406 0.24508076125 
0.192816 77.10685729318 0.24279685048 
0.193323 77.05785268959 0.24141440659 
0.193829 76.50481018120 0.23364820601 
0.194336 76.75275319524 0.23354246279 
0.194843 76.43411994143 0.23256480125 
0.195349 76.42254327813 0.23852868922 
0.195856 76.44523279006 0.23778035119 
0.196363 76.52673890832 0.23326011749 
0.196869 76.23583527307 0.23050596239 
0.197376 76.11151439560 0.23210127218 
0.197883 76.35606665710 0.23100356490 
0.198389 76.04854547849 0.23038877906 
0.198896 75.95704236445 0.22658472570 
0.199403 75.85238927392 0.22963311487 
0.199909 75.61941843608 0.22248066301 
0.200416 75.78766579066 0.22724419875 
0.200923 75.62582452756 0.22508298316 
0.201429 75.59857115787 0.22724155750 
0.201936 75.59135579828 0.22302851495 
0.202443 75.84087080764 0.21840984178 
0.202949 75.86530729100 0.21917733520 
0.203456 75.61625511189 0.21917117174 
0.203963 75.64972509180 0.21810890205 
0.204469 75.52968242627 0.21932083060 
0.204976 75.65067932450 0.21630264882 
0.205483 75.44513340457 0.21794581764 
0.205989 75.25607780841 0.22175657212 
0.206496 75.50156228570 0.21727435595 
0.207003 75.35451194937 0.21561229404 
0.207509 75.15720082113 0.21695041839 
0.208016 75.49620424536 0.21671612648 
0.208523 75.10207430056 0.21184693502 
0.209029 75.20341995889 0.21022429386 
0.209536 75.13493307568 0.21263753753 
0.210043 75.28790799631 0.21423088173 
0.210549 75.24976870472 0.21342253415 
0.211056 75.04074834354 0.21038293430 
0.211563 75.20860119036 0.21102697484 
0.212069 74.78946752402 0.20951538961 
0.212576 75.03323645457 0.20982806993 
0.213083 74.91320568896 0.21003812363 
0.213589 74.90593096713 0.20733817566 
0.214096 74.78723792235 0.20989115471 
0.214603 74.76140273679 0.21090757580 
0.215109 74.96381276540 0.21124302727 
0.215616 74.75212640896 0.20466807618 
0.216123 74.27779645761 0.20575974609 
0.216629 74.55895597911 0.20400526313 
0.217136 74.15214642952 0.20777677195 
0.217643 73.74866187389 0.20967678210 
0.218149 74.05803678403 0.20231285890 
0.218656 74.20378899124 0.20576186814 
0.219163 74.33163743399 0.20987450407 
0.219669 74.17009346839 0.20706770544 
0.220176 74.15449557492 0.20737290830 
0.220683 74.17782991938 0.20852585765 
0.221189 74.01798333188 0.20762582321 
0.221696 73.66485906662 0.20248648806 
0.222203 74.16484269807 0.20832588052 
0.222709 73.36987336036 0.20214780939 
0.223216 73.76882900972 0.20517543538 
0.223722 73.72905424631 0.20412402552 
0.224229 74.06900445781 0.20511703271 
0.224736 73.68690438148 0.20111922973 
0.225242 73.61194378986 0.20054714779 
0.225749 73.48830938774 0.20276428179 
0.226256 73.55114489646 0.20458045224 
0.226762 73.50261313983 0.20177137906 
0.227269 73.22227090967 0.20464047978 
0.227776 73.28007726523 0.20116922641 
0.228282 73.37988626011 0.19975082106 
0.228789 73.26119906645 0.20094500094 
0.229296 73.04325644727 0.20093147430 
0.229802 73.27614105890 0.20103111761 
0.230309 73.18890495004 0.19948861255 
0.230816 73.07054516609 0.20195670569 
0.231322 73.10715339406 0.20623225005 
0.231829 72.89245271112 0.19909648180 
0.232335 73.21058186779 0.19787517157 
0.232842 73.02968784724 0.20148137272 
0.233349 72.72734429832 0.20191949897 
0.233855 72.96270486498 0.19973658388 
0.234362 72.94898460074 0.20151556014 
0.234869 72.58985011094 0.20084439864 
0.235375 72.70956533909 0.19284078469 
0.235882 72.47617024765 0.20059214001 
0.236389 72.66778111026 0.20016391725 
0.236895 72.56370264549 0.20242391781 
0.237402 72.22937152146 0.20257737534 
0.237908 72.45604769349 0.19793159835 
0.238415 72.21851867050 0.19930388187 
0.238922 72.51445179531 0.19596600102 
0.239428 72.25607489679 0.20241857295 
0.239935 72.32145039472 0.19868596545 
0.240442 72.39369422109 0.19480051630 
0.240948 72.22102276360 0.20273156000 
0.241455 72.04527539444 0.19935125550 
0.241962 71.72063199236 0.19202870637 
0.242468 71.98248562958 0.19704404071 
0.242975 71.82811973566 0.20074448304 
0.243481 71.94290260270 0.19777440735 
0.243988 71.93694269220 0.20324314422 
0.244495 71.75477082088 0.20078610360 
0.245001 71.85617711869 0.19537839001 
0.245508 71.43789293773 0.19391370858 
0.246015 71.89159767751 0.19344663334 
0.246521 71.86763920766 0.19578948785 
0.247028 71.32542861396 0.19715245604 
0.247534 71.50982715391 0.19551829709 
0.248041 71.27673999551 0.19372521423 
0.248548 71.49282472911 0.19672678412 
0.249054 71.55917124901 0.19725574135 
0.249561 71.41007485627 0.19499668885 
0.250068 71.22849187887 0.19657236410 
0.250574 71.22515543041 0.19760310331 
0.251081 71.23292771084 0.19659938225 
0.251587 71.17472373713 0.19862553553 
0.252094 71.00520672088 0.19851210778 
0.252601 71.20263355531 0.19774867783 
0.253107 71.15507760279 0.19904511546 
0.253614 71.09659337288 0.20032152233 
0.254120 71.16771273080 0.19817911113 
0.254627 70.75356298452 0.19597803892 
0.255134 70.84845794032 0.19505424877 
0.255640 70.97223524476 0.19784144242 
0.256147 70.92923330055 0.19391039378 
0.256654 70.66403156371 0.19875031587 
0.257160 71.33996986096 0.19526548749 
0.257667 71.32229186118 0.19379426336 
0.258173 71.28217923886 0.19616428443 
0.258680 71.14783542841 0.19512588945 
0.259187 71.44783978352 0.19495548879 
0.259693 71.39022707506 0.19683632091 
0.260200 71.50129543515 0.19404559659 
0.260706 71.59411409690 0.19402046360 
0.261213 71.76989983150 0.19136030968 
0.261720 71.53590889225 0.19420243824 
0.262226 71.57973860737 0.19563374918 
0.262733 71.53734768884 0.19797729715 
0.263239 71.65436626523 0.19547644056 
0.263746 71.57389903035 0.19258393046 
0.264253 71.63759430338 0.19614322990 
0.264759 71.50938222876 0.19452791457 
0.265266 71.87213451834 0.19824516467 
0.265772 71.97356265967 0.18998039389 
0.266279 71.80903154306 0.19694036288 
0.266786 71.74965865187 0.19178630889 
0.267292 71.79396929007 0.18925268312 
0.267799 71.52764721705 0.19367946856 
0.268305 71.78258692968 0.19054408414 
0.268812 71.70173774688 0.19276308368 
0.269319 72.02315436992 0.19109638197 
0.269825 71.99617788910 0.18976254353 
0.270332 71.60031588669 0.18959995126 
0.270838 71.96820866212 0.19194156943 
0.271345 72.29205276991 0.19459411997 
0.271852 72.14676997597 0.19011633479 
0.272358 72.14154888480 0.19152309315 
0.272865 72.18043876027 0.19293690479 
0.273371 72.34603798095 0.19209205594 
0.273878 72.41580536563 0.19048138535 
0.274385 72.50798512653 0.19213129305 
0.274891 71.97261170188 0.18943569512 
0.275398 72.52025308317 0.19019229426 
0.275904 72.40946812597 0.18792375631 
0.276411 72.28086921042 0.18082042384 
0.276917 72.41531656959 0.18617272610 
0.277424 72.26763079031 0.18715727943 
0.277931 72.19188230436 0.18591263385 
0.278437 72.08726315860 0.18442388204 
0.278944 71.85584785411 0.18299384247 
0.279450 72.10345062749 0.17855097612 
0.279957 72.14282504460 0.18508619568 
0.280464 72.25056379194 0.18023545090 
0.280970 72.06036738155 0.18046863512 
0.281477 72.07890224457 0.18240622604 
0.281983 72.34308292197 0.17996121268 
0.282490 72.05238984962 0.18107727745 
0.282996 72.18756085458 0.17858809969 
0.283503 72.14496035814 0.18272606641 
0.284010 71.98884731320 0.18281501846 
0.284516 71.70931238940 0.17886017410 
0.285023 71.84543702454 0.17721832729 
0.285529 71.79322344314 0.17674753925 
0.286036 71.80583056557 0.17585493354 
0.286542 71.68877138822 0.17721564777 
0.287049 71.76421282667 0.17356615969 
0.287556 71.35824660160 0.17291112905 
0.288062 71.47177684949 0.17169445865 
0.288569 71.61299988966 0.17130360243 
0.289075 71.59727798281 0.17018898812 
0.289582 71.16807308518 0.17082714646 
0.290088 71.37034947503 0.17258986161 
0.290595 71.17405263396 0.16963840405 
0.291102 71.40396527320 0.16722118596 
0.291608 71.11744446244 0.16970423272 
0.292115 70.98908975388 0.16792895544 
0.292621 71.16532119469 0.16542000864 
0.293128 70.96942305914 0.16919075802 
0.293634 71.14646450469 0.16784195850 
0.294141 70.95103426803 0.16679200361 
0.294647 71.05569396320 0.16888342557 
0.295154 70.99952855920 0.16433473294 
0.295661 70.91649717491 0.16447819478 
0.296167 70.86284054787 0.16760234289 
0.296674 70.81046420256 0.16736809519 
0.297180 70.72957682053 0.16535399275 
0.297687 70.72636231596 0.16800598770 
0.298193 70.67365314576 0.16468833670 
0.298700 70.59695205238 0.16305675441 
0.299207 70.64953980076 0.16298971957 
0.299713 70.60666427906 0.16377795531 
0.300220 70.61005118778 0.16350712101 
0.300726 70.56047349235 0.16491083109 
0.301233 70.59838961873 0.16512478313 
0.301739 70.49665420377 0.16265345275 
0.302246 70.29368423189 0.16335689539 
0.302752 70.39605037829 0.16412325383 
0.303259 70.23080615363 0.15951306611 
0.303765 69.91246133407 0.16216110408 
0.304272 70.11924755834 0.16200831698 
0.304779 70.21762490833 0.16090851128 
0.305285 70.14531259466 0.16005335089 
0.305792 70.06628261552 0.16265640618 
0.306298 70.15546461529 0.15977955928 
0.306805 69.96399165966 0.16481068170 
0.307311 69.87833850393 0.15690213711 
0.307818 69.75806522549 0.15975776959 
0.308324 69.96708820766 0.15716253498 
0.308831 69.57630197799 0.15710207149 
0.309337 69.32904669157 0.15505191390 
0.309844 69.10162229244 0.15467816954 
0.310350 69.12252593702 0.15555647492 
0.310857 68.96053358199 0.15316633987 
0.311364 68.96595153280 0.15108100937 
0.311870 68.48777213215 0.14973288670 
0.312377 68.43572453805 0.15091368423 
0.312883 68.11901976674 0.14534713057 
0.313390 67.91065209594 0.14636346050 
0.313896 68.11874128982 0.14965824450 
0.314403 67.95223976369 0.14376739061 
0.314909 67.73106659389 0.14633245386 
0.315416 67.58730006876 0.14440824788 
0.315922 67.46742699936 0.14562891240 
0.316429 67.42183523443 0.14277493625 
0.316935 67.20503740462 0.14178180101 
0.317442 67.27503040196 0.14375694554 
0.317948 67.06882985586 0.14124915143 
0.318455 67.22482134503 0.13991215329 
0.318961 67.27436313209 0.13914777866 
0.319468 66.91946726716 0.14125920381 
0.319975 66.95202257389 0.14374330266 
0.320481 66.71936089476 0.14275795754 
0.320988 66.72578023856 0.14773228469 
0.321494 66.66422907236 0.13921255986 
0.322001 66.88918167646 0.15642860588 
0.322507 66.64233913050 0.14053029517 
0.323014 66.68863258131 0.14232255501 
0.323520 66.72210262459 0.14231817229 
0.324027 66.57763529876 0.14159126816 
0.324533 66.48105374600 0.14062239551 
0.325040 66.32668940879 0.14065844538 
0.325546 66.45605516564 0.14105657846 
0.326053 66.33144216982 0.13819916073 
0.326559 66.30203192622 0.13960997932 
0.327066 66.15963548139 0.13758546409 
0.327572 66.33438779687 0.13978804621 
0.328079 66.32187109595 0.13780497091 
0.328585 66.40050550389 0.13709658781 
0.329092 66.27817888753 0.13876027367 
0.329598 66.09008480314 0.14213457144 
0.330105 66.06584825334 0.14094202721 
0.330611 65.93207781913 0.13906077015 
0.331118 65.96052602428 0.13775573496 
0.331624 65.96797166781 0.13845689485 
0.332131 65.92836024528 0.13933931906 
0.332637 65.67874858472 0.13908985315 
0.333144 65.84040724421 0.13965431084 
0.333650 65.89125376752 0.13770436229 
0.334157 65.52073585453 0.13987912488 
0.334663 65.75325039688 0.13885079020 
0.335170 65.88055208392 0.13843351469 
0.335676 65.73393705098 0.13747792819 
0.336183 65.48790316903 0.13706756175 
0.336689 65.78759262478 0.13907673414 
0.337196 65.49410692231 0.14125770767 
0.337702 65.20546706373 0.13950521803 
0.338209 65.39653414616 0.13986467939 
0.338715 65.65957605951 0.13823523342 
0.339222 65.63598331226 0.13904650785 
0.339728 65.40721902382 0.14029931750 
0.340235 65.49934663243 0.20761926321 
0.340741 65.50690628487 0.14022751599 
0.341248 65.19972000805 0.13740344239 
0.341754 65.15257452467 0.13915549777 
0.342261 65.23637538928 0.13897022380 
0.342767 65.21620335369 0.13996924148 
0.343274 65.16559837593 0.13591479307 
0.343780 65.18777544901 0.14050038556 
0.344287 65.16085887813 0.14113384023 
0.344793 65.21333003447 0.14065122074 
0.345300 65.18187768813 0.14172486632 
0.345806 64.97419114884 0.14170248922 
0.346313 65.07978471869 0.14072079086 
0.346819 65.15736868362 0.14490305243 
0.347325 65.04836627399 0.14510287851 
0.347832 65.03021042344 0.14325240605 
0.348338 64.89646826728 0.14553178276 
0.348845 65.01737456363 0.14546959265 
0.349351 64.92014961128 0.15170327459 
0.349858 64.82107621340 0.15142209931 
0.350364 64.59687770696 0.15098381945 
0.350871 64.57789199416 0.14764102690 
0.351377 64.76304003620 0.14601889941 
0.351884 64.26566043350 0.14897039437 
0.352390 64.61891158013 0.14920810475 
0.352897 64.38636109603 0.14798292058 
0.353403 64.63123163992 0.14896095415 
0.353910 64.16934631566 0.15023822491 
0.354416 64.28539528785 0.15191360655 
0.354923 64.33797567579 0.15257394224 
0.355429 64.04179752971 0.15464931606 
0.355935 64.09616565048 0.15295722226 
0.356442 63.80051297025 0.15411700641 
0.356948 63.97309558275 0.15438031216 
0.357455 63.86574389883 0.15926993223 
0.357961 63.79684531646 0.15551654005 
0.358468 63.89346018818 0.15533705554 
0.358974 63.89580800554 0.22165056082 
0.359481 63.78469282008 0.20341628986 
0.359987 63.75096736669 0.20321407805 
0.360494 63.90922344041 0.19212805026 
0.361000 64.06509679021 0.19172138219 
0.361506 63.63811510503 0.18204836205 
0.362013 63.76614266584 0.18645653502 
0.362519 63.96350584587 0.18439405768 
0.363026 63.92346903310 0.18322611965 
0.363532 63.74923529862 0.18618488823 
0.364039 63.87568147743 0.18061466758 
0.364545 63.82063102552 0.18354355974 
0.365052 63.76318261662 0.18379141659 
0.365558 63.97988573050 0.18116501265 
0.366064 63.68454699041 0.18178043563 
0.366571 63.81791233174 0.18717807126 
0.367077 63.68405368269 0.18592071499 
0.367584 63.78124075190 0.18724065365 
0.368090 63.55078433155 0.19002489146 
0.368597 63.55614444743 0.18888634015 
0.369103 63.65357940959 0.18631311384 
0.369610 63.67025511329 0.19217166201 
0.370116 63.59211533541 0.18902879338 
0.370622 63.52818334209 0.19175823625 
0.371129 63.86656836102 0.19469735238 
0.371635 63.75847255512 0.19085379993 
0.372142 63.69696757432 0.19493928524 
0.372648 63.47530091904 0.19272666308 
0.373155 63.62357785734 0.19775050823 
0.373661 63.74783922504 0.19815588177 
0.374167 63.39430671770 0.19639000466 
0.374674 63.72398877510 0.19741255900 
0.375180 63.37760864900 0.19577884347 
0.375687 63.27097850085 0.19515365985 
0.376193 63.39442489613 0.19948220796 
0.376700 63.37452597763 0.20475900289 
0.377206 63.50337475107 0.20540134089 
0.377712 63.19018184565 0.20235506997 
0.378219 63.28541960253 0.20338227492 
0.378725 63.42252040639 0.20450885759 
0.379232 63.43762437307 0.20718386826 
0.379738 63.09728094970 0.20136131080 
0.380245 63.10580945207 0.20798750666 
0.380751 63.28692034067 0.20346997426 
0.381257 63.43222653443 0.21000857107 
0.381764 63.22370384680 0.20885326672 
0.382270 63.31005588495 0.20867709440 
0.382777 63.18037956184 0.21150755828 
0.383283 62.98401556253 0.20557450885 
0.383789 62.99343492454 0.21009952559 
0.384296 63.14130534277 0.21064680660 
0.384802 62.95312984294 0.21069583096 
0.385309 63.11027402567 0.21319959211 
0.385815 62.87226247677 0.21373991760 
0.386321 62.76153699030 0.21154680786 
0.386828 63.01874041702 0.20796783347 
0.387334 63.01639378109 0.21149937944 
0.387841 62.87264071379 0.21391007073 
0.388347 63.01648532518 0.21449732849 
0.388853 62.86536019329 0.20421139899 
0.389360 62.95468306867 0.21776027860 
0.389866 62.86924226182 0.21554077441 
0.390373 62.99059093621 0.21624024716 
0.390879 62.59728717045 0.21284600175 
0.391385 62.47278305882 0.21653328472 
0.391892 62.94057813639 0.22097476948 
0.392398 62.62714087825 0.22133495900 
0.392905 63.15521960970 0.22083439607 
0.393411 62.63470156143 0.22465140454 
0.393917 62.86605520703 0.23115218732 
0.394424 62.36660919003 0.22587210636 
0.394930 62.55049929925 0.22468131042 
0.395437 62.68295690431 0.23064166963 
0.395943 62.58606413936 0.22779181556 
0.396449 62.41391412696 0.38643787641 
0.396956 62.76741306336 0.23057678361 
0.397462 62.72865349046 0.23207751693 
0.397969 62.47795307242 0.23256232797 
0.398475 62.62660183787 0.23301849937 
0.398981 62.54018122185 0.23839535268 
0.399488 62.96735578171 0.23371646889 
0.399994 62.44083717766 0.23837241357 
0.400500 62.62794663578 0.24651338197 
0.401007 62.15620330745 0.23819592912 
0.401513 62.33523124698 0.25446791949 
0.402020 62.26665873766 0.24268708003 
0.402526 62.90464499434 0.24840113964 
0.403032 62.34590884591 0.24382769496 
0.403539 62.32137345677 0.25918646106 
0.404045 62.05496306970 0.24603362492 
0.404551 62.54874763036 0.25931928465 
0.405058 62.62873078803 0.26489301308 
0.405564 62.17209905490 0.25737376107 
0.406071 62.46224268760 0.25615601959 
0.406577 62.34023342470 0.25418647797 
0.407083 62.21829962607 0.25711406341 
0.407590 62.36437342211 0.26897268301 
0.408096 62.29896168721 0.27541811091 
0.408602 62.48710920841 0.27663565755 
0.409109 62.23870926634 0.26371116950 
0.409615 62.17867167216 0.27612210474 
0.410121 62.42024198675 0.26878641406 
0.410628 62.02697953384 0.26587353683 
0.411134 62.06891464582 0.26742546348 
0.411641 62.02390954373 0.26956946105 
0.412147 62.22923026961 0.25919096083 
0.412653 62.10587480976 0.27148711548 
0.413160 61.96951090296 0.26498970320 
0.413666 61.97624167582 0.27301692123 
0.414172 61.94329722575 0.28138693383 
0.414679 61.85071285361 0.27158142959 
0.415185 62.08622960691 0.27855016016 
0.415691 62.05839014305 0.26872839040 
0.416198 61.74851264972 0.27127953882 
0.416704 61.91537304513 0.27876992212 
0.417210 62.22920551854 0.28473414221 
0.417717 61.91414082389 0.29526427067 
0.418223 61.80663399823 0.27880298526 
0.418729 61.97905313348 0.28042612372 
0.419236 62.14479977443 0.28196745995 
0.419742 61.20373095124 0.26607393758 
0.420248 61.91059650701 0.27503266570 
0.420755 61.81823839853 0.27885189336 
0.421261 61.72456259362 0.27551302191 
0.421767 61.45445525322 0.27666244123 
0.422274 61.49336451338 0.27905277226 
0.422780 61.84179800872 0.27443004732 
0.423286 61.56529548629 0.27895118680 
0.423793 61.64122636776 0.28920031781 
0.424299 61.74645442000 0.28727371170 
0.424805 61.77594418651 0.28976177939 
0.425312 61.33176834419 0.29137477188 
0.425818 62.15432646775 0.29063462885 
0.426324 61.85306808443 0.30283944788 
0.426831 61.22660602089 0.28764879872 
0.427337 61.40762143173 0.29758072378 
0.427843 61.68797513044 0.30544105105 
0.428350 62.09751410375 0.30514793788 
0.428856 61.46193135157 0.30604781517 
0.429362 61.69727237616 0.29874346830 
0.429869 61.69984090678 0.31837748833 
0.430375 61.30908796369 0.30759987430 
0.430881 61.56122652713 0.32285252736 
0.431388 61.47783445981 0.31252437880 
0.431894 61.56146283523 0.31122809541 
0.432400 61.47678333048 0.34032665025 
0.432907 61.99270840911 0.31713246877 
0.433413 61.29777326012 0.32805947534 
0.433919 61.31349121513 0.32602289708 
0.434425 61.97168304377 0.32777893216 
0.434932 61.37739940462 0.32639052774 
0.435438 61.78142765552 0.35606499026 
0.435944 60.87643296707 0.35567273968 
0.436451 61.62278684692 0.34182542403 
0.436957 61.42947755746 0.36669173722 
0.437463 60.91214184013 0.35697370668 
0.437970 61.30902984028 0.34340782428 
0.438476 62.10078750830 0.35529995748 
0.438982 61.13901356315 0.35440604486 
0.439489 62.18864441354 0.37865095435 
0.439995 61.40918396435 0.36500798893 
0.440501 60.96457622321 0.37134305098 
0.441007 61.25837976518 0.37510471651 
0.441514 61.48181663767 0.37682806954 
0.442020 61.07380512219 0.40542743356 
0.442526 61.41660511841 0.39717587383 
0.443033 62.14132616448 0.41000732725 
0.443539 61.44096696193 0.40222600655 
0.444045 61.84933935059 0.41108282556 
0.444551 60.99898215816 0.41874855968 
0.445058 60.64241762839 0.41010708549 
0.445564 61.18735622890 0.43300401683 
0.446070 60.94935465057 0.44959287437 
0.446577 60.85843567500 0.43174300208 
0.447083 60.93016624738 0.46165043871 
0.447589 61.21481089015 0.45848373652 
0.448095 60.54450147191 0.43498082146 
0.448602 60.97140283090 0.46280851271 
0.449108 60.42173816818 0.45897964434 
0.449614 60.86590813762 0.46803505148 
0.450121 60.84741180532 0.48745379651 
0.450627 60.40116954969 0.48431698498 
0.451133 60.40656089806 0.49142530683 
0.451639 60.77803248752 0.53122796905 
0.452146 59.91255270566 0.53526302229 
0.452652 61.20615922045 0.55793550929 
0.453158 61.03378111856 0.57753163935 
0.453664 60.39286373867 0.59423304534 
0.454171 60.64508047964 0.58733650587 
0.454677 60.48432245418 0.60499670336 
0.455183 59.62983331451 0.62250543088 
0.455689 60.26684805471 0.63188021273 
0.456196 60.64766504912 0.65146767877 
0.456702 59.03929192090 0.62189439994 
0.457208 59.31816552057 0.66553423444 
0.457714 59.07426970417 0.71404770119 
0.458221 61.09948033672 0.72678110648 
0.458727 60.68694910148 0.78379183415 
0.459233 60.41635126177 0.79144906183 
0.459740 60.72014038092 0.86035805521 
0.460246 58.63423349610 0.84632915421 
0.460752 59.65294343521 0.96393449060 
0.461258 59.94584968625 0.98292579925 
0.461765 60.42304618648 1.08034167363 
0.462271 61.11489223933 1.00541844611 
0.462777 60.17046771973 1.19028205630 
0.463283 61.23606223350 1.27072186049 
0.463789 61.32503373787 1.35733457794 
0.464296 59.15295565839 1.40557329146 
0.464802 60.19520915095 1.31177218523 
0.465308 60.36868913825 1.49794084744 
0.465814 57.73880424775 1.59380871501 
0.466321 59.65059179673 1.69227462491 
0.466827 60.19602718042 1.87111291215 
0.467333 60.20631958603 1.94739208117 
0.467839 59.10082622099 1.95694525533 
0.468346 61.81010136285 2.42359947457 
0.468852 60.06800346498 2.60768312823 
0.469358 58.93706741211 2.80303785414 
0.469864 58.45680711341 3.01877521646 
0.470371 61.15096704401 3.89340772288 
0.470877 55.65290932837 4.19856144147 
0.471383 57.36876804573 5.56755978910 
0.471889 56.02912349907 7.20814585914 
0.472395 53.13054002290 5.58537686043 
0.472902 49.95115347862 12.14887169051 
