0.010896 1353.34171834527 14.12886698715 
0.011402 1222.75910394006 13.31125634868 
0.011909 1092.32155219304 9.33955124139 
0.012416 979.17200143600 10.58519545661 
0.012923 889.34827779939 8.22318589800 
0.013430 829.32987522475 10.87802015749 
0.013936 787.68334112586 9.08616483010 
0.014443 738.57024616219 7.38036728098 
0.014950 684.51882174385 6.69148192369 
0.015457 633.94696229537 5.49029330539 
0.015963 584.00508230903 4.95850050048 
0.016470 546.41209370497 4.46631649434 
0.016977 510.64906129705 3.91579578645 
0.017484 477.49928529281 3.26769058565 
0.017990 451.49455923915 3.17349820347 
0.018497 423.47220433210 2.63971050552 
0.019004 402.08720791931 2.42051766125 
0.019511 378.68479028160 2.15650084429 
0.020018 362.84824774164 2.20167844682 
0.020524 345.93563245217 1.93358011608 
0.021031 329.40325737176 1.81854839557 
0.021538 316.88119383199 1.71398882691 
0.022045 301.56982561233 1.68237865903 
0.022551 290.23410634617 1.63034937842 
0.023058 278.51070946738 1.50521508908 
0.023565 269.41831003167 1.51708859394 
0.024072 261.05332590026 1.75721420046 
0.024579 251.43679352477 1.77645170396 
0.025085 243.19614553260 2.19542442658 
0.025592 236.35853041037 2.19883718866 
0.026099 230.22855737572 2.23659575176 
0.026606 222.67176410873 1.61324167918 
0.027112 218.83522572859 1.76716651426 
0.027619 211.00597514747 1.54476905328 
0.028126 206.48665210480 1.49452789250 
0.028633 202.81275722508 1.32259813068 
0.029139 198.37934278281 1.14718068412 
0.029646 194.27434273917 1.15857253619 
0.030153 189.38704377544 1.19006714092 
0.030660 186.25956131909 1.10570666417 
0.031167 182.01041156046 0.92728398066 
0.031673 179.30701005636 0.94042823040 
0.032180 177.11250494109 0.92937751270 
0.032687 172.59877870990 0.89906669894 
0.033194 169.92845382335 0.81194008342 
0.033700 167.10548787935 0.77597131162 
0.034207 166.00331494257 0.76085536813 
0.034714 161.54008384314 0.73970276020 
0.035221 160.32524709197 0.75487807645 
0.035727 157.89551245861 0.65044497763 
0.036234 155.60027452105 0.66783432359 
0.036741 153.39034039254 0.67616367719 
0.037248 151.84312798466 0.65441857854 
0.037755 149.82126423217 0.62275002497 
0.038261 148.40978703024 0.62322548830 
0.038768 147.05480247157 0.60537695264 
0.039275 146.56113017469 0.57867865195 
0.039782 144.99374176483 0.58199176384 
0.040288 142.75622536802 0.56603563273 
0.040795 141.86117993553 0.54055523433 
0.041302 140.23566758059 0.58639394073 
0.041809 138.65512082867 0.53380539036 
0.042315 137.47263171504 0.54808942670 
0.042822 136.09104670945 0.54062182000 
0.043329 135.03230863452 0.52242939517 
0.043836 133.66189171376 0.53249524760 
0.044343 133.32189689914 0.52922829218 
0.044849 131.95291548213 0.52288707169 
0.045356 130.49560453550 0.49704491687 
0.045863 130.05329944290 0.49198846871 
0.046370 128.93728907347 0.48347059472 
0.046876 128.07189838745 0.49904676940 
0.047383 127.00921721724 0.49839956923 
0.047890 126.14274628790 0.47208707959 
0.048397 123.98975259781 0.50067718516 
0.048903 124.57884452820 0.47501472501 
0.049410 123.80888887797 0.46416758760 
0.049917 122.59180997018 0.46080787806 
0.050424 122.21902227257 0.46664943678 
0.050931 122.43530561886 0.47065522850 
0.051437 120.93256366484 0.45994017899 
0.051944 120.12266986441 0.46627607771 
0.052451 119.55088849476 0.44144282759 
0.052958 118.81151501079 0.46283854261 
0.053464 118.11933964496 0.44671811677 
0.053971 117.04487840847 0.44808973238 
0.054478 117.01228452654 0.43513685140 
0.054985 115.85437394411 0.44702868777 
0.055491 115.38252176918 0.44691101878 
0.055998 114.49752552211 0.42862349137 
0.056505 114.56188586799 0.40875993654 
0.057012 113.47866924580 0.42806747340 
0.057519 112.84923877002 0.42566309103 
0.058025 112.54182441665 0.42072723895 
0.058532 112.01954308370 0.41417488360 
0.059039 110.68347227212 0.42131548236 
0.059546 111.46230547606 0.43111465216 
0.060052 110.14473000011 0.41535918491 
0.060559 109.69627087040 0.41735830814 
0.061066 109.34118298486 0.40270293280 
0.061573 108.84724059065 0.41655075296 
0.062079 108.67231081444 0.37499031783 
0.062586 108.23192175698 0.40795151388 
0.063093 107.94224545980 0.38693060001 
0.063600 107.95014814567 0.40580172314 
0.064106 106.93852381543 0.38995795431 
0.064613 106.47380585025 0.40144061311 
0.065120 105.78217900122 0.39559868522 
0.065627 105.71389351131 0.38678652972 
0.066134 104.66509711851 0.36769494221 
0.066640 104.83520795767 0.37409964286 
0.067147 105.21049004977 0.38665054174 
0.067654 104.22000688139 0.37544605089 
0.068161 103.42915340933 0.38291921765 
0.068667 103.41366981204 0.36947002928 
0.069174 103.45308658823 0.36971637552 
0.069681 102.88422270911 0.37523556490 
0.070188 102.62885172793 0.36062657100 
0.070694 101.66283991210 0.34675118149 
0.071201 101.24116612322 0.35456679425 
0.071708 101.72458746926 0.36135769876 
0.072215 101.03401642313 0.34768136849 
0.072721 100.53873061676 0.34879366977 
0.073228 100.27395390405 0.33006201464 
0.073735 100.30525276321 0.34406950459 
0.074242 100.47235356105 0.34099815879 
0.074748 99.56671580398 0.35598058002 
0.075255 99.43611708048 0.33665070400 
0.075762 99.54645487273 0.33793424757 
0.076269 98.89184498963 0.34285880808 
0.076776 98.00277959931 0.32913762200 
0.077282 98.37966617133 0.33078049226 
0.077789 97.78304836044 0.32114605005 
0.078296 97.99440234112 0.32843307252 
0.078803 97.81561766308 0.32352489671 
0.079309 98.01384820354 0.32702224658 
0.079816 97.55100676877 0.32736568709 
0.080323 96.90355284516 0.33528471213 
0.080830 97.31956123497 0.34894585913 
0.081336 97.74456869072 0.33548919488 
0.081843 97.48048505654 0.33736190004 
0.082350 96.48399211023 0.33261697397 
0.082857 96.18572030336 0.32729727100 
0.083363 96.26974681758 0.33849391630 
0.083870 96.15038121208 0.33174083837 
0.084377 96.19208406697 0.34545815899 
0.084884 96.46021092186 0.34329677578 
0.085390 95.83458132430 0.31892752818 
0.085897 95.62187400885 0.33629614531 
0.086404 95.18295902688 0.31909454618 
0.086911 95.35401409387 0.33286918794 
0.087417 95.08224267123 0.33112281674 
0.087924 94.58616223955 0.32685449109 
0.088431 94.85321682143 0.33331416231 
0.088938 94.30247372930 0.33296223804 
0.089444 94.27223331100 0.33150882479 
0.089951 94.12473371768 0.33037985786 
0.090458 94.21444091985 0.33868851748 
0.090965 93.97860288710 0.32025620569 
0.091471 93.95209525488 0.33401607616 
0.091978 93.72530653048 0.33458023695 
0.092485 92.67360192368 0.35485203652 
0.092992 93.20392766355 0.34293060733 
0.093498 92.45793924549 0.34661694616 
0.094005 92.60319698324 0.32757788814 
0.094512 92.94493940244 0.33879547146 
0.095019 92.50364367851 0.33430136094 
0.095525 92.86285824006 0.33303641290 
0.096032 92.67611349246 0.33822181062 
0.096539 92.27426186918 0.31947284669 
0.097046 91.71367686616 0.31523505906 
0.097552 91.84887923316 0.33808360157 
0.098059 92.37061282973 0.31954790558 
0.098566 91.99973710865 0.31799653487 
0.099073 91.87417659923 0.32917541076 
0.099579 91.73811426289 0.32465076819 
0.100086 91.39934678535 0.32014249075 
0.100593 91.84536730447 0.31865273583 
0.101100 91.13834351630 0.32017098984 
0.101606 91.73004564696 0.31055589872 
0.102113 90.32146222137 0.31858559933 
0.102620 89.57324437100 0.30208487024 
0.103127 89.12462421279 0.29957979679 
0.103633 88.87079310081 0.30184457669 
0.104140 88.46577130249 0.30099993786 
0.104647 88.56206368589 0.28985101367 
0.105154 88.29218743835 0.30330730575 
0.105660 88.41335320236 0.30969986101 
0.106167 88.24069969167 0.30544967612 
0.106674 88.34447250090 0.30018918803 
0.107181 88.14431264468 0.29359503543 
0.107687 88.16743552902 0.29865903457 
0.108194 87.95362684350 0.28190700460 
0.108701 87.90643330727 0.30156095313 
0.109208 87.40171581759 0.29452505755 
0.109714 87.67143734367 0.29284093984 
0.110221 87.33841320343 0.28422689402 
0.110728 87.38390260155 0.28534580205 
0.111235 87.42070958470 0.28993169760 
0.111741 87.52203773087 0.28066789743 
0.112248 87.29508455061 0.27708560084 
0.112755 87.11007636014 0.28268935989 
0.113262 86.87359079567 0.28628812353 
0.113768 86.95321979596 0.27403444642 
0.114275 86.71636264821 0.27030665733 
0.114782 87.01520524955 0.28296234859 
0.115289 86.97619252858 0.27874319986 
0.115795 86.26690095555 0.27776735493 
0.116302 86.25137909300 0.27616379695 
0.116809 86.52954575416 0.27955581403 
0.117316 86.72254362124 0.28496338788 
0.117822 86.18098920148 0.27617443773 
0.118329 86.75680355462 0.27815163994 
0.118836 86.09992646510 0.27033161297 
0.119342 85.97636225705 0.26590120110 
0.119849 85.83056466767 0.27302930120 
0.120356 85.76067453333 0.26725823546 
0.120863 85.45159863815 0.26943047220 
0.121369 85.78433412279 0.26361303389 
0.121876 85.46125925423 0.26877937628 
0.122383 85.52166694235 0.27008514422 
0.122890 85.93914353758 0.26655534698 
0.123396 85.29660132285 0.26599973563 
0.123903 84.96908513700 0.25122493766 
0.124410 85.36781581350 0.26232784948 
0.124917 85.02972372445 0.27026288645 
0.125423 84.95058748730 0.26480645881 
0.125930 84.88669018517 0.26110022767 
0.126437 84.44207520548 0.26206427817 
0.126944 84.63878240843 0.25934889917 
0.127450 84.49189282161 0.25520065898 
0.127957 84.75031317712 0.25452783917 
0.128464 84.56795976689 0.25869105373 
0.128970 84.81196726655 0.25461815621 
0.129477 84.49744275187 0.24665192341 
0.129984 84.31636833024 0.25325966053 
0.130491 84.61747632905 0.25520883241 
0.130997 84.15134393798 0.25278927401 
0.131504 84.13361568890 0.24771670206 
0.132011 84.19201690322 0.25297290805 
0.132518 84.41798972549 0.24826923050 
0.133024 83.95468894392 0.25016806298 
0.133531 83.91852363729 0.24510380416 
0.134038 83.99214460792 0.24603205950 
0.134545 84.11734304265 0.24487433188 
0.135051 83.74410610860 0.25052937703 
0.135558 83.64417647095 0.23943792306 
0.136065 83.50386546936 0.23979071302 
0.136571 84.19704007888 0.24369135393 
0.137078 83.77771590385 0.24857083223 
0.137585 83.89458679753 0.24646549638 
0.138092 83.30676554254 0.24056125673 
0.138598 83.34115104411 0.24784694132 
0.139105 83.54455373890 0.23932139044 
0.139612 83.11017114496 0.24495266058 
0.140119 83.22134136589 0.24354557211 
0.140625 83.22113046980 0.24426462919 
0.141132 83.41016559638 0.23828786448 
0.141639 82.95208520052 0.24645752744 
0.142145 82.90639129546 0.24535035271 
0.142652 82.89690383533 0.24755256788 
0.143159 82.45535674028 0.23761329037 
0.143666 82.44454820916 0.24095313613 
0.144172 82.32629425078 0.23564827300 
0.144679 82.25943509875 0.24704551332 
0.145186 82.16437821399 0.23914334401 
0.145692 82.29243651637 0.23965328606 
0.146199 82.31927547732 0.24021313853 
0.146706 82.08428767738 0.24668268971 
0.147213 82.14334887040 0.23932713585 
0.147719 81.64571058125 0.24048393643 
0.148226 81.56475220701 0.23570390881 
0.148733 81.66635774009 0.23953854774 
0.149240 81.51115261775 0.24278547294 
0.149746 81.59994135789 0.25016953676 
0.150253 81.44034929246 0.24150159943 
0.150760 81.53851366331 0.24075131748 
0.151266 81.36805283121 0.24425488443 
0.151773 80.95615934553 0.23943296600 
0.152280 81.26773710407 0.23435952558 
0.152787 80.89307686461 0.23456287163 
0.153293 80.94094874301 0.23634016433 
0.153800 80.75149871751 0.23544823913 
0.154307 80.87826274354 0.23829681366 
0.154813 80.34362920133 0.24882933435 
0.155320 80.46042487321 0.23910172130 
0.155827 80.95713525666 0.23605692894 
0.156334 80.35155336993 0.23601682313 
0.156840 80.70127664440 0.23941989390 
0.157347 80.40816064393 0.23842422804 
0.157854 80.39856007010 0.23749261677 
0.158360 80.55517976092 0.23724261982 
0.158867 80.29300341911 0.23898360601 
0.159374 80.26639758993 0.23225031153 
0.159881 80.10878273877 0.23872281697 
0.160387 80.13399950429 0.23247208569 
0.160894 80.15294187246 0.23439855667 
0.161401 79.99977765601 0.23488539488 
0.161907 79.64874899501 0.23510794491 
0.162414 79.66686582539 0.23126508446 
0.162921 79.56645242379 0.23057253660 
0.163427 79.55217801117 0.23200108122 
0.163934 79.31592134789 0.23257355334 
0.164441 79.39888140479 0.23631639310 
0.164948 79.44060407258 0.22770933705 
0.165454 79.18351632221 0.23094277081 
0.165961 79.34727445499 0.23624810085 
0.166468 79.53239419605 0.23172123494 
0.166974 79.60427392027 0.22853374655 
0.167481 78.91893453258 0.22988875392 
0.167988 78.98595264264 0.22974942022 
0.168495 78.94934223241 0.22998630636 
0.169001 79.26329565641 0.23533834318 
0.169508 79.18106721236 0.23718818835 
0.170015 79.02213418725 0.23564314630 
0.170521 79.38078793414 0.23833161033 
0.171028 78.93312090213 0.23633373033 
0.171535 79.02135874944 0.23066631838 
0.172041 79.19882440727 0.23551243881 
0.172548 78.91423172430 0.23351619972 
0.173055 79.20819463946 0.23438646952 
0.173562 79.18645730720 0.23653728324 
0.174068 79.12513174410 0.23921050560 
0.174575 79.04168044178 0.24202333873 
0.175082 78.85851332104 0.23351083476 
0.175588 78.96662639320 0.24083220185 
0.176095 78.54060687671 0.23908314285 
0.176602 78.46833466520 0.24355583431 
0.177108 78.76079728750 0.23815099421 
0.177615 78.74198137932 0.23131067022 
0.178122 78.69923954304 0.23813931852 
0.178629 78.65434629236 0.23355434679 
0.179135 78.67657598677 0.23808720326 
0.179642 78.51066967752 0.23389924462 
0.180149 78.51088150736 0.23778738951 
0.180655 78.65801045521 0.23523349744 
0.181162 78.94377081915 0.23401908727 
0.181669 78.97158249712 0.23702632749 
0.182175 78.91903984652 0.24438088806 
0.182682 78.75164530060 0.24400194973 
0.183189 78.55434127608 0.24374949629 
0.183695 78.54237780370 0.24106151316 
0.184202 78.10183905263 0.24293823624 
0.184709 78.27807336194 0.23910899999 
0.185216 78.28604039398 0.24368664566 
0.185722 78.11811798814 0.25383368590 
0.186229 78.24572427164 0.24811121293 
0.186736 78.45747806264 0.24289146924 
0.187242 78.12947170291 0.24393661229 
0.187749 78.03454051382 0.24057465629 
0.188256 77.90234419805 0.24575309823 
0.188762 77.44171545086 0.24524744009 
0.189269 77.47165128354 0.24635619650 
0.189776 77.43433579401 0.24536144463 
0.190282 77.61591649840 0.24345942597 
0.190789 77.78311704477 0.24786693473 
0.191296 77.48196507676 0.24253150537 
0.191802 77.49737506889 0.23993671103 
0.192309 77.09376602679 0.24097214304 
0.192816 76.81357713498 0.24174578315 
0.193323 76.80885403495 0.24074475341 
0.193829 76.83015119614 0.23663137916 
0.194336 76.67040241770 0.23350170098 
0.194843 76.54049704755 0.23155580004 
0.195349 76.35672954949 0.23166922710 
0.195856 76.44430779609 0.23815604539 
0.196363 76.53024955777 0.23323072618 
0.196869 76.27033429321 0.23352398922 
0.197376 76.64779941697 0.22785986163 
0.197883 76.22112742566 0.22756268272 
0.198389 76.17719903219 0.22673653287 
0.198896 75.73641723858 0.22859050206 
0.199403 76.15133706107 0.22406643970 
0.199909 76.05173936680 0.22527323503 
0.200416 76.07175741865 0.22630834381 
0.200923 76.06296154031 0.22250937013 
0.201429 76.09198744426 0.22822165429 
0.201936 76.19234917384 0.22150701414 
0.202443 76.01349366082 0.22149738637 
0.202949 75.82284909055 0.22233429582 
0.203456 75.58479112537 0.22080603161 
0.203963 75.52538001145 0.21639123218 
0.204469 75.66771580790 0.21880631626 
0.204976 75.51340124747 0.21706662170 
0.205483 75.42168845250 0.21957519550 
0.205989 75.45195813483 0.21998835820 
0.206496 75.42996564555 0.21911420659 
0.207003 75.67737153089 0.21019885309 
0.207509 75.37859029434 0.21854218945 
0.208016 75.03542481375 0.21796256425 
0.208523 75.13537780641 0.21461687106 
0.209029 75.39552958005 0.21387647086 
0.209536 75.26073144913 0.21379891470 
0.210043 74.90605309937 0.21019781396 
0.210549 75.01046810835 0.21249467011 
0.211056 75.19823245131 0.21005903591 
0.211563 75.12940841362 0.21140410570 
0.212069 75.02506634188 0.20891505843 
0.212576 74.90866251813 0.20694304818 
0.213083 74.92411261916 0.20908343571 
0.213589 74.96877152363 0.20886564200 
0.214096 74.79761892712 0.21173940892 
0.214603 74.94854641372 0.20921206070 
0.215109 74.59625305086 0.21040335266 
0.215616 74.77754703989 0.20584546150 
0.216123 74.24784858141 0.20771929367 
0.216629 74.56125583344 0.20556620501 
0.217136 74.07432737100 0.20933006890 
0.217643 74.36225954402 0.21011809929 
0.218149 74.05944034393 0.20976766447 
0.218656 74.18732594590 0.20764566810 
0.219163 74.22338557109 0.20603497995 
0.219669 74.15647376158 0.20625204863 
0.220176 74.30232980648 0.20894239739 
0.220683 73.97408919016 0.20635353812 
0.221189 73.92504777756 0.20812589494 
0.221696 73.95461019434 0.20168878123 
0.222203 73.99271313779 0.20877552146 
0.222709 73.96115666851 0.20761066143 
0.223216 73.60273842741 0.20426769020 
0.223722 73.88232827786 0.20297058978 
0.224229 73.67390078826 0.20860593630 
0.224736 73.80509153243 0.20482010726 
0.225242 73.82952424044 0.20428768642 
0.225749 73.63102974673 0.20171968208 
0.226256 73.58980473336 0.20272626495 
0.226762 73.73081852796 0.20149844227 
0.227269 73.84156711613 0.20592955350 
0.227776 73.43082561021 0.20431932353 
0.228282 73.47531096240 0.20200643916 
0.228789 73.25753289885 0.20238228695 
0.229296 73.30684017903 0.20168210345 
0.229802 73.20869629714 0.20128614670 
0.230309 73.55355735101 0.20112861340 
0.230816 73.07996566798 0.20070910763 
0.231322 73.32501719512 0.20219857013 
0.231829 73.00457577733 0.19992258294 
0.232335 72.89293635441 0.20027433841 
0.232842 72.93003680389 0.20174500174 
0.233349 72.65084472177 0.20005413032 
0.233855 72.98808366544 0.20243904396 
0.234362 72.68110333393 0.19970901275 
0.234869 73.02250802333 0.19982186318 
0.235375 72.85198877651 0.20200219097 
0.235882 72.81047005561 0.19910591595 
0.236389 72.54688384921 0.19871916985 
0.236895 72.13325956914 0.19860398922 
0.237402 72.39469356835 0.19815049204 
0.237908 72.32662666357 0.20001583920 
0.238415 72.42386663165 0.20118570564 
0.238922 72.03854345718 0.19877655737 
0.239428 72.55533000494 0.20245819731 
0.239935 72.10789078539 0.20430905021 
0.240442 72.18166699547 0.20367781004 
0.240948 71.94928898360 0.19982471192 
0.241455 72.01217806120 0.19802729948 
0.241962 72.00941898401 0.19764914566 
0.242468 72.12030297021 0.19683982926 
0.242975 72.22730309374 0.19595550302 
0.243481 72.06956204516 0.19747821516 
0.243988 71.76755424227 0.20283138666 
0.244495 71.90179335462 0.19743321245 
0.245001 71.74190800174 0.19961503553 
0.245508 71.68043939925 0.20108525704 
0.246015 71.70180624219 0.19667936332 
0.246521 71.81604512877 0.19979685392 
0.247028 71.65212979237 0.19975806707 
0.247534 71.32586577168 0.19561126083 
0.248041 71.37972964266 0.19468238356 
0.248548 71.40843485671 0.19664717505 
0.249054 71.54355950226 0.19598457009 
0.249561 71.17375579196 0.19737703026 
0.250068 71.63060101727 0.19731115722 
0.250574 71.38534680118 0.19848210438 
0.251081 71.22570855395 0.19899451999 
0.251587 71.32133009005 0.19729333761 
0.252094 71.19247142890 0.19678605153 
0.252601 70.95859631317 0.19294893940 
0.253107 70.81756462328 0.19548402916 
0.253614 70.95839245202 0.19402061251 
0.254120 71.10135582977 0.19430561414 
0.254627 71.07851350405 0.19510453163 
0.255134 70.98072451583 0.19480394958 
0.255640 70.95296588620 0.19818241168 
0.256147 70.98079281121 0.19791354051 
0.256654 71.07036592073 0.19857759994 
0.257160 71.09170821955 0.19652085344 
0.257667 71.32097739119 0.19387422937 
0.258173 71.25730454909 0.19453048574 
0.258680 71.23668416937 0.19518523264 
0.259187 71.32666735796 0.19229903231 
0.259693 71.39564246086 0.19699776055 
0.260200 71.49968565302 0.19616796018 
0.260706 71.60172180200 0.19777114864 
0.261213 71.66544481262 0.19541159693 
0.261720 71.68938034556 0.19577171523 
0.262226 71.52354412181 0.19357307384 
0.262733 71.38958123779 0.19716592555 
0.263239 71.46680272253 0.18857780735 
0.263746 71.71518066084 0.19465737953 
0.264253 71.57162142814 0.19143465517 
0.264759 71.73189722442 0.19237779094 
0.265266 71.48028155865 0.19281541635 
0.265772 71.93900143420 0.19120766333 
0.266279 71.43827439080 0.19146167646 
0.266786 71.91784192881 0.19324521908 
0.267292 71.54278456738 0.19201919023 
0.267799 71.72116525516 0.19152871890 
0.268305 71.72417601030 0.19061032155 
0.268812 71.56563015901 0.19056187283 
0.269319 71.76613518971 0.19049914992 
0.269825 71.79125048882 0.19052431110 
0.270332 71.66259853539 0.18928588542 
0.270838 71.89146212066 0.19372216119 
0.271345 71.93618569953 0.19195800666 
0.271852 72.48282768699 0.19482608031 
0.272358 72.44817649517 0.19375905233 
0.272865 72.32271942071 0.19083724967 
0.273371 72.36348005151 0.18982913199 
0.273878 72.32186713328 0.19167851612 
0.274385 72.27224069720 0.18894097691 
0.274891 72.39044561931 0.19424087021 
0.275398 72.51242746974 0.18845897652 
0.275904 72.23747833685 0.18700905670 
0.276411 72.22992395026 0.18376728931 
0.276917 71.99383822703 0.18822278005 
0.277424 72.41489092607 0.18753928538 
0.277931 72.07672457472 0.18685892494 
0.278437 72.30045158263 0.18038365917 
0.278944 72.07774585239 0.18436984481 
0.279450 72.08655024213 0.18171390640 
0.279957 72.02307339360 0.18779220774 
0.280464 72.06166486990 0.18275624003 
0.280970 72.01778499011 0.18425743720 
0.281477 72.17963153604 0.18535655001 
0.281983 72.04029127808 0.18395655941 
0.282490 72.21825963645 0.18116226096 
0.282996 72.19735462847 0.18304680493 
0.283503 72.37164152966 0.18135029974 
0.284010 72.12505173860 0.17755733568 
0.284516 71.71723336984 0.18295860331 
0.285023 71.54294147934 0.17488624428 
0.285529 71.78170744710 0.17294668973 
0.286036 71.56572432743 0.17567226522 
0.286542 71.47670269369 0.17390032535 
0.287049 71.55706331117 0.17595253260 
0.287556 71.47311846043 0.17648647007 
0.288062 71.34617144220 0.17044575890 
0.288569 71.39127740112 0.17027559328 
0.289075 71.34691732940 0.17168608785 
0.289582 71.44392070435 0.17205576989 
0.290088 71.11237869015 0.16825931663 
0.290595 71.25590823741 0.16878520958 
0.291102 71.21340576356 0.16884562609 
0.291608 71.16015983848 0.16979869015 
0.292115 71.26807289545 0.16879931070 
0.292621 71.30702871919 0.16697372225 
0.293128 71.14230063001 0.16754339365 
0.293634 71.17471615068 0.16786159608 
0.294141 71.16953635281 0.16844328931 
0.294647 70.91910115303 0.16609323602 
0.295154 70.96716148884 0.16523099753 
0.295661 71.02097471618 0.16654778916 
0.296167 70.71038297267 0.16382695288 
0.296674 70.65702101570 0.16631567414 
0.297180 70.68317900077 0.16552486616 
0.297687 70.63393269749 0.16604935345 
0.298193 70.69362673861 0.16456010280 
0.298700 70.60454149577 0.16560014315 
0.299207 70.56401671685 0.16593712677 
0.299713 70.43180748602 0.16190872254 
0.300220 70.59127925230 0.16579480865 
0.300726 70.72087316004 0.16350480165 
0.301233 70.36691108984 0.16201806422 
0.301739 70.38520958097 0.16318718790 
0.302246 70.33588537419 0.16489558596 
0.302752 70.09261246294 0.16270492694 
0.303259 70.09147746186 0.16327883276 
0.303765 70.19754027263 0.16015681122 
0.304272 70.22177046390 0.16079448574 
0.304779 69.97085077948 0.16020153937 
0.305285 70.32951360757 0.15841873489 
0.305792 69.88432348560 0.15808091471 
0.306298 69.99195683698 0.15986573725 
0.306805 70.05630416698 0.16216629651 
0.307311 69.86837595042 0.15301037803 
0.307818 69.98152776547 0.15830639965 
0.308324 69.64880111157 0.15484297561 
0.308831 69.60394262656 0.15726892257 
0.309337 69.18472017151 0.15320517171 
0.309844 69.36483091470 0.15413055620 
0.310350 69.21405991633 0.15187769665 
0.310857 68.86490581897 0.15134007325 
0.311364 68.89664813178 0.15210111021 
0.311870 68.36356604824 0.14897030220 
0.312377 68.15121678198 0.14822930022 
0.312883 68.20863521770 0.14633303642 
0.313390 68.04342010284 0.14298138680 
0.313896 67.85292722739 0.14666035274 
0.314403 67.80428292965 0.14544098070 
0.314909 67.70748280588 0.14244918940 
0.315416 67.54404211982 0.14566768636 
0.315922 67.70855536893 0.14803348306 
0.316429 67.32561958478 0.14117288942 
0.316935 67.24620969819 0.14521916809 
0.317442 67.30859740291 0.14293219127 
0.317948 66.93096514731 0.14137020892 
0.318455 66.98708754619 0.14325508723 
0.318961 67.01824168186 0.14123727401 
0.319468 66.78852600201 0.13954908188 
0.319975 66.83555608146 0.14374469938 
0.320481 66.74364280734 0.14047251248 
0.320988 66.79081934051 0.14455783891 
0.321494 66.66123081225 0.13860240554 
0.322001 66.57591458743 0.17021492568 
0.322507 66.49822448487 0.14089314311 
0.323014 66.73040420365 0.14187071944 
0.323520 66.66800685458 0.14064356117 
0.324027 66.46455266698 0.14200856908 
0.324533 66.44008826138 0.13834597687 
0.325040 66.54888120853 0.14040357173 
0.325546 66.50639177245 0.14432336979 
0.326053 66.27218609928 0.14171545218 
0.326559 66.28443165945 0.13648361333 
0.327066 66.14760990666 0.13795782109 
0.327572 66.07532972639 0.13828315482 
0.328079 66.11383220920 0.13849581033 
0.328585 66.00973999129 0.13830359953 
0.329092 65.98282578324 0.13681916420 
0.329598 66.12897954130 0.13904471950 
0.330105 65.96557201528 0.13969340004 
0.330611 66.04677413941 0.14050055840 
0.331118 66.09148946344 0.13805089600 
0.331624 65.97603251038 0.13827091607 
0.332131 65.84166968462 0.14061350637 
0.332637 65.67088306360 0.14059675372 
0.333144 65.74033324508 0.13836534495 
0.333650 65.90886776160 0.13975777439 
0.334157 65.81825804588 0.13851204992 
0.334663 65.66783547993 0.13619051081 
0.335170 65.91595127532 0.14145429593 
0.335676 65.72806187047 0.13650231053 
0.336183 65.65997818150 0.13838518058 
0.336689 65.66595700608 0.13915952797 
0.337196 65.63157564852 0.13837434070 
0.337702 65.45851479743 0.14095385154 
0.338209 65.52221231556 0.13668583894 
0.338715 65.62901037788 0.13855959553 
0.339222 65.29743838739 0.14342331138 
0.339728 65.33169188157 0.13817443212 
0.340235 65.36008138372 0.22680469454 
0.340741 65.30397731267 0.14034298027 
0.341248 65.56832823167 0.13806064065 
0.341754 65.50370610943 0.13961366332 
0.342261 65.27467996051 0.13971536113 
0.342767 65.14103588809 0.13918754261 
0.343274 65.15137902096 0.13774613211 
0.343780 65.10881767520 0.14089220642 
0.344287 65.09349592685 0.13968856923 
0.344793 65.21730774327 0.13860364606 
0.345300 65.08102027661 0.13824372447 
0.345806 65.08856243102 0.14246589379 
0.346313 65.07451333812 0.14345657916 
0.346819 65.05523497127 0.14495990091 
0.347325 64.90638292520 0.14433040514 
0.347832 64.81489663192 0.14434747841 
0.348338 64.77750607085 0.14143684059 
0.348845 64.73387331321 0.14829363856 
0.349351 64.87639360963 0.14736009846 
0.349858 64.50349976454 0.14759782006 
0.350364 64.73851792567 0.14859550792 
0.350871 64.58492025409 0.14906733058 
0.351377 64.45034587751 0.14692930750 
0.351884 64.36797103736 0.14686429192 
0.352390 64.29851040107 0.14632797950 
0.352897 64.46235117888 0.14839360919 
0.353403 64.36262164433 0.14951835837 
0.353910 64.50477284370 0.15120259147 
0.354416 64.12826148051 0.15095281045 
0.354923 64.16351225996 0.15069823784 
0.355429 64.27650884582 0.15506726865 
0.355935 64.10895181066 0.15388234647 
0.356442 64.03665867424 0.15443028983 
0.356948 63.84409068836 0.15327175680 
0.357455 63.79032161615 0.15755507379 
0.357961 63.94344637003 0.15828661561 
0.358468 63.44739351917 0.15358791402 
0.358974 64.01134338291 0.22205305333 
0.359481 64.03200629251 0.20318757736 
0.359987 63.62043231686 0.20179780467 
0.360494 63.92146754756 0.19179644787 
0.361000 63.89370573083 0.18797195433 
0.361506 63.50647959487 0.18477966971 
0.362013 63.80304598139 0.18885085016 
0.362519 63.84603566001 0.18206657368 
0.363026 63.82541224831 0.18289210763 
0.363532 63.58741335552 0.18823957804 
0.364039 63.79216314578 0.18290902214 
0.364545 63.94421018272 0.18330112673 
0.365052 63.72440004190 0.18682649775 
0.365558 63.64037854784 0.18464616266 
0.366064 63.40685893434 0.18406070084 
0.366571 63.34552829078 0.18466814629 
0.367077 63.99292402147 0.18337186693 
0.367584 63.91068745540 0.18777336539 
0.368090 63.46132924071 0.18403298060 
0.368597 63.55282333615 0.19030813122 
0.369103 63.44877721211 0.18917885354 
0.369610 63.62393007712 0.18898193646 
0.370116 63.45880254894 0.18691959819 
0.370622 63.34083406147 0.19112040286 
0.371129 63.69562309731 0.19292313733 
0.371635 63.66961445066 0.19037432219 
0.372142 63.45986446061 0.19478401714 
0.372648 63.85417162991 0.19631909682 
0.373155 63.58171811121 0.19748754713 
0.373661 63.40966045496 0.19624600988 
0.374167 63.43112747911 0.19331056618 
0.374674 63.31019396264 0.20032881834 
0.375180 63.40607600423 0.19908099206 
0.375687 63.80401594432 0.19993744275 
0.376193 63.32110498727 0.19931542544 
0.376700 63.40188318618 0.19753482490 
0.377206 63.44758888703 0.20475672782 
0.377712 63.56262105227 0.19978972599 
0.378219 63.33764560888 0.20227583207 
0.378725 63.10683389303 0.20911476249 
0.379232 63.35842274354 0.20191338749 
0.379738 63.24932933798 0.20533992541 
0.380245 63.00881541682 0.20583033301 
0.380751 63.13781171015 0.20505613255 
0.381257 63.50746761202 0.20741736689 
0.381764 63.00327565326 0.20993394253 
0.382270 63.04210882555 0.20565297382 
0.382777 63.14036767044 0.20856860851 
0.383283 62.91609887022 0.20432451933 
0.383789 62.84919235125 0.21314361591 
0.384296 63.18841285138 0.20980742571 
0.384802 63.25478161043 0.20986116927 
0.385309 63.21452848406 0.20676266986 
0.385815 62.84951378731 0.20585375886 
0.386321 62.88199748371 0.20996335145 
0.386828 63.12868382556 0.21050017281 
0.387334 63.07158914032 0.21529008193 
0.387841 63.13816917876 0.21310907255 
0.388347 63.23267343292 0.21203740278 
0.388853 62.97725475187 0.22026158931 
0.389360 63.11911425979 0.21378587221 
0.389866 63.02002787952 0.21169740724 
0.390373 62.69747020484 0.21653594672 
0.390879 62.69047111779 0.22062547461 
0.391385 62.64832388246 0.22220495894 
0.391892 62.31266258761 0.21307182464 
0.392398 63.12574498301 0.22601053156 
0.392905 62.42280147684 0.22049707507 
0.393411 62.56831789626 0.21636675997 
0.393917 62.96465953728 0.22320978436 
0.394424 63.04304540156 0.22519905188 
0.394930 62.96903545493 0.22497882853 
0.395437 62.69029247423 0.23014796165 
0.395943 62.41265695659 0.22944669611 
0.396449 62.51309914192 0.42819141185 
0.396956 62.91955981921 0.22086924853 
0.397462 62.83997075224 0.23422119382 
0.397969 62.15501043740 0.23056136001 
0.398475 62.59174077682 0.23442878934 
0.398981 62.22426325277 0.23868594117 
0.399488 62.31553257928 0.23492479133 
0.399994 62.42859633915 0.23938866383 
0.400500 62.08994027765 0.23843851137 
0.401007 62.29570547205 0.23775575813 
0.401513 62.55800775911 0.24168345764 
0.402020 62.46195399074 0.25208858852 
0.402526 62.25102995103 0.24788072781 
0.403032 62.69945656758 0.24666574795 
0.403539 62.17516097177 0.25501508219 
0.404045 62.27911408765 0.24757445891 
0.404551 62.48386009666 0.27425840383 
0.405058 62.18985966650 0.26426444185 
0.405564 62.12932805212 0.25462483118 
0.406071 62.84303640850 0.25351872116 
0.406577 62.16231706802 0.25537431955 
0.407083 61.93601119871 0.25758539183 
0.407590 61.95071417559 0.26534778703 
0.408096 62.59399308988 0.27717341206 
0.408602 62.08450075201 0.27653845415 
0.409109 62.24222883552 0.26740767767 
0.409615 61.90719483943 0.27688309189 
0.410121 62.27683705354 0.25842938252 
0.410628 62.29225818891 0.26338001420 
0.411134 62.12672359642 0.26549939378 
0.411641 62.39976563245 0.27478950297 
0.412147 62.03822550175 0.26406691091 
0.412653 61.67942659968 0.27143761396 
0.413160 62.19122452847 0.26266061136 
0.413666 62.00508011983 0.26018795528 
0.414172 62.16929190299 0.28179823266 
0.414679 62.20814690645 0.27443929459 
0.415185 61.77882048293 0.28903649498 
0.415691 62.40717486096 0.27101152824 
0.416198 61.69938385521 0.27167967770 
0.416704 61.80147410743 0.28683491028 
0.417210 62.02735345736 0.27969168640 
0.417717 61.42100093476 0.29202535054 
0.418223 62.41231066511 0.28450286613 
0.418729 61.58569631705 0.28694460094 
0.419236 61.59187095430 0.27712376958 
0.419742 61.51381846079 0.27541843086 
0.420248 61.82134447361 0.27532634289 
0.420755 61.82418386222 0.27566158666 
0.421261 61.35080954745 0.27513548770 
0.421767 61.84183212425 0.27629026474 
0.422274 62.11441588052 0.28186202656 
0.422780 62.00666107486 0.27805723125 
0.423286 61.68854820062 0.28428445951 
0.423793 61.57165374530 0.28202170923 
0.424299 61.84536135835 0.29192982258 
0.424805 61.80588614301 0.28852775085 
0.425312 61.46140513330 0.29270191705 
0.425818 61.66064292930 0.28606236849 
0.426324 61.68857498206 0.30213216294 
0.426831 61.91438254407 0.30319731989 
0.427337 61.54512531302 0.29984977410 
0.427843 61.53704749582 0.29537077092 
0.428350 61.28771266706 0.30385659957 
0.428856 61.70568248637 0.30324521116 
0.429362 61.10375744877 0.29529732959 
0.429869 61.57094669803 0.31805600423 
0.430375 61.42466132447 0.30747070483 
0.430881 61.30599284880 0.31428550329 
0.431388 62.02221042065 0.32022930587 
0.431894 61.77220491602 0.32214846519 
0.432400 61.52923198531 0.32093014019 
0.432907 61.38059496054 0.31691657348 
0.433413 61.65313065476 0.33610351024 
0.433919 61.11168630785 0.33532339232 
0.434425 61.46311635707 0.33074769877 
0.434932 61.61596262133 0.33951294203 
0.435438 61.71678234416 0.35178029737 
0.435944 61.34626262113 0.34250707321 
0.436451 61.51443298515 0.33749325799 
0.436957 60.85387880567 0.34990357198 
0.437463 61.30867533300 0.35477721773 
0.437970 61.29692903680 0.34323570161 
0.438476 61.46460795191 0.36447225689 
0.438982 61.34874723540 0.35815673393 
0.439489 61.35117197915 0.37740344019 
0.439995 61.37088829656 0.37212135003 
0.440501 60.96563085128 0.36309594032 
0.441007 61.73191599633 0.37614597792 
0.441514 61.78547501840 0.39759039321 
0.442020 61.45608003177 0.39006211816 
0.442526 61.79164009111 0.40191989526 
0.443033 61.22881849310 0.38881377292 
0.443539 60.53814700259 0.40129732795 
0.444045 60.25204080387 0.40319518555 
0.444551 60.93987267477 0.40694194999 
0.445058 61.89227899554 0.41408624543 
0.445564 61.53033312958 0.42051734897 
0.446070 61.56527920209 0.42928341379 
0.446577 60.67834463489 0.43262101007 
0.447083 60.58924899953 0.45988093310 
0.447589 60.27136328778 0.45096272401 
0.448095 60.79982304202 0.45130933936 
0.448602 60.16363836048 0.47534777055 
0.449108 60.56745581714 0.47257938303 
0.449614 60.69263310745 0.49537811885 
0.450121 60.39945057478 0.48818836939 
0.450627 60.95755620360 0.49819577343 
0.451133 60.79169461013 0.48417880301 
0.451639 60.57859938179 0.52708914832 
0.452146 59.70622573220 0.52438060263 
0.452652 60.83698666755 0.55865530198 
0.453158 60.23822760232 0.56494438071 
0.453664 60.18545568178 0.55519247831 
0.454171 60.28385225707 0.58140291313 
0.454677 60.60624506452 0.61293235415 
0.455183 60.04519431873 0.63162929996 
0.455689 60.82838417046 0.63570060708 
0.456196 60.15990260038 0.67592587288 
0.456702 60.47003185079 0.65160379284 
0.457208 60.18038374447 0.71398312325 
0.457714 59.91987870759 0.73724544057 
0.458221 60.51772274178 0.77468659315 
0.458727 59.91242622229 0.80918207465 
0.459233 59.27345022925 0.81816085074 
0.459740 60.12465273319 0.84491979654 
0.460246 59.64524910102 0.90822901038 
0.460752 60.40650116484 1.00941327218 
0.461258 60.74249259625 1.04319452230 
0.461765 59.79780279346 1.09377892710 
0.462271 60.26894009194 1.04572816116 
0.462777 60.50937852509 1.19942154306 
0.463283 59.27417793697 1.21491152621 
0.463789 60.42368972266 1.37780428048 
0.464296 61.35189085804 1.41414067758 
0.464802 59.47320384917 1.29359722905 
0.465308 60.36837233225 1.47181012693 
0.465814 59.62621703586 1.71136367692 
0.466321 58.65432755323 1.71135494061 
0.466827 60.26440551691 1.86124566003 
0.467333 60.43738742284 1.91336910082 
0.467839 61.37030745753 1.99869816730 
0.468346 59.73937738184 2.32171624789 
0.468852 59.63168769324 2.50289816245 
0.469358 54.45746013284 2.73304474830 
0.469864 59.33858237063 2.99355552127 
0.470371 50.83108458867 3.55004353366 
0.470877 48.95845817184 4.11926977266 
0.471383 43.99983240675 4.72452650788 
0.471889 42.17578365477 6.41019281157 
0.472395 48.68148781723 5.45790411606 
0.472902 36.55845865590 10.76889735371 
