0.010896 1350.48496807389 13.72768886156 
0.011402 1214.67856336769 13.04739977760 
0.011909 1089.67998187222 12.06507026229 
0.012416 992.45790555281 8.55370402900 
0.012923 895.15331883436 7.98313787471 
0.013430 819.90410516546 11.97218384135 
0.013936 793.04709667759 9.52256642145 
0.014443 741.55355491161 7.51576490216 
0.014950 685.92572702648 6.48841382387 
0.015457 634.96770984752 5.37457947641 
0.015963 585.91188539802 4.92457386909 
0.016470 548.12441470495 4.14339278677 
0.016977 513.98947665848 4.06891312358 
0.017484 479.93003908341 3.32650220892 
0.017990 453.93574775531 3.16257521865 
0.018497 425.99515689713 2.60724662392 
0.019004 403.13992162352 2.36454400740 
0.019511 381.84614467946 2.27969204647 
0.020018 362.01684250197 2.18211182605 
0.020524 345.75289692623 1.88411790648 
0.021031 328.87823465717 2.11555267616 
0.021538 317.58491077175 1.62918980955 
0.022045 302.67539931070 1.66036998834 
0.022551 292.77962063029 1.59960410373 
0.023058 278.04294429316 1.54899120741 
0.023565 270.99198076447 1.60861411993 
0.024072 261.52939373656 1.60593042581 
0.024579 252.57966291890 1.69737358456 
0.025085 243.11411389716 2.14318659124 
0.025592 236.70483910213 2.12134999654 
0.026099 230.04940820734 2.21472722688 
0.026606 223.90114454907 1.70811317453 
0.027112 218.87373727203 1.79973820560 
0.027619 214.08888144356 1.55943320307 
0.028126 207.78715163961 1.52478171359 
0.028633 203.20143947703 1.43460933169 
0.029139 198.81323872841 1.28874102835 
0.029646 193.98229076899 1.20204242280 
0.030153 190.51400196535 1.20599544218 
0.030660 187.48332662673 1.07577077243 
0.031167 182.42696637714 0.91309168071 
0.031673 178.69807983692 0.95350945540 
0.032180 176.14343296194 0.91570373996 
0.032687 172.33176024068 0.90019276108 
0.033194 170.02136683691 0.84348202153 
0.033700 167.22064578196 0.75120885640 
0.034207 164.62016230335 0.76742965084 
0.034714 163.08919306900 0.73212247058 
0.035221 161.25493917193 0.72912774384 
0.035727 159.05090531888 0.69400270248 
0.036234 156.65220471167 0.65327302162 
0.036741 154.38413339317 0.70450358103 
0.037248 153.14382123733 0.65432758205 
0.037755 150.88294137356 0.63138486799 
0.038261 148.75090967643 0.60347980734 
0.038768 147.59495003335 0.56749407480 
0.039275 146.26093274846 0.59613378462 
0.039782 144.58513595637 0.53644011129 
0.040288 142.56523987825 0.54945378824 
0.040795 141.13423908616 0.55085615828 
0.041302 140.64301005491 0.56697048056 
0.041809 138.55888721858 0.55174250272 
0.042315 137.86547899381 0.54501517158 
0.042822 136.35096996210 0.54441000853 
0.043329 135.63950096089 0.56108766138 
0.043836 134.23405072682 0.51354960999 
0.044343 132.94471876683 0.51643958256 
0.044849 132.88345457547 0.51327756188 
0.045356 132.12274620888 0.51535751598 
0.045863 129.73005746340 0.50636404651 
0.046370 129.44967798501 0.48495557750 
0.046876 128.57174665881 0.52217062242 
0.047383 127.21435793595 0.49534667105 
0.047890 125.38843407603 0.48481723688 
0.048397 125.83923636562 0.49584372631 
0.048903 124.79262014108 0.49880886384 
0.049410 123.13374006930 0.44721178891 
0.049917 122.98482558507 0.48698133505 
0.050424 122.81045788810 0.45466175356 
0.050931 121.57839026673 0.46768305121 
0.051437 120.49173043080 0.44917376252 
0.051944 119.83010024010 0.43327772597 
0.052451 119.71469605266 0.42074445482 
0.052958 119.40907769495 0.44563522376 
0.053464 118.37970393221 0.44777229827 
0.053971 116.78609404220 0.45508249365 
0.054478 116.93945036295 0.45919790315 
0.054985 115.60409448967 0.42488508583 
0.055491 115.92256796114 0.44531836904 
0.055998 114.87865921131 0.40830041945 
0.056505 114.38385610179 0.43344436569 
0.057012 113.69538859739 0.44434386343 
0.057519 113.22870505814 0.41939012849 
0.058025 112.31331704627 0.41956401957 
0.058532 112.23602585453 0.42647709530 
0.059039 111.18925348838 0.40486981610 
0.059546 110.74054529377 0.41697453742 
0.060052 110.72541066829 0.38827190170 
0.060559 109.85244694696 0.40560221749 
0.061066 108.80646523936 0.40383252105 
0.061573 108.73187462322 0.39169206367 
0.062079 108.56064039042 0.38349265166 
0.062586 107.58207513467 0.40956817428 
0.063093 107.00020630683 0.38334272767 
0.063600 106.99808956292 0.38856172312 
0.064106 106.73294587567 0.38580153844 
0.064613 106.84580892737 0.39663667880 
0.065120 106.18267435113 0.38105658505 
0.065627 105.38616743548 0.39555041191 
0.066134 105.23537880760 0.37115962534 
0.066640 104.97422545185 0.38407932716 
0.067147 104.67421727230 0.37846463337 
0.067654 104.10065336797 0.36356909083 
0.068161 103.34715201994 0.36489117920 
0.068667 103.02322826072 0.38435507014 
0.069174 102.70808566365 0.36859312291 
0.069681 102.85559583876 0.35918034330 
0.070188 102.69346472143 0.37807312646 
0.070694 102.67027334076 0.35354559123 
0.071201 101.85917270901 0.34358124173 
0.071708 101.42979241982 0.36010369896 
0.072215 101.19238335949 0.35601843192 
0.072721 100.87115747717 0.36076703790 
0.073228 100.90877420884 0.33915925278 
0.073735 100.67243546890 0.33345572426 
0.074242 100.12769382491 0.34827653533 
0.074748 98.94221106504 0.33383698943 
0.075255 99.51637151059 0.33413382459 
0.075762 99.04138008974 0.34480992996 
0.076269 99.34690953805 0.34450992352 
0.076776 98.69120066347 0.33128660493 
0.077282 98.64457248965 0.33650568298 
0.077789 98.49450788410 0.33477264969 
0.078296 97.85423079812 0.31809108808 
0.078803 97.56698436323 0.31904425947 
0.079309 97.31175826477 0.34068276229 
0.079816 97.87038384806 0.33122844212 
0.080323 97.60514424545 0.32092746626 
0.080830 97.69708547499 0.35166361244 
0.081336 97.18379448440 0.33229536961 
0.081843 96.74152488760 0.33182458184 
0.082350 96.59596629718 0.32730039739 
0.082857 96.65790788151 0.31696266629 
0.083363 96.15192256459 0.33553773187 
0.083870 96.65868531780 0.33725645974 
0.084377 96.40207158217 0.33481327104 
0.084884 96.36775672328 0.34517760451 
0.085390 96.15821873914 0.32945962195 
0.085897 95.50447575861 0.32229756880 
0.086404 95.23445712532 0.32689345951 
0.086911 95.29207301975 0.33473199508 
0.087417 94.77210012278 0.32325516602 
0.087924 94.90179222459 0.31494257990 
0.088431 94.87464842786 0.32686397548 
0.088938 94.41344941233 0.33337762124 
0.089444 94.47249233473 0.33019793234 
0.089951 94.52497580973 0.32549770844 
0.090458 93.50448154314 0.32720112879 
0.090965 94.08549362345 0.32511054661 
0.091471 93.55741911214 0.31863875630 
0.091978 93.68484101213 0.33014771702 
0.092485 92.94292330850 0.35270107263 
0.092992 93.41834313297 0.34125889037 
0.093498 93.03605312808 0.33108371604 
0.094005 92.76327838933 0.33145865164 
0.094512 92.40499900596 0.32584137120 
0.095019 92.76634013749 0.33686363989 
0.095525 92.31662905368 0.32656031493 
0.096032 92.43231411178 0.32699245521 
0.096539 92.01552665617 0.32275968772 
0.097046 92.31998914310 0.31996848088 
0.097552 91.80454963534 0.32525771422 
0.098059 91.47773815486 0.31800412624 
0.098566 91.61558217330 0.32515910178 
0.099073 92.14165493626 0.32536621512 
0.099579 91.43198446445 0.31599612879 
0.100086 91.91051505957 0.31920947337 
0.100593 91.51635378844 0.33183188641 
0.101100 91.06337034843 0.31800582718 
0.101606 91.07446409190 0.30884803527 
0.102113 90.06190600712 0.29814511418 
0.102620 89.01729347389 0.29126580927 
0.103127 89.19754499138 0.29339416167 
0.103633 88.80854531016 0.29224162722 
0.104140 88.68524695045 0.29491640275 
0.104647 88.11939171375 0.31397822195 
0.105154 88.72915696889 0.30714781549 
0.105660 88.75033468784 0.30059361914 
0.106167 88.54208264568 0.30570094694 
0.106674 88.28557452118 0.31000521515 
0.107181 88.02156436468 0.31060364080 
0.107687 87.68797903459 0.29755217955 
0.108194 88.33651564298 0.30602284115 
0.108701 88.20012388096 0.29595281044 
0.109208 88.01949379446 0.29649198842 
0.109714 87.96178137513 0.28394096843 
0.110221 87.37354528247 0.28376538017 
0.110728 87.73171907678 0.29808956729 
0.111235 87.23335163652 0.28112564691 
0.111741 88.15134802062 0.29205587593 
0.112248 86.96727404985 0.28061944292 
0.112755 87.35363096693 0.28803201599 
0.113262 86.92532156491 0.28265527139 
0.113768 87.32147125257 0.27631833290 
0.114275 86.84098839023 0.27927805532 
0.114782 86.68140767500 0.28455398082 
0.115289 86.85789318239 0.27271105156 
0.115795 86.83548060720 0.26860241967 
0.116302 86.35374201171 0.27361248982 
0.116809 86.40696771072 0.26533397467 
0.117316 86.51242709512 0.27567227258 
0.117822 86.40332608359 0.27955503744 
0.118329 86.59494029449 0.27771791929 
0.118836 86.04654582675 0.26913605572 
0.119342 85.64700344874 0.26143500878 
0.119849 86.09408168316 0.27176219463 
0.120356 85.94398239080 0.27048638718 
0.120863 86.09912890255 0.27299148389 
0.121369 85.35910885807 0.26736378140 
0.121876 85.58284844778 0.26630154026 
0.122383 85.51713458681 0.26484266364 
0.122890 85.39715662914 0.26808690732 
0.123396 85.50050788248 0.26633519632 
0.123903 85.34263484304 0.26158511238 
0.124410 85.04577529650 0.26312331924 
0.124917 85.31309592004 0.25649180126 
0.125423 84.94677986514 0.25911191274 
0.125930 84.79760108943 0.25584518300 
0.126437 84.55479061581 0.25936992789 
0.126944 84.76134185432 0.24898515479 
0.127450 84.68150396038 0.25895935823 
0.127957 85.14479713938 0.25344021813 
0.128464 84.62879701575 0.25571032819 
0.128970 84.38256256097 0.25921166642 
0.129477 84.55797472258 0.25440457225 
0.129984 84.75690112970 0.25305801983 
0.130491 84.49430812647 0.25079412586 
0.130997 84.37809750199 0.25544077571 
0.131504 84.49411318159 0.25368789328 
0.132011 84.14353750038 0.24755310300 
0.132518 83.76978272194 0.25038818149 
0.133024 83.85450796637 0.25381658002 
0.133531 83.95919987272 0.24596938676 
0.134038 83.93086128018 0.24948992798 
0.134545 84.13158248475 0.24454864293 
0.135051 83.66756899193 0.24552174925 
0.135558 83.98650706521 0.24350863388 
0.136065 83.60515349195 0.24837295797 
0.136571 83.80310022424 0.25018153571 
0.137078 83.65638254867 0.24764428985 
0.137585 83.69566703039 0.24583200682 
0.138092 83.53399718343 0.24636630393 
0.138598 83.34233390114 0.24007026604 
0.139105 82.84202909005 0.24179037180 
0.139612 83.02920554038 0.23750936511 
0.140119 83.22202508295 0.23747876816 
0.140625 83.01760500816 0.24478083886 
0.141132 82.83793367824 0.23725556749 
0.141639 82.98994644094 0.23882786239 
0.142145 82.74416135670 0.24425746842 
0.142652 82.67746213016 0.23695955713 
0.143159 82.94321679736 0.24651084958 
0.143666 82.54415882003 0.23854669739 
0.144172 82.03137470409 0.24051351246 
0.144679 82.25666154095 0.24002621427 
0.145186 82.27180016452 0.24470240663 
0.145692 81.88731835629 0.24541880662 
0.146199 81.81252422250 0.23988697187 
0.146706 82.09429993130 0.23610989574 
0.147213 82.21580949694 0.24563018690 
0.147719 81.71070913784 0.23920587431 
0.148226 81.88085190194 0.24699474121 
0.148733 81.65197825778 0.23768869151 
0.149240 81.47904536099 0.23984086449 
0.149746 81.67799740112 0.24261383539 
0.150253 81.46142682747 0.24551357260 
0.150760 81.18523865994 0.24070047245 
0.151266 80.90963863124 0.23337453667 
0.151773 81.15909978223 0.24388808894 
0.152280 81.39241630305 0.23793838364 
0.152787 81.38951446513 0.24219760544 
0.153293 80.79993157149 0.23714579975 
0.153800 80.76416162489 0.24350407402 
0.154307 80.58531022421 0.23964753748 
0.154813 80.99128843587 0.23818661721 
0.155320 80.50857744632 0.24281772524 
0.155827 80.39632433970 0.24103444317 
0.156334 80.39592132119 0.24229165017 
0.156840 80.50280612525 0.23501057373 
0.157347 80.29224001252 0.23745408317 
0.157854 80.19661450556 0.24073390947 
0.158360 80.48236997400 0.23708954943 
0.158867 80.32097511892 0.23754491071 
0.159374 80.20464396298 0.23345795743 
0.159881 79.75615968905 0.23827468660 
0.160387 79.99618010390 0.23881274102 
0.160894 80.22126015319 0.23282868617 
0.161401 79.73947004071 0.23093787095 
0.161907 79.83871324563 0.23705255839 
0.162414 79.54240973846 0.23129126077 
0.162921 79.98026156221 0.23555327269 
0.163427 79.56821904765 0.23396073442 
0.163934 79.42264602637 0.23354355302 
0.164441 79.40591549852 0.23224150722 
0.164948 79.25314763845 0.23065008443 
0.165454 79.52732211990 0.22650697315 
0.165961 79.13950756541 0.22796134492 
0.166468 79.23047062856 0.23127903999 
0.166974 78.92466649292 0.23267136659 
0.167481 79.21078790460 0.23280742327 
0.167988 79.06135199583 0.23500104389 
0.168495 79.19129779421 0.23780451069 
0.169001 79.38655984547 0.23766079838 
0.169508 78.95739699970 0.23153770870 
0.170015 79.03869866089 0.23206004066 
0.170521 79.10087108830 0.23068353999 
0.171028 79.10723454734 0.23101868497 
0.171535 79.58265081851 0.23345404051 
0.172041 79.39814211399 0.23903895406 
0.172548 79.11043901672 0.23843811779 
0.173055 79.21976069117 0.23482861053 
0.173562 79.09553592405 0.23792652017 
0.174068 78.95731846028 0.23865304652 
0.174575 79.04200519331 0.23995556538 
0.175082 78.75359891700 0.23405224769 
0.175588 78.96981001187 0.23843573775 
0.176095 78.63861656977 0.23766092675 
0.176602 78.90689622541 0.23505805379 
0.177108 78.51526209983 0.23921205830 
0.177615 78.76533857980 0.24025012002 
0.178122 78.65815954621 0.23691628433 
0.178629 78.95466487163 0.24115593978 
0.179135 78.77308721407 0.24113550571 
0.179642 78.30531885257 0.23440238019 
0.180149 78.98483550679 0.24477996656 
0.180655 78.65467777269 0.23406768824 
0.181162 78.48044209153 0.23380023245 
0.181669 78.69816875150 0.23992975842 
0.182175 78.87467794365 0.24463861630 
0.182682 78.99765630271 0.24391172479 
0.183189 78.98616385868 0.24260720805 
0.183695 78.61041654185 0.23842438679 
0.184202 78.41796449979 0.24985592443 
0.184709 78.38168191698 0.24277987855 
0.185216 78.28732124128 0.24188460458 
0.185722 78.01182071583 0.24205714641 
0.186229 78.21074271029 0.24577612937 
0.186736 78.08291891267 0.23975109009 
0.187242 77.94420449650 0.24653652878 
0.187749 77.79096991655 0.24653287973 
0.188256 77.92542441636 0.25198439061 
0.188762 77.94598577504 0.24683758676 
0.189269 77.90218658616 0.24678244044 
0.189776 77.54163139323 0.25204097132 
0.190282 77.38425184170 0.24192717018 
0.190789 77.68607478234 0.23836273412 
0.191296 77.36560684606 0.24402326168 
0.191802 77.41513933874 0.24374328055 
0.192309 77.04385111977 0.23779652899 
0.192816 77.21442410861 0.23963552074 
0.193323 76.91979504695 0.23894000376 
0.193829 76.75684026059 0.23136944536 
0.194336 76.84100407574 0.23776903653 
0.194843 76.64555567421 0.23275061706 
0.195349 76.22586906351 0.23501181998 
0.195856 76.52961366822 0.23724680870 
0.196363 76.42126946740 0.23285157251 
0.196869 76.08725830746 0.23285682164 
0.197376 76.21952885525 0.22950792848 
0.197883 76.00072930828 0.23372506705 
0.198389 76.02215408410 0.22557739761 
0.198896 75.65408120212 0.22377097556 
0.199403 75.97304007801 0.22387491300 
0.199909 76.17634633473 0.23009419513 
0.200416 76.04068497140 0.22272248147 
0.200923 75.93420959185 0.22430145166 
0.201429 75.96488777477 0.22196373218 
0.201936 76.12985043758 0.22283393613 
0.202443 75.53976059511 0.21696616086 
0.202949 75.81468356687 0.22298837300 
0.203456 75.59705757378 0.21866451841 
0.203963 75.55527523242 0.21819341093 
0.204469 75.55850604661 0.21952425249 
0.204976 75.85773522128 0.21531752456 
0.205483 75.32173272948 0.21004556224 
0.205989 75.61432072129 0.21618275239 
0.206496 75.60726848401 0.21556517385 
0.207003 75.46771885249 0.21184321842 
0.207509 75.69609601887 0.21330900095 
0.208016 75.19274223991 0.21992919199 
0.208523 75.22917506327 0.21395370671 
0.209029 75.36108598490 0.20967873835 
0.209536 74.94652287906 0.20891373772 
0.210043 74.88208055029 0.21274674350 
0.210549 75.27248231151 0.21021622930 
0.211056 74.88107794656 0.21080861439 
0.211563 75.25891357599 0.20889442799 
0.212069 75.02723275695 0.21017608438 
0.212576 75.22447512055 0.20752059141 
0.213083 75.03036114371 0.20892081173 
0.213589 74.99036493972 0.21401165560 
0.214096 75.01801999890 0.20964406228 
0.214603 74.88572238736 0.20936556735 
0.215109 74.72851632274 0.21074122416 
0.215616 74.69296891261 0.20639193504 
0.216123 74.36356848805 0.20553726168 
0.216629 74.22383116455 0.20468454484 
0.217136 74.27051035850 0.20581821292 
0.217643 74.02842534484 0.21041798366 
0.218149 74.02755777659 0.20287857384 
0.218656 74.03367270788 0.20662501499 
0.219163 74.42699463989 0.20753357535 
0.219669 74.40539245851 0.20601313259 
0.220176 74.23956965015 0.20528062616 
0.220683 74.06492064520 0.20990389420 
0.221189 74.35033601549 0.20144923418 
0.221696 74.06097521101 0.20506477147 
0.222203 73.95171234776 0.20284958595 
0.222709 74.05575434215 0.20678026091 
0.223216 73.73493807956 0.20268113369 
0.223722 73.77296212735 0.20048341031 
0.224229 73.40488140068 0.20286117470 
0.224736 73.41876400766 0.20208967257 
0.225242 73.53774086583 0.20884918623 
0.225749 73.54578203388 0.20168671513 
0.226256 73.67442912264 0.20517761053 
0.226762 73.56373321290 0.20170638532 
0.227269 73.57532731205 0.20542408179 
0.227776 73.65793535372 0.20103903986 
0.228282 73.62254370638 0.19926903984 
0.228789 73.53707327716 0.20159051957 
0.229296 73.31970697694 0.20036765642 
0.229802 73.40966610854 0.20228574956 
0.230309 73.16516557266 0.20112500088 
0.230816 73.09632195614 0.19884533551 
0.231322 73.21800825839 0.20457198074 
0.231829 73.13640570140 0.19989017568 
0.232335 73.07686964084 0.19934396745 
0.232842 73.00318983221 0.20446150080 
0.233349 72.87531247333 0.20127407101 
0.233855 72.69019963320 0.19951210374 
0.234362 72.73860911460 0.20081986918 
0.234869 72.93986178442 0.19984396496 
0.235375 72.59909322925 0.19659414359 
0.235882 72.69277704810 0.19984609029 
0.236389 72.65445201146 0.19838668767 
0.236895 72.86958846712 0.20072005064 
0.237402 72.40527933847 0.19770422191 
0.237908 72.75332191685 0.20381386474 
0.238415 72.52457489089 0.19935560954 
0.238922 72.31808690058 0.20031385473 
0.239428 72.15606946246 0.20035096660 
0.239935 72.00028651660 0.19718887583 
0.240442 72.43919119949 0.19742920900 
0.240948 72.08170011275 0.19728190498 
0.241455 72.19292428691 0.19791920448 
0.241962 72.23185742239 0.19950385243 
0.242468 72.03815918255 0.19652265409 
0.242975 72.14417024202 0.19777190611 
0.243481 71.65139877077 0.19791672176 
0.243988 71.99046205947 0.19890323078 
0.244495 71.75570487083 0.19720623959 
0.245001 71.75239155263 0.19827749422 
0.245508 71.85678911973 0.19913122192 
0.246015 71.87737507703 0.19577934753 
0.246521 72.00791460920 0.19424890215 
0.247028 71.79345971127 0.20080905209 
0.247534 71.47335917686 0.19659601498 
0.248041 71.51408125525 0.19827934489 
0.248548 71.43027124255 0.19916437591 
0.249054 71.57743737035 0.19898858154 
0.249561 71.33926293468 0.19472907955 
0.250068 71.39177719812 0.19918915841 
0.250574 71.31557686168 0.19650673719 
0.251081 71.39275111147 0.19984863536 
0.251587 71.40745486034 0.19806523960 
0.252094 71.20232925960 0.19722182816 
0.252601 71.24579608447 0.20048636711 
0.253107 71.06123701817 0.19660048853 
0.253614 71.04554658798 0.19794185771 
0.254120 71.28221429189 0.19759266593 
0.254627 70.96716864744 0.19626870528 
0.255134 70.84422931382 0.19456609132 
0.255640 70.91870197592 0.19443547810 
0.256147 71.12727717563 0.19578949367 
0.256654 71.10174263644 0.19932848072 
0.257160 71.34424260995 0.19874885252 
0.257667 71.46880854220 0.19394785629 
0.258173 71.10185915148 0.19659908747 
0.258680 71.67823313482 0.19790361950 
0.259187 71.25306784237 0.19627649199 
0.259693 71.48129339694 0.19904674657 
0.260200 71.56894529362 0.19553156501 
0.260706 71.49955075623 0.19622721303 
0.261213 71.77095141633 0.19409233544 
0.261720 71.87844852791 0.19646181236 
0.262226 71.65371119650 0.19182590487 
0.262733 71.72912925447 0.19518314930 
0.263239 71.96743789988 0.19985734002 
0.263746 71.57516394422 0.19585596737 
0.264253 71.48226222065 0.19086498945 
0.264759 71.53010967634 0.19244781493 
0.265266 71.48873558204 0.19593751046 
0.265772 71.74587018116 0.19193347400 
0.266279 71.37832203428 0.19405653798 
0.266786 71.39132643905 0.19111607415 
0.267292 71.55824694616 0.19262849874 
0.267799 71.86139842884 0.19301819925 
0.268305 71.67553368097 0.18811636659 
0.268812 71.69939314924 0.19161109696 
0.269319 71.80316153754 0.19072515214 
0.269825 71.91643043657 0.19346781215 
0.270332 71.69819043956 0.18890167102 
0.270838 71.79533900424 0.19170960825 
0.271345 72.32477285777 0.19266977547 
0.271852 71.99604642812 0.18989825005 
0.272358 72.05355055994 0.19401302540 
0.272865 72.18465910165 0.19167243087 
0.273371 72.41849445322 0.19376723590 
0.273878 72.48119469897 0.19221847660 
0.274385 72.23795225859 0.18849322470 
0.274891 72.48887619479 0.19230354395 
0.275398 72.50186573756 0.18762360859 
0.275904 72.26217603301 0.18533222257 
0.276411 72.31490679192 0.18665628004 
0.276917 72.08620520354 0.18299597169 
0.277424 72.39610488192 0.18491405834 
0.277931 72.15749030600 0.18526760126 
0.278437 72.25586193055 0.18297749846 
0.278944 72.49320820915 0.18227149573 
0.279450 72.08415012945 0.18070740900 
0.279957 72.18516005119 0.18284306531 
0.280464 72.25892298206 0.18405295234 
0.280970 72.18980311651 0.18340045010 
0.281477 72.09718904565 0.18156374838 
0.281983 72.11873024909 0.18233500045 
0.282490 72.24666264656 0.18523265877 
0.282996 71.96330192534 0.18022369738 
0.283503 71.70523469475 0.18334162692 
0.284010 72.06336916394 0.18257296709 
0.284516 71.95032296611 0.18114378219 
0.285023 71.97482525082 0.17655838737 
0.285529 71.86469259269 0.17740534083 
0.286036 71.52020643593 0.17553090104 
0.286542 71.72923786975 0.17564430572 
0.287049 71.34119515989 0.17430076516 
0.287556 71.57131579153 0.17319780529 
0.288062 71.41518285623 0.17077532152 
0.288569 71.48992814207 0.17223180807 
0.289075 71.47504960909 0.16775404550 
0.289582 71.32762436837 0.17257591083 
0.290088 71.41419057906 0.16892649730 
0.290595 71.58366072377 0.16843251647 
0.291102 71.25140585137 0.16864475985 
0.291608 71.12440187851 0.16756362895 
0.292115 71.07290707402 0.16680574095 
0.292621 71.40480600152 0.16984548459 
0.293128 71.08391758526 0.16753206101 
0.293634 70.86831380500 0.16766957101 
0.294141 71.20500862503 0.16730389240 
0.294647 71.02264984657 0.16808579177 
0.295154 70.92177304450 0.16471404605 
0.295661 70.85466779684 0.16480583005 
0.296167 71.24013518505 0.16593607638 
0.296674 70.97508264043 0.16516368655 
0.297180 70.85853886656 0.16642574086 
0.297687 70.94207304393 0.16693792357 
0.298193 70.58139755066 0.16300641367 
0.298700 70.75496014938 0.16464787420 
0.299207 70.41618630258 0.16558227474 
0.299713 70.47865550701 0.16697431286 
0.300220 70.37662100381 0.16385675670 
0.300726 70.38408232546 0.16295785074 
0.301233 70.45983749465 0.16141763946 
0.301739 70.39746156278 0.16374472773 
0.302246 70.25322299427 0.16371597680 
0.302752 70.07242442638 0.16134417404 
0.303259 70.27974439423 0.16326332032 
0.303765 70.33861570775 0.15979286605 
0.304272 70.13823275854 0.16001987114 
0.304779 69.98924837190 0.15744344219 
0.305285 70.17572273986 0.16131294171 
0.305792 70.03582926661 0.15896706189 
0.306298 70.19198595724 0.16202565446 
0.306805 70.07214598479 0.16236418249 
0.307311 69.96409556287 0.15509867027 
0.307818 69.94687193512 0.15978430152 
0.308324 69.69233821566 0.15491615212 
0.308831 69.45154447275 0.15803959639 
0.309337 69.21142945421 0.15374368274 
0.309844 69.25933235877 0.15377857709 
0.310350 69.15006268803 0.15338981257 
0.310857 69.14709945451 0.15396980381 
0.311364 68.70279083099 0.15195855430 
0.311870 68.50110431835 0.15020916253 
0.312377 68.28535640488 0.14946857128 
0.312883 68.39369067099 0.14633718344 
0.313390 67.74226016173 0.14749665187 
0.313896 67.86156373340 0.14862138071 
0.314403 67.77848358104 0.14811835029 
0.314909 67.58988137360 0.14625940161 
0.315416 67.74022621919 0.14284709323 
0.315922 67.30698249075 0.14495732105 
0.316429 67.20346967924 0.14357786829 
0.316935 67.33423901242 0.14380448368 
0.317442 67.28022064621 0.13988640566 
0.317948 66.95778808185 0.14448602378 
0.318455 66.99261350935 0.14395541976 
0.318961 67.13726976420 0.14181901734 
0.319468 67.08139157237 0.14170861004 
0.319975 66.97016869012 0.14100293267 
0.320481 66.88330516512 0.14253609672 
0.320988 66.97597217594 0.14103921300 
0.321494 66.66145051492 0.13858304752 
0.322001 66.64839572006 0.15718331431 
0.322507 66.65407878408 0.14008386914 
0.323014 66.67665179460 0.14028223885 
0.323520 66.66371797290 0.14414289865 
0.324027 66.58935410293 0.14093452648 
0.324533 66.13847000612 0.14186071004 
0.325040 66.64550298689 0.13657107368 
0.325546 66.36597542232 0.14068782479 
0.326053 66.37865884481 0.14061655046 
0.326559 66.27702427726 0.14019010486 
0.327066 66.03365168089 0.14143918602 
0.327572 66.27934099312 0.13895978673 
0.328079 66.19917724179 0.14000058938 
0.328585 66.04381904800 0.13718350725 
0.329092 66.31490199673 0.13662435396 
0.329598 66.23326792563 0.13971906080 
0.330105 66.08552720889 0.13807276298 
0.330611 66.16394302046 0.13888410423 
0.331118 66.15191596031 0.13515066881 
0.331624 66.18643078020 0.14052838904 
0.332131 66.03838334309 0.13951262932 
0.332637 66.28622214481 0.13985374794 
0.333144 66.17233223686 0.13970158730 
0.333650 65.98650359159 0.13976245013 
0.334157 65.68230221518 0.13812420188 
0.334663 65.68077310197 0.13883183339 
0.335170 65.72692334070 0.13741448849 
0.335676 65.68190098803 0.14034305055 
0.336183 65.61377492572 0.13903772485 
0.336689 65.72114366316 0.14057793205 
0.337196 65.54270294454 0.14015297300 
0.337702 65.57122826885 0.13892415355 
0.338209 65.36151034902 0.13746241649 
0.338715 65.64583906203 0.13824635523 
0.339222 65.57106035578 0.14157153805 
0.339728 65.38182331771 0.13798683674 
0.340235 65.54895841590 0.23960363129 
0.340741 65.48057105833 0.14110492370 
0.341248 65.20938024346 0.13943239126 
0.341754 65.32740749518 0.14083343971 
0.342261 65.04222858159 0.13930543517 
0.342767 65.15627159592 0.13807539193 
0.343274 65.11874300617 0.14058571525 
0.343780 65.17797390574 0.14036832507 
0.344287 65.32879792154 0.14093024109 
0.344793 64.97838954111 0.14135577871 
0.345300 65.24107670490 0.14052590987 
0.345806 65.15856448730 0.13961566160 
0.346313 65.09161572112 0.14176750286 
0.346819 64.95118068711 0.13900099799 
0.347325 64.97507859880 0.14303979651 
0.347832 64.96834528110 0.14444971025 
0.348338 64.64408036755 0.14265623398 
0.348845 64.90804312088 0.14711303856 
0.349351 64.87342872383 0.15042315430 
0.349858 64.69407815473 0.14948753526 
0.350364 64.56965618451 0.14779650497 
0.350871 64.65128689626 0.14824856949 
0.351377 64.80356998465 0.14653868910 
0.351884 64.60778009643 0.14632707468 
0.352390 64.68253840897 0.15046935611 
0.352897 64.60169891999 0.14959662531 
0.353403 64.48831292882 0.14812481377 
0.353910 64.29290533941 0.15118972837 
0.354416 64.20277990600 0.15240392291 
0.354923 64.07152453124 0.15092962925 
0.355429 64.05531620407 0.15424134382 
0.355935 64.06797289047 0.14763627673 
0.356442 63.60782046692 0.15204517221 
0.356948 63.76897423293 0.15155192953 
0.357455 63.94954999064 0.15777687205 
0.357961 63.79087196242 0.15424370946 
0.358468 64.06786076484 0.15628760191 
0.358974 64.23627505295 0.22269577161 
0.359481 63.93790394967 0.20321528608 
0.359987 63.61101946335 0.20013812154 
0.360494 64.07726099799 0.18999980191 
0.361000 63.68163442426 0.18887896278 
0.361506 63.77259608538 0.18316875143 
0.362013 63.76541100870 0.18550150979 
0.362519 63.80823032489 0.18268462587 
0.363026 63.82195804136 0.18334979531 
0.363532 63.64753445482 0.18607809403 
0.364039 63.74378778526 0.18317039856 
0.364545 63.74360058436 0.18464673842 
0.365052 63.88214650231 0.18599283843 
0.365558 63.82880748631 0.18116349646 
0.366064 63.55778985579 0.18735267404 
0.366571 63.45906457740 0.18637918003 
0.367077 63.73961907471 0.18783927665 
0.367584 63.87422245500 0.18864896887 
0.368090 63.74303513097 0.18321920453 
0.368597 63.91257699829 0.18780997457 
0.369103 63.74736376735 0.18499121619 
0.369610 63.68593973901 0.18803165169 
0.370116 63.28164545422 0.19103154046 
0.370622 63.81935158020 0.18854508636 
0.371129 63.62830067671 0.19221377858 
0.371635 63.65753089781 0.18788227669 
0.372142 63.82500370095 0.19620008218 
0.372648 63.36847932399 0.19238670708 
0.373155 63.59475194179 0.19483418807 
0.373661 63.76048563340 0.19666065474 
0.374167 63.40433403614 0.19454492787 
0.374674 63.42820121470 0.20216928818 
0.375180 63.61266523717 0.19676486913 
0.375687 63.38642064276 0.19573332877 
0.376193 63.24909581719 0.20012732874 
0.376700 63.48052098686 0.20098184471 
0.377206 63.56145893208 0.19949820930 
0.377712 63.47659927879 0.20293495047 
0.378219 63.34471416990 0.20645578789 
0.378725 63.54234612629 0.20916236483 
0.379232 63.41590403598 0.20656087527 
0.379738 63.46698057417 0.20564591508 
0.380245 63.52760507232 0.20721305503 
0.380751 63.18662283845 0.20459364410 
0.381257 63.39999882346 0.20864128709 
0.381764 63.01976800439 0.21084831433 
0.382270 63.07358260993 0.20550026675 
0.382777 63.40302285216 0.21136722486 
0.383283 62.87402709980 0.20322978203 
0.383789 63.01832161787 0.21654345655 
0.384296 62.95353196323 0.21344421985 
0.384802 62.85669177772 0.21030224831 
0.385309 63.08193495400 0.20816397164 
0.385815 62.74744425293 0.21152918409 
0.386321 63.10066849326 0.20950391117 
0.386828 63.24879586733 0.21307537151 
0.387334 62.56407703661 0.20675608816 
0.387841 62.65722352425 0.21408331035 
0.388347 63.31545809517 0.21101275787 
0.388853 63.10881728011 0.21342793308 
0.389360 63.05816419352 0.21682843987 
0.389866 63.04853539936 0.22159204703 
0.390373 63.02345248548 0.21601656364 
0.390879 62.59753523662 0.21709339241 
0.391385 62.58664013738 0.22361751992 
0.391892 62.64083598005 0.22026363230 
0.392398 63.20795726808 0.22095894192 
0.392905 62.37205179430 0.22141878347 
0.393411 62.74366333871 0.21942696269 
0.393917 62.67088035675 0.22272731301 
0.394424 62.76498837355 0.22374827789 
0.394930 62.66914430051 0.22346975725 
0.395437 62.66863559720 0.22577857699 
0.395943 63.03493652667 0.22556184424 
0.396449 62.52076061118 0.31033821841 
0.396956 63.01964458048 0.22952370733 
0.397462 62.53830273021 0.23411541597 
0.397969 62.49046945229 0.23612337251 
0.398475 62.76100728596 0.23503840567 
0.398981 63.00456173708 0.23713541462 
0.399488 62.39412222887 0.23314659883 
0.399994 62.30748940873 0.23826741867 
0.400500 62.43978014156 0.23996146881 
0.401007 62.47634232181 0.24205025989 
0.401513 62.32749502112 0.24347548357 
0.402020 62.41047527662 0.24114454124 
0.402526 62.72429829917 0.25442138814 
0.403032 62.65026406493 0.24706930518 
0.403539 62.46154658941 0.25014770906 
0.404045 62.52120935329 0.24642440066 
0.404551 62.42458241441 0.26293133250 
0.405058 62.85638771824 0.26713316081 
0.405564 62.23606516926 0.26409246535 
0.406071 62.49120851158 0.25333446489 
0.406577 62.10431261533 0.25168115323 
0.407083 62.03474163484 0.25600904337 
0.407590 62.24303263151 0.26773919608 
0.408096 62.48115221291 0.26678535241 
0.408602 62.32161573258 0.28128936654 
0.409109 62.02117821865 0.26406645082 
0.409615 61.86182076225 0.27164469558 
0.410121 62.44545285995 0.26385227489 
0.410628 61.58948268293 0.26253737726 
0.411134 62.07685120190 0.26375432421 
0.411641 61.97230638077 0.27497350690 
0.412147 62.10739078123 0.25773739064 
0.412653 62.31456943508 0.27628474044 
0.413160 62.19120248180 0.26179594137 
0.413666 61.91152364185 0.27306467837 
0.414172 61.93686973815 0.27951395921 
0.414679 61.35784169295 0.27018585215 
0.415185 61.88970170147 0.28302119511 
0.415691 61.85324599949 0.26843222691 
0.416198 62.09109571869 0.27667708837 
0.416704 62.06071642199 0.28045785001 
0.417210 61.58139105388 0.28263200557 
0.417717 62.24048135066 0.29906946940 
0.418223 61.22087812350 0.28155851179 
0.418729 62.35071661898 0.27779839016 
0.419236 62.33154777825 0.28947891914 
0.419742 61.42822235978 0.26861664790 
0.420248 61.75440591218 0.27114005899 
0.420755 61.86094922818 0.27859985268 
0.421261 61.58684879599 0.27299369748 
0.421767 61.95910703791 0.27663334517 
0.422274 61.87538263930 0.28246398574 
0.422780 61.44465281795 0.28073469675 
0.423286 61.61789899836 0.28205948405 
0.423793 61.72881818923 0.28134915070 
0.424299 61.71397743884 0.28942055198 
0.424805 61.60611459921 0.28977071329 
0.425312 61.50562203333 0.28794765788 
0.425818 61.54503713562 0.28438485279 
0.426324 62.08454127450 0.29003085022 
0.426831 61.42593823854 0.29628338192 
0.427337 61.51484233552 0.30453619074 
0.427843 61.70613497872 0.30227006210 
0.428350 61.72589497439 0.30686463933 
0.428856 61.45044165108 0.30358819099 
0.429362 61.37138027995 0.30400828608 
0.429869 61.40704327214 0.32809426906 
0.430375 62.12530606062 0.31911377379 
0.430881 62.11993919756 0.31009964277 
0.431388 61.46563456747 0.31169154142 
0.431894 61.99019338763 0.30656869167 
0.432400 61.93747135169 0.32404353797 
0.432907 61.66661712446 0.32146579654 
0.433413 61.54269127629 0.33546126551 
0.433919 61.71443948784 0.32189961966 
0.434425 61.71586040321 0.33180013926 
0.434932 61.66175152251 0.32913738152 
0.435438 61.42807626437 0.34996923983 
0.435944 61.10581501773 0.33550491817 
0.436451 61.13781059759 0.34135790234 
0.436957 61.89079779704 0.35927133150 
0.437463 61.98977553258 0.34096701921 
0.437970 61.09700319525 0.36022305811 
0.438476 61.90855449963 0.34809006930 
0.438982 61.04275993976 0.35439950860 
0.439489 61.44750628993 0.37619386824 
0.439995 61.31138934747 0.36495550124 
0.440501 60.74412293110 0.37297638047 
0.441007 61.49981026710 0.37577930585 
0.441514 61.03151978307 0.39887259841 
0.442020 61.02434405657 0.39274667280 
0.442526 61.20175751563 0.39811473713 
0.443033 61.26809707147 0.39832463448 
0.443539 61.29616982932 0.40538178970 
0.444045 61.00871830223 0.41742256543 
0.444551 61.39744065671 0.40410533171 
0.445058 61.15854448272 0.42187719820 
0.445564 60.61847028062 0.45296552158 
0.446070 61.00978409769 0.41831133792 
0.446577 60.88508203250 0.42994720019 
0.447083 60.53126683335 0.46287771181 
0.447589 60.69050182300 0.45673407849 
0.448095 60.59938122389 0.43742301187 
0.448602 60.49336129616 0.46496634734 
0.449108 60.80357241395 0.47855125384 
0.449614 60.72875314667 0.49456967198 
0.450121 60.28122705951 0.49765830556 
0.450627 60.66023322091 0.49621169785 
0.451133 60.59120260512 0.47838942479 
0.451639 59.79271123800 0.52639831662 
0.452146 60.75948503814 0.54002180014 
0.452652 60.32469956462 0.54989815474 
0.453158 60.35511224498 0.56656095833 
0.453664 60.60627418643 0.57545098885 
0.454171 60.88912445223 0.60187493926 
0.454677 59.90867123909 0.60542485490 
0.455183 60.34389159457 0.64546242262 
0.455689 60.89633059831 0.61011242495 
0.456196 59.86716608551 0.63595208148 
0.456702 60.28691091588 0.62049361632 
0.457208 60.45438957230 0.68606336326 
0.457714 59.99554876901 0.74762007951 
0.458221 59.77667012200 0.75067072729 
0.458727 59.92867730917 0.76380584306 
0.459233 59.88591585401 0.82484360739 
0.459740 60.59827437708 0.83448178885 
0.460246 59.49538406845 0.88483719611 
0.460752 61.12607218167 0.99770964303 
0.461258 60.89919678808 0.98387968384 
0.461765 59.56188450516 1.04542605964 
0.462271 60.26148430918 0.98644464270 
0.462777 59.74579419158 1.15851923950 
0.463283 60.51184355776 1.30021308693 
0.463789 60.54001784588 1.37196537702 
0.464296 60.46730752618 1.37705940676 
0.464802 59.46780650876 1.33294629008 
0.465308 61.03673987856 1.47453474060 
0.465814 60.07767657309 1.67757349463 
0.466321 60.37496028408 1.73977553466 
0.466827 61.36416549776 1.89194039833 
0.467333 59.39304089326 1.91440049896 
0.467839 59.43964030670 1.95361784336 
0.468346 59.67761205022 2.45794388581 
0.468852 59.79017712072 2.48821564362 
0.469358 53.94822441339 2.73276006040 
0.469864 58.60258296471 2.84022841324 
0.470371 50.52743231464 3.59563040815 
0.470877 50.35261399828 4.20014023686 
0.471383 46.93216495032 4.99618731614 
0.471889 42.83529607805 6.39692348629 
0.472395 50.05953872696 6.26955347394 
0.472902 31.35780572362 9.23133402204 
