0.010896 1346.75996938367 13.30508953615 
0.011402 1200.14826644489 11.97321713922 
0.011909 1089.41297423414 10.99902149113 
0.012416 977.60889018857 9.83642117185 
0.012923 881.46938259061 7.99253112079 
0.013430 823.88624699330 11.33626487806 
0.013936 787.76867817743 9.33615826735 
0.014443 734.48285681063 7.63625176973 
0.014950 679.10351511788 6.49018083576 
0.015457 631.49988123406 5.51368105343 
0.015963 580.19284908728 4.68296010238 
0.016470 540.73390381797 3.98452957153 
0.016977 508.60177890178 3.82062155548 
0.017484 473.99331470023 3.10512022642 
0.017990 449.37828013857 3.01930991561 
0.018497 421.83823757153 2.57942138929 
0.019004 403.19517443987 2.48469319623 
0.019511 379.05565127069 2.27383513120 
0.020018 363.39817132375 2.24512884985 
0.020524 345.44271980296 1.96776908196 
0.021031 328.57580088961 1.95779993148 
0.021538 316.05873447823 1.65314945869 
0.022045 305.07335519591 1.67020427353 
0.022551 291.76122744365 1.50876309141 
0.023058 278.96867537058 1.53458972288 
0.023565 270.76068484589 1.56675766812 
0.024072 261.87865286073 1.59990079473 
0.024579 251.65148762371 1.80992491606 
0.025085 244.20096564896 2.13100431022 
0.025592 237.95214332512 2.03466705336 
0.026099 231.37775807810 2.15577928497 
0.026606 224.31157176200 1.70630650904 
0.027112 218.88496331551 1.78864383521 
0.027619 213.46321565721 1.57279872270 
0.028126 208.13753807595 1.63595786689 
0.028633 204.24472017740 1.36413363384 
0.029139 199.19979294687 1.21576444674 
0.029646 193.66879788972 1.13348685598 
0.030153 190.76421926464 1.17389494461 
0.030660 186.93060091940 1.06757673278 
0.031167 184.06678101311 0.90831432489 
0.031673 180.58501690464 0.92914247455 
0.032180 178.04129503679 0.90674123505 
0.032687 173.15023979499 0.90154606908 
0.033194 171.26454076586 0.77710430714 
0.033700 167.89793120477 0.79610390687 
0.034207 166.48159476376 0.71837352928 
0.034714 162.77765988169 0.77618466031 
0.035221 162.05696550563 0.74757711503 
0.035727 158.95035101490 0.70835902791 
0.036234 156.47810137990 0.70074567215 
0.036741 155.05222231866 0.69909793246 
0.037248 152.33724849971 0.68782941042 
0.037755 151.07922172365 0.61752164645 
0.038261 150.09949278727 0.63384261568 
0.038768 148.02854601601 0.57432003710 
0.039275 146.75342199249 0.61881695645 
0.039782 144.89866145180 0.60363438782 
0.040288 143.12285677382 0.57147027298 
0.040795 142.13855942098 0.56640359891 
0.041302 140.84712482185 0.56326715693 
0.041809 139.16640810337 0.56397666615 
0.042315 138.03678506048 0.54632158999 
0.042822 136.80097636760 0.50379316750 
0.043329 135.22718909325 0.53756416861 
0.043836 134.64016193455 0.50666632378 
0.044343 132.90480620997 0.52057021856 
0.044849 132.82673414081 0.51973417270 
0.045356 131.21986870137 0.50890721416 
0.045863 130.49954053633 0.49562537029 
0.046370 128.91724752832 0.51318346029 
0.046876 128.62469717290 0.50107014664 
0.047383 127.47866088375 0.49490243705 
0.047890 126.74426211627 0.50135967316 
0.048397 125.93585653173 0.49896738936 
0.048903 125.56528433347 0.48639677107 
0.049410 124.88220448147 0.45628488872 
0.049917 123.00172697210 0.46872210403 
0.050424 123.37087774769 0.48186195274 
0.050931 121.46064306535 0.47106290834 
0.051437 121.62630242890 0.44328408223 
0.051944 121.38699887369 0.45758763980 
0.052451 120.26505036079 0.46547466697 
0.052958 118.72135826723 0.42465337592 
0.053464 118.63566720336 0.45221035028 
0.053971 117.83306769694 0.42088336861 
0.054478 116.94619060257 0.45285224602 
0.054985 116.30707200226 0.44248642488 
0.055491 115.50544973413 0.42017031462 
0.055998 115.13513206205 0.43873422934 
0.056505 114.46786948597 0.46101214773 
0.057012 114.52462202082 0.43908227059 
0.057519 113.81296704842 0.42571736556 
0.058025 112.63137658086 0.41940331426 
0.058532 111.85961919780 0.41035506901 
0.059039 111.56337571264 0.41857742480 
0.059546 111.51931585250 0.42357682870 
0.060052 111.04713371671 0.40999484343 
0.060559 110.37222941347 0.40054509757 
0.061066 108.96376997366 0.40333120128 
0.061573 109.36261973383 0.42369781785 
0.062079 108.50469447767 0.40061577307 
0.062586 108.49978145509 0.40207270012 
0.063093 107.94100116042 0.37995808767 
0.063600 107.80413482793 0.38289771779 
0.064106 106.82675268891 0.39430740898 
0.064613 106.81803866459 0.38738464527 
0.065120 105.88499747119 0.39249842482 
0.065627 106.40556769303 0.38307822125 
0.066134 105.57735542452 0.38603893454 
0.066640 104.67292320461 0.37479633057 
0.067147 104.81141740687 0.39370078728 
0.067654 104.55927831636 0.36601909746 
0.068161 104.21943856113 0.36364386333 
0.068667 103.53053052803 0.35927284035 
0.069174 103.45607183596 0.36979522214 
0.069681 102.62185678987 0.37343148926 
0.070188 102.68908968669 0.35438769420 
0.070694 102.10236314775 0.36072956572 
0.071201 101.76054775740 0.35871449307 
0.071708 101.72462051010 0.37106228852 
0.072215 101.40518243038 0.35202734051 
0.072721 101.66717363627 0.34732651828 
0.073228 100.70651970359 0.34325144881 
0.073735 100.80995042657 0.34358900576 
0.074242 100.12470004051 0.34878290457 
0.074748 99.77676373354 0.34996654315 
0.075255 99.82315718453 0.33768068482 
0.075762 98.99644814009 0.34340043121 
0.076269 99.29622740816 0.34424865222 
0.076776 99.05668723950 0.32942347462 
0.077282 98.24485297070 0.32600925839 
0.077789 98.41939614521 0.32336044755 
0.078296 98.01001019550 0.31578603501 
0.078803 97.81420136396 0.32599862947 
0.079309 97.38537494957 0.32189773313 
0.079816 98.03608659036 0.34211496970 
0.080323 97.26977845507 0.32934725871 
0.080830 96.96411187702 0.32352834329 
0.081336 97.46585249961 0.34059319273 
0.081843 96.93910899523 0.32569005131 
0.082350 96.65295009742 0.33131368404 
0.082857 96.84767238851 0.32765185639 
0.083363 96.85237043131 0.33065547289 
0.083870 96.34785951903 0.32999935688 
0.084377 96.52203210975 0.33609965095 
0.084884 96.29491923895 0.32423671144 
0.085390 95.68141645965 0.34022636424 
0.085897 95.55412826421 0.32430355311 
0.086404 95.42442988405 0.31955735988 
0.086911 95.81832907178 0.32667954259 
0.087417 95.58715679909 0.33209533499 
0.087924 95.10079608054 0.33795081263 
0.088431 95.19488906986 0.33335375373 
0.088938 94.90284994437 0.34520762701 
0.089444 94.73961343462 0.33748587455 
0.089951 94.58297125266 0.33069943966 
0.090458 94.47569481108 0.33122801942 
0.090965 94.06847356343 0.32948473597 
0.091471 94.21231062915 0.32420345186 
0.091978 93.48482935621 0.33553341280 
0.092485 92.86100883722 0.34846830006 
0.092992 92.89717985537 0.33984672240 
0.093498 93.19844336198 0.33824909850 
0.094005 92.54092265989 0.31910707836 
0.094512 92.66077610982 0.32407832862 
0.095019 92.68561078841 0.33834140922 
0.095525 92.55301635808 0.33241952899 
0.096032 92.46934780822 0.32357334984 
0.096539 92.30027534647 0.31887725446 
0.097046 92.00217982089 0.33664117582 
0.097552 92.50365431761 0.33676413962 
0.098059 91.98468646104 0.32411427610 
0.098566 91.69944718421 0.31807444597 
0.099073 92.20308866378 0.32553685228 
0.099579 91.39182110108 0.30997127416 
0.100086 91.36693559610 0.33490295785 
0.100593 91.24770235332 0.31929104944 
0.101100 91.12187453019 0.31804012826 
0.101606 91.07760982580 0.31472149726 
0.102113 90.24304551937 0.30573043813 
0.102620 90.02360980308 0.29675143902 
0.103127 89.47372109350 0.29886322940 
0.103633 89.22496300947 0.29196406945 
0.104140 88.59769951182 0.29625731115 
0.104647 88.64178379120 0.29270982489 
0.105154 88.80976421397 0.30253547420 
0.105660 88.76533529397 0.31993612695 
0.106167 88.08977563119 0.30332617689 
0.106674 87.91158668270 0.32392817856 
0.107181 88.03031051630 0.30134051000 
0.107687 88.09677145059 0.29970337057 
0.108194 87.98781239987 0.31334969646 
0.108701 87.72833063189 0.29502427376 
0.109208 87.96735777411 0.29330095967 
0.109714 87.34863718157 0.28726041126 
0.110221 87.33150655355 0.28774207638 
0.110728 87.72479726687 0.28838043180 
0.111235 87.35645324684 0.28077447345 
0.111741 87.10531789394 0.28108146486 
0.112248 87.38796009633 0.29248762088 
0.112755 86.96305653367 0.29009126877 
0.113262 86.60640332449 0.29291725630 
0.113768 87.08975004120 0.27354932154 
0.114275 86.65296702616 0.28426472936 
0.114782 86.43925729812 0.27335104595 
0.115289 86.62148556507 0.27300728712 
0.115795 86.61946073927 0.27512421220 
0.116302 86.69318774290 0.27302019732 
0.116809 86.40849763593 0.26695332671 
0.117316 85.58997520350 0.27009071348 
0.117822 85.81489211113 0.28089725929 
0.118329 86.14352023494 0.27291105348 
0.118836 85.85635094070 0.27063988630 
0.119342 86.12913344617 0.26275342706 
0.119849 85.74712061939 0.27054423711 
0.120356 85.65720848359 0.27615211733 
0.120863 85.90128922718 0.26681565326 
0.121369 85.43235709636 0.27211184031 
0.121876 85.57631225583 0.27011170657 
0.122383 85.38695161687 0.26233553748 
0.122890 85.43817169042 0.26276155643 
0.123396 85.27867809369 0.26567497455 
0.123903 84.95540808703 0.25835289611 
0.124410 85.66912100858 0.27015363135 
0.124917 84.77897349142 0.25943049811 
0.125423 84.54764124561 0.25564955472 
0.125930 84.84406995631 0.26059574013 
0.126437 84.81187524956 0.26934943117 
0.126944 84.83197665611 0.25681274802 
0.127450 84.38200471091 0.26273152283 
0.127957 84.49528599603 0.25695034881 
0.128464 84.52284256831 0.25992583112 
0.128970 84.33363231945 0.25278038584 
0.129477 84.26801185832 0.25844288097 
0.129984 84.63010864348 0.26247042685 
0.130491 84.41785332727 0.25816691231 
0.130997 84.20362530619 0.25559678512 
0.131504 84.07264929744 0.24513452481 
0.132011 84.11949786279 0.24805329673 
0.132518 83.93424995889 0.24645255072 
0.133024 84.04264183752 0.24085294395 
0.133531 83.66407433447 0.25111014127 
0.134038 84.06427832827 0.24997849987 
0.134545 83.65607527085 0.24754234681 
0.135051 84.11534104307 0.24517454857 
0.135558 83.40544755203 0.25071927563 
0.136065 83.80329572485 0.24050717994 
0.136571 83.83106109093 0.24360074955 
0.137078 83.29098876246 0.24604021737 
0.137585 83.19793520093 0.24285185972 
0.138092 83.15059640548 0.25100868981 
0.138598 82.73857498237 0.23941663528 
0.139105 83.05493597711 0.24008785637 
0.139612 83.18108392671 0.24882537913 
0.140119 83.04210348663 0.23881241238 
0.140625 82.94689346268 0.24355579833 
0.141132 83.07072295591 0.24345485892 
0.141639 82.44789303312 0.23923768124 
0.142145 82.46972046089 0.24104165639 
0.142652 82.35051250390 0.23868428244 
0.143159 82.56489728738 0.23775346471 
0.143666 82.28786341040 0.24150437670 
0.144172 82.75216273603 0.24882237404 
0.144679 82.29933249124 0.24035001892 
0.145186 82.46483604235 0.24094419254 
0.145692 81.78701180164 0.24694821961 
0.146199 81.62052944375 0.24526549583 
0.146706 82.05286332442 0.23290620397 
0.147213 81.91795550208 0.24913188875 
0.147719 81.87127266898 0.24322768983 
0.148226 81.51523375639 0.24108895846 
0.148733 81.22818243841 0.24536674700 
0.149240 81.51344659967 0.23797744918 
0.149746 81.12994279925 0.24496825048 
0.150253 81.39136692377 0.24388825595 
0.150760 81.35762347648 0.24344805380 
0.151266 80.94373701442 0.24433850928 
0.151773 81.10736742963 0.23704394519 
0.152280 80.74501701046 0.24333318125 
0.152787 80.84082544194 0.24082923220 
0.153293 80.51084347437 0.23892492205 
0.153800 81.01531609424 0.24372466467 
0.154307 81.07366918105 0.23907699628 
0.154813 80.30943026117 0.24568797915 
0.155320 80.40333120353 0.23944837798 
0.155827 80.41902469266 0.23792375059 
0.156334 80.42547255727 0.24014059904 
0.156840 80.50192217220 0.23762847968 
0.157347 79.99000905539 0.23773617439 
0.157854 80.21565143340 0.23484873227 
0.158360 79.92725242123 0.23307869856 
0.158867 80.24429451180 0.23644075365 
0.159374 80.24729841215 0.24437635053 
0.159881 79.99043925302 0.23209373562 
0.160387 79.87051965289 0.23502536918 
0.160894 79.64511128949 0.23534498229 
0.161401 79.45547194004 0.23400911576 
0.161907 79.60525638215 0.23435717071 
0.162414 79.52765788722 0.23161769967 
0.162921 79.58580738176 0.23093498380 
0.163427 79.50224356939 0.23097724079 
0.163934 79.55777693363 0.23122531177 
0.164441 79.30123949415 0.23374355070 
0.164948 79.22140176629 0.22780532080 
0.165454 79.06851552309 0.23102805845 
0.165961 78.88330865632 0.22863109172 
0.166468 78.86810560362 0.22686709499 
0.166974 78.97008234518 0.23400898846 
0.167481 78.83836749881 0.23198930008 
0.167988 78.92349169836 0.23157726528 
0.168495 79.28345763033 0.23186427815 
0.169001 79.50250260051 0.23563746375 
0.169508 79.17073983617 0.23289205059 
0.170015 79.28808699295 0.23813743198 
0.170521 79.14576949491 0.22635442954 
0.171028 78.83811840160 0.23057419863 
0.171535 78.81343584431 0.23430674307 
0.172041 79.07116281824 0.23448944478 
0.172548 78.85563478843 0.23645093430 
0.173055 79.15343324049 0.23602194730 
0.173562 79.13722069053 0.23283583470 
0.174068 78.83160468011 0.23707017835 
0.174575 79.10920075471 0.24029890737 
0.175082 78.83955088435 0.23597790647 
0.175588 78.69066579511 0.23389435484 
0.176095 78.93509027476 0.23938820519 
0.176602 78.73796556703 0.22974050477 
0.177108 78.70937969856 0.23819911194 
0.177615 78.54894291849 0.23760716151 
0.178122 78.82953883101 0.23773066664 
0.178629 78.82111325107 0.23789600101 
0.179135 78.28667386784 0.23935620530 
0.179642 78.70179403081 0.24178184451 
0.180149 78.23279357312 0.23844204828 
0.180655 78.66991154366 0.23381311124 
0.181162 78.61659932365 0.23781818525 
0.181669 78.53955213038 0.24050131493 
0.182175 78.90532586375 0.24152668133 
0.182682 78.76058071766 0.24666406347 
0.183189 78.65834464294 0.24378688619 
0.183695 78.39575163682 0.24837069024 
0.184202 78.46265477544 0.24286947171 
0.184709 78.54634605834 0.23746470082 
0.185216 78.02210183934 0.24022677013 
0.185722 78.24199055726 0.24519576222 
0.186229 77.88838781551 0.24104124631 
0.186736 77.95106834578 0.24368471941 
0.187242 77.94333812827 0.25304894849 
0.187749 77.99798859936 0.24871345048 
0.188256 77.69798956246 0.24326857753 
0.188762 77.63325015598 0.24008024615 
0.189269 77.47518019579 0.25047004217 
0.189776 77.73520446374 0.24728032549 
0.190282 77.66699047877 0.24319186737 
0.190789 77.43474174822 0.24616936790 
0.191296 77.41229134709 0.24485085011 
0.191802 77.16213387709 0.24314610337 
0.192309 77.21181367730 0.24320232715 
0.192816 76.96361799486 0.24140748756 
0.193323 76.90728112789 0.23436820168 
0.193829 76.54715694043 0.24239391880 
0.194336 76.52618539856 0.23665708249 
0.194843 76.56150321330 0.23303793378 
0.195349 76.20333732315 0.23662679458 
0.195856 76.25703797842 0.23133691690 
0.196363 76.58954873511 0.23067703152 
0.196869 76.09209015415 0.22933563083 
0.197376 76.00659277313 0.22774265513 
0.197883 76.12617330441 0.23259047446 
0.198389 75.88916254233 0.22555779718 
0.198896 76.07931762126 0.22545890153 
0.199403 75.64099133748 0.22593814873 
0.199909 75.93444864843 0.22250406871 
0.200416 75.97304785478 0.22345902533 
0.200923 75.90449705668 0.22552190674 
0.201429 75.52529708133 0.22304136734 
0.201936 75.76748423921 0.22006885111 
0.202443 75.51383908275 0.22142854278 
0.202949 75.46742674071 0.22144055005 
0.203456 75.73671306629 0.22034091565 
0.203963 75.34723486977 0.21657136096 
0.204469 75.48582521992 0.21511891405 
0.204976 75.37213237586 0.21971072533 
0.205483 75.40261696604 0.22323246094 
0.205989 75.36277848960 0.21567230472 
0.206496 75.10058791849 0.21628046302 
0.207003 75.40247989723 0.21709716007 
0.207509 75.62865039700 0.21194931266 
0.208016 75.10514853091 0.21128506465 
0.208523 75.30296092239 0.21794459287 
0.209029 75.39151056652 0.21351438271 
0.209536 75.28961318040 0.21356687542 
0.210043 75.12665508727 0.20902456033 
0.210549 74.92257279806 0.20942351641 
0.211056 75.04885302271 0.21238758706 
0.211563 74.84433532965 0.21023234658 
0.212069 74.97097564745 0.20747434511 
0.212576 74.95061977785 0.21505977563 
0.213083 74.96891676513 0.21229586766 
0.213589 74.91605579896 0.20865499917 
0.214096 74.76587103814 0.20475905141 
0.214603 74.58705355718 0.20926571895 
0.215109 74.91498811437 0.20854048543 
0.215616 74.50983899406 0.20703817519 
0.216123 74.09070951224 0.20832572643 
0.216629 74.60821139384 0.20774259512 
0.217136 74.15004362424 0.20713968571 
0.217643 74.45317787273 0.21212736982 
0.218149 73.90995316499 0.20829801388 
0.218656 74.22964396769 0.20673768045 
0.219163 73.97771458082 0.20458253417 
0.219669 74.04531966447 0.20707808533 
0.220176 74.01868554968 0.20693103797 
0.220683 73.77431669711 0.20659269425 
0.221189 74.33781247689 0.20582686401 
0.221696 73.91756955674 0.20571919258 
0.222203 74.02489210621 0.20556813242 
0.222709 73.92424386688 0.20343091706 
0.223216 73.56299574373 0.19930382456 
0.223722 73.82151665963 0.20499995346 
0.224229 73.64782973796 0.20523655811 
0.224736 73.43360832229 0.20445138434 
0.225242 73.53489342793 0.20024608769 
0.225749 73.88890584065 0.20183416527 
0.226256 73.53179669213 0.20570532180 
0.226762 73.53920825105 0.20250574243 
0.227269 73.65981292258 0.20371585227 
0.227776 73.40319238433 0.20430593625 
0.228282 73.63446212127 0.20090547737 
0.228789 73.27609899399 0.20434700164 
0.229296 73.25067617147 0.20238693751 
0.229802 73.17247618710 0.20352717904 
0.230309 73.04067159104 0.19915504841 
0.230816 72.81898732164 0.19637608924 
0.231322 73.36333143091 0.20287475705 
0.231829 73.02530669061 0.19897085111 
0.232335 72.94568740856 0.19995591550 
0.232842 72.94363984872 0.19963469201 
0.233349 72.91398931360 0.19941130363 
0.233855 72.58641002355 0.20149364714 
0.234362 72.52968950806 0.19974107454 
0.234869 72.87847335915 0.20134554834 
0.235375 72.68986062586 0.19526818962 
0.235882 72.24411231766 0.19962125541 
0.236389 72.60028207736 0.19829037629 
0.236895 72.44774010474 0.19738935439 
0.237402 72.53851718956 0.20219551624 
0.237908 72.53001494488 0.20012090254 
0.238415 72.39081401291 0.20111261363 
0.238922 72.28640479217 0.20026844632 
0.239428 72.20264335431 0.20182082781 
0.239935 72.20469703640 0.20103398453 
0.240442 72.22333436453 0.19617715803 
0.240948 72.14873581878 0.19810814552 
0.241455 71.89969763920 0.19928178289 
0.241962 71.89216328718 0.19702899929 
0.242468 71.82043272779 0.19590351569 
0.242975 71.86464332612 0.19713359790 
0.243481 71.84872234260 0.19929796968 
0.243988 71.87249460428 0.19984368109 
0.244495 71.76839195931 0.19508800104 
0.245001 71.75140437352 0.19486160213 
0.245508 71.74476145519 0.19367684556 
0.246015 71.81089678544 0.19690039219 
0.246521 71.63223976386 0.19911767453 
0.247028 71.49261988185 0.19938744124 
0.247534 71.50355279389 0.19745480648 
0.248041 71.40899915294 0.19639936082 
0.248548 71.51611906968 0.19425231984 
0.249054 71.71519102168 0.19825347813 
0.249561 71.19067980580 0.19963858943 
0.250068 71.08305265756 0.19791040434 
0.250574 71.32617668152 0.19747011248 
0.251081 71.25376986275 0.19604629130 
0.251587 71.32145948318 0.19678976153 
0.252094 71.09270070741 0.19736058035 
0.252601 71.21836366757 0.20022666316 
0.253107 71.01613604855 0.19775054657 
0.253614 71.31205806762 0.19504257286 
0.254120 70.72310183827 0.19734176486 
0.254627 70.83497621009 0.19292147693 
0.255134 71.02878881858 0.19581603846 
0.255640 70.93505476443 0.19510457048 
0.256147 71.02644159430 0.19421390998 
0.256654 70.97047486013 0.19846974290 
0.257160 71.05321606994 0.19788892571 
0.257667 71.29649910494 0.19259431270 
0.258173 71.13672038987 0.19924641853 
0.258680 71.55246560955 0.19763849561 
0.259187 71.68667201696 0.19973132610 
0.259693 71.51394215136 0.19715962481 
0.260200 71.61732246557 0.19688757220 
0.260706 71.52349788778 0.19376883103 
0.261213 71.47567693084 0.19352872179 
0.261720 71.67147316865 0.19523269288 
0.262226 71.49861279540 0.19358679033 
0.262733 71.61716448014 0.19128862148 
0.263239 71.58618394397 0.19417004990 
0.263746 71.30699269426 0.19417926092 
0.264253 71.67635531063 0.19345940754 
0.264759 71.63586992586 0.19556615163 
0.265266 72.00319911552 0.19739110396 
0.265772 71.71428445843 0.18795569908 
0.266279 71.67738355103 0.19304491721 
0.266786 71.64879640531 0.18872420688 
0.267292 71.61730898360 0.19323568809 
0.267799 71.70012101474 0.19549781407 
0.268305 71.66122596310 0.18664428757 
0.268812 71.96937761586 0.18950058607 
0.269319 71.59328312164 0.18779543778 
0.269825 71.82024796592 0.19146077608 
0.270332 71.72377772469 0.19002516473 
0.270838 71.89368728697 0.19089409147 
0.271345 72.23644293035 0.19234644718 
0.271852 72.00493012663 0.18850464993 
0.272358 72.26903851983 0.19305211925 
0.272865 72.46161136891 0.19479793857 
0.273371 72.19877759579 0.19155093015 
0.273878 72.40489764587 0.19241653789 
0.274385 72.22652401399 0.19007365054 
0.274891 72.28266889437 0.18919507995 
0.275398 72.44747869236 0.18705931371 
0.275904 72.23022859259 0.18699720706 
0.276411 72.22596195005 0.18999071978 
0.276917 72.63198288624 0.18931721614 
0.277424 72.03019531338 0.18929647839 
0.277931 72.08573881369 0.18327398713 
0.278437 72.21269173570 0.18426312897 
0.278944 71.92987684780 0.18657218737 
0.279450 72.18388965314 0.18409917649 
0.279957 72.16857460277 0.18187472142 
0.280464 71.99347151221 0.17833782789 
0.280970 71.78983568014 0.17936608778 
0.281477 72.13027977152 0.18319435826 
0.281983 72.32019730721 0.18255536911 
0.282490 72.17163830983 0.18416873682 
0.282996 72.01407869185 0.18322144825 
0.283503 72.05085203828 0.17927877666 
0.284010 71.99518174743 0.17945707910 
0.284516 71.70093125794 0.17645388654 
0.285023 71.57642493489 0.17657234853 
0.285529 71.77870098872 0.17474371443 
0.286036 71.59405615601 0.17551404539 
0.286542 71.75858809539 0.17108997177 
0.287049 71.62550750803 0.17503118747 
0.287556 71.52422751235 0.17149183147 
0.288062 71.59891549525 0.17551206039 
0.288569 71.27562049586 0.17152530561 
0.289075 71.24357532652 0.17009548403 
0.289582 71.38012342100 0.17472095015 
0.290088 71.14761894812 0.17074657141 
0.290595 71.39487717349 0.16771881724 
0.291102 71.47226407554 0.16881896044 
0.291608 71.24045746341 0.17136768626 
0.292115 71.31393126850 0.16516959214 
0.292621 71.18476838245 0.16897836082 
0.293128 71.28456478774 0.16528879613 
0.293634 70.88013570726 0.16426471550 
0.294141 71.09773675005 0.16687691849 
0.294647 70.95706744123 0.16627955238 
0.295154 70.82734810229 0.16523331633 
0.295661 71.02686483375 0.16459157150 
0.296167 70.79890061997 0.16385400213 
0.296674 70.87377419422 0.16569824540 
0.297180 70.74495934514 0.16127222886 
0.297687 70.54553200245 0.16427632764 
0.298193 70.49883670042 0.16825438922 
0.298700 70.74108191028 0.16280028691 
0.299207 70.51385344485 0.16709104194 
0.299713 70.51699404794 0.16715934132 
0.300220 70.63076985861 0.16228851487 
0.300726 70.28866626643 0.16455570436 
0.301233 70.48954366261 0.16149679633 
0.301739 70.55706166071 0.16260117028 
0.302246 70.37653109753 0.16215225859 
0.302752 70.33443638417 0.16223617641 
0.303259 70.18180101096 0.16372142149 
0.303765 70.27291397807 0.16200401867 
0.304272 70.13925296138 0.16150949809 
0.304779 70.13552816170 0.16317735291 
0.305285 70.24648181324 0.16273353067 
0.305792 70.17804965907 0.15951377700 
0.306298 69.93453494780 0.16095252866 
0.306805 69.85891365583 0.16286434834 
0.307311 69.71043994612 0.15801039536 
0.307818 69.99826361551 0.16013658070 
0.308324 69.65305265377 0.15737977712 
0.308831 69.44742098921 0.15430118717 
0.309337 69.45678785295 0.15172412288 
0.309844 69.24258932050 0.15635627732 
0.310350 69.09537204244 0.15587216498 
0.310857 69.03638818939 0.15305064788 
0.311364 68.70801427833 0.15405764068 
0.311870 68.34316559032 0.14882212401 
0.312377 68.44721317559 0.14711207926 
0.312883 68.31635820275 0.14731594542 
0.313390 67.93581641225 0.14543925480 
0.313896 68.09780345551 0.14726709116 
0.314403 67.88485337104 0.14840923668 
0.314909 67.76486510758 0.14620655743 
0.315416 67.42979980365 0.14186476992 
0.315922 67.55346508144 0.14463376745 
0.316429 67.31078334023 0.14149947520 
0.316935 67.37585607700 0.14101735400 
0.317442 67.12785609371 0.14288751019 
0.317948 67.24146598604 0.14440474028 
0.318455 66.96096732742 0.14265927314 
0.318961 67.19558155812 0.13930233973 
0.319468 66.95224989390 0.14130431607 
0.319975 66.72178481901 0.14025436448 
0.320481 66.64769441210 0.14136572736 
0.320988 66.84964537487 0.14166705963 
0.321494 66.55266332211 0.13629875184 
0.322001 66.74374450393 0.16132166434 
0.322507 66.69209430859 0.14144472383 
0.323014 66.67203034084 0.14505639087 
0.323520 66.62065268401 0.14222213375 
0.324027 66.26617745236 0.14166238073 
0.324533 66.13937603511 0.13888851859 
0.325040 66.15015382147 0.13959258628 
0.325546 66.43463795423 0.13864266107 
0.326053 66.21552663904 0.13973983945 
0.326559 66.24698344413 0.13913947474 
0.327066 66.52009964047 0.13882986723 
0.327572 66.41036486843 0.13736423142 
0.328079 66.30339196741 0.13978597996 
0.328585 66.06882218659 0.13951599770 
0.329092 66.15506938528 0.13623444020 
0.329598 66.17545391811 0.14000277611 
0.330105 66.20269877063 0.13951540670 
0.330611 66.00748730634 0.14039652480 
0.331118 65.96314742224 0.13803318267 
0.331624 66.07230982963 0.13543965175 
0.332131 66.02694144515 0.14012166154 
0.332637 65.84287413954 0.13951365522 
0.333144 65.60426356781 0.13931298794 
0.333650 65.77180729469 0.13845997951 
0.334157 65.83900937285 0.13852342905 
0.334663 65.59010632865 0.13778039853 
0.335170 65.63230154554 0.14044622054 
0.335676 65.75442689821 0.13827582209 
0.336183 65.91154868966 0.14046359172 
0.336689 65.57417085734 0.14007948990 
0.337196 65.53555014699 0.13969630416 
0.337702 65.53857508384 0.14051159691 
0.338209 65.49768733340 0.13854157422 
0.338715 65.46777086828 0.13946682583 
0.339222 65.51881944027 0.14027077376 
0.339728 65.39951451251 0.13804503977 
0.340235 65.56389250100 0.23855396098 
0.340741 65.32571437163 0.13747964556 
0.341248 65.45405621625 0.13645961556 
0.341754 65.19514230512 0.13713864120 
0.342261 65.36046263597 0.13790501373 
0.342767 65.12348763779 0.14000927582 
0.343274 65.14205473278 0.13988132705 
0.343780 65.17781427656 0.14249500256 
0.344287 64.94479020595 0.14039757646 
0.344793 65.30220975162 0.14013702024 
0.345300 65.15135011759 0.14112988493 
0.345806 64.81034487783 0.14147613571 
0.346313 64.99988385607 0.14399426102 
0.346819 64.97122736957 0.14120633306 
0.347325 65.10040225786 0.14432538789 
0.347832 64.81474683733 0.14342607708 
0.348338 64.93861874595 0.14587686552 
0.348845 64.89396289870 0.14869883463 
0.349351 64.96550604809 0.14871918110 
0.349858 64.49818946754 0.14642164471 
0.350364 64.58772119948 0.14509525006 
0.350871 64.40448168734 0.15231058746 
0.351377 64.67764897529 0.14869766090 
0.351884 64.54022893226 0.14925761332 
0.352390 64.74558294026 0.14715402666 
0.352897 64.49340741748 0.14931521446 
0.353403 64.47895702438 0.14663856446 
0.353910 64.36093576743 0.15047161495 
0.354416 64.10803080418 0.15082260003 
0.354923 64.15231248489 0.15371045685 
0.355429 64.02548091653 0.15280462301 
0.355935 64.19221353050 0.14927746548 
0.356442 64.28106100937 0.15203718454 
0.356948 64.26959874715 0.15241017263 
0.357455 64.10367114901 0.15841888584 
0.357961 64.11301604921 0.15302279808 
0.358468 63.82594271181 0.15734690815 
0.358974 63.84832750211 0.22339081653 
0.359481 63.48613099475 0.20100010077 
0.359987 63.97395630323 0.20159740734 
0.360494 63.77965069317 0.18782293558 
0.361000 63.82458190556 0.19049709035 
0.361506 63.82226257778 0.18502707557 
0.362013 63.85981363986 0.18996389802 
0.362519 63.76457060566 0.18106190841 
0.363026 64.00265438991 0.18546369091 
0.363532 63.72583302907 0.18675227741 
0.364039 63.98380036816 0.18282380814 
0.364545 63.83056528974 0.18249323527 
0.365052 63.74045887167 0.18337696267 
0.365558 63.86264937965 0.18447461680 
0.366064 63.88927486513 0.18472575496 
0.366571 63.73886363463 0.18684324185 
0.367077 63.88280985296 0.18203710511 
0.367584 63.69071541804 0.18650820723 
0.368090 63.77868670053 0.18870583103 
0.368597 63.53797028204 0.19405487566 
0.369103 63.57215717884 0.18732029553 
0.369610 63.44461472407 0.18894195610 
0.370116 63.60650155689 0.19149389332 
0.370622 63.68255280729 0.18926722166 
0.371129 63.41562889173 0.19260789511 
0.371635 63.63781132967 0.19297928540 
0.372142 63.40026958875 0.19339456079 
0.372648 63.58960213919 0.19472210510 
0.373155 63.40972868810 0.19197460317 
0.373661 63.33838525804 0.19200662333 
0.374167 63.29452149928 0.19712224748 
0.374674 63.28900924580 0.19714822275 
0.375180 63.50420647608 0.19854735179 
0.375687 63.57059910369 0.20359891892 
0.376193 63.20011588797 0.19718816524 
0.376700 63.45674298049 0.20051556536 
0.377206 63.21449589169 0.20368124101 
0.377712 63.37477207809 0.20126812719 
0.378219 63.41137656988 0.20369865009 
0.378725 63.20319640765 0.20548136905 
0.379232 63.12338823652 0.20849499888 
0.379738 63.19632688115 0.20632940512 
0.380245 63.09572283009 0.20517477773 
0.380751 63.29171126261 0.20561894881 
0.381257 63.39025266636 0.20398180774 
0.381764 63.32162232861 0.20788061573 
0.382270 63.32302802421 0.20504297740 
0.382777 63.11328622970 0.20870792665 
0.383283 63.55998317572 0.20554084302 
0.383789 62.77661383783 0.21341698470 
0.384296 63.04031312290 0.21188259760 
0.384802 63.29098751510 0.21149084675 
0.385309 63.21411056799 0.21112297476 
0.385815 62.81505102150 0.21453049936 
0.386321 63.15678950775 0.21121723113 
0.386828 63.20756151321 0.21859401703 
0.387334 63.05744560122 0.21513252023 
0.387841 62.95500405873 0.21078612672 
0.388347 63.08226603252 0.21394996270 
0.388853 62.80804242093 0.21144271054 
0.389360 62.84979772398 0.22179387133 
0.389866 62.81886051935 0.21612979590 
0.390373 62.84436746976 0.21147950422 
0.390879 62.80694883765 0.21100030380 
0.391385 62.45078029541 0.20980855172 
0.391892 62.90436384034 0.21851625895 
0.392398 62.95757573571 0.22114449021 
0.392905 62.46766605202 0.21769007179 
0.393411 62.95826261354 0.22499722552 
0.393917 62.76760920915 0.21968272380 
0.394424 62.61725999087 0.22890893816 
0.394930 62.60966177439 0.22493399165 
0.395437 62.46101254237 0.22861227808 
0.395943 62.58961951347 0.22531426826 
0.396449 62.90153984264 0.37657400108 
0.396956 62.59775150444 0.23420221204 
0.397462 62.48241137564 0.23693928305 
0.397969 62.62264119424 0.23469576717 
0.398475 62.42971070624 0.23755873165 
0.398981 62.30818201387 0.23373745682 
0.399488 62.45318645573 0.24281691754 
0.399994 62.19125619398 0.24192331127 
0.400500 62.02348887543 0.24146043106 
0.401007 62.72625996113 0.24249477020 
0.401513 62.21639350325 0.24071623822 
0.402020 62.43434347256 0.24860160175 
0.402526 62.16184710108 0.24047207565 
0.403032 62.48027230618 0.24559616989 
0.403539 62.21584598501 0.25584386143 
0.404045 62.34306754190 0.25019220243 
0.404551 62.62241367065 0.26995382903 
0.405058 62.75756727748 0.27131899050 
0.405564 61.99029074933 0.26126989605 
0.406071 62.39919201537 0.26026245367 
0.406577 62.79714957224 0.25566525004 
0.407083 61.96216873118 0.25709529994 
0.407590 61.72683757080 0.26246766064 
0.408096 62.23668098129 0.27550885427 
0.408602 62.09472710626 0.26469911783 
0.409109 61.81144428289 0.25959466097 
0.409615 62.34161706553 0.27958692607 
0.410121 62.09999297831 0.25316554819 
0.410628 61.61684087216 0.26130023422 
0.411134 61.77989743206 0.26728209527 
0.411641 62.04169198297 0.27793000887 
0.412147 62.22124455325 0.26103453425 
0.412653 61.82997427325 0.26838850446 
0.413160 62.05831737917 0.26648117446 
0.413666 62.20687386192 0.26416174470 
0.414172 62.20865329244 0.27614134910 
0.414679 61.60601317757 0.27591821058 
0.415185 61.74129461581 0.28729408839 
0.415691 62.39044946699 0.26702269438 
0.416198 62.08610303446 0.27367892290 
0.416704 61.72697902034 0.27641333592 
0.417210 61.88821694720 0.28337654801 
0.417717 61.47542187919 0.29596015327 
0.418223 61.92056721778 0.27910839859 
0.418729 61.84407522429 0.27326618038 
0.419236 61.80734089228 0.28459803824 
0.419742 61.80176838666 0.26500608105 
0.420248 61.96728431081 0.27198247193 
0.420755 61.39426900402 0.28098690646 
0.421261 61.94521833030 0.27487636432 
0.421767 61.52230982769 0.27717228984 
0.422274 61.66033808323 0.27671951448 
0.422780 61.53587596344 0.28444253537 
0.423286 61.59824046670 0.28909059314 
0.423793 61.70542690333 0.27745975514 
0.424299 62.04794323786 0.28463079203 
0.424805 61.78277104898 0.27989996923 
0.425312 61.49577187698 0.29026225540 
0.425818 61.50396361400 0.28637664351 
0.426324 61.90981672822 0.30352912411 
0.426831 61.48033061199 0.30178264842 
0.427337 62.09684016417 0.29770330855 
0.427843 61.72458545011 0.29140845767 
0.428350 61.98711803148 0.31578679080 
0.428856 61.90926869128 0.30277356209 
0.429362 61.30508663490 0.30463814902 
0.429869 61.49304576918 0.31546168988 
0.430375 61.61969916329 0.32043638298 
0.430881 61.29343977268 0.31055627094 
0.431388 61.31509220854 0.31866042466 
0.431894 61.40218185290 0.32735248436 
0.432400 61.52282967722 0.33663092371 
0.432907 60.99151575759 0.31928991702 
0.433413 61.59356462633 0.33676819641 
0.433919 61.51107897019 0.33029065084 
0.434425 61.99782756011 0.34157020479 
0.434932 61.18818510260 0.35559782869 
0.435438 61.17003159483 0.34601372611 
0.435944 61.50524004588 0.34581486858 
0.436451 61.20914099628 0.34295290022 
0.436957 62.20065509372 0.35958437276 
0.437463 61.52253791099 0.36062914742 
0.437970 60.91337355432 0.36026256668 
0.438476 61.15837581187 0.35122147585 
0.438982 61.27300374779 0.36439183153 
0.439489 61.07778911836 0.37549515084 
0.439995 60.96894683519 0.36652043922 
0.440501 61.08408603365 0.37659602541 
0.441007 60.90198120570 0.37268564621 
0.441514 60.86082597373 0.37144666508 
0.442020 61.26668587253 0.40076710249 
0.442526 61.27871456760 0.39551092968 
0.443033 61.01986604539 0.40175222295 
0.443539 61.13405761938 0.40061984723 
0.444045 60.40045135802 0.41444574965 
0.444551 61.51158725526 0.41589494243 
0.445058 61.27602008623 0.40938999611 
0.445564 61.11395532487 0.44232855323 
0.446070 60.98281385750 0.42897880849 
0.446577 61.00111087871 0.42427150801 
0.447083 60.53097502424 0.44948856770 
0.447589 61.14135589785 0.44337993676 
0.448095 60.75612810969 0.45446107720 
0.448602 61.07061507258 0.45467480908 
0.449108 60.35121658845 0.46110649391 
0.449614 60.36091332769 0.48391616803 
0.450121 60.82584176005 0.50514458929 
0.450627 60.44131943425 0.52021137833 
0.451133 60.84368419476 0.50746530902 
0.451639 60.65673401582 0.51301408216 
0.452146 61.13399527673 0.54812040962 
0.452652 59.58961938004 0.51199058781 
0.453158 60.19623132158 0.57482304973 
0.453664 60.60859964404 0.55973891230 
0.454171 60.45379713590 0.56878273254 
0.454677 60.67072583935 0.59122501206 
0.455183 59.90268355090 0.64140746423 
0.455689 59.57102745662 0.62199535035 
0.456196 60.14849836879 0.66087295626 
0.456702 61.18487781428 0.64313780128 
0.457208 60.07573594988 0.67797671239 
0.457714 60.39178039671 0.73181348891 
0.458221 61.05862111200 0.78153095440 
0.458727 59.27757552401 0.76700609792 
0.459233 61.07426415119 0.80383247925 
0.459740 60.32957334945 0.84841203570 
0.460246 59.93614133580 0.88210620399 
0.460752 60.47595798829 0.99820360326 
0.461258 60.86622560897 1.00105171194 
0.461765 61.14409475966 1.07866433907 
0.462271 59.19069486454 0.99172430596 
0.462777 61.35927329997 1.19348673719 
0.463283 60.39515270236 1.33064452519 
0.463789 59.96141531841 1.30970217875 
0.464296 60.79013347021 1.37487640084 
0.464802 61.30659479292 1.35050574202 
0.465308 60.51410169797 1.54601327338 
0.465814 60.83077502614 1.70327326315 
0.466321 60.87190184052 1.76797981115 
0.466827 60.03714909749 1.86776780360 
0.467333 59.12944410921 1.94074890448 
0.467839 61.01579052277 1.97523354429 
0.468346 58.22676119961 2.34689998909 
0.468852 61.88138001970 2.74910109116 
0.469358 59.16845511209 2.96040365334 
0.469864 57.53354356840 2.82869971827 
0.470371 56.75068833038 3.75310264117 
0.470877 58.75186253309 4.48921795232 
0.471383 58.06684940184 5.56399975756 
0.471889 59.03471885212 7.66597826183 
0.472395 55.26234456874 5.81465846891 
0.472902 53.61049100695 12.87237298896 
