0.010896 1346.91471719571 15.32837988072 
0.011402 1195.80625872369 11.39718163571 
0.011909 1086.87284997556 10.25483147476 
0.012416 978.99248742601 9.16037292364 
0.012923 883.09347178139 9.04328723095 
0.013430 815.41505558196 11.32582727817 
0.013936 784.87061372831 8.95557241172 
0.014443 735.99035679020 7.52619795836 
0.014950 681.63217044140 6.25366323778 
0.015457 625.36019278775 5.72955195157 
0.015963 581.42080676652 4.68801505874 
0.016470 540.57680861212 4.25264610908 
0.016977 508.19500245945 3.78367267470 
0.017484 475.09845161242 3.14063289101 
0.017990 448.08853854003 3.11392494709 
0.018497 421.83680127862 2.65426213868 
0.019004 402.54625213654 2.36236110519 
0.019511 380.43693434417 2.20369120241 
0.020018 362.15460269421 2.14348322670 
0.020524 343.42447698922 2.06883181719 
0.021031 330.00410888677 1.88082217917 
0.021538 315.18076225935 1.66054825610 
0.022045 301.29226947888 1.70707527336 
0.022551 290.04319781094 1.55395846388 
0.023058 278.40618530900 1.43765488390 
0.023565 268.15587350102 1.61963609803 
0.024072 259.41706782577 1.75320706439 
0.024579 251.37983835840 1.64231489243 
0.025085 242.23361148287 2.15694818093 
0.025592 236.44993751705 2.13547064707 
0.026099 229.21607603998 2.08535225692 
0.026606 223.00098395475 1.70420072180 
0.027112 216.99991964764 1.74965470846 
0.027619 210.64305325737 1.45321384914 
0.028126 206.45731078661 1.48393909546 
0.028633 203.93737590755 1.32654589302 
0.029139 198.31073642315 1.15855804968 
0.029646 193.53504935427 1.16913001721 
0.030153 188.42245417287 1.12788036323 
0.030660 186.16543939010 1.08525973009 
0.031167 181.20993448334 0.98955404459 
0.031673 179.32557378419 0.92913875279 
0.032180 177.31709390904 0.93947532832 
0.032687 172.62901926111 0.84554799184 
0.033194 169.01498322962 0.83295295201 
0.033700 166.63125076228 0.77335531257 
0.034207 164.33102378444 0.73954125005 
0.034714 162.16257750453 0.74380895782 
0.035221 159.58596130003 0.73827830748 
0.035727 157.83313808665 0.67517863278 
0.036234 156.43414458335 0.66348282229 
0.036741 153.86059142166 0.66651652663 
0.037248 152.46085979030 0.70848594798 
0.037755 150.23318974353 0.60073189925 
0.038261 148.12074428697 0.59749767874 
0.038768 147.16882240734 0.58295204410 
0.039275 145.95905547734 0.58127075326 
0.039782 144.12213413366 0.56915627615 
0.040288 142.40426063462 0.53542164098 
0.040795 140.15736903668 0.57574041071 
0.041302 139.44915621059 0.56417055162 
0.041809 138.56131098959 0.54147160005 
0.042315 137.54150557553 0.56072677115 
0.042822 136.46913749362 0.54685881970 
0.043329 134.63366172460 0.53591217737 
0.043836 134.08253076287 0.54608420581 
0.044343 132.68097617750 0.54702066295 
0.044849 132.03080276048 0.51914068540 
0.045356 130.56750066633 0.52882360993 
0.045863 130.17927497194 0.51197787049 
0.046370 129.02038955005 0.48538752688 
0.046876 127.94437109700 0.48962113639 
0.047383 127.39670755047 0.50721352239 
0.047890 125.73108028740 0.46235032399 
0.048397 124.45501287664 0.47968366189 
0.048903 124.14598003460 0.47573623692 
0.049410 123.69748570371 0.50664932371 
0.049917 122.48021017433 0.45719168866 
0.050424 121.29233846966 0.49235495224 
0.050931 120.51386700547 0.46173109142 
0.051437 120.45693976495 0.44604937912 
0.051944 120.14062214957 0.43670380473 
0.052451 119.48573409786 0.44310402212 
0.052958 118.05516211049 0.44219972407 
0.053464 117.90307067554 0.45891929080 
0.053971 116.90920715461 0.42688821800 
0.054478 117.18584434356 0.43948217935 
0.054985 116.08660178340 0.44402828446 
0.055491 115.42610673600 0.44340816801 
0.055998 114.72431709462 0.42887060944 
0.056505 113.87243664267 0.42547199078 
0.057012 113.09652754970 0.43314499949 
0.057519 112.77486803947 0.44129137930 
0.058025 111.96013807776 0.40950287597 
0.058532 111.79097339130 0.41960722310 
0.059039 110.84748069604 0.41834217577 
0.059546 110.48271772343 0.43799418876 
0.060052 110.63856454271 0.40063835827 
0.060559 110.10949140946 0.39600161416 
0.061066 108.90718055123 0.40837601698 
0.061573 109.04389685060 0.39632113045 
0.062079 108.49433931075 0.39083711376 
0.062586 108.79452290526 0.39437954712 
0.063093 107.83583871931 0.39271475177 
0.063600 107.30331682897 0.39901107407 
0.064106 106.44269895046 0.39686164014 
0.064613 106.46512963212 0.39381858819 
0.065120 105.82829690635 0.37752186382 
0.065627 105.05748830633 0.38873925085 
0.066134 105.64213968283 0.38397959920 
0.066640 105.19246635636 0.38648147504 
0.067147 104.08542399761 0.37615404785 
0.067654 104.28563237806 0.36755775725 
0.068161 103.85684914444 0.38024126163 
0.068667 103.32828231783 0.37133834875 
0.069174 102.98335025346 0.36893715878 
0.069681 102.48394968828 0.34899599060 
0.070188 102.54441533083 0.34709834630 
0.070694 101.84268161905 0.35898914783 
0.071201 101.85517093610 0.36029157517 
0.071708 101.74004959618 0.36517563584 
0.072215 101.01460460567 0.34638664296 
0.072721 101.18045770914 0.34903107541 
0.073228 100.15107525401 0.35803437066 
0.073735 100.42312111823 0.34666880640 
0.074242 99.71789985464 0.34273476404 
0.074748 99.46796213351 0.34091332157 
0.075255 99.28816629627 0.33029854088 
0.075762 99.27454520447 0.34066321598 
0.076269 99.10568469456 0.34108173290 
0.076776 98.35849643386 0.34513987734 
0.077282 98.27083254037 0.32263889701 
0.077789 98.34115485771 0.33094022589 
0.078296 97.59509943144 0.32192556436 
0.078803 97.33701597790 0.32488254097 
0.079309 97.17309604986 0.33347388043 
0.079816 97.85139913963 0.33852191918 
0.080323 97.02382296319 0.32820573143 
0.080830 96.94179048121 0.33141630545 
0.081336 97.49054720768 0.32964738959 
0.081843 96.98671931695 0.33163158003 
0.082350 96.48739017193 0.34063759694 
0.082857 96.17517202350 0.32737204652 
0.083363 95.85183985070 0.33739814007 
0.083870 95.92088590359 0.33405146542 
0.084377 96.35077736493 0.33646350876 
0.084884 95.64786431249 0.31991605188 
0.085390 95.83088609618 0.33067690605 
0.085897 95.41662967335 0.33026827789 
0.086404 95.19530427761 0.34267539066 
0.086911 95.06504981522 0.34324849534 
0.087417 95.11902615462 0.33151808274 
0.087924 94.58887790071 0.35113732829 
0.088431 94.67365446134 0.33375965183 
0.088938 94.42342252289 0.32244537284 
0.089444 94.17677958960 0.33539903539 
0.089951 94.35867639739 0.32586436478 
0.090458 94.22233520610 0.31799032404 
0.090965 94.22464725786 0.32396539264 
0.091471 93.75241267265 0.33319315958 
0.091978 93.73177028795 0.32705102357 
0.092485 93.10273328042 0.35528186735 
0.092992 92.94835717911 0.34174226715 
0.093498 93.50263851758 0.34122352827 
0.094005 93.23578776447 0.32621762510 
0.094512 92.73732737694 0.32533493161 
0.095019 92.68550794110 0.34191099141 
0.095525 92.65619235563 0.32724707148 
0.096032 92.06331823673 0.32925084299 
0.096539 92.32716600893 0.33748938853 
0.097046 92.11093564737 0.32832187203 
0.097552 92.07751507962 0.33961548413 
0.098059 92.57453838855 0.33061899883 
0.098566 91.63287020673 0.32104766772 
0.099073 91.33681353978 0.31055777954 
0.099579 91.31760474303 0.32425095972 
0.100086 91.70145946559 0.32393333962 
0.100593 91.59796371860 0.31855555777 
0.101100 90.88558771101 0.32234006514 
0.101606 90.94761460532 0.30611959523 
0.102113 90.53514523637 0.29746253645 
0.102620 89.78701168956 0.28968314305 
0.103127 88.95941881900 0.29351800467 
0.103633 88.78954623071 0.29930931337 
0.104140 88.84181812783 0.29063429822 
0.104647 88.72229236695 0.29612778647 
0.105154 88.32866308930 0.30626843825 
0.105660 88.67866195844 0.30125000802 
0.106167 88.62086770063 0.30258596674 
0.106674 88.67028802850 0.31380769392 
0.107181 87.77799635267 0.30049743729 
0.107687 88.07445984080 0.29659207029 
0.108194 87.58763817604 0.29406446494 
0.108701 88.53011030000 0.28884867140 
0.109208 87.84709750592 0.30045401373 
0.109714 87.67584004203 0.29833899175 
0.110221 87.22159919178 0.28444416004 
0.110728 87.27143121804 0.29041598333 
0.111235 87.19190656468 0.28280588014 
0.111741 87.33635782351 0.28536102573 
0.112248 87.13892194744 0.28320644980 
0.112755 87.24083732412 0.28500260394 
0.113262 86.90460448549 0.28960098588 
0.113768 86.87736970257 0.27852478156 
0.114275 86.84979510277 0.27982299954 
0.114782 86.48944270527 0.28192787651 
0.115289 86.61083446863 0.27845134632 
0.115795 86.54546020678 0.27636134344 
0.116302 86.78944384860 0.26865138063 
0.116809 86.73002636906 0.27433722645 
0.117316 86.48235346861 0.26849862765 
0.117822 86.28834790510 0.27311151019 
0.118329 86.04155040556 0.27477148397 
0.118836 86.02665504415 0.27004791874 
0.119342 85.72791001238 0.25972070754 
0.119849 86.16693835265 0.27499915869 
0.120356 86.00151040994 0.26920547461 
0.120863 86.07651254826 0.26288378375 
0.121369 85.65918965637 0.27342214210 
0.121876 85.80141784258 0.27202316194 
0.122383 85.77258809473 0.26327398255 
0.122890 85.75759386496 0.26679499674 
0.123396 85.78570088465 0.25984348454 
0.123903 85.24832728235 0.25517575082 
0.124410 85.28554330637 0.26413384024 
0.124917 85.23404355757 0.26250805510 
0.125423 84.76387023714 0.26050110907 
0.125930 84.95793245348 0.26427008418 
0.126437 85.12796854034 0.25664024737 
0.126944 85.18155566862 0.26008179687 
0.127450 84.60353026877 0.25550057129 
0.127957 84.87547639730 0.24924390067 
0.128464 84.95009440342 0.25619318749 
0.128970 84.19898777436 0.25429566585 
0.129477 84.36861783594 0.25621756114 
0.129984 84.62289917970 0.26282323248 
0.130491 84.53171947756 0.25187604484 
0.130997 84.39705892470 0.25129267383 
0.131504 83.92933827822 0.24871311218 
0.132011 84.15809801148 0.25238378734 
0.132518 84.13960945667 0.24263738291 
0.133024 83.78202468740 0.25184683666 
0.133531 83.73379041154 0.24303755516 
0.134038 83.88676083171 0.25070310100 
0.134545 83.80333237399 0.23610194302 
0.135051 83.74711559839 0.24332428718 
0.135558 83.86610449013 0.25013039097 
0.136065 83.65791938508 0.24869457100 
0.136571 83.66505836555 0.24603714109 
0.137078 83.58408282150 0.24887796312 
0.137585 83.26448613170 0.24918949284 
0.138092 83.25164688924 0.24125501240 
0.138598 82.88441188332 0.24106059101 
0.139105 83.18811796249 0.24529416081 
0.139612 83.08413302576 0.24091877590 
0.140119 82.98854571115 0.24755228981 
0.140625 82.94794932134 0.24262662851 
0.141132 82.99541127377 0.23457420935 
0.141639 82.63689457234 0.24200872893 
0.142145 83.01812396121 0.24113489420 
0.142652 82.43568653239 0.23733828931 
0.143159 82.60508128506 0.23622488858 
0.143666 82.46806116223 0.24222756929 
0.144172 82.08279889406 0.24431691303 
0.144679 82.18616952468 0.24170933965 
0.145186 82.19810560249 0.23675934985 
0.145692 81.98127965620 0.24413681892 
0.146199 82.14949938894 0.24227008829 
0.146706 82.24610411401 0.24465989412 
0.147213 82.05162098840 0.24454690465 
0.147719 81.59281041999 0.24248128902 
0.148226 81.48136293228 0.24003938166 
0.148733 81.66347372463 0.24314220560 
0.149240 81.53500704320 0.24057212877 
0.149746 81.41021901732 0.24123499597 
0.150253 81.32565857990 0.23739255320 
0.150760 81.28540014830 0.24392411458 
0.151266 81.06382651737 0.23941512271 
0.151773 81.53721167042 0.24114667298 
0.152280 80.82952959045 0.24358448266 
0.152787 80.83581606587 0.24020469219 
0.153293 80.94940763072 0.24095451442 
0.153800 80.93495893044 0.24020439228 
0.154307 80.72059167516 0.24344490199 
0.154813 80.79258295119 0.23914803797 
0.155320 80.38590230632 0.24045667172 
0.155827 80.20494000937 0.23743967202 
0.156334 80.33398751553 0.23971041429 
0.156840 80.48490048850 0.23805042521 
0.157347 80.49535177195 0.24015119499 
0.157854 80.29848214373 0.23983535602 
0.158360 79.84089749372 0.23468283119 
0.158867 80.01544726927 0.23970695611 
0.159374 80.45474386615 0.23985127997 
0.159881 80.21954350001 0.23626260669 
0.160387 79.87570192860 0.23678946164 
0.160894 80.09596010653 0.24153795003 
0.161401 80.03814515717 0.23608009143 
0.161907 79.69844714030 0.23530739007 
0.162414 79.57348068861 0.23618626983 
0.162921 79.41616934414 0.23757931146 
0.163427 79.23702233571 0.22922498554 
0.163934 79.53833525235 0.23409493272 
0.164441 79.30636448037 0.23357685706 
0.164948 79.35018725978 0.22921379345 
0.165454 79.07171458184 0.22125769692 
0.165961 79.02050894990 0.23262303183 
0.166468 79.18790720136 0.22881379949 
0.166974 78.98470625013 0.22919043201 
0.167481 78.95328981029 0.22610306501 
0.167988 79.44377806671 0.22599823079 
0.168495 79.22019350813 0.23351309954 
0.169001 78.56593056294 0.23557582301 
0.169508 79.24757563519 0.22922241507 
0.170015 79.47918067394 0.23316827821 
0.170521 78.99798729384 0.23404631083 
0.171028 79.03669322033 0.23223175785 
0.171535 78.92556471858 0.23266990724 
0.172041 79.30741031991 0.23447454643 
0.172548 79.21135355000 0.23669103846 
0.173055 78.82507394519 0.23161976946 
0.173562 78.81634736476 0.23756749985 
0.174068 79.18507523182 0.23591054443 
0.174575 79.25830798168 0.23815546673 
0.175082 79.22173683632 0.23324268028 
0.175588 78.58147809641 0.23932315128 
0.176095 78.40761090807 0.23696201149 
0.176602 78.65499576973 0.23411498223 
0.177108 78.89370982577 0.23474789594 
0.177615 78.68897192918 0.23645342874 
0.178122 78.31684889765 0.23560282579 
0.178629 78.67369297539 0.23416690816 
0.179135 78.39820143561 0.23496616171 
0.179642 78.55289488259 0.23854580086 
0.180149 78.66058273947 0.23697359356 
0.180655 78.72410644039 0.23561221928 
0.181162 78.28348660776 0.23486329378 
0.181669 78.32227343434 0.24719549774 
0.182175 78.83435345187 0.24485944271 
0.182682 78.63502636588 0.24436207824 
0.183189 78.99044172503 0.24636282838 
0.183695 78.74781666154 0.24992737359 
0.184202 78.58020857665 0.24372881249 
0.184709 78.17377085108 0.24623753708 
0.185216 78.40363989751 0.24091489275 
0.185722 78.08842462197 0.24908065850 
0.186229 78.18372774511 0.24472658276 
0.186736 77.88452371088 0.24178716205 
0.187242 77.84742496021 0.24595809277 
0.187749 77.71308958405 0.24864948575 
0.188256 78.02231684920 0.24416514731 
0.188762 77.82158760164 0.24361526319 
0.189269 77.51848701404 0.24358773636 
0.189776 77.80594294166 0.24883723101 
0.190282 77.57171337687 0.24251872417 
0.190789 77.54889661229 0.24623511489 
0.191296 77.34791924019 0.24410024534 
0.191802 77.54532140257 0.24333072696 
0.192309 77.24510109595 0.24202227818 
0.192816 77.00134980233 0.23767211756 
0.193323 76.66480605566 0.23474189696 
0.193829 77.09023253802 0.23999776931 
0.194336 77.00125546014 0.24071350446 
0.194843 76.80257983244 0.23542662281 
0.195349 76.17634819204 0.23030461511 
0.195856 76.63412607906 0.23164199870 
0.196363 76.13079061958 0.23042203525 
0.196869 76.20323592478 0.23277170216 
0.197376 76.13422580626 0.23371948940 
0.197883 76.17931851356 0.22872673866 
0.198389 76.12154164166 0.23078428426 
0.198896 76.18044435115 0.22670935957 
0.199403 76.22159669001 0.22377951752 
0.199909 76.08400646422 0.22075874553 
0.200416 75.45810801644 0.22421815995 
0.200923 75.30824466388 0.22368864954 
0.201429 75.64621351901 0.22755431788 
0.201936 75.85225681417 0.21802453171 
0.202443 75.86928220292 0.21905705443 
0.202949 75.76358488471 0.22454526181 
0.203456 75.42750199804 0.21976103175 
0.203963 75.60813833717 0.21655949010 
0.204469 76.04366074355 0.21890573956 
0.204976 75.67244857593 0.21956434329 
0.205483 75.30319344390 0.21840979298 
0.205989 75.45198558559 0.21714835164 
0.206496 75.34651104346 0.21846491301 
0.207003 75.38513673699 0.21493946860 
0.207509 75.39438751203 0.21754345082 
0.208016 75.30498218357 0.21710973198 
0.208523 75.47968154626 0.21843663310 
0.209029 75.32644208513 0.21209848375 
0.209536 75.08050189487 0.21629649059 
0.210043 75.21943185209 0.21239729596 
0.210549 75.33934622550 0.21658666558 
0.211056 75.27232387054 0.21095256605 
0.211563 74.94438295178 0.20671940932 
0.212069 74.77057269046 0.20827221750 
0.212576 74.99220792658 0.21159182289 
0.213083 75.17581539597 0.20999151972 
0.213589 74.98724112343 0.20736282585 
0.214096 74.91692162650 0.20745498506 
0.214603 74.77105440377 0.20742046970 
0.215109 74.71179397440 0.20952822296 
0.215616 74.62368292776 0.20376555083 
0.216123 74.29846439259 0.20804258408 
0.216629 74.27095518279 0.20488879438 
0.217136 74.07542127552 0.20907971740 
0.217643 74.25006053171 0.20919936848 
0.218149 73.92669112134 0.20758424158 
0.218656 74.16331446659 0.20848818754 
0.219163 74.11808931552 0.20813790900 
0.219669 73.70697080583 0.20423948972 
0.220176 74.04163592345 0.20444147149 
0.220683 73.94103222094 0.20829793727 
0.221189 73.96388837102 0.20556027318 
0.221696 73.81563011225 0.20321511989 
0.222203 73.83110329200 0.20293628817 
0.222709 73.77728597661 0.20301364939 
0.223216 73.75091090433 0.19823582633 
0.223722 74.04975689051 0.20643964843 
0.224229 73.79631145139 0.20811372216 
0.224736 73.99879686293 0.20385668811 
0.225242 73.47260652853 0.19622062681 
0.225749 73.36404029738 0.20242403020 
0.226256 73.62120698279 0.20061724453 
0.226762 73.11075424463 0.20075017818 
0.227269 73.55156209339 0.20139683396 
0.227776 73.34503045350 0.20222766381 
0.228282 73.17836259025 0.20173925365 
0.228789 73.38953637691 0.19828307560 
0.229296 73.26935918751 0.20294267235 
0.229802 73.56871552390 0.20153187057 
0.230309 73.24102862759 0.19799822499 
0.230816 73.27452697629 0.20313283266 
0.231322 73.27211915644 0.20686269383 
0.231829 72.89779420654 0.20115922036 
0.232335 73.06998904402 0.20320458781 
0.232842 72.88046613578 0.19927958761 
0.233349 73.04842311950 0.19675960758 
0.233855 73.14809779884 0.20078193022 
0.234362 72.99444844911 0.20052775604 
0.234869 72.52045491906 0.19972428950 
0.235375 72.54007683517 0.19699706720 
0.235882 72.86905963284 0.20108780049 
0.236389 72.73009389964 0.20044515098 
0.236895 72.29721752776 0.19869607872 
0.237402 72.33157556542 0.19603651837 
0.237908 72.38608822682 0.19878133897 
0.238415 72.29236244546 0.19966902850 
0.238922 72.28258737663 0.20264791789 
0.239428 71.92012013583 0.19900395154 
0.239935 71.98476791670 0.20226313110 
0.240442 71.99632846212 0.20079494428 
0.240948 71.91977701491 0.19486701424 
0.241455 72.09088490293 0.19526773022 
0.241962 71.93320926064 0.19709194048 
0.242468 71.82985789572 0.19760803999 
0.242975 71.70089111143 0.19496295822 
0.243481 71.79849530747 0.19975200317 
0.243988 71.88549047197 0.20006549538 
0.244495 71.64647680763 0.20017667953 
0.245001 71.87792343500 0.19951376247 
0.245508 71.60093716238 0.19822524027 
0.246015 71.68628940992 0.19687359219 
0.246521 71.53215602577 0.19655792868 
0.247028 71.55893057124 0.19837207553 
0.247534 71.42337796011 0.19885492277 
0.248041 71.45974812649 0.19588394547 
0.248548 71.45438482675 0.19687635254 
0.249054 71.51440641493 0.19564731569 
0.249561 71.34306846739 0.19579445217 
0.250068 71.25472749290 0.20086926445 
0.250574 71.35069610981 0.19658127066 
0.251081 71.20769205344 0.19728047309 
0.251587 70.99170945244 0.19745433909 
0.252094 71.02469424435 0.19642976679 
0.252601 70.98964500234 0.19300904612 
0.253107 71.21376966470 0.19509020445 
0.253614 71.31631144009 0.19596826552 
0.254120 71.08966713104 0.19590799093 
0.254627 70.90747784244 0.19549984133 
0.255134 71.03100530287 0.19181586638 
0.255640 70.88785418872 0.19611252885 
0.256147 71.09761780401 0.19634699170 
0.256654 70.83161267854 0.19607748464 
0.257160 70.89617462711 0.19743080786 
0.257667 71.12895315409 0.19572232809 
0.258173 71.33857986319 0.19549259373 
0.258680 71.37825194804 0.19559969313 
0.259187 71.29103089762 0.19710836253 
0.259693 71.47946343056 0.19713113804 
0.260200 71.39749810064 0.19639887932 
0.260706 71.61770093922 0.19419389234 
0.261213 71.69494653657 0.19310639617 
0.261720 71.63325356855 0.19872499432 
0.262226 71.68300388649 0.19456649048 
0.262733 71.55769868390 0.19189545739 
0.263239 71.72467693187 0.19535007156 
0.263746 71.86650104258 0.19524022059 
0.264253 71.62406083585 0.19123850627 
0.264759 71.62127627193 0.19407819291 
0.265266 71.78114491584 0.19332097931 
0.265772 71.58835351119 0.19253465869 
0.266279 71.76682764506 0.19269249644 
0.266786 71.95398680454 0.19096435329 
0.267292 71.69368773624 0.19016642275 
0.267799 71.49584856053 0.19038154684 
0.268305 71.77422627363 0.18906770792 
0.268812 71.87926204015 0.19223617417 
0.269319 71.65270288929 0.18870485867 
0.269825 71.88790671716 0.19051072250 
0.270332 71.93089527302 0.18673523835 
0.270838 72.21629005713 0.19087331479 
0.271345 72.01358227429 0.19226824875 
0.271852 72.12627415864 0.18745359371 
0.272358 72.36473096497 0.19643949760 
0.272865 72.53359344625 0.19238374331 
0.273371 72.44229872169 0.19258590302 
0.273878 72.23861561505 0.19097679307 
0.274385 72.59378712674 0.19229793702 
0.274891 72.61029040045 0.19143200653 
0.275398 72.59620179040 0.19099905571 
0.275904 72.01835492016 0.18595548518 
0.276411 72.06961522242 0.18193426236 
0.276917 72.33655682706 0.18775108334 
0.277424 71.97840233903 0.18544653479 
0.277931 72.18700105615 0.18540144283 
0.278437 72.39958190730 0.18768723032 
0.278944 72.26242879162 0.18205117086 
0.279450 72.37043360563 0.18474468933 
0.279957 72.11898143617 0.18240213775 
0.280464 71.81587801966 0.17833430068 
0.280970 71.77737062254 0.18341584995 
0.281477 72.30120857282 0.18452140300 
0.281983 72.22612540991 0.18320333554 
0.282490 72.09524552672 0.17753640133 
0.282996 72.00103151076 0.17957843084 
0.283503 71.81204014783 0.17603121621 
0.284010 71.91258204701 0.18068129538 
0.284516 72.02703621172 0.17916394704 
0.285023 71.88067811657 0.17866732032 
0.285529 71.57802306266 0.17927619591 
0.286036 71.51431721722 0.17181065640 
0.286542 71.65515616376 0.17327780523 
0.287049 71.69253589568 0.17172173197 
0.287556 71.32281384024 0.17374668424 
0.288062 71.53456760119 0.17298101538 
0.288569 71.45420896945 0.16995307860 
0.289075 71.59090957639 0.17117113143 
0.289582 71.40162152320 0.17269312624 
0.290088 71.27001589374 0.16849430486 
0.290595 71.46579219333 0.16939688077 
0.291102 71.43221286063 0.16650347178 
0.291608 71.25668275095 0.16771253146 
0.292115 71.04205686260 0.16644568295 
0.292621 71.00602837928 0.16678115153 
0.293128 70.94681202718 0.16766713756 
0.293634 71.25836231267 0.16790801581 
0.294141 71.01280573370 0.17041038257 
0.294647 70.92527716942 0.16720380081 
0.295154 70.84206066759 0.16655511589 
0.295661 70.86544854289 0.16681180342 
0.296167 71.05326905227 0.16853464455 
0.296674 70.91742753497 0.16909044784 
0.297180 70.86263944255 0.16585557990 
0.297687 70.93659591297 0.16405080883 
0.298193 70.61019426827 0.16243577419 
0.298700 70.77153087780 0.16473192124 
0.299207 70.47413678214 0.16723836905 
0.299713 70.64106681032 0.16278948294 
0.300220 70.57225115055 0.16326836071 
0.300726 70.71183029853 0.16405650460 
0.301233 70.42351299248 0.16270906926 
0.301739 70.20756270415 0.16709608245 
0.302246 70.44929130784 0.16311507266 
0.302752 70.15407189211 0.16056427892 
0.303259 70.16204808763 0.16179469065 
0.303765 70.34940158277 0.16156347897 
0.304272 70.04035789137 0.16041737334 
0.304779 70.05452704646 0.16123308806 
0.305285 70.07962460971 0.15933518999 
0.305792 70.42617499625 0.16174578437 
0.306298 70.09009219708 0.15918354382 
0.306805 69.93480465715 0.16350892797 
0.307311 69.99937515551 0.15851777313 
0.307818 69.82928598185 0.16181121311 
0.308324 69.65350727339 0.15739374400 
0.308831 69.40286783182 0.15584824186 
0.309337 69.52852776282 0.15502101859 
0.309844 69.50542975845 0.15580285628 
0.310350 69.15011069411 0.15311086416 
0.310857 69.02502377749 0.15442683666 
0.311364 68.55801595351 0.14933990104 
0.311870 68.53119591210 0.14916980625 
0.312377 68.25282586809 0.14831412744 
0.312883 68.15154407736 0.14790756519 
0.313390 68.22416092579 0.15006577427 
0.313896 67.99327125674 0.14645616175 
0.314403 67.81394892092 0.14349064278 
0.314909 67.50304387686 0.14354000561 
0.315416 67.33844750989 0.14599831932 
0.315922 67.54991974945 0.14757701169 
0.316429 67.51957174880 0.14421170292 
0.316935 67.29587877511 0.13987655638 
0.317442 67.06290862955 0.14257417291 
0.317948 67.13306828727 0.14133351184 
0.318455 67.21176491699 0.14287355154 
0.318961 66.87069124518 0.14166169704 
0.319468 66.65914707124 0.14131823305 
0.319975 67.02665119583 0.14227365406 
0.320481 66.57879263239 0.14010122226 
0.320988 66.77399654100 0.14420095091 
0.321494 66.69598582331 0.13634906055 
0.322001 66.67093790496 0.15004155691 
0.322507 66.68339167272 0.14239680132 
0.323014 66.55764145653 0.14071543719 
0.323520 66.35097980633 0.14382121511 
0.324027 66.23132030068 0.14215043472 
0.324533 66.49678114777 0.13907623384 
0.325040 66.24441689380 0.14019071377 
0.325546 66.33612564140 0.14135080031 
0.326053 66.32754658371 0.13823752857 
0.326559 66.25111189968 0.13918665109 
0.327066 66.40984183083 0.13909876176 
0.327572 66.19754548179 0.14085323999 
0.328079 66.20744032394 0.13831485380 
0.328585 66.09321807434 0.13833440938 
0.329092 65.88663146720 0.13710586573 
0.329598 65.72815108803 0.13891269571 
0.330105 66.13585432489 0.13711076340 
0.330611 66.07106929328 0.14077062092 
0.331118 66.15789425359 0.13945967359 
0.331624 65.74396357264 0.13914905367 
0.332131 65.74196758814 0.13953431869 
0.332637 65.99460284753 0.14165677136 
0.333144 65.63422580527 0.13918828060 
0.333650 66.11121735028 0.14040587448 
0.334157 65.80037039255 0.13982769889 
0.334663 65.78845880852 0.13979473315 
0.335170 65.86548061869 0.14005915895 
0.335676 65.69258439256 0.14149786419 
0.336183 65.45146114831 0.13574822655 
0.336689 65.57091827533 0.13985271746 
0.337196 65.76516268408 0.13881202904 
0.337702 65.37893901138 0.13799636405 
0.338209 65.21506668293 0.13898434056 
0.338715 65.59825183618 0.13859391678 
0.339222 65.46196984004 0.13829301503 
0.339728 65.27181731977 0.13800024365 
0.340235 65.41809767345 0.26742889535 
0.340741 65.27009709711 0.13842171579 
0.341248 65.38519391614 0.13728982601 
0.341754 65.20515483832 0.13872833185 
0.342261 65.09061516889 0.14206133310 
0.342767 65.16385361310 0.13721857491 
0.343274 65.18876959648 0.13692674668 
0.343780 65.26939143313 0.13949470550 
0.344287 65.38269513330 0.14191308352 
0.344793 65.31713305653 0.14030127078 
0.345300 65.11684121047 0.13801107093 
0.345806 64.96815477594 0.14130469576 
0.346313 64.98732967757 0.14063686145 
0.346819 64.92592248416 0.14176869851 
0.347325 64.96312071010 0.14537131405 
0.347832 65.00134286317 0.14612320093 
0.348338 64.69339627377 0.14394885960 
0.348845 65.19582503437 0.14588400485 
0.349351 64.89496029700 0.15056712119 
0.349858 65.02909407911 0.15157696837 
0.350364 64.82344184296 0.14540932166 
0.350871 64.48796702946 0.14598144475 
0.351377 64.49892991745 0.14748170843 
0.351884 64.64501450605 0.15154945826 
0.352390 64.52626546753 0.14796290668 
0.352897 64.33375779397 0.14833403632 
0.353403 64.43026755187 0.14903467637 
0.353910 64.29208694584 0.14980731330 
0.354416 64.02876448331 0.15207920722 
0.354923 63.99986157254 0.14931182955 
0.355429 64.18553432921 0.15205098325 
0.355935 64.19907548840 0.15299010375 
0.356442 63.95284755749 0.14921253250 
0.356948 63.86502596597 0.15051685803 
0.357455 63.92034424571 0.15503844607 
0.357961 64.01358955516 0.15467430497 
0.358468 63.93269071929 0.15789996435 
0.358974 63.66307490600 0.21791277356 
0.359481 63.75256477806 0.20247781321 
0.359987 63.85372821481 0.20167982728 
0.360494 63.99847229179 0.19166268285 
0.361000 63.60402874613 0.18409479865 
0.361506 63.92122100242 0.18478419065 
0.362013 64.04168800454 0.18749384697 
0.362519 63.56925990089 0.18086622301 
0.363026 63.76799706218 0.18421431119 
0.363532 63.65968372783 0.18442811098 
0.364039 63.49941856003 0.18273549742 
0.364545 63.98488626087 0.18443136837 
0.365052 64.04204928615 0.18490008342 
0.365558 63.51531152373 0.17910681967 
0.366064 63.73973645750 0.18302886978 
0.366571 63.49882181635 0.18467404383 
0.367077 63.52283430213 0.18650899999 
0.367584 63.72433608726 0.19041286896 
0.368090 63.41606896164 0.18554369887 
0.368597 63.32670670305 0.18755056931 
0.369103 63.77329110726 0.18549698454 
0.369610 63.72439360506 0.19127162395 
0.370116 63.51449602506 0.18865035701 
0.370622 63.39257495927 0.18887350271 
0.371129 63.65017830264 0.19341670057 
0.371635 63.48215146555 0.18960892860 
0.372142 63.72565857301 0.19065975933 
0.372648 63.60114312859 0.19279928235 
0.373155 63.65189797287 0.20039231427 
0.373661 63.38186851200 0.19530871519 
0.374167 63.30127232577 0.19320630741 
0.374674 63.46063164389 0.19782821841 
0.375180 63.37879812732 0.20025425146 
0.375687 63.64045224371 0.19972303923 
0.376193 63.47977055772 0.19890581068 
0.376700 63.50960133128 0.19943772099 
0.377206 63.40368762750 0.20300995715 
0.377712 63.26546159510 0.20412835495 
0.378219 63.21195813903 0.20383787743 
0.378725 63.47845852826 0.20752886292 
0.379232 63.18807998239 0.20499534625 
0.379738 63.16224246162 0.20421884102 
0.380245 63.32290874778 0.20772812089 
0.380751 63.10502439028 0.20891782686 
0.381257 63.04568865752 0.20333091710 
0.381764 63.33207881894 0.20846313651 
0.382270 62.67863026722 0.20884559431 
0.382777 63.09059886608 0.20582991724 
0.383283 63.13620473837 0.21006146480 
0.383789 63.35630977541 0.21366647578 
0.384296 63.19285693402 0.20967604885 
0.384802 63.09092058978 0.21364531919 
0.385309 63.09785464075 0.20802545384 
0.385815 63.15067098282 0.21585557565 
0.386321 63.08483645403 0.21635121044 
0.386828 63.16018990888 0.21272392398 
0.387334 63.11448944976 0.21945547452 
0.387841 62.88359003559 0.21055411798 
0.388347 63.06510494267 0.21438067447 
0.388853 62.97463551829 0.21235764580 
0.389360 62.72193834274 0.21499332558 
0.389866 62.63355618384 0.21913802664 
0.390373 62.85582811062 0.21967098631 
0.390879 62.68335949637 0.21830573333 
0.391385 63.14517504526 0.22014576713 
0.391892 62.88611024026 0.21549603610 
0.392398 62.80625625652 0.22423438262 
0.392905 62.61223457650 0.21914238529 
0.393411 62.26642167560 0.21971667686 
0.393917 62.71509468627 0.22354511548 
0.394424 62.71930515617 0.22544265452 
0.394930 62.60405223228 0.22499714016 
0.395437 62.93097178400 0.22655143065 
0.395943 62.92316356583 0.23146282104 
0.396449 62.56632666762 0.27604935219 
0.396956 62.27819104770 0.22728457908 
0.397462 62.81462101370 0.23049441792 
0.397969 62.40794858394 0.23531164612 
0.398475 62.68081235195 0.23575684714 
0.398981 62.61191981130 0.23530481697 
0.399488 62.55155866767 0.23961615305 
0.399994 62.42561882086 0.23632449090 
0.400500 62.54578029086 0.23674011867 
0.401007 62.70669105802 0.23659925769 
0.401513 62.39782135608 0.24252403273 
0.402020 62.12404363579 0.24110083335 
0.402526 62.62307541391 0.24660272279 
0.403032 62.43328342746 0.24126532578 
0.403539 62.10420004485 0.25262894753 
0.404045 62.36362015295 0.25176142375 
0.404551 62.54593155466 0.26309423899 
0.405058 62.55976453165 0.26839223221 
0.405564 62.29680610726 0.26773283218 
0.406071 62.22014053442 0.25609493381 
0.406577 62.60233273035 0.25567227992 
0.407083 61.92685229754 0.25904690255 
0.407590 61.98696848726 0.26657741172 
0.408096 62.49066842802 0.27324082241 
0.408602 62.27195615867 0.27238815122 
0.409109 61.88292987426 0.25427027586 
0.409615 62.08725905665 0.26928804648 
0.410121 61.96445641446 0.26268154604 
0.410628 62.03183347726 0.25853853516 
0.411134 61.78795455902 0.27237146382 
0.411641 61.99411066860 0.26889890924 
0.412147 61.83200448548 0.25630951174 
0.412653 62.03410940550 0.27902123095 
0.413160 62.04868453087 0.25780594722 
0.413666 61.85662393190 0.26428932312 
0.414172 61.87690448393 0.27661025136 
0.414679 61.45893269231 0.26954121999 
0.415185 62.30918497344 0.28448807052 
0.415691 62.29956881105 0.26890072406 
0.416198 61.82146391311 0.27704966734 
0.416704 62.01148521656 0.27940161490 
0.417210 62.18700211296 0.28363259504 
0.417717 62.11248699285 0.29001998319 
0.418223 61.78198950997 0.27998574781 
0.418729 62.47005811356 0.28395770314 
0.419236 61.90014118962 0.28509450703 
0.419742 61.47383462428 0.27149137983 
0.420248 61.51708454702 0.27806365327 
0.420755 61.91776932744 0.28580417256 
0.421261 61.81711262015 0.28247414237 
0.421767 61.37256747743 0.27559332643 
0.422274 61.54467869031 0.28048057999 
0.422780 62.04038671775 0.27744021576 
0.423286 61.31036069362 0.28608291454 
0.423793 61.82234667125 0.28703102955 
0.424299 62.30860883250 0.29739085015 
0.424805 61.54786452554 0.27261474655 
0.425312 61.50705380482 0.29968652368 
0.425818 62.09437449518 0.27705664698 
0.426324 61.69245549340 0.30214979144 
0.426831 61.72646980580 0.28629886757 
0.427337 61.32676833193 0.31646815367 
0.427843 61.43986209360 0.30721056132 
0.428350 61.54117961834 0.29968266171 
0.428856 61.33248737762 0.30277496273 
0.429362 61.45472202860 0.30111760299 
0.429869 61.91939167659 0.31665255789 
0.430375 61.63129904474 0.31200952650 
0.430881 61.07532753016 0.30820016223 
0.431388 62.04566190998 0.30862879321 
0.431894 61.94724816128 0.31048599201 
0.432400 61.42631713528 0.33480843834 
0.432907 61.07851185461 0.31683815497 
0.433413 61.83223212063 0.34081500352 
0.433919 61.65486999276 0.33108174560 
0.434425 62.00148140672 0.33937368362 
0.434932 61.58608886250 0.34016313768 
0.435438 61.60871012391 0.35932889235 
0.435944 61.73834460095 0.34068036195 
0.436451 61.22769511917 0.32739518291 
0.436957 61.23673708045 0.35800478161 
0.437463 61.49419239993 0.35021564610 
0.437970 61.32596692309 0.36119721906 
0.438476 61.20818902498 0.36055835653 
0.438982 61.01593932565 0.34882883885 
0.439489 61.21963919466 0.38389003686 
0.439995 60.81743695043 0.36041667329 
0.440501 61.53389718577 0.38354712337 
0.441007 60.86381574890 0.38107587888 
0.441514 61.31375431487 0.37219781332 
0.442020 60.96264447846 0.38026158659 
0.442526 61.39557424101 0.39461635052 
0.443033 61.28493137522 0.40525740949 
0.443539 60.88328200171 0.39260471613 
0.444045 60.73473290862 0.41010905428 
0.444551 61.28824289343 0.41243659534 
0.445058 60.81472984126 0.41833406383 
0.445564 61.33968486818 0.45091470334 
0.446070 61.07446116179 0.43372818909 
0.446577 61.12271600507 0.45642991163 
0.447083 60.73938454196 0.46918497712 
0.447589 60.66702641372 0.43311938716 
0.448095 61.49813852184 0.45374219738 
0.448602 60.88426698871 0.47395367940 
0.449108 61.08736276990 0.47284349869 
0.449614 60.79594132453 0.48122681838 
0.450121 60.30562340927 0.48887703239 
0.450627 60.76831821599 0.49254256362 
0.451133 60.85716923424 0.52027567646 
0.451639 60.03596235371 0.53089301828 
0.452146 60.83822997060 0.53103677471 
0.452652 60.42449062383 0.55211336975 
0.453158 60.41794551817 0.56478185560 
0.453664 60.26027083738 0.55658247119 
0.454171 60.75870947599 0.59143952116 
0.454677 60.03527913002 0.60747966164 
0.455183 60.48017756258 0.62808078659 
0.455689 59.92604565227 0.62358744183 
0.456196 60.28350626549 0.67570129771 
0.456702 60.83757368189 0.67193713676 
0.457208 60.67257869210 0.72964106175 
0.457714 60.22314189844 0.73251776817 
0.458221 60.25943409358 0.73136884924 
0.458727 60.37963284210 0.77911560273 
0.459233 58.97971079048 0.78038390223 
0.459740 59.98494190033 0.84588799541 
0.460246 60.31908027153 0.91122637004 
0.460752 59.52211288404 0.96984758273 
0.461258 61.48308368373 1.01821613024 
0.461765 59.89257230585 1.08158014550 
0.462271 60.73745688250 1.03350863625 
0.462777 60.11923630283 1.17109464218 
0.463283 59.82453317991 1.23263385852 
0.463789 60.15485515519 1.32627708024 
0.464296 59.97096641107 1.37657403752 
0.464802 59.12312585495 1.32772285181 
0.465308 59.70871561430 1.48072574339 
0.465814 60.11931658124 1.67443451692 
0.466321 60.09936890838 1.69170868465 
0.466827 61.45017865861 1.85658766900 
0.467333 61.17567399132 1.95961248930 
0.467839 60.00187366183 1.94584188339 
0.468346 59.47624656648 2.31614074647 
0.468852 57.57003617413 2.41615804035 
0.469358 57.85761694183 3.00051884001 
0.469864 59.82210879709 3.15270177013 
0.470371 59.10907942127 3.76780327209 
0.470877 56.00936606056 4.25376959288 
0.471383 55.87025545671 5.44073869335 
0.471889 61.10338557329 7.96397093943 
0.472395 53.81692360164 5.64021355591 
0.472902 52.13614014709 12.80010145399 
