0.010896 1348.61113510056 11.02984406419 
0.011402 1187.74115489493 11.56473160722 
0.011909 1068.55757289420 12.43172180293 
0.012416 974.10076622919 8.48919730030 
0.012923 876.43488912231 7.74066806892 
0.013430 818.52528672768 10.33380188142 
0.013936 776.87301711692 8.65935512252 
0.014443 729.15270774912 7.73665120316 
0.014950 676.27997816218 6.43056666905 
0.015457 621.07455606409 5.26782379237 
0.015963 575.20887096368 4.93398244960 
0.016470 541.29614675916 4.00363259510 
0.016977 503.85677333388 3.82729879127 
0.017484 471.15009234656 3.13525321138 
0.017990 442.57318305480 3.07058182899 
0.018497 418.87755587312 2.65270647806 
0.019004 397.56899035497 2.18257269181 
0.019511 374.93015081797 2.18869057921 
0.020018 359.57587942061 2.00594710150 
0.020524 343.52558880763 2.11590812007 
0.021031 324.08403765117 1.93873552778 
0.021538 311.43415204879 1.74169412374 
0.022045 299.96532913635 1.65958836868 
0.022551 288.54589731107 1.58672168207 
0.023058 279.18833007939 1.40291835096 
0.023565 268.49637611176 1.52559165769 
0.024072 259.30711738465 1.64637674636 
0.024579 249.08307530525 1.64566247155 
0.025085 242.41568737333 2.13252556924 
0.025592 234.64613871789 2.09203224056 
0.026099 227.87599606899 2.15513669754 
0.026606 223.88726040710 1.67531218739 
0.027112 217.00634993567 1.71742754529 
0.027619 211.52029322358 1.49052368901 
0.028126 205.93760153610 1.54447719151 
0.028633 201.28243843767 1.29182089054 
0.029139 198.13851469947 1.18527638961 
0.029646 193.82834152713 1.15672815528 
0.030153 189.08547975332 1.10790168877 
0.030660 185.93301409616 1.04652419255 
0.031167 183.08897443951 0.99560403611 
0.031673 177.76292687457 0.90601483564 
0.032180 174.63735188420 0.88048440133 
0.032687 172.37705154044 0.88931305664 
0.033194 170.35069071689 0.86563174939 
0.033700 166.67847354030 0.75736907755 
0.034207 165.36554506992 0.76723506507 
0.034714 161.80405401483 0.77150857900 
0.035221 160.16530065481 0.76510541609 
0.035727 156.94427526593 0.69381785303 
0.036234 156.84594381228 0.67581058457 
0.036741 153.00687974531 0.70155704915 
0.037248 151.75386408709 0.62262656495 
0.037755 150.98777296190 0.64577432621 
0.038261 148.36606634390 0.60007944697 
0.038768 147.13917976284 0.59670700478 
0.039275 145.53093414243 0.61464949247 
0.039782 144.65651906129 0.60155663051 
0.040288 142.58459859716 0.54925534256 
0.040795 141.18067732208 0.59138740570 
0.041302 141.17817713857 0.57051981091 
0.041809 138.86885089934 0.57050373362 
0.042315 137.02697021520 0.57752367995 
0.042822 137.04265312081 0.55183200659 
0.043329 134.21362753666 0.54521873954 
0.043836 133.91150087973 0.53359799178 
0.044343 132.89004171427 0.52808000336 
0.044849 131.54275360771 0.52450986259 
0.045356 131.02410568478 0.50309249835 
0.045863 129.52125177650 0.48266079270 
0.046370 128.76299368286 0.51033516707 
0.046876 127.40750780466 0.49911254135 
0.047383 126.72671357899 0.50582208089 
0.047890 126.33554152632 0.49595471700 
0.048397 125.52877144270 0.49164415886 
0.048903 124.61399024954 0.49873678615 
0.049410 123.54097488764 0.48712713211 
0.049917 122.75656178020 0.48316493742 
0.050424 122.38654542021 0.45730253244 
0.050931 121.05835407869 0.45358755219 
0.051437 120.75691099446 0.45686194468 
0.051944 119.65350843091 0.45018907428 
0.052451 119.64983279917 0.45373934292 
0.052958 118.76683523641 0.42315437544 
0.053464 117.87118750370 0.46412775350 
0.053971 117.95391830997 0.43448708173 
0.054478 116.73656393766 0.44483125494 
0.054985 115.72464321913 0.43413345493 
0.055491 115.53961135941 0.45069848946 
0.055998 114.49371424185 0.43698906416 
0.056505 113.69528216197 0.40986912142 
0.057012 113.62538839452 0.43445165982 
0.057519 113.24297728015 0.44437260708 
0.058025 112.71982974253 0.41346670832 
0.058532 111.76387802404 0.42365440535 
0.059039 110.53766825633 0.41584736993 
0.059546 110.79367262512 0.41868209385 
0.060052 110.02690648457 0.41009013646 
0.060559 110.16550761623 0.40829761896 
0.061066 109.39462432682 0.40526638381 
0.061573 108.97290030226 0.42345719247 
0.062079 108.20212005030 0.39496737244 
0.062586 107.78490694015 0.40070923421 
0.063093 107.27090366677 0.37220307653 
0.063600 107.61518591875 0.39166778156 
0.064106 107.49754240080 0.39166373281 
0.064613 106.86680643344 0.39188379476 
0.065120 106.29707822615 0.37339922877 
0.065627 106.38605599378 0.36949112463 
0.066134 105.00038489622 0.36615292407 
0.066640 104.98790780912 0.37658589902 
0.067147 105.09733015122 0.38126711812 
0.067654 104.35412109611 0.36540135565 
0.068161 103.49172010892 0.36726150049 
0.068667 102.92572871118 0.37833394123 
0.069174 102.82341863475 0.37648133172 
0.069681 102.68299574352 0.35499726499 
0.070188 101.78572483444 0.35444529006 
0.070694 101.80637073582 0.34772799690 
0.071201 101.13283913603 0.36793353238 
0.071708 101.37911383264 0.35734973303 
0.072215 101.42722141118 0.36481647902 
0.072721 100.98047766149 0.35876926740 
0.073228 101.16335065033 0.35045387793 
0.073735 100.48803907625 0.36930879326 
0.074242 100.39951081298 0.36820724786 
0.074748 99.65482302940 0.34822983608 
0.075255 99.60745417145 0.34251127616 
0.075762 99.19900936221 0.33729570760 
0.076269 98.79281638359 0.33713705345 
0.076776 98.31909139581 0.34103629880 
0.077282 98.40242200254 0.34293843838 
0.077789 97.93287806696 0.33074055615 
0.078296 98.07058604927 0.32407931762 
0.078803 98.00917011963 0.32953787232 
0.079309 97.70787099628 0.32889075355 
0.079816 97.01431884441 0.33298312981 
0.080323 97.43394564938 0.32372093122 
0.080830 97.40163969577 0.33580175554 
0.081336 96.56424699574 0.33022065692 
0.081843 97.15859805287 0.33434771333 
0.082350 96.64750957119 0.33255947170 
0.082857 96.50986684467 0.32664675975 
0.083363 96.56181014258 0.33205334097 
0.083870 96.36289542961 0.32719748000 
0.084377 96.14145605378 0.33633252655 
0.084884 95.36462146656 0.34053202187 
0.085390 95.43473435411 0.33269876972 
0.085897 95.39533885139 0.33468136671 
0.086404 95.43891493992 0.33586849993 
0.086911 95.76732658711 0.33444264407 
0.087417 95.09234850512 0.32349724794 
0.087924 95.18354445462 0.31576627662 
0.088431 94.84998560893 0.32703480491 
0.088938 94.36947237810 0.32593156011 
0.089444 94.42279142906 0.33296879787 
0.089951 94.38919095672 0.32200896295 
0.090458 94.67942477230 0.33738323396 
0.090965 94.34501030661 0.32167714967 
0.091471 93.89129291284 0.33101839282 
0.091978 93.74726409504 0.32347288323 
0.092485 92.68275247356 0.35559371771 
0.092992 92.66156218733 0.33937260715 
0.093498 93.16212281931 0.34935981609 
0.094005 93.23030012349 0.32255695735 
0.094512 92.51310942184 0.32792988272 
0.095019 92.85658848271 0.32604716751 
0.095525 93.04166617252 0.33768915505 
0.096032 92.78860389972 0.32073780988 
0.096539 92.37513603822 0.33013776080 
0.097046 91.98204261210 0.32229818426 
0.097552 92.30225421601 0.33488439104 
0.098059 91.98016942282 0.32589061614 
0.098566 91.58295145563 0.31644423968 
0.099073 91.69229388278 0.31694759977 
0.099579 91.48185440420 0.31649773094 
0.100086 91.88776140521 0.32424196972 
0.100593 90.91607227193 0.31824091753 
0.101100 91.41753619865 0.31227522566 
0.101606 90.68581535057 0.31270377032 
0.102113 90.12741977540 0.30896382956 
0.102620 89.86614317788 0.30383969023 
0.103127 89.20256728459 0.30711814508 
0.103633 88.96611945312 0.29145290956 
0.104140 89.25349340744 0.30257875052 
0.104647 88.62265957967 0.29357207637 
0.105154 88.04627638263 0.30588083140 
0.105660 88.60505640474 0.31067565688 
0.106167 88.56356013561 0.29851179955 
0.106674 88.15379433418 0.30390685093 
0.107181 88.00254747612 0.30455935673 
0.107687 88.44377886343 0.30493222553 
0.108194 88.10030655350 0.29839725280 
0.108701 87.41874983811 0.29877045823 
0.109208 87.68911114969 0.29632151915 
0.109714 87.56916490944 0.29692454880 
0.110221 87.65949390503 0.28176266401 
0.110728 87.65004736023 0.28930367676 
0.111235 87.27432102738 0.28552530262 
0.111741 87.57654378038 0.29418947674 
0.112248 87.17797685757 0.28572275488 
0.112755 86.53191185790 0.28786772896 
0.113262 87.15662973186 0.28705134463 
0.113768 86.52160400605 0.27563884418 
0.114275 87.07492352927 0.27573226486 
0.114782 86.91204173041 0.28172781994 
0.115289 86.67612631473 0.27419933982 
0.115795 86.34693363612 0.27884175101 
0.116302 85.81383412397 0.27213958836 
0.116809 86.60809978892 0.28012351868 
0.117316 86.31268593095 0.27546349208 
0.117822 86.36719989303 0.27323220805 
0.118329 86.21212511537 0.27622569672 
0.118836 85.81045444235 0.26756867783 
0.119342 85.72316876382 0.26756585843 
0.119849 85.87359041605 0.27237459081 
0.120356 85.15311443336 0.26516452041 
0.120863 85.51815601345 0.27575657834 
0.121369 85.47517817532 0.27012555651 
0.121876 85.83988942538 0.27219999105 
0.122383 85.37738028417 0.27326348152 
0.122890 85.80610133688 0.27466070825 
0.123396 85.41912783188 0.25964932664 
0.123903 84.92486731076 0.26431371018 
0.124410 85.01455536191 0.26519455411 
0.124917 84.79483574402 0.26400228343 
0.125423 85.28663142958 0.26542923810 
0.125930 85.05353387565 0.26699474767 
0.126437 84.54516970285 0.25705645727 
0.126944 84.71216034933 0.25735946870 
0.127450 84.60701673912 0.25191073883 
0.127957 85.09409448053 0.25657733322 
0.128464 84.85841591808 0.26186480852 
0.128970 84.63192779862 0.25487227227 
0.129477 84.61288572555 0.25356920555 
0.129984 84.21580015851 0.25399645420 
0.130491 84.23694842408 0.24819838348 
0.130997 84.17042645348 0.25721561887 
0.131504 84.33731343183 0.25152053385 
0.132011 84.44242241656 0.25284222419 
0.132518 83.86118115248 0.24084329586 
0.133024 83.80452207171 0.24286931197 
0.133531 83.54963623394 0.25062696093 
0.134038 83.83240315543 0.24396532397 
0.134545 83.64010524040 0.24792606272 
0.135051 83.53912912794 0.25054976325 
0.135558 83.50392050249 0.24408918712 
0.136065 83.55989160900 0.24651233880 
0.136571 83.39792398721 0.24793576424 
0.137078 83.48353005668 0.23538306628 
0.137585 83.24854142393 0.24715680723 
0.138092 83.37049439456 0.24963378271 
0.138598 82.99293944464 0.24857494043 
0.139105 83.39786835637 0.24093682685 
0.139612 82.95280290202 0.24312765767 
0.140119 82.77985123795 0.23711176578 
0.140625 83.15264147077 0.24212138354 
0.141132 83.12540401049 0.24138453905 
0.141639 82.90419498856 0.24046104529 
0.142145 82.65235705669 0.24757560075 
0.142652 82.43727331723 0.24233921148 
0.143159 82.70046798694 0.23638905165 
0.143666 82.17577747662 0.24143237738 
0.144172 82.15727411768 0.23904605035 
0.144679 82.11426310896 0.24160942422 
0.145186 82.14566545941 0.24584636588 
0.145692 82.28334824181 0.23969477829 
0.146199 82.07001300446 0.24424897096 
0.146706 82.08205396921 0.23836107930 
0.147213 81.69863782976 0.24129872003 
0.147719 81.86360425531 0.24561459417 
0.148226 81.76332231742 0.23439244012 
0.148733 81.48896167775 0.24185547463 
0.149240 81.70434050000 0.24405998041 
0.149746 81.23336095276 0.24674171276 
0.150253 81.30529800692 0.23333818746 
0.150760 81.34552856438 0.23893182938 
0.151266 80.84504949460 0.23787729376 
0.151773 81.06264004691 0.23868865061 
0.152280 81.45201217163 0.24451278394 
0.152787 80.89654851055 0.23663378443 
0.153293 81.03541758052 0.23820833083 
0.153800 80.96663822803 0.24368239091 
0.154307 80.81743245200 0.23813779728 
0.154813 80.85798832764 0.23858657421 
0.155320 80.59135471457 0.23966840244 
0.155827 80.49974062061 0.23895718597 
0.156334 80.75881332432 0.23702254010 
0.156840 80.50525523381 0.23696209517 
0.157347 80.09152393443 0.23982239597 
0.157854 80.25731859217 0.23535181990 
0.158360 79.95555189920 0.23542802949 
0.158867 79.92339469583 0.23379914615 
0.159374 79.72627012007 0.23897867509 
0.159881 79.82476237829 0.23565085471 
0.160387 79.88138779188 0.24140963054 
0.160894 79.53809238628 0.23592596181 
0.161401 79.70877236099 0.23467962181 
0.161907 79.48714028673 0.23500795774 
0.162414 79.37204618465 0.23307108494 
0.162921 79.67164793873 0.22892482175 
0.163427 79.53862397700 0.23094231897 
0.163934 79.39403192420 0.23608330027 
0.164441 79.28591243744 0.23159349129 
0.164948 79.33870877708 0.23237385164 
0.165454 79.14936039196 0.23339703283 
0.165961 79.14846009581 0.22779568037 
0.166468 79.17404464460 0.23202484441 
0.166974 79.39633344326 0.22824154892 
0.167481 78.70104173559 0.22687807548 
0.167988 79.11271502891 0.22915860983 
0.168495 79.31863045357 0.22886378453 
0.169001 79.08203043470 0.23459295223 
0.169508 78.93065806866 0.23469369222 
0.170015 79.47128106220 0.23658659987 
0.170521 78.69892344740 0.22753164350 
0.171028 79.13109695246 0.23790756138 
0.171535 78.98775920958 0.23833159861 
0.172041 79.17595346799 0.23630669215 
0.172548 78.88135084003 0.23550495679 
0.173055 78.61724960595 0.23527395508 
0.173562 79.10227732377 0.23750047289 
0.174068 78.74910660511 0.23423181568 
0.174575 78.87906179190 0.23551759738 
0.175082 78.69438621289 0.23711739030 
0.175588 78.72673155019 0.23615414030 
0.176095 78.49344304670 0.23964031708 
0.176602 78.69344120084 0.23619172191 
0.177108 78.54714235058 0.23574919515 
0.177615 78.69155448108 0.23271008652 
0.178122 78.63070667134 0.23816725810 
0.178629 78.48622347367 0.24029908749 
0.179135 78.56852083369 0.23939221696 
0.179642 78.29556932183 0.23581163233 
0.180149 78.60685753974 0.23558513370 
0.180655 78.18999314604 0.23690824484 
0.181162 78.38640864946 0.23696777735 
0.181669 78.81530951184 0.24053492244 
0.182175 78.72581208433 0.23940167475 
0.182682 78.78208302891 0.24449456961 
0.183189 78.82163019552 0.24615534455 
0.183695 78.53649888098 0.24903013759 
0.184202 78.31553296337 0.24299391409 
0.184709 78.08058982422 0.24835322998 
0.185216 78.26284979008 0.24145211431 
0.185722 78.16607103817 0.24385784603 
0.186229 77.83759022941 0.24254012648 
0.186736 77.97120239798 0.23669811436 
0.187242 77.85475451633 0.24117339690 
0.187749 77.67508027841 0.24578913238 
0.188256 77.74078669966 0.24236834452 
0.188762 77.63760675745 0.24156345119 
0.189269 77.44630350716 0.24152212425 
0.189776 77.61456033319 0.24197279844 
0.190282 77.61696545167 0.24476120058 
0.190789 77.30277960083 0.24631333502 
0.191296 77.29365831463 0.24191691175 
0.191802 77.27193371976 0.24347757047 
0.192309 76.95739651822 0.24305556818 
0.192816 77.07821836099 0.24068860351 
0.193323 76.98455221071 0.24113285870 
0.193829 76.48907432965 0.23518083601 
0.194336 76.52534804998 0.23428061020 
0.194843 76.15684244344 0.23827800532 
0.195349 76.37423624613 0.23767492982 
0.195856 76.40896957329 0.23181735211 
0.196363 76.28167730925 0.23192512695 
0.196869 75.77985018677 0.22950333604 
0.197376 76.18533355515 0.22531729509 
0.197883 76.08619324850 0.22774494875 
0.198389 76.13332939955 0.22627924374 
0.198896 75.97391174970 0.22133574010 
0.199403 76.03605797182 0.22488856916 
0.199909 75.94464156072 0.22303176403 
0.200416 75.81890197942 0.22800393010 
0.200923 75.76303191464 0.22496933295 
0.201429 75.85004741662 0.22089121537 
0.201936 75.20401709161 0.21955405129 
0.202443 75.71215587781 0.21683880241 
0.202949 75.58272962551 0.22357494570 
0.203456 75.54800660217 0.22041607510 
0.203963 75.58639431303 0.22299905266 
0.204469 75.39165659138 0.21739658190 
0.204976 75.34826097752 0.21588805858 
0.205483 75.65042197765 0.22018949060 
0.205989 75.42736200121 0.22166047225 
0.206496 75.29784777144 0.21706779379 
0.207003 75.24409911477 0.21344923838 
0.207509 75.37953514482 0.21891249867 
0.208016 75.38871062965 0.21452646732 
0.208523 75.33304602784 0.21482575511 
0.209029 75.01325384441 0.20952075983 
0.209536 75.00215777808 0.21324917717 
0.210043 74.97322321445 0.21062016884 
0.210549 74.88926658717 0.21329309827 
0.211056 75.20578456307 0.21214082230 
0.211563 75.16574809432 0.21319132962 
0.212069 74.94567121077 0.21014291847 
0.212576 74.69534408925 0.21216853224 
0.213083 74.98025237457 0.21090611333 
0.213589 74.68659399187 0.21155113042 
0.214096 74.80983992534 0.20796406742 
0.214603 74.58276980043 0.20926579328 
0.215109 74.80900271421 0.20804698413 
0.215616 74.59146938623 0.20805271559 
0.216123 74.41622247814 0.20990852432 
0.216629 74.38939325698 0.20913278492 
0.217136 74.20337492306 0.20861898221 
0.217643 74.11073502279 0.20892269148 
0.218149 74.17264281910 0.20442529877 
0.218656 73.94296149249 0.20874261075 
0.219163 73.99501438681 0.20703061198 
0.219669 74.17142869426 0.20533533225 
0.220176 74.24158563317 0.20861789537 
0.220683 73.92456684160 0.20302297205 
0.221189 73.84858113782 0.20429328566 
0.221696 74.08474972491 0.20510147950 
0.222203 73.92575302158 0.20830211402 
0.222709 73.96239279499 0.20503964193 
0.223216 73.81189630544 0.20361652385 
0.223722 73.74629543892 0.20426671770 
0.224229 73.83795102072 0.20427129513 
0.224736 73.49265316129 0.20407792030 
0.225242 73.45022943913 0.20301463660 
0.225749 73.57355246362 0.20698964244 
0.226256 73.72863275016 0.20495443852 
0.226762 73.36275856762 0.20121515490 
0.227269 73.28447799459 0.19819512402 
0.227776 73.50574384936 0.20031015341 
0.228282 73.38123493268 0.20074541667 
0.228789 73.33219438760 0.20191994890 
0.229296 72.99910441333 0.20088064392 
0.229802 73.58258933802 0.20368291036 
0.230309 72.78028129794 0.19972316012 
0.230816 73.06696270991 0.19761840368 
0.231322 73.00761842217 0.20166848910 
0.231829 72.84735619528 0.19945480847 
0.232335 72.95321915016 0.19994127810 
0.232842 73.06067173695 0.19870644361 
0.233349 73.05308955264 0.19975095994 
0.233855 72.67501201014 0.20046790768 
0.234362 72.86361647186 0.19524575737 
0.234869 72.81150960847 0.19879134650 
0.235375 72.56428250761 0.20071748308 
0.235882 72.66859652176 0.20197047797 
0.236389 72.58785638432 0.20134481192 
0.236895 72.38350736976 0.19804922971 
0.237402 72.36339685949 0.19735944089 
0.237908 72.53629376601 0.19750912358 
0.238415 72.40332878634 0.20225016254 
0.238922 72.27950335042 0.19697582232 
0.239428 72.06099944001 0.19599879867 
0.239935 72.12102255269 0.19898627030 
0.240442 72.30597756445 0.20083109052 
0.240948 72.03425696642 0.19950193628 
0.241455 72.12244381818 0.20109883137 
0.241962 72.23101465433 0.19966223106 
0.242468 71.93508950062 0.19940060896 
0.242975 72.19842836316 0.19856481628 
0.243481 72.00183780914 0.20118316700 
0.243988 71.77415378311 0.19600093808 
0.244495 71.61422988463 0.19793287289 
0.245001 71.73809516165 0.19726614683 
0.245508 71.68586862811 0.19878278273 
0.246015 71.80324056721 0.19861699398 
0.246521 71.73780508911 0.19572929032 
0.247028 71.41134029099 0.19683438596 
0.247534 71.79211098358 0.19606733957 
0.248041 71.53685776299 0.19464313149 
0.248548 71.74142309682 0.19700832227 
0.249054 71.55921849446 0.19829012411 
0.249561 71.27040280544 0.19664123998 
0.250068 71.29881710003 0.19967341618 
0.250574 71.22035317377 0.19567145880 
0.251081 71.25977512204 0.19813424892 
0.251587 71.17539815527 0.19809210590 
0.252094 71.14341498004 0.19633490624 
0.252601 71.15648258170 0.19964617647 
0.253107 71.15153196680 0.19414534249 
0.253614 71.19192886885 0.20007423059 
0.254120 71.06524960912 0.19660446308 
0.254627 71.10721012375 0.20094472135 
0.255134 71.04961913747 0.19715016775 
0.255640 70.89103190713 0.19411295419 
0.256147 70.96064910281 0.19573855884 
0.256654 70.79775081536 0.19886833142 
0.257160 71.08420487001 0.19678615507 
0.257667 71.24252356745 0.19263780920 
0.258173 71.14269752761 0.19334779810 
0.258680 71.52722270203 0.19939775804 
0.259187 71.40892647679 0.19548851998 
0.259693 71.34980180175 0.19358432030 
0.260200 71.52194058753 0.19365265939 
0.260706 71.38985988439 0.19690544173 
0.261213 71.72279737450 0.19695235766 
0.261720 71.68129907305 0.19266777577 
0.262226 71.80847441272 0.19490722694 
0.262733 71.60308848995 0.19504894136 
0.263239 71.60748802594 0.19491932226 
0.263746 71.57357308970 0.19591540904 
0.264253 71.78254338890 0.19448025937 
0.264759 71.52508040322 0.19345499819 
0.265266 71.66432426009 0.19518810498 
0.265772 71.57053309901 0.19328511834 
0.266279 71.69803649053 0.19355956006 
0.266786 71.55369279586 0.18948808169 
0.267292 71.71333712932 0.19273898576 
0.267799 72.01864475680 0.19138295858 
0.268305 71.75984984388 0.19114897411 
0.268812 72.03268583490 0.19557527394 
0.269319 71.70706490241 0.19035388657 
0.269825 71.89652515773 0.19020079376 
0.270332 71.91459626732 0.19052443013 
0.270838 71.89972306282 0.19410515456 
0.271345 71.80819531738 0.19348572292 
0.271852 72.04339536904 0.19179970044 
0.272358 72.29684021632 0.19705621931 
0.272865 72.57490758736 0.19328609257 
0.273371 72.28099028496 0.18998443529 
0.273878 72.17409037321 0.19199774292 
0.274385 72.58095020096 0.19011474611 
0.274891 72.12149246529 0.19079971953 
0.275398 72.47825433465 0.18550191098 
0.275904 72.44940253624 0.18636481382 
0.276411 72.26316726717 0.18546575371 
0.276917 72.37242478660 0.18357516304 
0.277424 72.28717163563 0.18446468060 
0.277931 72.08527704923 0.18180478029 
0.278437 72.32669338469 0.18452930989 
0.278944 72.29567166390 0.18472538639 
0.279450 72.33727809108 0.18202659468 
0.279957 72.38077374676 0.18215733744 
0.280464 72.27899165511 0.18498018133 
0.280970 72.13757520007 0.18180082915 
0.281477 72.23308728844 0.17851229913 
0.281983 72.33228642235 0.18039564521 
0.282490 72.14532881350 0.18184261502 
0.282996 72.14543850353 0.18216685338 
0.283503 71.91587878091 0.18289504136 
0.284010 72.08362876869 0.18118758052 
0.284516 71.88825024102 0.17796694931 
0.285023 71.68384298664 0.17909203048 
0.285529 71.77415267064 0.17327233259 
0.286036 71.69831385300 0.17435953291 
0.286542 71.73515452766 0.17556271782 
0.287049 71.93814476357 0.17269841589 
0.287556 71.62880424129 0.17745542378 
0.288062 71.26868824879 0.17349720197 
0.288569 71.20012361004 0.17133725718 
0.289075 71.54099566552 0.17335656907 
0.289582 71.58648393584 0.17338743276 
0.290088 71.23611979171 0.16935088812 
0.290595 71.30907170475 0.16998279034 
0.291102 71.49438987673 0.16801932834 
0.291608 71.15370992626 0.17005683788 
0.292115 70.89057438826 0.16897040321 
0.292621 71.31764228440 0.16899483612 
0.293128 70.94581884424 0.16598823627 
0.293634 71.20896000955 0.16560955568 
0.294141 71.24397146331 0.16820890696 
0.294647 71.29940758595 0.16601527762 
0.295154 70.91286857203 0.16466494682 
0.295661 71.17489282855 0.16399009258 
0.296167 70.85784264092 0.16310055846 
0.296674 70.60679318550 0.16671663374 
0.297180 70.91332014696 0.16369127792 
0.297687 70.68048002795 0.16502363017 
0.298193 70.75548004361 0.16668655419 
0.298700 70.49301286912 0.16406283961 
0.299207 70.69408301310 0.16564421359 
0.299713 70.73117040920 0.16977554920 
0.300220 70.68293053745 0.16425145039 
0.300726 70.48937910742 0.16222433834 
0.301233 70.66661382927 0.16012895693 
0.301739 70.30642255274 0.16452233689 
0.302246 70.18278353092 0.16051322358 
0.302752 70.28636724974 0.16238868142 
0.303259 70.30079052321 0.16337948293 
0.303765 70.29087429877 0.16407412034 
0.304272 70.22832719299 0.16084945089 
0.304779 70.36002713097 0.16293265054 
0.305285 70.04848690972 0.16027090173 
0.305792 70.24678683699 0.16241287279 
0.306298 70.34148081494 0.16078576161 
0.306805 70.08249556490 0.15803225941 
0.307311 69.95139297648 0.15889356889 
0.307818 69.85013894176 0.15847814231 
0.308324 69.84844559535 0.15503063650 
0.308831 69.58872913751 0.15759341687 
0.309337 69.34751138953 0.15643819467 
0.309844 69.18302498018 0.15256752290 
0.310350 69.02487540079 0.15157363420 
0.310857 68.98275665835 0.15538631901 
0.311364 68.38344615427 0.14894167856 
0.311870 68.62498011542 0.14967393149 
0.312377 68.24133538561 0.14988754508 
0.312883 68.24340585198 0.14787024042 
0.313390 68.04245595540 0.15068977296 
0.313896 67.81112798216 0.14508109437 
0.314403 67.85060227984 0.14762421366 
0.314909 67.80249840809 0.14283557811 
0.315416 67.32281611118 0.13917188312 
0.315922 67.51172347411 0.14700718157 
0.316429 67.22829685127 0.14340257817 
0.316935 67.27496752516 0.14259760495 
0.317442 67.36036172536 0.14369735628 
0.317948 66.92665783522 0.14160760247 
0.318455 67.03724445434 0.14106665703 
0.318961 67.03780469464 0.14402411082 
0.319468 66.96600553084 0.14005469908 
0.319975 66.88252409580 0.14201698480 
0.320481 67.05690252699 0.14382353737 
0.320988 66.84717939949 0.14348916308 
0.321494 66.89839285228 0.13818806926 
0.322001 66.74325656634 0.16398930695 
0.322507 66.39651837451 0.14007667700 
0.323014 66.65188962682 0.14123566895 
0.323520 66.67780153517 0.14355976566 
0.324027 66.67650908097 0.14218904182 
0.324533 66.32601816061 0.14219965684 
0.325040 66.18344897332 0.14043773765 
0.325546 66.52045173670 0.14254492871 
0.326053 66.33853783698 0.13942659299 
0.326559 66.39038491132 0.13912806167 
0.327066 66.16312199373 0.13390496533 
0.327572 66.19852296547 0.14097268508 
0.328079 66.30917640956 0.13883126432 
0.328585 66.18925308076 0.13944182174 
0.329092 66.26743049711 0.13859981317 
0.329598 66.20698247608 0.13667918016 
0.330105 66.12679571646 0.13688541762 
0.330611 65.93428801689 0.13922162490 
0.331118 66.06578165809 0.13766178948 
0.331624 65.78552725287 0.13972022624 
0.332131 66.02149223239 0.13872943803 
0.332637 65.94380372967 0.13775470371 
0.333144 66.04360490462 0.14090259564 
0.333650 65.64028057546 0.13961989778 
0.334157 65.73931726303 0.13921989776 
0.334663 65.83462048958 0.14056212261 
0.335170 65.73950165612 0.13843243923 
0.335676 65.80019639484 0.13828900770 
0.336183 65.89571160026 0.14049084783 
0.336689 65.50427884570 0.13671644099 
0.337196 65.49701900198 0.13979096864 
0.337702 65.54238682898 0.13680447671 
0.338209 65.62563816747 0.13913447177 
0.338715 65.52130323444 0.13948989884 
0.339222 65.64620840446 0.14055512175 
0.339728 65.39718341187 0.13601518357 
0.340235 65.33969426795 0.22145425813 
0.340741 65.70253867403 0.14238280858 
0.341248 65.26593838942 0.13853038261 
0.341754 65.37088096909 0.13721718781 
0.342261 65.36132311999 0.13813343786 
0.342767 65.10840716511 0.13983550796 
0.343274 65.12354743650 0.13895272881 
0.343780 65.43173350746 0.14045629666 
0.344287 65.22088548033 0.13787484657 
0.344793 65.20666499395 0.13948840741 
0.345300 64.92214348979 0.14730941054 
0.345806 64.83188682563 0.14348195757 
0.346313 65.01201962708 0.14008674876 
0.346819 65.02192246739 0.14715559191 
0.347325 65.02205943782 0.14594077343 
0.347832 64.82584651664 0.14695184888 
0.348338 64.70230016445 0.14366554325 
0.348845 64.89064472839 0.14517296699 
0.349351 64.51950512624 0.14809213246 
0.349858 64.76049984455 0.15044005994 
0.350364 64.59467875935 0.14830236125 
0.350871 64.76839362070 0.14871061089 
0.351377 64.44888660688 0.14947756411 
0.351884 64.56159782510 0.15121902175 
0.352390 64.18616723933 0.14843023135 
0.352897 64.81843140496 0.15271279465 
0.353403 64.22476052064 0.15043672384 
0.353910 64.48530695691 0.14681004812 
0.354416 64.51346062008 0.15213378803 
0.354923 63.82010986562 0.15293615340 
0.355429 63.86449391119 0.15384411396 
0.355935 64.09347149554 0.14965844642 
0.356442 64.10284234780 0.15406353026 
0.356948 64.12096091795 0.15368865766 
0.357455 63.72569581261 0.15240819472 
0.357961 63.77955174434 0.15809609466 
0.358468 63.72580892943 0.15797941376 
0.358974 63.80165253116 0.22402936485 
0.359481 63.98236530221 0.20643901558 
0.359987 63.76128914122 0.20032935114 
0.360494 63.86895164699 0.19059272750 
0.361000 64.00211652293 0.18784681271 
0.361506 63.85278610562 0.18474986290 
0.362013 63.93772883471 0.18637895981 
0.362519 63.50373540807 0.18124038742 
0.363026 63.60421507823 0.18714023241 
0.363532 64.34557778093 0.18929844662 
0.364039 63.75383837368 0.18229521453 
0.364545 63.97377943681 0.18087786055 
0.365052 63.71580671049 0.18257152621 
0.365558 63.76061772529 0.18230011384 
0.366064 63.76505780990 0.18680774014 
0.366571 63.72690055429 0.18734849877 
0.367077 63.87500866310 0.18704228925 
0.367584 63.97699884999 0.18772138017 
0.368090 63.65369378606 0.18544587111 
0.368597 63.49319547797 0.18938018007 
0.369103 63.86624875921 0.19088193188 
0.369610 63.95022494265 0.18991714544 
0.370116 63.56603913205 0.19350297260 
0.370622 63.37518412112 0.18874938514 
0.371129 63.71206716258 0.19382784286 
0.371635 63.34599106548 0.19342942626 
0.372142 63.63372311401 0.19815326544 
0.372648 63.54477726139 0.18806256207 
0.373155 63.60395222025 0.19303798613 
0.373661 63.36773987624 0.19116962774 
0.374167 63.36466311493 0.19378329174 
0.374674 63.62091970163 0.19878787908 
0.375180 63.28499119371 0.19615809137 
0.375687 63.48731962949 0.19907729834 
0.376193 63.45486094259 0.19645564928 
0.376700 63.44148244986 0.19855663652 
0.377206 63.40039910316 0.20323418001 
0.377712 63.33769152632 0.20323247258 
0.378219 63.22472099099 0.20261438265 
0.378725 63.45585725077 0.20512998623 
0.379232 63.50400485115 0.20887836001 
0.379738 63.28154134521 0.20534709857 
0.380245 63.18245313721 0.20967640377 
0.380751 63.01606900604 0.20267229350 
0.381257 63.27370912214 0.21112068668 
0.381764 62.98733893020 0.21146319171 
0.382270 63.26477101425 0.20994559449 
0.382777 63.14534447024 0.20349259175 
0.383283 62.97967067180 0.20668855587 
0.383789 63.18521932296 0.21023345342 
0.384296 63.09293843790 0.21077864408 
0.384802 63.21439922590 0.21172760476 
0.385309 63.34783428223 0.21323455401 
0.385815 62.97626805083 0.21567871449 
0.386321 63.09027500879 0.21128808869 
0.386828 62.74717783862 0.21165937496 
0.387334 62.68354795677 0.20947658989 
0.387841 62.91124636961 0.21758629213 
0.388347 62.92483328022 0.21590540164 
0.388853 62.85712752432 0.21607854867 
0.389360 62.81716332731 0.21976681171 
0.389866 62.62555070023 0.21820139110 
0.390373 62.93277131965 0.22029149404 
0.390879 62.80209888403 0.21632565169 
0.391385 63.05603964844 0.22080808236 
0.391892 62.59282208634 0.21963589890 
0.392398 62.86587704002 0.21692248014 
0.392905 62.62461664845 0.21888711470 
0.393411 62.61882840027 0.22580769527 
0.393917 62.66180610830 0.22609437689 
0.394424 62.82303137635 0.22366025713 
0.394930 62.31927910285 0.22394850412 
0.395437 62.75175271829 0.22701721084 
0.395943 62.70770878041 0.23384340326 
0.396449 62.50636450329 0.34606914976 
0.396956 62.76355993196 0.23139150610 
0.397462 62.57654047656 0.23093578950 
0.397969 62.94905420425 0.23549430802 
0.398475 62.58645320562 0.23389561773 
0.398981 62.65392166756 0.23262718928 
0.399488 62.13492471898 0.23382319342 
0.399994 62.64189894972 0.24089319516 
0.400500 62.81618369560 0.24101123669 
0.401007 62.47820216672 0.23570724632 
0.401513 63.08727432427 0.24146333504 
0.402020 62.48647259027 0.24105715076 
0.402526 62.54372872778 0.24320941015 
0.403032 62.53751648399 0.24312928566 
0.403539 62.47180964229 0.25833827285 
0.404045 62.34887275652 0.24398494384 
0.404551 62.59401806216 0.27376398134 
0.405058 62.74391759416 0.26303918408 
0.405564 62.21673658913 0.26171345464 
0.406071 62.23520727698 0.25482668942 
0.406577 62.12077723491 0.26324269377 
0.407083 62.13929281774 0.26336237798 
0.407590 62.26552910109 0.26321288662 
0.408096 62.39594798530 0.27225149047 
0.408602 62.16913952758 0.27525270864 
0.409109 62.46608950685 0.26441786249 
0.409615 62.21270828950 0.27010502546 
0.410121 62.16304880742 0.26439194229 
0.410628 62.31285713714 0.27317339681 
0.411134 62.46082214991 0.25893634114 
0.411641 62.41909016721 0.26769800144 
0.412147 62.21397235871 0.26069108454 
0.412653 61.91532994054 0.27445257019 
0.413160 62.19743452503 0.26572535367 
0.413666 61.96905034533 0.26059450804 
0.414172 61.87443823742 0.28593462836 
0.414679 61.83710194686 0.26898468648 
0.415185 62.01554825151 0.29213121128 
0.415691 62.15873420825 0.27176517528 
0.416198 61.81421681910 0.27664937552 
0.416704 61.71917186826 0.27830469443 
0.417210 62.08601765989 0.29053802184 
0.417717 62.41402411557 0.29607454054 
0.418223 61.65258293443 0.28278931246 
0.418729 61.79996592813 0.28551052105 
0.419236 61.80423972144 0.28076554206 
0.419742 62.14516660247 0.26515593248 
0.420248 61.81383727512 0.26978131414 
0.420755 61.78217096699 0.28569643125 
0.421261 61.70791078620 0.27034803859 
0.421767 61.77421196969 0.28063881211 
0.422274 61.66063655804 0.27651318672 
0.422780 61.09962035929 0.27551780025 
0.423286 61.83490510860 0.28242152270 
0.423793 62.19737587523 0.28110495135 
0.424299 61.88029144970 0.28844117266 
0.424805 61.66649912621 0.27662285854 
0.425312 62.03775063541 0.29741395666 
0.425818 61.54319311435 0.27899981482 
0.426324 62.21972597020 0.30443527511 
0.426831 61.30226116076 0.29404480631 
0.427337 61.37748385937 0.31424195174 
0.427843 61.85299638090 0.30397329619 
0.428350 61.41709249330 0.31082780986 
0.428856 61.25742806472 0.30264277862 
0.429362 61.25642659590 0.30681494790 
0.429869 61.48108789223 0.29555280615 
0.430375 61.21154376462 0.32370304068 
0.430881 61.66573777973 0.31758419482 
0.431388 61.31910285259 0.31023773498 
0.431894 61.23446553292 0.31657296824 
0.432400 62.23318605199 0.33154558164 
0.432907 60.93141025152 0.32155091063 
0.433413 61.14863709303 0.33668994874 
0.433919 61.54785233611 0.33778446329 
0.434425 61.40620437229 0.32457814919 
0.434932 61.08747194326 0.33465839385 
0.435438 61.63405825654 0.35909160038 
0.435944 61.15059272033 0.33550451361 
0.436451 61.62882535801 0.34205093228 
0.436957 61.44306029180 0.34836984118 
0.437463 62.11897629822 0.35245873494 
0.437970 61.25893214371 0.34065559920 
0.438476 61.13471223911 0.34621907082 
0.438982 60.98129547098 0.34802881551 
0.439489 61.78139960582 0.37689506122 
0.439995 61.88281371523 0.37519034162 
0.440501 60.92813029199 0.36763371813 
0.441007 61.36824003682 0.38839340875 
0.441514 61.43464812571 0.38238442955 
0.442020 61.52797412362 0.39305340676 
0.442526 61.69713934892 0.39782920941 
0.443033 61.22162510733 0.38850150909 
0.443539 61.27925031292 0.38937441551 
0.444045 61.72494656673 0.39757007787 
0.444551 61.09516182923 0.41167341532 
0.445058 61.08008924568 0.42427415477 
0.445564 60.67405389866 0.42740881879 
0.446070 61.17623148793 0.42636783543 
0.446577 61.24321849473 0.41811104277 
0.447083 60.80875385983 0.46342322264 
0.447589 61.54686720705 0.44962757279 
0.448095 60.14069688850 0.45290547050 
0.448602 61.30105698106 0.45633995792 
0.449108 61.23848689599 0.47899257130 
0.449614 60.34770754883 0.49762516052 
0.450121 61.09778465496 0.48048938201 
0.450627 60.33154559894 0.49968836297 
0.451133 60.81553587847 0.50743392055 
0.451639 59.85287599524 0.51883892981 
0.452146 59.82059656435 0.55292865335 
0.452652 60.69674236409 0.51528411114 
0.453158 60.66921104495 0.59634070810 
0.453664 60.07006337615 0.58594549878 
0.454171 60.46145206401 0.59141448397 
0.454677 60.12529630073 0.60055400726 
0.455183 60.23935774281 0.59549130665 
0.455689 59.77147131337 0.60273465649 
0.456196 60.31384696199 0.66473913887 
0.456702 59.49713939434 0.60541027915 
0.457208 60.80516912024 0.69621328030 
0.457714 60.25920435644 0.74724411126 
0.458221 60.16813425785 0.74844140152 
0.458727 60.41270353654 0.80333766604 
0.459233 60.20204322837 0.85503838183 
0.459740 59.44451103534 0.83431681845 
0.460246 59.87782099530 0.86339327890 
0.460752 59.30965769425 0.96700076561 
0.461258 60.83506816552 0.99844182178 
0.461765 60.56846986041 1.07568312695 
0.462271 60.30213401477 1.08006700863 
0.462777 59.58799015706 1.20246603858 
0.463283 60.27750848802 1.25522804349 
0.463789 60.68945339047 1.37260606104 
0.464296 59.72937963366 1.42326323054 
0.464802 61.19768200942 1.39059212857 
0.465308 61.42875647652 1.54330078793 
0.465814 58.72030539492 1.59431002455 
0.466321 60.03471010642 1.71616328417 
0.466827 59.36427792837 1.84738649093 
0.467333 60.18339385145 1.99875274414 
0.467839 60.10001035862 2.03378631255 
0.468346 58.95185459755 2.37181394930 
0.468852 59.18939533744 2.50996679029 
0.469358 59.98733633961 2.99818481601 
0.469864 58.87196795371 2.85246602615 
0.470371 60.03862882794 3.91505194064 
0.470877 58.93649402494 4.44211905305 
0.471383 53.94814421306 5.19827028258 
0.471889 53.60610307783 7.05774098998 
0.472395 57.63007135035 6.20979862682 
0.472902 54.73092035318 13.55286197180 
