0.010896 1352.06049116079 12.23584051211 
0.011402 1210.15605907083 10.43789077115 
0.011909 1088.60193823437 12.61717099664 
0.012416 988.42182215115 9.07424285168 
0.012923 889.10334179618 7.19518264534 
0.013430 826.92408951307 11.29369678258 
0.013936 794.54768603005 9.22903670155 
0.014443 736.51165029249 7.63450865564 
0.014950 683.26456750832 6.80044515016 
0.015457 631.95731520530 5.50545599726 
0.015963 580.96471847666 4.94131198612 
0.016470 544.04861966305 4.27941294965 
0.016977 507.63830609068 4.09470165736 
0.017484 475.73874775570 3.33715934005 
0.017990 448.47710663704 3.05625601091 
0.018497 423.04332281282 2.66005086981 
0.019004 403.12007902143 2.39206949550 
0.019511 380.07887312039 2.31410524401 
0.020018 363.57498599711 2.09001409343 
0.020524 345.34018242953 1.87488637685 
0.021031 327.10132415703 1.95570362469 
0.021538 315.40342431769 1.66430030680 
0.022045 302.89576409168 1.73741930516 
0.022551 290.72858174282 1.53171790470 
0.023058 280.62175620474 1.45015700671 
0.023565 268.34767286881 1.54693859030 
0.024072 260.37649978879 1.77864381457 
0.024579 249.12690552530 1.72492315551 
0.025085 243.48459344004 2.08478404576 
0.025592 235.13752749460 2.21501616425 
0.026099 229.56055612912 2.19127969836 
0.026606 222.04569251277 1.64798012037 
0.027112 217.45374369282 1.75230152287 
0.027619 211.66249210834 1.50824780165 
0.028126 207.70802397895 1.56463512027 
0.028633 201.74386255022 1.34690708448 
0.029139 197.37608804785 1.17238401417 
0.029646 192.27877545692 1.14823035753 
0.030153 190.37689552775 1.12619977335 
0.030660 185.26236344124 0.99821330042 
0.031167 182.25975217752 0.93262061458 
0.031673 178.98691781644 0.97845734017 
0.032180 175.38754596809 0.94058336423 
0.032687 172.38916091772 0.91695173209 
0.033194 170.50332789192 0.81088377164 
0.033700 168.14669166998 0.78468172447 
0.034207 164.52235539888 0.74726203899 
0.034714 161.72646065772 0.74600196501 
0.035221 161.30391506735 0.72004924908 
0.035727 158.16188615258 0.67103311500 
0.036234 156.60507654041 0.69601169756 
0.036741 153.28599670572 0.70509614443 
0.037248 152.41151178200 0.64830829291 
0.037755 150.42563019869 0.62120599740 
0.038261 149.20489563688 0.57026954020 
0.038768 146.52432215153 0.56399709326 
0.039275 145.50921452933 0.57915533270 
0.039782 143.87075808883 0.57513423855 
0.040288 142.78508445335 0.56299583379 
0.040795 140.69955756843 0.55816618187 
0.041302 140.17657317101 0.56117136799 
0.041809 138.69979747684 0.54365606785 
0.042315 137.27599271385 0.54507876952 
0.042822 135.87608296007 0.53346937471 
0.043329 135.80929625095 0.51820248879 
0.043836 133.94043023256 0.54401182239 
0.044343 133.80528115073 0.51487857053 
0.044849 132.40294910954 0.52737465799 
0.045356 130.84252380129 0.52109711761 
0.045863 128.86284448788 0.51608410108 
0.046370 128.62823887502 0.49703472259 
0.046876 128.51430311773 0.49029002520 
0.047383 127.32601489981 0.47943619646 
0.047890 125.88263348835 0.49067075589 
0.048397 125.69276533963 0.46771081564 
0.048903 125.16285381070 0.45083440350 
0.049410 123.78042352654 0.48240270760 
0.049917 122.66278454194 0.48554763286 
0.050424 122.13576013899 0.45635945039 
0.050931 120.83214291417 0.47542626861 
0.051437 120.84056834915 0.48485355954 
0.051944 120.39471001247 0.44785039496 
0.052451 119.23428922777 0.45303375589 
0.052958 118.49118029087 0.43873835012 
0.053464 117.40521560067 0.43556431779 
0.053971 117.11282038847 0.43276741614 
0.054478 116.31439748022 0.44419037912 
0.054985 115.26545712771 0.45195547899 
0.055491 114.96790167303 0.41918880890 
0.055998 114.43488388362 0.43769510982 
0.056505 114.47360672078 0.43230727485 
0.057012 113.62885737284 0.45196721498 
0.057519 113.26061598128 0.44319886224 
0.058025 112.30908523493 0.41378368201 
0.058532 111.68273314905 0.43971526933 
0.059039 111.41727131856 0.40759312904 
0.059546 110.93704026784 0.42351488409 
0.060052 109.91194474146 0.41357228409 
0.060559 110.14575080908 0.39664186209 
0.061066 109.28525353808 0.39307132931 
0.061573 108.68346871997 0.40200197833 
0.062079 108.44102116863 0.40057106785 
0.062586 107.49366914677 0.41789087268 
0.063093 107.31955630043 0.38986818145 
0.063600 107.62257897748 0.38375936880 
0.064106 106.87006439733 0.40055384973 
0.064613 106.88179486811 0.38846521258 
0.065120 106.60446081723 0.37700198920 
0.065627 105.41428826645 0.38310532253 
0.066134 105.30932448099 0.38008995480 
0.066640 104.99612239512 0.37437375544 
0.067147 104.33547353630 0.37639843051 
0.067654 104.05454202203 0.36459736235 
0.068161 103.45054449279 0.36110725411 
0.068667 103.24884235409 0.35595786330 
0.069174 102.70029438208 0.36502782565 
0.069681 103.22287747149 0.36297303742 
0.070188 102.46985978563 0.36144704968 
0.070694 102.13607003258 0.34798706773 
0.071201 102.27037348138 0.36170469656 
0.071708 101.55767430418 0.36674937055 
0.072215 101.01540480688 0.34564740847 
0.072721 100.60221862106 0.35080810822 
0.073228 100.33295686834 0.35095497279 
0.073735 100.31795921579 0.35856028478 
0.074242 99.80578218038 0.34348244944 
0.074748 99.97974155048 0.34725486630 
0.075255 98.91318281373 0.33766559578 
0.075762 99.34633220483 0.34683016693 
0.076269 98.73607525971 0.32990354998 
0.076776 98.95643782680 0.32982270609 
0.077282 98.00484423140 0.33425902227 
0.077789 98.27760056966 0.31968872840 
0.078296 97.96912373605 0.32647637657 
0.078803 97.15043302415 0.33573277951 
0.079309 97.38923210870 0.34072192378 
0.079816 97.39889885377 0.33479255232 
0.080323 97.59311687176 0.32560553545 
0.080830 97.33432872104 0.34686751440 
0.081336 96.88784319137 0.33926058325 
0.081843 96.54891477745 0.32883350077 
0.082350 97.00614718557 0.33023173627 
0.082857 96.49245406137 0.33705023121 
0.083363 96.37680966488 0.33990146215 
0.083870 96.16989398719 0.32929731210 
0.084377 95.96492060655 0.31927188255 
0.084884 95.81270802327 0.33321415803 
0.085390 95.94261847259 0.32320003721 
0.085897 95.37277202675 0.34233754674 
0.086404 95.71282950771 0.33386678228 
0.086911 95.25963988202 0.33906131523 
0.087417 94.77371386769 0.32573328993 
0.087924 94.88014517802 0.32727109657 
0.088431 94.58727548494 0.33006227333 
0.088938 94.48184039832 0.34042173965 
0.089444 94.18825311523 0.32641824920 
0.089951 94.59386295277 0.33686592543 
0.090458 93.43290684498 0.32607050198 
0.090965 93.72677483331 0.32921796667 
0.091471 94.72455671353 0.33169532563 
0.091978 93.12583086027 0.33201037414 
0.092485 92.76923690220 0.35206514736 
0.092992 93.08398077056 0.33795367721 
0.093498 93.50904844701 0.35031923098 
0.094005 92.67632707740 0.33696071542 
0.094512 92.63876123633 0.33402574284 
0.095019 92.57331664968 0.33737698111 
0.095525 93.12262794194 0.33135336673 
0.096032 92.55757378994 0.31785192164 
0.096539 92.18885000391 0.33226496212 
0.097046 91.95799801436 0.31832548240 
0.097552 92.28829703043 0.34179929059 
0.098059 91.98434162163 0.32499688652 
0.098566 91.32050230246 0.32311607578 
0.099073 91.69443110771 0.32675987111 
0.099579 91.97449663964 0.32490995181 
0.100086 91.68787541317 0.33078007074 
0.100593 91.80031605287 0.31926425652 
0.101100 91.19269004019 0.33500911191 
0.101606 90.57149974848 0.30404559638 
0.102113 89.89871850713 0.31068214245 
0.102620 89.64157608371 0.30680873527 
0.103127 89.64393492195 0.29584602436 
0.103633 89.05803260566 0.29041767777 
0.104140 88.21520364159 0.30321201985 
0.104647 88.40065440400 0.29503968792 
0.105154 88.92455239859 0.30985649700 
0.105660 88.76574015151 0.30299139408 
0.106167 87.96077355111 0.29593210780 
0.106674 88.65318453276 0.30764990656 
0.107181 88.59681874941 0.31020049037 
0.107687 87.82540544144 0.29991044992 
0.108194 87.97315015813 0.29241000391 
0.108701 87.65475048502 0.29564499042 
0.109208 87.96134685725 0.29671196210 
0.109714 87.33501160226 0.28902440626 
0.110221 88.11114203844 0.28465631259 
0.110728 87.70147642428 0.29266304311 
0.111235 87.55212723539 0.28382960965 
0.111741 87.49696992335 0.28156779564 
0.112248 87.41390832114 0.27366203975 
0.112755 86.91185841742 0.27770512282 
0.113262 87.25381739623 0.29172191245 
0.113768 87.17950962270 0.28230535946 
0.114275 86.77221243934 0.27776281150 
0.114782 86.53107690430 0.28479074570 
0.115289 87.09345409508 0.28500951992 
0.115795 86.62417787942 0.27654167604 
0.116302 86.98193284507 0.27348228373 
0.116809 86.37283465219 0.27458653537 
0.117316 86.54229746804 0.26579864889 
0.117822 86.34839199142 0.27565744626 
0.118329 86.38693887201 0.26876412631 
0.118836 85.97016845778 0.26882808610 
0.119342 86.18098638910 0.27653531367 
0.119849 85.80969196129 0.27533675871 
0.120356 86.01573427924 0.26426879365 
0.120863 86.03269711085 0.27338943856 
0.121369 85.46163429255 0.27045654155 
0.121876 85.65543076507 0.26364467417 
0.122383 85.64014879528 0.26454426113 
0.122890 85.19071824320 0.26331626907 
0.123396 85.29053323880 0.26436691875 
0.123903 85.35202518355 0.26034720994 
0.124410 85.50263325770 0.25754268899 
0.124917 84.92808879824 0.25745213431 
0.125423 84.78215615224 0.26409440465 
0.125930 84.88791202304 0.25868781942 
0.126437 84.99187558405 0.25673890771 
0.126944 84.65773358962 0.26438717142 
0.127450 84.52412562406 0.25607356590 
0.127957 84.73873128316 0.25762931822 
0.128464 84.67908585859 0.24935839091 
0.128970 84.69381786015 0.25234209403 
0.129477 84.54232057688 0.25398581246 
0.129984 84.36132766380 0.26075107442 
0.130491 84.69603599692 0.25543625938 
0.130997 84.29812951806 0.25366666539 
0.131504 83.96571366109 0.25373318598 
0.132011 84.44477007339 0.25364014958 
0.132518 84.15114066633 0.25166584426 
0.133024 84.29692657015 0.24586070888 
0.133531 83.98391965834 0.24568135779 
0.134038 83.70746178175 0.25184345331 
0.134545 84.07586979559 0.24315332438 
0.135051 83.57179247916 0.25078586390 
0.135558 83.37760066287 0.24980507682 
0.136065 83.88209804560 0.23807844537 
0.136571 83.58530695624 0.24347617957 
0.137078 83.24438932511 0.25293819425 
0.137585 83.73616207831 0.24264397186 
0.138092 83.51925963826 0.24726312607 
0.138598 83.30529369335 0.24277341416 
0.139105 83.00589886595 0.24183510881 
0.139612 83.05979174569 0.24430744115 
0.140119 83.12708357041 0.24414062819 
0.140625 83.09785809923 0.23725834439 
0.141132 82.79500389713 0.23464657135 
0.141639 82.85960165427 0.24176406517 
0.142145 82.68405166406 0.23791192621 
0.142652 82.27525466357 0.24290728538 
0.143159 82.39223884692 0.23959906815 
0.143666 82.47493754426 0.23881360653 
0.144172 82.25283190818 0.24576796490 
0.144679 82.15142450319 0.23690817426 
0.145186 82.71306786212 0.24981058419 
0.145692 82.17691018082 0.23634048358 
0.146199 81.92254902561 0.24183407507 
0.146706 82.10779078156 0.23882219930 
0.147213 81.68968334871 0.23892141677 
0.147719 81.60633321755 0.23705622967 
0.148226 81.88410304720 0.24091666251 
0.148733 81.79942555368 0.24242830662 
0.149240 81.62214193462 0.24012571818 
0.149746 81.46899077854 0.24017398925 
0.150253 81.26730307453 0.23510950425 
0.150760 81.38591153171 0.24052034435 
0.151266 80.96144632304 0.23883689206 
0.151773 80.98370817885 0.24112246852 
0.152280 81.01549330703 0.23613508116 
0.152787 80.91446468440 0.24403199968 
0.153293 80.98375777946 0.24507262298 
0.153800 80.78460909651 0.23813707056 
0.154307 80.80142445172 0.24004545187 
0.154813 80.79664557243 0.24289752183 
0.155320 80.60046025955 0.23346822436 
0.155827 80.22394678001 0.23446851465 
0.156334 80.62845323564 0.23791954168 
0.156840 80.43427900691 0.23674085373 
0.157347 80.13572070165 0.23387632050 
0.157854 80.30336628430 0.23494477523 
0.158360 80.55614716343 0.23612423610 
0.158867 80.02743091131 0.24216836113 
0.159374 80.13590770337 0.23711189364 
0.159881 80.09453901460 0.23721155129 
0.160387 79.87400589969 0.22903590509 
0.160894 80.19827971925 0.24115455315 
0.161401 80.19093768878 0.23539906525 
0.161907 79.67489340147 0.23751666795 
0.162414 79.60808359894 0.23242626804 
0.162921 79.67066369599 0.23315039424 
0.163427 79.73572788943 0.23310018889 
0.163934 79.43630416288 0.23338242698 
0.164441 79.37461588570 0.23907689539 
0.164948 79.00928207369 0.23167774691 
0.165454 79.50120670549 0.23242411116 
0.165961 79.33064386056 0.22743021624 
0.166468 79.48868946545 0.23072885979 
0.166974 79.28530067091 0.23276160866 
0.167481 78.82749586272 0.23016986386 
0.167988 78.70433757454 0.22496341588 
0.168495 79.18173172573 0.23004357645 
0.169001 79.46987115558 0.23549906284 
0.169508 79.03598257125 0.23213485431 
0.170015 79.19963739180 0.23781591604 
0.170521 78.92891578757 0.23389805250 
0.171028 79.11502515454 0.23464648610 
0.171535 79.27870100722 0.23718618273 
0.172041 79.14415577822 0.23772524508 
0.172548 79.25544112391 0.23441313912 
0.173055 79.23917569012 0.23622027524 
0.173562 79.42717572528 0.23639418711 
0.174068 79.07230523901 0.23416228096 
0.174575 78.81445135784 0.23773298474 
0.175082 78.84256547574 0.23403786907 
0.175588 78.73403173192 0.23919983441 
0.176095 78.95276465569 0.23860356536 
0.176602 78.88436896226 0.23621655110 
0.177108 78.74475407844 0.23688623857 
0.177615 78.69927129624 0.22908695943 
0.178122 78.88783273955 0.23817788446 
0.178629 78.90040639921 0.24410529274 
0.179135 78.66386707197 0.24095915689 
0.179642 78.67914752664 0.23316064661 
0.180149 78.51646661561 0.23460515804 
0.180655 78.44461433418 0.23753158961 
0.181162 78.30776513079 0.23486831521 
0.181669 78.54679201150 0.24141219930 
0.182175 78.78457217184 0.23881316932 
0.182682 79.08598544220 0.24221561152 
0.183189 78.90093936412 0.24202947330 
0.183695 78.62108895670 0.24382161789 
0.184202 78.27531819601 0.24667343188 
0.184709 78.23531409868 0.23744626777 
0.185216 78.40621369888 0.24186958338 
0.185722 77.83331538285 0.24244051203 
0.186229 77.75315894465 0.25032272913 
0.186736 77.87630117504 0.24382320208 
0.187242 78.27632895847 0.24250908450 
0.187749 78.02502883394 0.24257377351 
0.188256 78.01864963346 0.24421151486 
0.188762 77.48423467649 0.24403345845 
0.189269 77.57897640949 0.24632464407 
0.189776 77.67757458236 0.24168404232 
0.190282 77.99780869445 0.24725368013 
0.190789 77.81424851105 0.25351974659 
0.191296 77.21000952582 0.24554824131 
0.191802 77.68470731196 0.24445267638 
0.192309 77.23428970474 0.23750772286 
0.192816 77.01634679167 0.23811553857 
0.193323 76.84200810165 0.23742973978 
0.193829 76.81046220535 0.23409316973 
0.194336 76.60722496422 0.23240555444 
0.194843 76.46647317305 0.23346539187 
0.195349 76.54571594236 0.23341733649 
0.195856 76.71940105273 0.23494846519 
0.196363 76.49505734422 0.23518548402 
0.196869 76.02952218339 0.22892588562 
0.197376 76.33774515190 0.22298941069 
0.197883 76.30821767378 0.23208870003 
0.198389 76.01530225846 0.22968594412 
0.198896 75.79697625243 0.22813831334 
0.199403 75.93760138837 0.22536055164 
0.199909 75.89331165223 0.22760953620 
0.200416 75.95229403852 0.22215760808 
0.200923 75.74168580731 0.22260211969 
0.201429 75.84975278321 0.22326223863 
0.201936 75.76287625126 0.22222680098 
0.202443 75.69337854852 0.21317641576 
0.202949 75.57179776723 0.22797567511 
0.203456 75.63262530865 0.22124883209 
0.203963 75.57172945113 0.21536107119 
0.204469 75.76549770679 0.21870810617 
0.204976 75.64399713221 0.21488494883 
0.205483 75.35968217536 0.21775740496 
0.205989 75.93597418835 0.22187779256 
0.206496 75.12756936890 0.21642157421 
0.207003 75.22367743226 0.21245902185 
0.207509 75.14210908472 0.21608384881 
0.208016 75.25968327232 0.21225309028 
0.208523 75.22893296725 0.21472363491 
0.209029 75.29920380908 0.21376726288 
0.209536 74.96455334981 0.21265276019 
0.210043 75.00865038953 0.21523648600 
0.210549 75.44075199163 0.21380215484 
0.211056 75.06259068513 0.21147584277 
0.211563 75.44048995223 0.21041279827 
0.212069 75.13137828953 0.21061530130 
0.212576 74.99203658309 0.21001715809 
0.213083 74.94660551454 0.20664647234 
0.213589 74.86685662234 0.20905605806 
0.214096 74.73976147697 0.20756250683 
0.214603 74.58920065369 0.20672200145 
0.215109 74.44853290919 0.21040304508 
0.215616 74.57711002487 0.20667244109 
0.216123 74.36925535709 0.20747929097 
0.216629 74.45939731421 0.20374912070 
0.217136 74.50034942808 0.21000356980 
0.217643 74.23321265344 0.20593205574 
0.218149 74.02729636625 0.20692127187 
0.218656 74.16007372947 0.20717032735 
0.219163 74.30894252156 0.20855750814 
0.219669 74.34491636751 0.20530022413 
0.220176 74.12541609509 0.20540926515 
0.220683 74.10584835405 0.20572551117 
0.221189 74.25332682817 0.20609361445 
0.221696 74.17368309501 0.20468844918 
0.222203 73.97609242601 0.20675023743 
0.222709 74.02733413154 0.20399163250 
0.223216 73.90797143910 0.20274959622 
0.223722 73.58704705849 0.20576054159 
0.224229 73.84351667300 0.20904774197 
0.224736 73.50824278751 0.20593821410 
0.225242 73.59261179728 0.20497207922 
0.225749 73.52411831062 0.20025226475 
0.226256 73.60885005271 0.20446803691 
0.226762 73.85300200942 0.20806819690 
0.227269 73.89517546622 0.20425297644 
0.227776 73.77216537327 0.20124686850 
0.228282 73.47364606846 0.20319264223 
0.228789 73.44899458850 0.20188041915 
0.229296 73.34399789772 0.20331624051 
0.229802 73.23053647708 0.20382573676 
0.230309 73.12803755573 0.20049562936 
0.230816 73.38661642830 0.20703369128 
0.231322 73.14393709983 0.20070827494 
0.231829 73.06385834829 0.19873046927 
0.232335 72.82046542913 0.19762622255 
0.232842 73.15422287899 0.19809051678 
0.233349 73.02191137703 0.20358611070 
0.233855 72.85130067120 0.20115108730 
0.234362 72.90655656387 0.19942887713 
0.234869 72.82348194684 0.19929285657 
0.235375 72.68296085778 0.20265292620 
0.235882 72.83736583334 0.19748146912 
0.236389 72.72201717266 0.20238292033 
0.236895 72.65136799319 0.19605921369 
0.237402 72.45600390145 0.19899818457 
0.237908 72.49620262241 0.20117730165 
0.238415 72.29983018825 0.20051910288 
0.238922 72.43573902745 0.20022961414 
0.239428 72.24462649015 0.20166176045 
0.239935 72.01128386943 0.19781853660 
0.240442 72.05499433633 0.19909686837 
0.240948 72.00903822976 0.19824158091 
0.241455 72.04926836789 0.19844487942 
0.241962 71.95939301039 0.19739772232 
0.242468 72.03520017967 0.19779512696 
0.242975 72.19757828831 0.19768771576 
0.243481 71.93890236106 0.19859196116 
0.243988 71.66111489693 0.19864902304 
0.244495 71.86510142010 0.19688840494 
0.245001 71.65295374217 0.19632218162 
0.245508 71.71254589168 0.19329934550 
0.246015 71.74961487103 0.20035611516 
0.246521 71.65405039561 0.19662005742 
0.247028 71.54852911977 0.19875345046 
0.247534 71.41999209834 0.19772442478 
0.248041 71.51425208455 0.19249595239 
0.248548 71.52765708445 0.19704724024 
0.249054 71.50757733621 0.19625875168 
0.249561 71.28715754090 0.19258571457 
0.250068 71.34306672162 0.19509310096 
0.250574 71.11423097984 0.19781852536 
0.251081 71.64667413870 0.19661306295 
0.251587 71.04006557855 0.19505538919 
0.252094 70.91632046761 0.19555621898 
0.252601 71.05012107636 0.19635427378 
0.253107 71.03020026933 0.19759430081 
0.253614 71.03590009207 0.19871916062 
0.254120 71.14274515790 0.19364083565 
0.254627 70.97766001852 0.19581085254 
0.255134 71.24207224898 0.19655311433 
0.255640 71.00168089796 0.19667405372 
0.256147 70.79508031034 0.19522837998 
0.256654 70.70055720892 0.19858231378 
0.257160 71.13565014567 0.19560235881 
0.257667 71.31175514647 0.19400117089 
0.258173 71.31819604541 0.19822034464 
0.258680 71.17750405901 0.19427835403 
0.259187 71.60464342369 0.19314369183 
0.259693 71.47154724366 0.19353350429 
0.260200 71.46127200879 0.19304844087 
0.260706 71.57743823689 0.19585794290 
0.261213 71.73085352252 0.19719301346 
0.261720 71.48327625224 0.19276524911 
0.262226 71.55810377391 0.19454111155 
0.262733 71.72015256548 0.19573104130 
0.263239 71.37419281196 0.19242630485 
0.263746 71.59945902071 0.19427905880 
0.264253 71.70972762850 0.19569664524 
0.264759 71.55582038132 0.19532624178 
0.265266 71.67622767631 0.19571430130 
0.265772 71.67717642308 0.19082853426 
0.266279 71.75751845605 0.19407413469 
0.266786 71.61366896275 0.19016595737 
0.267292 71.66862519418 0.19487283583 
0.267799 71.88703032604 0.19342927305 
0.268305 71.58846492304 0.19155227047 
0.268812 71.85138856100 0.19199852044 
0.269319 71.67208615782 0.18663806341 
0.269825 71.73239077050 0.18693140811 
0.270332 71.91176879276 0.19009796749 
0.270838 72.26330065790 0.19250741820 
0.271345 71.88481531145 0.18873496965 
0.271852 72.10493134765 0.19044193927 
0.272358 72.19814213211 0.19381399209 
0.272865 72.09074458892 0.19145138966 
0.273371 72.27515149060 0.19239083971 
0.273878 72.42819426263 0.19300294484 
0.274385 72.41926620233 0.19174551989 
0.274891 72.60228313425 0.19104498948 
0.275398 72.40581727812 0.18873784051 
0.275904 72.05616320594 0.18374979418 
0.276411 72.49446486052 0.18704248192 
0.276917 72.02941049416 0.18256433837 
0.277424 72.39466693327 0.18294650078 
0.277931 72.17057869530 0.18421848105 
0.278437 71.79099984308 0.18329656895 
0.278944 72.06958516396 0.18431570500 
0.279450 71.94707584397 0.18397860862 
0.279957 72.02454253094 0.18522801873 
0.280464 72.30248382709 0.18456361926 
0.280970 72.12513551377 0.18278228975 
0.281477 72.18156749484 0.17792477093 
0.281983 71.89211789566 0.18126065892 
0.282490 72.06594567612 0.18087655836 
0.282996 72.07827723703 0.17936657524 
0.283503 72.07322355452 0.17877514911 
0.284010 71.94504222823 0.17764023875 
0.284516 72.01804558117 0.18035845862 
0.285023 71.73990125653 0.18040157668 
0.285529 71.81675944409 0.17315945079 
0.286036 71.75885334107 0.17735964954 
0.286542 71.73177174721 0.17323702032 
0.287049 71.67441216496 0.17317963772 
0.287556 71.58437410069 0.17340105326 
0.288062 71.37153653500 0.17376021982 
0.288569 71.35162143960 0.16962041272 
0.289075 71.50308601113 0.17056264321 
0.289582 71.50006019338 0.17418951355 
0.290088 71.65820936989 0.16937212202 
0.290595 71.15994024575 0.16917574279 
0.291102 71.37659857490 0.16904178545 
0.291608 71.30725520728 0.16761117912 
0.292115 71.11665244792 0.16713690704 
0.292621 71.38877391924 0.17038040969 
0.293128 71.13163617884 0.16775985205 
0.293634 70.99061278481 0.16353225831 
0.294141 70.87017504354 0.16460258752 
0.294647 70.94607452908 0.16869439112 
0.295154 70.96835831924 0.16694050641 
0.295661 71.10819317722 0.16846497359 
0.296167 71.06758092785 0.16488656857 
0.296674 70.84941173218 0.16758264150 
0.297180 70.65021967777 0.16966347076 
0.297687 70.72999258663 0.16614226552 
0.298193 70.55515607218 0.16324307509 
0.298700 70.73331823659 0.16359306073 
0.299207 70.67937096511 0.16281596023 
0.299713 70.81223714534 0.16237179480 
0.300220 70.62045322782 0.16608101362 
0.300726 70.53771106824 0.16211859892 
0.301233 70.33223442544 0.16508084795 
0.301739 70.53019265455 0.16453392374 
0.302246 70.33805102380 0.16463221351 
0.302752 70.23869229229 0.16293957978 
0.303259 70.44535808372 0.15935523515 
0.303765 70.28170301423 0.16106394385 
0.304272 70.03696246419 0.16232031979 
0.304779 70.07366755815 0.16209027359 
0.305285 70.03276783568 0.16142532617 
0.305792 69.99613438979 0.15958800267 
0.306298 70.03155394288 0.15855300933 
0.306805 70.03194967719 0.16506010347 
0.307311 69.92033430032 0.15755198175 
0.307818 69.86330898731 0.15705985127 
0.308324 69.96916658945 0.15853589929 
0.308831 69.47227011559 0.15589420515 
0.309337 69.38209294393 0.15487657743 
0.309844 69.19530273310 0.15694937150 
0.310350 69.08164453687 0.15558455355 
0.310857 69.07253573504 0.15004956457 
0.311364 68.64695318901 0.15038997340 
0.311870 68.67204334979 0.14978335039 
0.312377 68.29614058924 0.14979233233 
0.312883 68.17480037211 0.14668957330 
0.313390 68.23660629250 0.14782935347 
0.313896 67.73379666386 0.14667190169 
0.314403 67.66831570175 0.14586289879 
0.314909 67.62021173348 0.14500042262 
0.315416 67.57584329704 0.14272101505 
0.315922 67.47798672882 0.14265273228 
0.316429 67.45951819273 0.14659111620 
0.316935 67.25516016593 0.14277203019 
0.317442 67.19112617932 0.14418832415 
0.317948 67.18287526661 0.14570382662 
0.318455 67.01146867610 0.13990105333 
0.318961 66.83952698634 0.14186669420 
0.319468 67.10368220912 0.14302138058 
0.319975 66.85697245506 0.14202346491 
0.320481 66.89964838323 0.14325609861 
0.320988 66.84572950942 0.14325422178 
0.321494 66.41930643838 0.13895925946 
0.322001 66.62729987031 0.15559670609 
0.322507 66.58119059083 0.14148583463 
0.323014 66.71639585890 0.13948638236 
0.323520 66.49255578434 0.14385468427 
0.324027 66.56825586877 0.14128311427 
0.324533 66.62919117332 0.14080149868 
0.325040 66.21228625566 0.14242959163 
0.325546 66.31757201140 0.14223979559 
0.326053 66.22104176141 0.14229011631 
0.326559 66.36410705479 0.13873731492 
0.327066 66.21563201952 0.14014203335 
0.327572 66.38106385061 0.13892757217 
0.328079 66.21940018000 0.13875848612 
0.328585 66.26632421236 0.13695438626 
0.329092 65.93784744674 0.13939844987 
0.329598 66.40809658790 0.13878062729 
0.330105 66.44682488224 0.14207105665 
0.330611 66.20965287816 0.14304932818 
0.331118 66.13040214643 0.13825022035 
0.331624 66.09898488784 0.14098755712 
0.332131 65.93351881666 0.14138459347 
0.332637 65.98856509101 0.14060201078 
0.333144 65.90429933038 0.13846580647 
0.333650 65.75153148287 0.13790855981 
0.334157 65.85234183039 0.13946281272 
0.334663 65.88368074021 0.13946930579 
0.335170 65.66763777071 0.14008201270 
0.335676 65.48553207324 0.13993786527 
0.336183 65.68552604490 0.14204451890 
0.336689 65.58946044910 0.14264750522 
0.337196 65.68581260181 0.13876144246 
0.337702 65.64095058743 0.13946820448 
0.338209 65.45492613487 0.13657525092 
0.338715 65.53868379830 0.13681399396 
0.339222 65.44300061048 0.13797606824 
0.339728 65.54714241913 0.13611970509 
0.340235 65.66784715051 0.24809095622 
0.340741 65.32209136732 0.14188354423 
0.341248 65.09716870828 0.13774535750 
0.341754 65.45536195290 0.14040786068 
0.342261 65.17148154304 0.14004985114 
0.342767 64.89030319679 0.13796883012 
0.343274 65.37503176491 0.14194572205 
0.343780 65.15457968207 0.14017230092 
0.344287 64.79656612653 0.14036977987 
0.344793 65.02919437269 0.13734450982 
0.345300 65.13133775995 0.14093128799 
0.345806 65.16025316735 0.14051335377 
0.346313 65.13608977181 0.14025133921 
0.346819 64.94821128218 0.14568687896 
0.347325 65.03497117626 0.14557442887 
0.347832 65.16197280891 0.14381170259 
0.348338 64.89078456784 0.14663945789 
0.348845 64.84333120770 0.14761116878 
0.349351 64.91829287725 0.14701665868 
0.349858 64.83910543570 0.14934949596 
0.350364 64.52545687651 0.14866447213 
0.350871 64.46880713544 0.14748747326 
0.351377 64.30843888763 0.14865791553 
0.351884 64.53849627625 0.14700297069 
0.352390 64.38967376475 0.15017829218 
0.352897 64.63468689907 0.15186877987 
0.353403 64.47994534574 0.15064382880 
0.353910 64.47189391908 0.14881867140 
0.354416 64.11136594188 0.15266869919 
0.354923 64.49955684387 0.14999475715 
0.355429 64.20777539577 0.15464157701 
0.355935 64.21251830528 0.14816771822 
0.356442 64.02756160744 0.15208821095 
0.356948 63.89881612899 0.15385670299 
0.357455 63.92027069761 0.15566630887 
0.357961 63.82674988768 0.15492769467 
0.358468 63.78480100924 0.15460261686 
0.358974 63.79485201288 0.22123972941 
0.359481 63.71279181441 0.20222105874 
0.359987 63.96670349672 0.20124251001 
0.360494 64.05231918641 0.19050667036 
0.361000 63.82818597812 0.18604718714 
0.361506 63.79520928770 0.18577956926 
0.362013 63.61521924566 0.18395082749 
0.362519 63.86324504254 0.18306074340 
0.363026 63.88768317588 0.18140166485 
0.363532 63.88340228430 0.18765036113 
0.364039 63.93128192754 0.18383327104 
0.364545 63.56328195269 0.18194274139 
0.365052 63.78654893339 0.18646995146 
0.365558 63.77805535194 0.18546694436 
0.366064 63.82188674363 0.18492469365 
0.366571 63.72534414108 0.18335288505 
0.367077 63.84049308947 0.18817935546 
0.367584 63.85329062565 0.18575957351 
0.368090 63.88633336482 0.18587576220 
0.368597 63.70475868472 0.18829981677 
0.369103 63.56986401526 0.19141194875 
0.369610 63.43430042885 0.18942224515 
0.370116 63.84993409452 0.18950377205 
0.370622 63.70649647466 0.18628493759 
0.371129 63.62501817133 0.19169317444 
0.371635 63.88826922525 0.18963710409 
0.372142 63.34803099460 0.19203859661 
0.372648 63.36664459930 0.19168318214 
0.373155 63.57454392093 0.19315745391 
0.373661 63.64019474874 0.19614238270 
0.374167 63.64044331244 0.19372361852 
0.374674 63.59981072322 0.19988035978 
0.375180 63.64195895260 0.19234711264 
0.375687 63.48129039142 0.20102436573 
0.376193 63.42705686876 0.19933623600 
0.376700 63.60021877323 0.20215969871 
0.377206 63.65147567801 0.20304179639 
0.377712 63.09211505464 0.20327726784 
0.378219 63.47786133272 0.20527858745 
0.378725 63.68667506575 0.20242944112 
0.379232 63.23791608176 0.20300032176 
0.379738 63.26881735044 0.20716717123 
0.380245 63.28942106549 0.20930408487 
0.380751 63.56997921175 0.20808404316 
0.381257 63.20653474572 0.20783159227 
0.381764 63.28529478610 0.20824516338 
0.382270 62.91308542730 0.20777169097 
0.382777 63.44773140857 0.20895389207 
0.383283 63.21340276107 0.21340726485 
0.383789 63.29746636654 0.21090749436 
0.384296 63.05604231260 0.20760342812 
0.384802 63.13102884288 0.21259710316 
0.385309 63.18293724611 0.20943732731 
0.385815 63.13036036701 0.21275805807 
0.386321 62.90180221760 0.21154525932 
0.386828 63.18828091723 0.20934307350 
0.387334 63.02826383402 0.20874064786 
0.387841 62.82001326152 0.21231738441 
0.388347 63.32593289491 0.21225878465 
0.388853 63.05476891182 0.21310056562 
0.389360 62.97261530233 0.21588168555 
0.389866 62.84689214470 0.21448331516 
0.390373 62.67466707171 0.21870423926 
0.390879 62.78762462157 0.22045317059 
0.391385 62.62125290328 0.22462023256 
0.391892 62.66226303559 0.21522530900 
0.392398 62.85419183832 0.22643760881 
0.392905 62.97131375953 0.22349514166 
0.393411 62.59762323221 0.22981996367 
0.393917 62.48077296096 0.22421569177 
0.394424 62.63659172591 0.22167334253 
0.394930 62.94495614888 0.22714613224 
0.395437 62.51611917387 0.23408663569 
0.395943 62.92038687893 0.23163888113 
0.396449 62.90335988597 0.36824908790 
0.396956 62.68413888011 0.22723044656 
0.397462 62.61230684438 0.23182154963 
0.397969 62.58554842109 0.23580643764 
0.398475 62.32096315472 0.24347086333 
0.398981 62.92600151877 0.24063945298 
0.399488 62.53687899975 0.23773802337 
0.399994 62.46091269719 0.23946229065 
0.400500 62.67720273336 0.23733373887 
0.401007 62.34580650592 0.23778946670 
0.401513 62.65602166641 0.24618235476 
0.402020 62.34328156813 0.24377480127 
0.402526 62.94021209047 0.24502564363 
0.403032 62.28237272343 0.24289284140 
0.403539 62.71104152284 0.25686892222 
0.404045 62.46685172856 0.25442406189 
0.404551 62.35756241481 0.26816939210 
0.405058 62.49618254622 0.26644048775 
0.405564 62.33596480297 0.26245344545 
0.406071 62.37155217367 0.25197564708 
0.406577 62.34749981128 0.25130986088 
0.407083 62.05899303413 0.25984927571 
0.407590 62.47193588756 0.27094524820 
0.408096 62.53313694626 0.26927731431 
0.408602 62.33455599918 0.27286967251 
0.409109 62.34138943387 0.26324151950 
0.409615 61.83826719297 0.27236495762 
0.410121 62.24208388376 0.26005381031 
0.410628 62.23606476327 0.26207083593 
0.411134 62.02770647297 0.26531653147 
0.411641 62.13827497519 0.27414014788 
0.412147 62.35493158452 0.26544962918 
0.412653 61.57373155098 0.27310541996 
0.413160 62.21507056151 0.26841474626 
0.413666 62.34790995269 0.27091586481 
0.414172 62.04281548551 0.27860843911 
0.414679 61.63931102969 0.27084011527 
0.415185 61.83069073886 0.28624191687 
0.415691 61.76010907360 0.26671066715 
0.416198 61.95750788859 0.27007989386 
0.416704 61.95908434904 0.28258089868 
0.417210 61.93229677251 0.27685182394 
0.417717 61.80363162343 0.29452916918 
0.418223 61.67640508108 0.28086374062 
0.418729 61.77073083905 0.28004318589 
0.419236 62.00224446572 0.28283783986 
0.419742 61.51472403461 0.26902166672 
0.420248 61.71999966071 0.27559939099 
0.420755 61.69343406262 0.28868962447 
0.421261 61.99852753606 0.26873976216 
0.421767 61.40032528587 0.28269437831 
0.422274 61.90819365991 0.28197734137 
0.422780 61.28959654500 0.27325069655 
0.423286 61.69931235790 0.28117286430 
0.423793 61.52190176489 0.28161475813 
0.424299 61.65787511104 0.29782523752 
0.424805 62.27469620095 0.28582989326 
0.425312 61.59744562203 0.28656309862 
0.425818 62.00373565814 0.29129243421 
0.426324 62.02355823969 0.29862543151 
0.426831 61.65167896047 0.28452614555 
0.427337 61.31997526377 0.30458544280 
0.427843 61.99578209517 0.30778702226 
0.428350 61.66160511193 0.30351319869 
0.428856 61.60824928487 0.30173120709 
0.429362 61.44866772763 0.29231047996 
0.429869 61.47737498957 0.32106591467 
0.430375 61.93086046692 0.31614510902 
0.430881 61.73120460764 0.32155621873 
0.431388 61.95087760972 0.32143182489 
0.431894 61.54516109855 0.31772824041 
0.432400 61.63364790607 0.32338074171 
0.432907 61.28260747774 0.31774182666 
0.433413 61.25277659464 0.33673645501 
0.433919 61.31281581956 0.33971522626 
0.434425 61.29024576634 0.33458022382 
0.434932 61.55992603791 0.32162259941 
0.435438 61.40681162735 0.34779412801 
0.435944 61.54003652193 0.32905084504 
0.436451 61.95959535021 0.35634039311 
0.436957 61.77564887308 0.36839913244 
0.437463 62.22718656541 0.35009912386 
0.437970 61.54750616879 0.35155127363 
0.438476 61.68639007487 0.35627603743 
0.438982 61.73899100314 0.36766453869 
0.439489 61.12903650506 0.36804841575 
0.439995 61.49689148397 0.35941373188 
0.440501 61.71707024908 0.38395008257 
0.441007 61.05134244794 0.38016611106 
0.441514 60.84234039854 0.36873425689 
0.442020 61.07832563350 0.40146478274 
0.442526 60.79390675188 0.39140689899 
0.443033 60.97903524725 0.37526934209 
0.443539 61.43013991550 0.40638968741 
0.444045 60.85451449103 0.40656647596 
0.444551 61.17613299987 0.43457929196 
0.445058 61.30448561581 0.40380392117 
0.445564 61.44477668391 0.42543209124 
0.446070 60.84557620846 0.41073241109 
0.446577 60.61807650502 0.44209790589 
0.447083 60.69905754214 0.45406231500 
0.447589 60.85984905042 0.45089872104 
0.448095 60.82098754916 0.48023233101 
0.448602 60.72809865236 0.47124169499 
0.449108 60.82753934791 0.45624014173 
0.449614 60.10588768475 0.47544911525 
0.450121 60.66459784480 0.50913904213 
0.450627 60.75168150673 0.50069644956 
0.451133 61.29419543282 0.51190424061 
0.451639 60.97677232281 0.52393550498 
0.452146 60.68671418564 0.52924830096 
0.452652 60.64361974342 0.53237273768 
0.453158 60.38292193527 0.56071125239 
0.453664 60.10827402348 0.55006094877 
0.454171 60.19098486275 0.58406831357 
0.454677 60.09764038938 0.58924603748 
0.455183 59.93114959804 0.61998479465 
0.455689 59.95635212171 0.63248053969 
0.456196 60.72830531549 0.66984311723 
0.456702 59.44653475618 0.64304883392 
0.457208 60.24907219115 0.70128649480 
0.457714 59.94627200705 0.75015302660 
0.458221 61.11958068492 0.75790727858 
0.458727 59.78156077135 0.76816733330 
0.459233 60.40334999386 0.85606568384 
0.459740 59.81760386651 0.81929226964 
0.460246 60.40354125076 0.89979793073 
0.460752 59.92413807692 0.96226210101 
0.461258 59.88930566205 0.94674921300 
0.461765 60.40626286876 1.05863020670 
0.462271 59.83319099670 1.07551079260 
0.462777 59.79039290558 1.18990893924 
0.463283 59.77400282312 1.29120793548 
0.463789 60.28144971268 1.32927864510 
0.464296 61.25219571488 1.38151936173 
0.464802 58.96962491595 1.33259698628 
0.465308 60.29924900769 1.43793428233 
0.465814 60.01187393608 1.65369688817 
0.466321 58.15438576035 1.63806313027 
0.466827 59.49386558446 1.85012477427 
0.467333 61.57498813673 1.94941711949 
0.467839 61.39872753011 1.96836333504 
0.468346 59.06060034565 2.30555903473 
0.468852 58.16517709482 2.52980768420 
0.469358 60.29342683951 2.95357156081 
0.469864 57.94123598601 2.80086160439 
0.470371 58.76602376392 3.80275422129 
0.470877 57.63150204787 4.49411078656 
0.471383 57.63254541918 5.64578019640 
0.471889 57.16583143831 7.57604320329 
0.472395 54.39127538796 6.16140511937 
0.472902 51.64774933118 12.45921576171 
