0.010896 1367.69725637510 11.27754512611 
0.011402 1228.79209112129 11.70688970968 
0.011909 1093.47806811816 11.79306542185 
0.012416 997.19863060359 9.52118425245 
0.012923 905.76198334985 8.01337026175 
0.013430 835.82530340989 11.91180179471 
0.013936 794.72271181578 9.40072620804 
0.014443 748.29353744089 7.92372988793 
0.014950 688.02781260012 6.79155743707 
0.015457 636.34695741129 5.45345435653 
0.015963 587.49258499563 5.23261675556 
0.016470 550.08976520411 4.14096314220 
0.016977 516.54745668051 3.88208768027 
0.017484 479.82569724202 3.67218045783 
0.017990 454.07838254704 3.15960626329 
0.018497 427.08805368316 2.73340094859 
0.019004 403.72883699354 2.33147088461 
0.019511 381.01809831282 2.33945553041 
0.020018 365.29359898255 2.16025037939 
0.020524 348.19851420838 1.88124817214 
0.021031 331.77526958584 1.94339748958 
0.021538 317.38923701466 1.71421507317 
0.022045 303.29755532161 1.71204916639 
0.022551 293.97769034712 1.63377084907 
0.023058 282.50561426999 1.54728771358 
0.023565 271.07364491118 1.47421897444 
0.024072 262.79567012802 1.66202972855 
0.024579 254.22818235761 1.76827052109 
0.025085 244.59364795165 2.17076440249 
0.025592 238.14082895256 2.17683670520 
0.026099 229.58223278372 2.16547810728 
0.026606 226.73391178288 1.66927819637 
0.027112 217.13352550868 1.76797302641 
0.027619 213.50493092972 1.61534498373 
0.028126 208.78903944252 1.51363094588 
0.028633 204.24056443271 1.35741635653 
0.029139 200.86151403135 1.14547419202 
0.029646 194.90580676302 1.13279174658 
0.030153 190.49433785677 1.23501047779 
0.030660 186.41818882605 1.04741237325 
0.031167 184.11961146881 0.90887523315 
0.031673 180.42382522106 0.95772798066 
0.032180 177.41286168046 0.93393579167 
0.032687 174.34535734763 0.87053514605 
0.033194 170.40509721104 0.86181480162 
0.033700 166.58551720174 0.80269327128 
0.034207 166.51558706149 0.78515629258 
0.034714 162.86682594195 0.78911803824 
0.035221 161.21156205497 0.73109701188 
0.035727 157.14880088265 0.71344919206 
0.036234 156.39530261800 0.71315801642 
0.036741 154.68924092591 0.67926134972 
0.037248 151.91319531288 0.68138704870 
0.037755 151.72666008485 0.56645192504 
0.038261 149.33905104397 0.58426648449 
0.038768 147.74700261697 0.57689918811 
0.039275 146.39785060049 0.61065052491 
0.039782 143.81385917737 0.57746991981 
0.040288 142.96279706590 0.55789382241 
0.040795 140.31380817341 0.56547373350 
0.041302 140.64357627612 0.56370592768 
0.041809 138.95486702496 0.53825077464 
0.042315 137.70949051337 0.54739287914 
0.042822 136.98375438687 0.51618946713 
0.043329 135.66507204817 0.55816694874 
0.043836 134.92182692392 0.55370528187 
0.044343 133.16911491647 0.51949092426 
0.044849 131.86501209943 0.50122735710 
0.045356 131.56622227222 0.50300159499 
0.045863 129.53263827147 0.52066710731 
0.046370 128.88595034577 0.50379087067 
0.046876 127.62259098784 0.50329962451 
0.047383 127.50509692007 0.48773995335 
0.047890 126.17959405546 0.49522425321 
0.048397 125.41326204597 0.46224122488 
0.048903 125.47107097841 0.49144760417 
0.049410 123.18705059399 0.47099921041 
0.049917 122.52051973087 0.48052767863 
0.050424 122.29209364620 0.44582161296 
0.050931 121.41484162564 0.45439767729 
0.051437 121.08569293588 0.46114889174 
0.051944 119.88773966604 0.44318690247 
0.052451 120.14131787350 0.46217252996 
0.052958 118.32521289164 0.44442285886 
0.053464 118.67892970336 0.44006795529 
0.053971 117.16791209508 0.44316027548 
0.054478 116.90636116611 0.44125943968 
0.054985 115.92187903807 0.42189521774 
0.055491 115.57588461810 0.40991385391 
0.055998 114.52108599111 0.43159337425 
0.056505 114.12599616036 0.42721711521 
0.057012 114.04520712640 0.42619208506 
0.057519 112.71102315183 0.44642757428 
0.058025 112.46614679878 0.40824685062 
0.058532 112.09260234945 0.41295824153 
0.059039 112.01121204549 0.41049973408 
0.059546 111.02233432316 0.41788660769 
0.060052 110.95444204934 0.42299779623 
0.060559 109.76331857724 0.39494698873 
0.061066 109.05094909426 0.41100856581 
0.061573 109.27333767666 0.40026267015 
0.062079 108.74579518247 0.40811186180 
0.062586 108.13939254347 0.40977735929 
0.063093 107.07056947249 0.39295156794 
0.063600 107.51560752456 0.38245210870 
0.064106 107.63463062735 0.39841400677 
0.064613 106.39204076490 0.39013946464 
0.065120 105.60907154122 0.38910190253 
0.065627 105.65892243086 0.40317892433 
0.066134 105.72863616752 0.38155827781 
0.066640 104.73536105885 0.37564375386 
0.067147 104.57185895566 0.37589759341 
0.067654 104.24348876732 0.37238572129 
0.068161 103.65409028884 0.36094874693 
0.068667 103.13683216875 0.35994338918 
0.069174 102.73727166838 0.37161608770 
0.069681 102.42650935552 0.36282063527 
0.070188 102.21833583140 0.35685098714 
0.070694 101.98803335613 0.35067122854 
0.071201 101.86514303696 0.36528683155 
0.071708 101.81116748990 0.36060195747 
0.072215 100.75723879018 0.34637582353 
0.072721 100.51772937307 0.35554360488 
0.073228 99.91734950761 0.34997193718 
0.073735 100.16204077897 0.33667876821 
0.074242 99.73895311865 0.36012022551 
0.074748 100.03208328443 0.34848973271 
0.075255 98.57759928306 0.33229467425 
0.075762 98.91450916364 0.33184743400 
0.076269 98.64793438843 0.33010305469 
0.076776 98.68869906427 0.33450420957 
0.077282 97.91088305775 0.32689228875 
0.077789 98.28151534907 0.33167551239 
0.078296 97.85107273726 0.32609968683 
0.078803 97.97541938003 0.33502109915 
0.079309 98.08302366738 0.32638502165 
0.079816 97.86903956084 0.35548852585 
0.080323 97.39733817119 0.32821207772 
0.080830 97.00370870977 0.33099542007 
0.081336 97.33034244476 0.33777065816 
0.081843 97.39051574765 0.32595052641 
0.082350 97.52124622923 0.33778701828 
0.082857 96.81603104592 0.33868582935 
0.083363 96.91765671931 0.33381977425 
0.083870 96.46042511582 0.33472420822 
0.084377 96.15282468422 0.34518375048 
0.084884 95.54317699574 0.33324153216 
0.085390 95.89260637379 0.33259428044 
0.085897 95.36817025337 0.33652378145 
0.086404 95.67757820296 0.33595405274 
0.086911 94.97389488934 0.32052600011 
0.087417 94.67936956683 0.32919407355 
0.087924 94.86392493366 0.32553481111 
0.088431 95.51543929670 0.32886799971 
0.088938 94.37824730450 0.32568105357 
0.089444 94.24093295123 0.33706084187 
0.089951 93.90806750676 0.34046627357 
0.090458 94.10137157327 0.33759618189 
0.090965 94.11608854532 0.32506797779 
0.091471 93.97690881342 0.32836423449 
0.091978 93.63756037232 0.32394313853 
0.092485 92.58640171891 0.34333940324 
0.092992 93.16548247941 0.34850139203 
0.093498 93.34773513010 0.33833969601 
0.094005 92.55929352312 0.32805162982 
0.094512 92.94916836982 0.32970251421 
0.095019 92.75545432628 0.34250313915 
0.095525 92.97570589533 0.33116613741 
0.096032 92.57161429552 0.33024862225 
0.096539 92.12928350413 0.33030267047 
0.097046 92.04304251706 0.32183738689 
0.097552 92.19015377262 0.33379843073 
0.098059 92.35824174312 0.32971128020 
0.098566 91.96993388474 0.31561133157 
0.099073 91.75221630116 0.32780776026 
0.099579 91.28962850316 0.32881110703 
0.100086 92.05231707007 0.32375772028 
0.100593 91.85138348236 0.33686259796 
0.101100 91.10456616638 0.31896045656 
0.101606 91.25905924221 0.31325989348 
0.102113 90.39943857741 0.30234448828 
0.102620 89.65210953406 0.29266502232 
0.103127 89.13094005239 0.30399037073 
0.103633 89.14809256592 0.29682365815 
0.104140 88.39791473661 0.29747127473 
0.104647 88.39973062984 0.29746236320 
0.105154 88.61304209156 0.30502944257 
0.105660 88.93873493117 0.30578425419 
0.106167 88.17338578384 0.30557570336 
0.106674 88.24630596169 0.30865176285 
0.107181 88.59065221010 0.30126303219 
0.107687 88.27011175032 0.29979473244 
0.108194 88.56048699916 0.30835106481 
0.108701 87.90299205211 0.29284174809 
0.109208 88.00412407012 0.29244454480 
0.109714 87.61315671266 0.29088976443 
0.110221 87.66509363031 0.28540186513 
0.110728 87.78857861711 0.29056581742 
0.111235 87.16238670621 0.29091801079 
0.111741 87.60285184627 0.28586443855 
0.112248 86.79728544899 0.28107364865 
0.112755 87.40189285775 0.28211714880 
0.113262 86.91339627537 0.28462596243 
0.113768 87.18554271007 0.27911124969 
0.114275 87.26819636819 0.27486438049 
0.114782 86.84782171824 0.27595104742 
0.115289 86.73965485806 0.27827416550 
0.115795 86.38995204550 0.27519379677 
0.116302 86.08380471336 0.28178508247 
0.116809 86.70874914994 0.27610855912 
0.117316 86.78440499857 0.26810488257 
0.117822 86.07051352238 0.26994781611 
0.118329 86.38005947404 0.26992653381 
0.118836 85.90314504661 0.27094025474 
0.119342 86.27250291331 0.26719421956 
0.119849 86.08280194759 0.26926208549 
0.120356 86.06023356247 0.26524968709 
0.120863 85.56521440245 0.26609783605 
0.121369 85.61550404182 0.26568065214 
0.121876 85.77661347124 0.26537521474 
0.122383 85.42923199575 0.26038217886 
0.122890 85.43048129345 0.27389802813 
0.123396 85.68907714090 0.26146616382 
0.123903 84.92058314088 0.25840259467 
0.124410 85.39085342769 0.26840442789 
0.124917 85.60708387577 0.26172642912 
0.125423 85.19954095404 0.25473033959 
0.125930 84.91935256388 0.25434779883 
0.126437 85.53391107629 0.25298970807 
0.126944 84.92454201132 0.25590038916 
0.127450 84.89574360643 0.25653723310 
0.127957 84.73288751470 0.25905909289 
0.128464 84.55211998383 0.25207967831 
0.128970 84.60039159112 0.25476411655 
0.129477 84.65575694348 0.25037938809 
0.129984 84.71181214281 0.25374562552 
0.130491 84.51378871801 0.25290286981 
0.130997 84.30591533662 0.24837289434 
0.131504 84.35642757749 0.25466129114 
0.132011 84.30836650493 0.25490363077 
0.132518 83.96276750736 0.25131869804 
0.133024 84.17151567059 0.24692929189 
0.133531 84.53150017496 0.24383958560 
0.134038 84.28335119146 0.25011748388 
0.134545 84.13260741204 0.24669517023 
0.135051 83.98126275136 0.24826700467 
0.135558 83.70859042411 0.24349462885 
0.136065 83.82232148288 0.24389525690 
0.136571 83.68583008888 0.23370264994 
0.137078 83.43701938955 0.24948117646 
0.137585 83.01354775104 0.25109199400 
0.138092 83.36630070443 0.24416362616 
0.138598 83.51373442822 0.23957541487 
0.139105 83.53022630207 0.24429543535 
0.139612 83.33203194364 0.24635577739 
0.140119 83.40218287388 0.23868695190 
0.140625 83.25122473510 0.23986219061 
0.141132 82.99700055224 0.24022803381 
0.141639 82.90347092050 0.23499987174 
0.142145 82.93510220787 0.23082030648 
0.142652 82.72340588590 0.23857895967 
0.143159 82.21344648476 0.23815906930 
0.143666 82.81715422386 0.24918680316 
0.144172 82.19677293467 0.24259243139 
0.144679 82.50242188991 0.24360391162 
0.145186 82.36302321632 0.24892871866 
0.145692 81.96685273491 0.24097463151 
0.146199 82.40872725428 0.24310936305 
0.146706 82.21288818100 0.24212579202 
0.147213 81.83501155471 0.24563087493 
0.147719 81.94433422071 0.24674137895 
0.148226 82.21312312173 0.24007078783 
0.148733 81.70564149234 0.24160721144 
0.149240 81.80586008062 0.24269641247 
0.149746 81.57817180811 0.24076677692 
0.150253 80.75471104174 0.23692809531 
0.150760 81.35592015553 0.23705697297 
0.151266 81.55887432944 0.24127770159 
0.151773 81.22563322835 0.24749670048 
0.152280 81.01126171880 0.24104012392 
0.152787 80.95394724536 0.23826960052 
0.153293 81.05586138271 0.24088919484 
0.153800 80.72918192353 0.23465536867 
0.154307 80.82385354348 0.24220468736 
0.154813 80.42133014329 0.23708706456 
0.155320 80.51247531997 0.22991996048 
0.155827 80.85515312895 0.24072683794 
0.156334 80.52605783032 0.23705615959 
0.156840 80.98109979772 0.23882428194 
0.157347 80.43299159068 0.24133432450 
0.157854 80.47024994587 0.23942067226 
0.158360 80.19623682794 0.23618586880 
0.158867 80.34964565835 0.23418441159 
0.159374 79.90333045402 0.23796946960 
0.159881 80.02337725478 0.24320867460 
0.160387 80.39005986178 0.23133006957 
0.160894 79.97314852529 0.23549095700 
0.161401 79.87516174706 0.23102862458 
0.161907 80.19987786984 0.22940934906 
0.162414 79.63184108069 0.23643185846 
0.162921 79.43048696489 0.24099392277 
0.163427 79.98240154034 0.23960043290 
0.163934 79.75875059985 0.23196180941 
0.164441 79.60975890540 0.23562624584 
0.164948 79.71896755094 0.23619254630 
0.165454 79.21940753384 0.23299236604 
0.165961 79.14676561944 0.22934712517 
0.166468 79.32249729728 0.22702055446 
0.166974 79.17399025574 0.23221784414 
0.167481 79.21137293213 0.22649623892 
0.167988 79.14436916968 0.23352561588 
0.168495 79.25119127445 0.22991328698 
0.169001 79.32403419300 0.23141225147 
0.169508 79.48896800506 0.23361313611 
0.170015 79.32279320201 0.23831900243 
0.170521 79.19075210412 0.23161934659 
0.171028 79.03552971455 0.23332941870 
0.171535 79.34545884875 0.22851625091 
0.172041 79.41695190028 0.23180440266 
0.172548 79.21416873145 0.23646194298 
0.173055 79.22643282109 0.23967426085 
0.173562 79.19602024494 0.23875133591 
0.174068 78.41212435671 0.23569492823 
0.174575 78.87952705341 0.23467468328 
0.175082 78.92486314080 0.23408425630 
0.175588 79.18455070258 0.23314326489 
0.176095 79.05487185254 0.24163061847 
0.176602 78.95132158904 0.23480864976 
0.177108 79.35064041103 0.23764295022 
0.177615 78.46516205206 0.23463942327 
0.178122 79.02649206859 0.23694012741 
0.178629 78.36048000111 0.23625559148 
0.179135 78.82057903938 0.23595653594 
0.179642 78.75441924911 0.23292956491 
0.180149 78.72579403234 0.23627110090 
0.180655 78.63461018830 0.23882031923 
0.181162 78.78125936578 0.24296815264 
0.181669 79.02201543402 0.24083167223 
0.182175 78.88701896468 0.24129422919 
0.182682 78.67768798984 0.24417347528 
0.183189 78.67982203451 0.24241255064 
0.183695 78.52283703767 0.24341433531 
0.184202 78.78301769434 0.23776304481 
0.184709 78.08631300319 0.24289935509 
0.185216 78.51484124884 0.24145239795 
0.185722 78.33511082282 0.24412074555 
0.186229 78.33595793389 0.24590622344 
0.186736 78.37392568517 0.24468217419 
0.187242 78.12305804657 0.24147267227 
0.187749 78.25191802145 0.24475902603 
0.188256 77.83492480531 0.24308350924 
0.188762 77.94268568458 0.24290839344 
0.189269 77.87573795167 0.24645735224 
0.189776 77.78290142666 0.24258418893 
0.190282 77.62454804789 0.24361888161 
0.190789 77.89608875352 0.24453753663 
0.191296 77.45185221224 0.24913986077 
0.191802 77.56422233849 0.24304233937 
0.192309 77.65325973337 0.24025117897 
0.192816 77.14236179041 0.24156954450 
0.193323 76.88996014172 0.23396491248 
0.193829 76.89467385474 0.23974685258 
0.194336 76.68857451853 0.23653621997 
0.194843 76.21626951346 0.23341578329 
0.195349 76.80331133983 0.23500474196 
0.195856 76.36297399888 0.23494077561 
0.196363 76.22779543172 0.23143393924 
0.196869 76.29439577507 0.23012816003 
0.197376 76.39776220604 0.22942283689 
0.197883 76.13274880717 0.22784093553 
0.198389 76.22896176566 0.23319354576 
0.198896 75.94495633625 0.22483786142 
0.199403 75.90303497969 0.22409164962 
0.199909 75.91953633382 0.22206870361 
0.200416 76.33577310244 0.21997443636 
0.200923 75.77733623718 0.22414836564 
0.201429 76.07147284146 0.22290203259 
0.201936 75.62992615387 0.21542164874 
0.202443 75.62596535961 0.21334915514 
0.202949 75.78564832320 0.21921816697 
0.203456 75.82977937610 0.22328107065 
0.203963 75.84819225149 0.22210290108 
0.204469 75.79469100219 0.21841078872 
0.204976 75.23225980535 0.22424400028 
0.205483 75.49750165601 0.22468793930 
0.205989 75.44682224318 0.21477745879 
0.206496 75.64218703467 0.21617541955 
0.207003 75.39352579566 0.21945304052 
0.207509 75.61633817206 0.21692118388 
0.208016 75.26011129515 0.21571883404 
0.208523 75.28661129081 0.20826504079 
0.209029 75.25849915989 0.21252673897 
0.209536 75.12664278722 0.20916020647 
0.210043 75.22899531340 0.20974175905 
0.210549 75.05989247526 0.20726786758 
0.211056 75.37655720864 0.21042827691 
0.211563 75.10504557212 0.21477404424 
0.212069 74.89240959366 0.20857765572 
0.212576 75.20650940688 0.20678062749 
0.213083 74.89080112529 0.20960837568 
0.213589 74.87701747779 0.20904662740 
0.214096 74.86943028584 0.20644054764 
0.214603 75.01116061577 0.21070541156 
0.215109 74.73293238447 0.20748275157 
0.215616 74.71785428861 0.20184668505 
0.216123 74.47218216804 0.20548448000 
0.216629 74.56189719492 0.20634875847 
0.217136 74.41690626331 0.20791420369 
0.217643 74.27689797777 0.20738683526 
0.218149 74.17990383490 0.20652584309 
0.218656 74.13948092512 0.20664721410 
0.219163 74.27074934761 0.20890692292 
0.219669 74.37313085250 0.20632079348 
0.220176 74.58682520862 0.20716790059 
0.220683 74.28781581953 0.20364852676 
0.221189 74.16482506782 0.20333203422 
0.221696 74.21670791276 0.20692500846 
0.222203 74.13897502359 0.20556562227 
0.222709 73.92620298257 0.20087967735 
0.223216 73.80286167338 0.20308878562 
0.223722 73.81178598064 0.20297028479 
0.224229 73.89061455059 0.20552690979 
0.224736 73.75113670383 0.20411885780 
0.225242 73.81917858064 0.20810893909 
0.225749 73.60481244989 0.20114890868 
0.226256 73.61656897728 0.20344580339 
0.226762 73.71347241633 0.20335054161 
0.227269 73.42106944790 0.20036531412 
0.227776 73.35058291996 0.20162250039 
0.228282 73.47615191626 0.20302245973 
0.228789 73.41159704103 0.20130139299 
0.229296 73.59389001373 0.19722483424 
0.229802 73.41636107645 0.19750692654 
0.230309 73.31612447234 0.20019906324 
0.230816 73.12399724893 0.19874915794 
0.231322 73.12369821409 0.20452416390 
0.231829 73.05153728236 0.20331338911 
0.232335 72.61750831360 0.19692570969 
0.232842 73.05224846383 0.19969508951 
0.233349 73.04986743543 0.19973162166 
0.233855 73.02792854229 0.19781073642 
0.234362 72.76517507652 0.19938525406 
0.234869 72.36019504434 0.20101243654 
0.235375 72.29788683881 0.19735190931 
0.235882 72.68449636543 0.19774474265 
0.236389 72.55724098386 0.19954170218 
0.236895 72.60715017967 0.20530506911 
0.237402 72.31887096149 0.20279497636 
0.237908 72.38820610025 0.19932766939 
0.238415 72.64915817315 0.20043915435 
0.238922 72.42286066968 0.20312569415 
0.239428 72.33342874045 0.19907123833 
0.239935 72.17137273391 0.20030609426 
0.240442 72.00079564811 0.19840879158 
0.240948 72.35908771742 0.19741508141 
0.241455 71.94220217346 0.20020189951 
0.241962 71.75842058441 0.19859619314 
0.242468 71.96342908843 0.19409636330 
0.242975 72.19186782271 0.19960715624 
0.243481 71.72781143788 0.19861965402 
0.243988 72.05555614425 0.20177011917 
0.244495 71.93144060412 0.20043821755 
0.245001 71.71185091859 0.19886115797 
0.245508 71.62355808561 0.19954436311 
0.246015 71.86938201558 0.19810316470 
0.246521 71.79948874119 0.19893598278 
0.247028 71.47310941593 0.20077045115 
0.247534 71.35289382760 0.20090740404 
0.248041 71.55020445113 0.19702911426 
0.248548 71.39580394120 0.19930245586 
0.249054 71.58860058322 0.19678959211 
0.249561 71.38277379538 0.19450567486 
0.250068 70.95303449116 0.19745069021 
0.250574 71.33632474278 0.19704262359 
0.251081 71.39901837402 0.19880125977 
0.251587 71.11023231140 0.19769448432 
0.252094 71.18822224226 0.19685512198 
0.252601 71.08261272313 0.19562132279 
0.253107 71.19862702708 0.19802480463 
0.253614 71.14309676219 0.19713357614 
0.254120 71.14256638223 0.19769310642 
0.254627 70.88198278857 0.19166134740 
0.255134 71.15581619727 0.19470961029 
0.255640 70.90299012029 0.19352629566 
0.256147 71.00158451846 0.19555450553 
0.256654 70.97677924837 0.19894742473 
0.257160 71.16710978741 0.19901526471 
0.257667 71.21475462555 0.19310164893 
0.258173 71.49999770305 0.19820025795 
0.258680 71.51655934690 0.19347344387 
0.259187 71.51487027314 0.19552118490 
0.259693 71.39620903093 0.19662410509 
0.260200 71.58439820504 0.19203437955 
0.260706 71.39484156811 0.19616627942 
0.261213 71.71368478740 0.19621021280 
0.261720 71.67011858797 0.19780202603 
0.262226 71.77337137129 0.19255339654 
0.262733 72.01893319714 0.19466984794 
0.263239 71.53813850548 0.19519992823 
0.263746 71.77854978359 0.19216274995 
0.264253 71.70357808684 0.19301194525 
0.264759 71.67593426176 0.19327222164 
0.265266 71.74829282664 0.19544457379 
0.265772 71.65616587120 0.19219685046 
0.266279 71.60134333071 0.19323027437 
0.266786 71.53296341979 0.19378149664 
0.267292 71.65033810957 0.19209868644 
0.267799 71.64305870168 0.19420187552 
0.268305 71.80441685720 0.18864321722 
0.268812 71.91520108315 0.19314577413 
0.269319 71.94747089799 0.18734782322 
0.269825 71.93831922060 0.18712163093 
0.270332 71.82730464942 0.19025764596 
0.270838 72.15638015761 0.19127737669 
0.271345 71.94062784057 0.18976469015 
0.271852 71.93639051373 0.19398565979 
0.272358 72.21744442519 0.19484654047 
0.272865 72.32148913989 0.19177105868 
0.273371 72.17916336836 0.18909977822 
0.273878 72.46997820091 0.18897633929 
0.274385 72.39263333293 0.19007317655 
0.274891 72.66140843843 0.18690220897 
0.275398 72.35454178145 0.18914652666 
0.275904 72.43913062002 0.18887783491 
0.276411 72.45849300009 0.18754640932 
0.276917 72.62197019815 0.18435735111 
0.277424 72.27809133757 0.18645967184 
0.277931 72.21378357033 0.18395684503 
0.278437 72.37360770627 0.18157635976 
0.278944 72.35297629332 0.18269359278 
0.279450 72.30403210535 0.18304846679 
0.279957 72.16152889084 0.18184707696 
0.280464 71.88606211930 0.18371224813 
0.280970 72.12345520579 0.17669157039 
0.281477 71.80639299752 0.18277292367 
0.281983 72.30890628614 0.18414857030 
0.282490 72.06658933371 0.17959254711 
0.282996 71.97240253470 0.18240577760 
0.283503 72.11958291049 0.17874912032 
0.284010 72.13130263103 0.18321337567 
0.284516 71.60084666417 0.17911404008 
0.285023 71.71998354403 0.17722719129 
0.285529 71.93119973349 0.17672364135 
0.286036 71.55505595698 0.17422418017 
0.286542 71.71462126794 0.17424094278 
0.287049 71.66560648207 0.17475772031 
0.287556 71.44784040726 0.17570742567 
0.288062 71.63437399227 0.17284201054 
0.288569 71.59832573255 0.17193367180 
0.289075 71.31016140709 0.16989077909 
0.289582 71.58048393516 0.16885251077 
0.290088 71.45343455137 0.17143152442 
0.290595 71.25182022754 0.16880304761 
0.291102 71.15891330090 0.16906549779 
0.291608 71.16258924162 0.16605257368 
0.292115 71.19104489861 0.16669444980 
0.292621 71.05549015888 0.16512285369 
0.293128 70.87332118887 0.16754925712 
0.293634 71.11050632874 0.16567930948 
0.294141 70.85424535192 0.16669628232 
0.294647 70.93384305785 0.16391524973 
0.295154 71.00243431129 0.16658882109 
0.295661 70.86418406267 0.16401155132 
0.296167 70.68232494027 0.16698760085 
0.296674 70.59692701620 0.16618131160 
0.297180 70.82154373201 0.16598128428 
0.297687 70.86842289761 0.16661876890 
0.298193 70.83891597201 0.16451334741 
0.298700 70.83388027152 0.16470754372 
0.299207 70.62554827189 0.16225455886 
0.299713 70.23403792251 0.16413012272 
0.300220 70.52645114028 0.16288844265 
0.300726 70.47586446398 0.16149433301 
0.301233 70.44893432776 0.16378491851 
0.301739 70.59827565000 0.16419095713 
0.302246 70.39392209638 0.16347316791 
0.302752 70.16896760696 0.15948693675 
0.303259 70.14349261389 0.16244885899 
0.303765 70.36123471400 0.16569813867 
0.304272 70.28393434096 0.16111931144 
0.304779 70.10774063112 0.16317121510 
0.305285 70.03037507388 0.15861338354 
0.305792 70.20585245778 0.16027997536 
0.306298 69.83379599977 0.16170543025 
0.306805 69.96602204002 0.16239606747 
0.307311 69.88930100738 0.15942180280 
0.307818 69.76977775915 0.16146054669 
0.308324 69.86411194950 0.15873946158 
0.308831 69.42410566534 0.15523110187 
0.309337 69.27300854158 0.15505001734 
0.309844 69.31777049154 0.15193378296 
0.310350 69.22305042562 0.15761920895 
0.310857 69.03110687909 0.15346841033 
0.311364 68.69651719770 0.15220994813 
0.311870 68.22094592697 0.14709215685 
0.312377 68.13626520954 0.14909359785 
0.312883 68.13766778478 0.14773984255 
0.313390 67.80630392423 0.14563981638 
0.313896 67.98072223589 0.14544538114 
0.314403 67.74027653495 0.14519508762 
0.314909 67.58304073028 0.14426328412 
0.315416 67.30906714696 0.14307480345 
0.315922 67.24949212716 0.14255454636 
0.316429 67.27180257855 0.14060913200 
0.316935 67.22298714667 0.14242548897 
0.317442 66.96094833145 0.13973199538 
0.317948 66.75375109418 0.14043882412 
0.318455 67.18597821395 0.14008786528 
0.318961 66.96792186233 0.14200594310 
0.319468 66.80891174896 0.14216069060 
0.319975 67.12982740357 0.14048618064 
0.320481 66.73246401362 0.14215170514 
0.320988 66.56738829096 0.14241052751 
0.321494 66.94316293819 0.14202649272 
0.322001 66.79737629633 0.15161747619 
0.322507 66.53491206562 0.14010710138 
0.323014 66.51975506770 0.14025423950 
0.323520 66.52809409620 0.14213113406 
0.324027 66.46850579244 0.13943331785 
0.324533 66.53154340794 0.13939958296 
0.325040 66.49015716335 0.13959968971 
0.325546 66.53478858135 0.14131833831 
0.326053 66.29292372356 0.14144853516 
0.326559 66.13446801626 0.13792487181 
0.327066 66.28873427032 0.13800369356 
0.327572 66.48952980084 0.13839133429 
0.328079 66.38098910362 0.13795316914 
0.328585 66.03519379286 0.13914666212 
0.329092 66.17579499628 0.13940765650 
0.329598 65.92445636060 0.14090596017 
0.330105 66.07115511844 0.13803553938 
0.330611 66.02489353485 0.13762264759 
0.331118 66.10660793698 0.14055902293 
0.331624 65.85985090842 0.13800364411 
0.332131 66.05862522061 0.13902118600 
0.332637 65.72473380834 0.13885694191 
0.333144 66.09092835409 0.14206210723 
0.333650 65.85830622628 0.14008522008 
0.334157 65.83491958865 0.13813911897 
0.334663 65.69149024478 0.13738945142 
0.335170 65.68961300075 0.14111603166 
0.335676 65.75878654140 0.14039913176 
0.336183 65.56071215584 0.13873298370 
0.336689 65.64589263905 0.13841295266 
0.337196 65.62414987615 0.13904815198 
0.337702 65.69051724291 0.13685369122 
0.338209 65.43559355687 0.13827913402 
0.338715 65.52038395275 0.13944054707 
0.339222 65.38952696455 0.14178084832 
0.339728 65.05530368646 0.13768854953 
0.340235 65.44056599553 0.22513550363 
0.340741 65.57178340827 0.14048983808 
0.341248 65.41708285528 0.14282492992 
0.341754 65.44383350635 0.14043039454 
0.342261 65.47324816045 0.13967742822 
0.342767 65.16126007155 0.13996760297 
0.343274 65.02163738656 0.13775664561 
0.343780 65.29998777908 0.14007571096 
0.344287 65.29659647548 0.14004303170 
0.344793 65.04296575925 0.13741145951 
0.345300 65.07692025613 0.14148205549 
0.345806 64.86062660694 0.13930243808 
0.346313 64.96406263300 0.14184513368 
0.346819 65.10113348473 0.14262247197 
0.347325 64.94053558166 0.14404784234 
0.347832 64.99209091989 0.14371626844 
0.348338 64.94640249869 0.14687264018 
0.348845 64.97235495607 0.14201344847 
0.349351 64.77835790471 0.14694404436 
0.349858 64.83640174426 0.15126322227 
0.350364 64.64332933815 0.14763748004 
0.350871 64.66862745329 0.14477134438 
0.351377 64.44195810614 0.14922838214 
0.351884 64.47286932234 0.14908294660 
0.352390 64.46915862344 0.15186889974 
0.352897 64.56006523877 0.14691301275 
0.353403 64.37605946655 0.15214001105 
0.353910 64.23746311600 0.14864520127 
0.354416 64.38887939952 0.14908152509 
0.354923 64.21019564982 0.15240691315 
0.355429 64.10532314123 0.15115151659 
0.355935 64.28208648298 0.14974737656 
0.356442 63.96501371109 0.15289761829 
0.356948 64.01400568687 0.14995681882 
0.357455 64.12080373170 0.15360130807 
0.357961 64.11263527024 0.15449963242 
0.358468 64.02965336733 0.15595154719 
0.358974 63.74239957841 0.22071434274 
0.359481 63.67009463027 0.20390523632 
0.359987 63.96106535575 0.19917653136 
0.360494 63.74832279984 0.18811688534 
0.361000 63.84094963104 0.19062351627 
0.361506 63.82429916505 0.18202658797 
0.362013 64.02900199033 0.18485749002 
0.362519 63.90406425573 0.18741147457 
0.363026 63.52595521956 0.18409317499 
0.363532 63.89500346521 0.18805341898 
0.364039 63.90241030413 0.18171350162 
0.364545 63.75498983496 0.18270659551 
0.365052 63.85852032591 0.18605587586 
0.365558 63.79123490090 0.18727599214 
0.366064 63.70666630958 0.18109911358 
0.366571 63.88788780137 0.18419592379 
0.367077 63.59076009908 0.18360416116 
0.367584 63.73714991375 0.18649929266 
0.368090 63.67652710064 0.18381950168 
0.368597 63.70736503609 0.19321688427 
0.369103 63.79761938524 0.18773441155 
0.369610 63.41034037629 0.18873491546 
0.370116 63.46574731100 0.18942212626 
0.370622 63.35848625704 0.18843410080 
0.371129 63.50749902693 0.19269800512 
0.371635 63.24608535795 0.18969976754 
0.372142 63.66941624996 0.19450184805 
0.372648 63.54865566522 0.19473581826 
0.373155 63.72256745072 0.19691128974 
0.373661 63.46547803246 0.19307512165 
0.374167 63.48270606276 0.19510195889 
0.374674 63.40478902748 0.20077558750 
0.375180 63.23287860230 0.19393978299 
0.375687 63.62974975699 0.19818038296 
0.376193 63.53037243127 0.20180110306 
0.376700 63.37195818234 0.19835972138 
0.377206 63.55110007180 0.19987490630 
0.377712 63.60943556929 0.20093026561 
0.378219 63.45598661053 0.20293019567 
0.378725 63.21541800106 0.20810508765 
0.379232 63.28171626002 0.20349312952 
0.379738 63.36183429768 0.20155522830 
0.380245 63.11834101638 0.20846293262 
0.380751 63.48599080685 0.21155628185 
0.381257 63.35052648597 0.20681337658 
0.381764 63.18815069508 0.21111154105 
0.382270 63.19918591424 0.20990538481 
0.382777 63.04786818246 0.21029879291 
0.383283 63.17769973964 0.20900774853 
0.383789 63.10292922841 0.20834880016 
0.384296 63.44892795498 0.21191220139 
0.384802 63.19770917700 0.21095629217 
0.385309 63.00398453718 0.20869182051 
0.385815 62.98244256070 0.21168871284 
0.386321 62.89890657937 0.20720826778 
0.386828 62.90090662918 0.21308684036 
0.387334 62.93035887294 0.20901193500 
0.387841 63.17014205879 0.21569156686 
0.388347 63.17769097435 0.21496515545 
0.388853 63.03075670006 0.20967386141 
0.389360 62.99676208137 0.21761415988 
0.389866 62.85616332393 0.21671416295 
0.390373 63.03701445890 0.21986852516 
0.390879 62.72666563908 0.21462487542 
0.391385 62.98189510406 0.22036510206 
0.391892 62.59098511343 0.21553348530 
0.392398 62.75142021449 0.22353753000 
0.392905 62.72765941377 0.22078480089 
0.393411 62.71693656999 0.22361657699 
0.393917 63.02171567528 0.22326671567 
0.394424 62.82834518433 0.21864976551 
0.394930 62.74518483375 0.22541031664 
0.395437 62.53055983508 0.22692824843 
0.395943 62.58991277062 0.22235140764 
0.396449 62.83700933600 0.37822195532 
0.396956 62.46087839169 0.22396580848 
0.397462 62.80978515230 0.22681745380 
0.397969 62.89176975838 0.23283970184 
0.398475 62.47037628082 0.22918587036 
0.398981 62.50067825266 0.23644130155 
0.399488 62.56176248282 0.23865338061 
0.399994 62.14626775014 0.24106635359 
0.400500 62.21829340313 0.24315440367 
0.401007 62.03832450287 0.23770812362 
0.401513 62.30500242018 0.24045942818 
0.402020 63.04949943889 0.24431322816 
0.402526 62.39550305224 0.24503475678 
0.403032 62.72900941786 0.24778407090 
0.403539 62.65711048801 0.25840644348 
0.404045 62.63947185113 0.24351401351 
0.404551 62.51713167944 0.27044418448 
0.405058 62.72776977789 0.27012850958 
0.405564 62.01284456337 0.25589945886 
0.406071 62.16709794325 0.25600309204 
0.406577 62.47920819559 0.25859801131 
0.407083 62.03687758688 0.25701145545 
0.407590 61.86264593882 0.26703355579 
0.408096 62.06808672059 0.27122737101 
0.408602 62.24214227861 0.28049713649 
0.409109 62.24517847679 0.26426668330 
0.409615 62.37692668874 0.26796756275 
0.410121 62.11004995261 0.26025819136 
0.410628 62.09157105413 0.26665747022 
0.411134 62.21660814119 0.26781085296 
0.411641 61.85547947868 0.26983429929 
0.412147 61.68174679120 0.26898534596 
0.412653 61.73381159279 0.27472870773 
0.413160 62.35232008304 0.26925361027 
0.413666 62.21877278081 0.27539989915 
0.414172 62.06922027725 0.27334924019 
0.414679 61.91034013759 0.26966932651 
0.415185 61.91173942097 0.28610941137 
0.415691 61.70551892145 0.26826388063 
0.416198 61.76323221962 0.27857208328 
0.416704 61.43691168205 0.28535027552 
0.417210 61.55169133688 0.27552187005 
0.417717 62.21032948323 0.29342872403 
0.418223 61.88524043427 0.27091634086 
0.418729 62.14802680888 0.27691422965 
0.419236 61.68214795475 0.28206288466 
0.419742 61.71355674968 0.27133887679 
0.420248 61.43068758244 0.27059579805 
0.420755 61.94159080846 0.28292461824 
0.421261 62.10403669612 0.27276612631 
0.421767 61.66112691306 0.27138739327 
0.422274 61.55027187066 0.28369318357 
0.422780 61.56967048417 0.28117591749 
0.423286 62.21139446661 0.29176121544 
0.423793 61.82483487148 0.28220913494 
0.424299 61.93071084906 0.30013138914 
0.424805 61.93223909235 0.27694391920 
0.425312 61.56955408950 0.29592737576 
0.425818 61.75873269981 0.29403433862 
0.426324 62.03462652099 0.30345707060 
0.426831 61.99138838507 0.28898653196 
0.427337 61.31140794799 0.30961891808 
0.427843 61.83053839770 0.30619841839 
0.428350 61.53685796034 0.30830392117 
0.428856 61.95188789095 0.30023763987 
0.429362 61.58712517143 0.29272011393 
0.429869 61.62062829682 0.30621044834 
0.430375 61.66525876283 0.31264275126 
0.430881 61.59184754201 0.32010350115 
0.431388 61.61333693368 0.31743591314 
0.431894 61.65919078665 0.32594796049 
0.432400 61.36147021732 0.33336980716 
0.432907 61.65858888869 0.30171250491 
0.433413 61.66386196345 0.33710976076 
0.433919 61.01667875606 0.33351884971 
0.434425 61.58354257102 0.33854203418 
0.434932 61.62129276051 0.34182780580 
0.435438 61.35401177860 0.34075734885 
0.435944 61.55135539473 0.34311897598 
0.436451 60.86591129491 0.34454528801 
0.436957 61.70104357526 0.35905793740 
0.437463 61.00757786807 0.34349749298 
0.437970 61.32392974905 0.34172357747 
0.438476 61.55236024147 0.35697429053 
0.438982 61.60724446681 0.37655695496 
0.439489 61.35498432623 0.36698559350 
0.439995 60.91468274807 0.35385400462 
0.440501 61.35469090441 0.36612290939 
0.441007 60.99618000016 0.37056986737 
0.441514 60.34317887627 0.39258325754 
0.442020 61.41212271706 0.39937227723 
0.442526 61.05441573731 0.37580871514 
0.443033 61.06048580113 0.40936464568 
0.443539 61.36056140417 0.38790116492 
0.444045 61.55479565307 0.40319357138 
0.444551 61.33589364774 0.41949441191 
0.445058 60.53918770680 0.40870154628 
0.445564 61.46204904761 0.43485273044 
0.446070 61.92507515724 0.43502977740 
0.446577 60.60100436521 0.44572949793 
0.447083 61.79295507317 0.46636028991 
0.447589 61.04554149962 0.46191745630 
0.448095 60.27603548852 0.46292432292 
0.448602 60.00829298145 0.46803798514 
0.449108 60.04186541972 0.47755498569 
0.449614 60.70567885296 0.51539253986 
0.450121 61.07206051423 0.51308551571 
0.450627 60.75985399263 0.51334308035 
0.451133 60.59325429380 0.51116225939 
0.451639 60.64943176060 0.52803806089 
0.452146 60.43633034965 0.53329485882 
0.452652 60.63752605926 0.55268165687 
0.453158 60.37697079291 0.57816491964 
0.453664 59.62402274567 0.57020218601 
0.454171 60.23656692024 0.57895373470 
0.454677 60.25021253114 0.61001034793 
0.455183 60.42726974482 0.60518689461 
0.455689 59.51234875641 0.61966277319 
0.456196 61.26329194797 0.65145979971 
0.456702 59.72769458300 0.62098846612 
0.457208 59.73422185899 0.65782486752 
0.457714 59.69589123370 0.73748674217 
0.458221 60.75735299702 0.74416044036 
0.458727 59.15712376624 0.76926811448 
0.459233 59.69525435473 0.79223131218 
0.459740 60.43792682149 0.87289970258 
0.460246 59.90218419658 0.89865419684 
0.460752 60.28020380632 0.98046592803 
0.461258 60.15856006074 0.93895784287 
0.461765 60.73381412569 1.06912858524 
0.462271 59.44477766224 1.05486900207 
0.462777 59.88388915873 1.20929998022 
0.463283 59.49089873197 1.22132720498 
0.463789 60.35254600645 1.36641995653 
0.464296 61.26902148413 1.36649146439 
0.464802 60.07368364012 1.30916748218 
0.465308 60.97018965945 1.52306207118 
0.465814 60.36009130968 1.67473399360 
0.466321 58.77151976883 1.71938612959 
0.466827 59.32422578937 1.83680049225 
0.467333 62.10835764494 2.00142524612 
0.467839 59.13858660868 1.93577025555 
0.468346 59.66903194936 2.41600948581 
0.468852 57.37274682603 2.50717391381 
0.469358 57.00125221703 2.78179259587 
0.469864 58.21311764722 2.80562918739 
0.470371 60.08668229611 3.86209164087 
0.470877 59.19326945631 4.49222857133 
0.471383 57.75059163896 5.49665159407 
0.471889 54.58463832147 7.08677056948 
0.472395 51.79125266494 5.53167140644 
0.472902 53.65531266424 12.75735852507 
