0.010896 1339.65191700952 16.09025767793 
0.011402 1197.31660266619 11.17806100800 
0.011909 1072.78701906340 11.15486057532 
0.012416 974.30392314585 9.69208699394 
0.012923 880.60898628430 6.99161491147 
0.013430 822.73653017553 10.73259825998 
0.013936 782.51438458099 9.00202479114 
0.014443 732.22396453110 7.04869053093 
0.014950 679.06640146423 6.92660099624 
0.015457 626.00060884950 5.73453703046 
0.015963 581.74309429161 5.00213978235 
0.016470 541.89450613466 4.24604193828 
0.016977 508.53794479589 3.87267924697 
0.017484 474.73503109241 3.17038777726 
0.017990 447.87682178245 3.11055399569 
0.018497 421.93399139202 2.58237538332 
0.019004 402.97753453645 2.42579102171 
0.019511 377.15041155225 2.25662380012 
0.020018 360.04221535293 2.15159194655 
0.020524 345.89392976228 1.93226815385 
0.021031 328.90608083262 1.80359700058 
0.021538 315.89280299398 1.73312371260 
0.022045 303.32168566761 1.57584922453 
0.022551 289.25225761661 1.55253468448 
0.023058 280.34292452487 1.49061780907 
0.023565 270.04259549144 1.59029276589 
0.024072 259.49827342809 1.78096334273 
0.024579 251.25989952345 1.71670511619 
0.025085 245.15477096293 2.11563070752 
0.025592 236.90092103953 2.10109563479 
0.026099 231.21860667554 2.19800708918 
0.026606 223.46090896326 1.67406015806 
0.027112 217.30519602809 1.75669368283 
0.027619 212.80780340938 1.56238391363 
0.028126 206.75463765289 1.52777051464 
0.028633 203.51764797011 1.34812197815 
0.029139 198.77449162108 1.19079233963 
0.029646 194.45006741309 1.11580595372 
0.030153 190.18999514513 1.14372515498 
0.030660 187.02591216499 1.07855169265 
0.031167 183.15860656744 0.93209346224 
0.031673 179.44810641794 0.89530431618 
0.032180 176.56721058252 0.88015446603 
0.032687 173.85675811578 0.87917893624 
0.033194 170.93698801390 0.81426608359 
0.033700 168.23937590662 0.75710200128 
0.034207 165.84843872748 0.75890096040 
0.034714 163.03642472498 0.75700430347 
0.035221 161.00615843521 0.73018840642 
0.035727 158.82800235349 0.66838030631 
0.036234 156.32271715935 0.68922724164 
0.036741 154.43194811728 0.65878642244 
0.037248 151.83570913254 0.67365141148 
0.037755 150.78365910693 0.60807748824 
0.038261 148.48969172488 0.62770504817 
0.038768 148.19096463415 0.56804668876 
0.039275 146.86709133148 0.61219769205 
0.039782 144.82684693762 0.55586460114 
0.040288 143.00359902239 0.56641294526 
0.040795 141.78770016403 0.54465995564 
0.041302 140.12694317672 0.56082767527 
0.041809 138.49747047106 0.56080224489 
0.042315 137.87815813942 0.57495006384 
0.042822 136.15153883161 0.53079404249 
0.043329 136.31236437412 0.55865584988 
0.043836 134.39450498696 0.51264726831 
0.044343 132.93136214873 0.51228324320 
0.044849 132.74524380172 0.51038609230 
0.045356 130.35967333230 0.52270659106 
0.045863 130.35433782412 0.49548018786 
0.046370 128.91889590619 0.51636868473 
0.046876 127.75017024406 0.49210709416 
0.047383 127.51273263435 0.51218195016 
0.047890 126.62399957418 0.47882658670 
0.048397 125.37740188248 0.48775382790 
0.048903 124.52789813562 0.48636052852 
0.049410 123.69897431813 0.48377243788 
0.049917 121.98761702086 0.47453111252 
0.050424 123.02929508072 0.46303361564 
0.050931 122.38337319830 0.46375084996 
0.051437 121.69288200745 0.46439026938 
0.051944 120.86826988830 0.45752534854 
0.052451 119.91297629907 0.45995049966 
0.052958 119.08395759405 0.42781949988 
0.053464 118.54942388385 0.45955285608 
0.053971 117.77659490866 0.43505842914 
0.054478 116.65580645975 0.44804173168 
0.054985 115.63522143637 0.43995358546 
0.055491 116.00081791300 0.43718723419 
0.055998 114.98933365063 0.43134804427 
0.056505 114.48083481990 0.43634670831 
0.057012 113.96921731316 0.43513550886 
0.057519 113.31038881354 0.43899433665 
0.058025 112.99699605720 0.39741395197 
0.058532 111.59670112014 0.42711597542 
0.059039 111.56235744285 0.42587006395 
0.059546 111.20486674954 0.42958697857 
0.060052 110.61058553688 0.41675897633 
0.060559 109.66074907194 0.39576398052 
0.061066 109.60580600736 0.39882871450 
0.061573 108.72415868868 0.40172645154 
0.062079 108.29486403580 0.38771073887 
0.062586 107.49754412073 0.41138739930 
0.063093 108.28313041597 0.39125332265 
0.063600 107.84246253371 0.38029166270 
0.064106 106.68704873784 0.38389323108 
0.064613 106.67051807422 0.39033940406 
0.065120 105.40780557812 0.38020794468 
0.065627 105.14886638138 0.38229474878 
0.066134 105.81276612565 0.37745997968 
0.066640 104.96189894932 0.37088345600 
0.067147 104.99144907080 0.38021189563 
0.067654 104.10798310669 0.38489044774 
0.068161 103.74218413284 0.37241367469 
0.068667 103.51355245106 0.34666193342 
0.069174 103.35641902950 0.36576824961 
0.069681 102.83768068524 0.36923711940 
0.070188 102.11959237912 0.34844951141 
0.070694 102.44913568729 0.36608278164 
0.071201 100.92004912110 0.35979938765 
0.071708 102.19601610191 0.35384909720 
0.072215 101.43792416539 0.34843607579 
0.072721 101.01858314143 0.33986890986 
0.073228 100.65766082605 0.34956754512 
0.073735 100.43936832266 0.35457120327 
0.074242 100.66153285303 0.35347314733 
0.074748 99.25301025512 0.34233767966 
0.075255 99.80978470379 0.33899702554 
0.075762 99.22672804618 0.35324412976 
0.076269 98.77348893719 0.34001132276 
0.076776 98.81846390358 0.33824174429 
0.077282 99.03828936443 0.32409713335 
0.077789 97.75281974188 0.32171047476 
0.078296 97.60403223740 0.32189181939 
0.078803 97.46909809083 0.31988511309 
0.079309 97.83319944644 0.32071192940 
0.079816 97.42180160393 0.32071253352 
0.080323 97.21057424550 0.33416595301 
0.080830 97.03747148897 0.34184627094 
0.081336 97.16372739290 0.33459992995 
0.081843 97.62821501647 0.33906085627 
0.082350 96.63964255859 0.32282813537 
0.082857 96.11180630881 0.32247565302 
0.083363 96.25429203628 0.33323437973 
0.083870 96.20082933204 0.32611167296 
0.084377 96.26760685413 0.33056605734 
0.084884 95.78140162748 0.33362656100 
0.085390 95.60603846077 0.33793585692 
0.085897 96.14940350136 0.32578466451 
0.086404 95.62656124495 0.33507630938 
0.086911 95.57630015417 0.31837891054 
0.087417 94.80776731936 0.32461275123 
0.087924 95.00374878139 0.34165978211 
0.088431 95.29201847389 0.32210777362 
0.088938 94.46536661073 0.33105472143 
0.089444 94.70503892048 0.33296192600 
0.089951 93.84832765440 0.33031933109 
0.090458 94.16974241920 0.33613417809 
0.090965 93.87750676263 0.33209189514 
0.091471 94.25760170057 0.32890972533 
0.091978 93.59231654700 0.32060587271 
0.092485 92.77752383351 0.33631537454 
0.092992 93.18823243605 0.32991982671 
0.093498 93.42490236599 0.34624988790 
0.094005 92.97071752164 0.34295728778 
0.094512 92.10086411547 0.32763432954 
0.095019 92.84769682024 0.33042230448 
0.095525 92.32576049131 0.32555205910 
0.096032 92.22629414408 0.33703636895 
0.096539 91.44341060400 0.32154877477 
0.097046 92.23302012762 0.32135970496 
0.097552 91.61884118172 0.33140327889 
0.098059 91.82974502511 0.31882483173 
0.098566 92.32339885277 0.32316589866 
0.099073 91.44454135204 0.32546171067 
0.099579 91.06941232220 0.31763372209 
0.100086 91.72440692614 0.32363206722 
0.100593 91.07559260248 0.31160163371 
0.101100 91.13870505334 0.32409645765 
0.101606 90.76476620901 0.32011648040 
0.102113 90.11298681216 0.30963637654 
0.102620 89.41322349363 0.29997810278 
0.103127 89.40060254549 0.30268021151 
0.103633 88.78656064113 0.28848277193 
0.104140 88.70435319386 0.29281283466 
0.104647 88.59586697644 0.29365803230 
0.105154 88.61871246312 0.30512141185 
0.105660 88.95918784959 0.31636911669 
0.106167 87.88523756320 0.28913017993 
0.106674 88.82776709062 0.31264584586 
0.107181 88.03851385271 0.29465900557 
0.107687 87.71161114024 0.31047773282 
0.108194 88.07935890488 0.29699048735 
0.108701 88.13888173650 0.29081010516 
0.109208 87.68735442716 0.29117202330 
0.109714 87.38884453509 0.29815638041 
0.110221 87.25977382201 0.28699066832 
0.110728 87.58746733731 0.28249108523 
0.111235 86.99726585962 0.28686009610 
0.111741 87.15969362183 0.28841928771 
0.112248 87.10609829295 0.27924539755 
0.112755 87.20551172599 0.28569609901 
0.113262 86.65033367900 0.28372999137 
0.113768 86.85550308016 0.28250519028 
0.114275 86.55425266959 0.27627654562 
0.114782 86.67722015071 0.27672520414 
0.115289 86.87941409530 0.27227541298 
0.115795 86.43287381342 0.26920953143 
0.116302 86.55099369660 0.27216858060 
0.116809 86.33705049496 0.27238189226 
0.117316 86.39735508931 0.27334076731 
0.117822 86.73549626449 0.28223211681 
0.118329 86.39894243728 0.27151526319 
0.118836 85.69661225046 0.26171370509 
0.119342 86.03043681272 0.26108127720 
0.119849 85.60337059941 0.26533891450 
0.120356 85.68398669677 0.26664670112 
0.120863 85.74483724739 0.27063863813 
0.121369 85.93580434106 0.25971410900 
0.121876 85.65073734425 0.25891936266 
0.122383 85.38128231656 0.26285052795 
0.122890 85.63530494952 0.26738188231 
0.123396 85.47656835289 0.25987422288 
0.123903 85.17866308403 0.25786369852 
0.124410 85.49201309524 0.25984891361 
0.124917 84.67575189795 0.26617677340 
0.125423 84.96136328834 0.25211472493 
0.125930 84.85044069719 0.25958648251 
0.126437 84.65869125939 0.25078820366 
0.126944 84.65414568562 0.25094028378 
0.127450 84.60910720631 0.25714821875 
0.127957 84.50417362887 0.24982975372 
0.128464 84.04934567514 0.26130635430 
0.128970 84.33175366789 0.24943400300 
0.129477 84.40178669652 0.25783315138 
0.129984 84.49724759099 0.25522173189 
0.130491 84.34402607604 0.24553658933 
0.130997 83.98194127757 0.25312859195 
0.131504 83.99788289823 0.24597729898 
0.132011 84.23854532349 0.25304233028 
0.132518 83.81787012235 0.25081948099 
0.133024 83.65951109910 0.24647932092 
0.133531 83.85053111449 0.24971429017 
0.134038 83.73239658897 0.24910791543 
0.134545 83.75635106743 0.24768657632 
0.135051 83.77912350294 0.24321425642 
0.135558 83.38645747505 0.24404276054 
0.136065 83.75137463193 0.23932740506 
0.136571 83.47715532011 0.25095471078 
0.137078 83.29259596344 0.24696271677 
0.137585 82.84591050530 0.24826523566 
0.138092 83.60471837893 0.24931281048 
0.138598 83.11123254995 0.24801264405 
0.139105 82.78069824631 0.24440105967 
0.139612 83.21809889378 0.23989647791 
0.140119 82.65686466167 0.23910964426 
0.140625 82.71195799550 0.24106116024 
0.141132 82.68593959036 0.24285267689 
0.141639 82.56484058687 0.24503471220 
0.142145 82.54927155941 0.23817653707 
0.142652 82.51548482722 0.24541720227 
0.143159 82.21066529102 0.23715324112 
0.143666 82.46923564958 0.24547697335 
0.144172 82.66168165640 0.24303612440 
0.144679 82.29301572034 0.24833438394 
0.145186 82.39114121268 0.24327455156 
0.145692 82.01766896194 0.24469228306 
0.146199 81.63380133499 0.24170870513 
0.146706 81.95878290163 0.24272185954 
0.147213 81.78878073769 0.24102996383 
0.147719 81.85458178863 0.24016135730 
0.148226 81.36885896148 0.24523205163 
0.148733 81.58644238273 0.25088903181 
0.149240 81.35988473019 0.24015001120 
0.149746 81.70629444312 0.24017025771 
0.150253 81.57396193946 0.23792883044 
0.150760 81.32180372708 0.24587524526 
0.151266 80.96977426521 0.24237853134 
0.151773 80.82191909614 0.23818268681 
0.152280 80.70777110910 0.23832029124 
0.152787 80.96052358566 0.23817994583 
0.153293 80.72408892613 0.23590796840 
0.153800 80.55616942242 0.24646038420 
0.154307 80.55691389874 0.24239334729 
0.154813 80.44786550606 0.23835701715 
0.155320 80.33539221021 0.23494046583 
0.155827 80.35769879850 0.23547664983 
0.156334 80.38912738131 0.24078851836 
0.156840 80.33706190299 0.24272345985 
0.157347 80.27865869855 0.23497309504 
0.157854 80.15858417103 0.23995399452 
0.158360 79.74525760605 0.23670964305 
0.158867 80.10325121904 0.23468879505 
0.159374 80.08039756424 0.23166998711 
0.159881 79.79908584279 0.23759278217 
0.160387 79.96833988646 0.23016388974 
0.160894 79.88725060623 0.23503897580 
0.161401 79.72106147228 0.22904757333 
0.161907 79.34153519566 0.23890958004 
0.162414 79.57511268997 0.23172674005 
0.162921 79.62190484869 0.23505332934 
0.163427 79.69356874906 0.23307052246 
0.163934 79.09401108276 0.23269020187 
0.164441 79.46273792466 0.23582429325 
0.164948 79.17861190456 0.23091430060 
0.165454 79.25563904910 0.23049919524 
0.165961 79.19060600911 0.22949453855 
0.166468 79.06861463235 0.23283664669 
0.166974 78.90418089253 0.22683438799 
0.167481 79.01763727262 0.22508585935 
0.167988 78.84662874378 0.21756799576 
0.168495 78.70233073977 0.23088417056 
0.169001 78.67989683158 0.23878661756 
0.169508 78.98893883683 0.23444157317 
0.170015 78.97257045047 0.23053527395 
0.170521 79.11135398659 0.23541583547 
0.171028 78.81959393806 0.23547978933 
0.171535 79.17085734930 0.23350573631 
0.172041 78.90888347600 0.23369516288 
0.172548 78.87222542924 0.23519205258 
0.173055 79.03433775768 0.23762859229 
0.173562 78.68639371905 0.23415100496 
0.174068 78.72351768839 0.23224042548 
0.174575 78.90042569428 0.23797842029 
0.175082 78.75010195292 0.22987821328 
0.175588 79.08618816586 0.23709297623 
0.176095 78.97946070648 0.23583727689 
0.176602 78.66475189748 0.23490417030 
0.177108 79.02930026027 0.23263240819 
0.177615 78.84531640629 0.23727248974 
0.178122 78.38834801733 0.23613020673 
0.178629 78.82922978832 0.24075925522 
0.179135 78.36771708483 0.23787542233 
0.179642 78.81324275534 0.23558374880 
0.180149 78.40663291563 0.23414597555 
0.180655 78.81288359215 0.23377463580 
0.181162 78.45164217262 0.23848356901 
0.181669 78.71249108566 0.24229592766 
0.182175 78.30216650155 0.23989607190 
0.182682 78.56875502718 0.24044586256 
0.183189 78.79065064250 0.24534203812 
0.183695 78.73492090168 0.24463104702 
0.184202 78.25631035279 0.24144405245 
0.184709 78.79436145458 0.24254109683 
0.185216 78.55368575761 0.24170263360 
0.185722 78.20371077883 0.25131741196 
0.186229 77.64597920023 0.24389630274 
0.186736 77.99658568132 0.24574455269 
0.187242 78.10056323250 0.24003329640 
0.187749 77.74798171033 0.24588542467 
0.188256 77.84290913977 0.24615013474 
0.188762 77.40586187060 0.24729209877 
0.189269 77.02700744780 0.24173070239 
0.189776 77.62113626053 0.24475339184 
0.190282 77.68053035645 0.24627182962 
0.190789 77.54155980353 0.24382451714 
0.191296 77.54439761621 0.24757589807 
0.191802 77.31659307307 0.24173763443 
0.192309 77.07695297445 0.24311634436 
0.192816 76.76116191490 0.23488668678 
0.193323 76.55026781094 0.23354365502 
0.193829 76.58402911450 0.23641968882 
0.194336 76.47725566260 0.23377038496 
0.194843 76.35706540701 0.23634223157 
0.195349 76.20034214005 0.23468723061 
0.195856 76.41658115562 0.23046623039 
0.196363 76.41935543226 0.23386232058 
0.196869 76.09633272703 0.23475889819 
0.197376 76.19222203212 0.22101246168 
0.197883 76.13382996357 0.23064252697 
0.198389 75.94154863732 0.23257726720 
0.198896 75.77885558230 0.22135550465 
0.199403 75.93133416707 0.22369044515 
0.199909 75.81685919925 0.22568228617 
0.200416 75.84490223673 0.22282121748 
0.200923 75.80262875979 0.22196033171 
0.201429 75.45628818010 0.22038590784 
0.201936 75.92582060040 0.22155155828 
0.202443 75.83480536392 0.21658500496 
0.202949 75.43697545006 0.22113111949 
0.203456 75.43724193387 0.21788394418 
0.203963 75.67881179965 0.21882429059 
0.204469 75.27714958004 0.21566727821 
0.204976 75.54147374257 0.21741713783 
0.205483 75.56785679802 0.21468037223 
0.205989 75.41622156864 0.21582477697 
0.206496 75.23699843698 0.21833544547 
0.207003 75.30072544928 0.21215993746 
0.207509 75.49804326120 0.21879906054 
0.208016 75.45115390433 0.21334077620 
0.208523 74.99202133347 0.21129253908 
0.209029 74.74376743517 0.21000270441 
0.209536 74.85120625930 0.20647131036 
0.210043 75.09446475655 0.21545868819 
0.210549 74.88280372727 0.21252166128 
0.211056 74.86893115491 0.20863007545 
0.211563 74.87769490255 0.20978581845 
0.212069 75.11641677473 0.21498043579 
0.212576 74.83179751851 0.20776453633 
0.213083 74.62956654860 0.20542331025 
0.213589 74.92726433237 0.20676236289 
0.214096 74.43326684868 0.20890694021 
0.214603 74.38539935832 0.20850215894 
0.215109 74.54994917460 0.20755827630 
0.215616 74.87513309986 0.20216559941 
0.216123 74.32083130567 0.20088092097 
0.216629 74.60828550290 0.20599573282 
0.217136 74.47946412013 0.20051174622 
0.217643 74.14465182413 0.20588351771 
0.218149 74.27556019005 0.20993452221 
0.218656 73.90074715323 0.20786904787 
0.219163 74.25017508068 0.21003325328 
0.219669 73.92882358837 0.20784881195 
0.220176 74.38689552345 0.20900726357 
0.220683 73.80458086984 0.20970127044 
0.221189 73.73819368712 0.20752857135 
0.221696 73.75568453689 0.20662150104 
0.222203 73.93010557472 0.20497011423 
0.222709 73.63509618318 0.20244111191 
0.223216 73.69922930082 0.20270307935 
0.223722 73.76418022671 0.20280319510 
0.224229 73.99208968845 0.20638469148 
0.224736 73.62605155520 0.20138120353 
0.225242 73.63280755385 0.20478570952 
0.225749 73.51149681821 0.20086346797 
0.226256 73.48729989405 0.20421034610 
0.226762 73.63022303556 0.20611357867 
0.227269 73.50275671723 0.20577885352 
0.227776 73.42883827287 0.20588286820 
0.228282 73.14660712796 0.19799655288 
0.228789 73.32896023235 0.20220572993 
0.229296 73.37984427696 0.20489352965 
0.229802 73.08807558345 0.19583992792 
0.230309 73.02019214117 0.20407935125 
0.230816 72.99640778308 0.19820191210 
0.231322 73.14272598127 0.20048502908 
0.231829 73.14649035718 0.19675273790 
0.232335 73.02899328995 0.19956008042 
0.232842 72.74000698934 0.20089816903 
0.233349 72.75765967534 0.19698826792 
0.233855 72.95491250134 0.19998710710 
0.234362 72.85222601090 0.20155470986 
0.234869 72.45405368907 0.19896929922 
0.235375 72.71460973167 0.19920459036 
0.235882 72.77785828689 0.20148796293 
0.236389 72.76605683114 0.20203744796 
0.236895 72.25803147963 0.19660293200 
0.237402 72.23518008305 0.19737831047 
0.237908 72.22298209389 0.19853219168 
0.238415 72.14882493287 0.19926232578 
0.238922 72.20603900297 0.19733642090 
0.239428 72.20707871907 0.19881680443 
0.239935 71.90478788403 0.19787551169 
0.240442 71.99331790911 0.19689830938 
0.240948 71.95411711184 0.19997502081 
0.241455 71.85425030821 0.19926978037 
0.241962 72.05254746367 0.19719560228 
0.242468 71.83268348874 0.19631716174 
0.242975 71.87214718695 0.19497840168 
0.243481 71.63075994729 0.20002512720 
0.243988 71.79417119786 0.19826076095 
0.244495 71.61985694354 0.19948820940 
0.245001 71.68653168732 0.19602633751 
0.245508 71.70625322004 0.19686671169 
0.246015 71.78326972083 0.19548715439 
0.246521 71.38903731309 0.19831526145 
0.247028 71.66753391147 0.19664482621 
0.247534 71.80803297713 0.19848811985 
0.248041 71.53132958450 0.19245062111 
0.248548 71.50952568992 0.19548379242 
0.249054 71.84768556054 0.19829539674 
0.249561 71.25560214321 0.20097605132 
0.250068 71.22257768538 0.19529964636 
0.250574 71.28991078963 0.20033774862 
0.251081 71.33230665901 0.19567081126 
0.251587 71.22507865234 0.19708383340 
0.252094 71.06305602298 0.19733018590 
0.252601 70.83138196880 0.19539822988 
0.253107 71.03083262483 0.19742655985 
0.253614 71.20176780152 0.19858979592 
0.254120 71.06630215185 0.19685356923 
0.254627 70.86481138272 0.19476589106 
0.255134 70.95770877793 0.19502062331 
0.255640 70.76899545613 0.19486147383 
0.256147 70.81507884488 0.19389610711 
0.256654 70.81020710695 0.19830142301 
0.257160 70.98951677069 0.19385224397 
0.257667 71.36848442131 0.19551433129 
0.258173 71.30982621492 0.19412229046 
0.258680 71.25548967186 0.19922703338 
0.259187 71.52662831559 0.19275243639 
0.259693 71.36774351831 0.19295611191 
0.260200 71.51809814924 0.19890433884 
0.260706 71.23752353680 0.19267090925 
0.261213 71.48575941020 0.19197785748 
0.261720 71.62358297090 0.19534670694 
0.262226 71.60961119994 0.19233966980 
0.262733 71.60080711764 0.19344805525 
0.263239 71.52018271022 0.19458583719 
0.263746 71.45730165500 0.19053904574 
0.264253 71.60914510970 0.19407367018 
0.264759 71.46461533476 0.19108587505 
0.265266 71.81396815450 0.19079516962 
0.265772 71.44729779293 0.18948736880 
0.266279 71.74271777802 0.19118935097 
0.266786 71.53237243179 0.19217439992 
0.267292 71.50310636171 0.19306543892 
0.267799 71.54764330343 0.19138953282 
0.268305 71.74305004612 0.19330603256 
0.268812 71.68432722325 0.19325578690 
0.269319 71.43526330536 0.18552439994 
0.269825 71.60653060102 0.19089655456 
0.270332 71.79845315804 0.19096330407 
0.270838 71.74693768634 0.19134407939 
0.271345 71.97105987565 0.19079756717 
0.271852 72.04729421600 0.19066221016 
0.272358 71.88905748104 0.19237070851 
0.272865 72.41167640561 0.19471167065 
0.273371 72.35301758377 0.19333480672 
0.273878 72.18111291605 0.19438442724 
0.274385 72.26103167812 0.19387635791 
0.274891 72.36624166458 0.19299236224 
0.275398 72.47803287575 0.18863971432 
0.275904 72.12550012812 0.18738820452 
0.276411 72.37374302984 0.18345684308 
0.276917 72.43442125298 0.18228848288 
0.277424 72.16309921419 0.18822156678 
0.277931 72.24571713636 0.18500614755 
0.278437 72.17873662643 0.18234931490 
0.278944 72.31667190341 0.18540733179 
0.279450 72.23387353314 0.18486912325 
0.279957 71.86326834260 0.18691555157 
0.280464 72.20692199454 0.18005576425 
0.280970 72.06651321734 0.17872442048 
0.281477 72.18913561071 0.17998401755 
0.281983 72.10396580136 0.18203349931 
0.282490 72.17160095018 0.18192587102 
0.282996 71.90850743669 0.18050084224 
0.283503 72.29337648162 0.18012895479 
0.284010 71.97829825134 0.17737701515 
0.284516 71.85745460253 0.17908826226 
0.285023 71.65509583495 0.17755246769 
0.285529 71.83039249682 0.17842416340 
0.286036 71.70001066875 0.17240016265 
0.286542 71.60637535099 0.17203349020 
0.287049 71.59009818505 0.17473394756 
0.287556 71.58971407455 0.17740396689 
0.288062 71.51964660864 0.17270971024 
0.288569 71.39464735089 0.17184447908 
0.289075 71.43851909294 0.17160839068 
0.289582 71.30274009703 0.17135798836 
0.290088 70.97496274653 0.16741381339 
0.290595 71.22854091034 0.16741702976 
0.291102 71.12020221241 0.17047598707 
0.291608 71.29813553142 0.16926712525 
0.292115 71.11657832643 0.16612554647 
0.292621 71.11954200951 0.16634027531 
0.293128 70.81688937001 0.16658202876 
0.293634 71.17515101267 0.16641259939 
0.294141 71.32715464885 0.16821885531 
0.294647 70.81415665878 0.16754538563 
0.295154 71.07376325413 0.16532548925 
0.295661 71.04541167820 0.16380764034 
0.296167 70.89896662468 0.16454085970 
0.296674 71.07488437567 0.16814915155 
0.297180 70.97554795346 0.16700937016 
0.297687 70.66312061519 0.16407488305 
0.298193 70.77476657941 0.16754364809 
0.298700 70.59240458503 0.16454329882 
0.299207 70.69747886768 0.16564381734 
0.299713 70.45727137177 0.16571800822 
0.300220 70.46732937987 0.16420080863 
0.300726 70.36116431929 0.16388025127 
0.301233 70.55136150553 0.16297680646 
0.301739 70.17629910383 0.16497077340 
0.302246 70.36155701809 0.16574747613 
0.302752 70.22359487693 0.15786547557 
0.303259 70.37578682555 0.16294140868 
0.303765 70.07482514955 0.16402684966 
0.304272 70.14271841717 0.15725356792 
0.304779 70.12621750632 0.16067183670 
0.305285 70.10292553482 0.15878011079 
0.305792 69.97980609654 0.15923166930 
0.306298 70.08513574654 0.15969222832 
0.306805 70.04990033655 0.16221557399 
0.307311 70.00941257066 0.16165769539 
0.307818 69.88477740404 0.15693409884 
0.308324 69.80872499975 0.15630123954 
0.308831 69.65104974979 0.15761045214 
0.309337 69.42473332662 0.15533063256 
0.309844 69.11500000225 0.15611984490 
0.310350 68.93425833428 0.15295664794 
0.310857 68.77125995925 0.15093270239 
0.311364 68.69133715197 0.14874004981 
0.311870 68.34363678212 0.15056977326 
0.312377 67.99602715278 0.14954057491 
0.312883 68.26029699294 0.14833645705 
0.313390 68.01837284562 0.14540983872 
0.313896 68.09670294409 0.14620291205 
0.314403 67.85323427740 0.14794613594 
0.314909 67.78004278317 0.14627258423 
0.315416 67.48629420580 0.14569127500 
0.315922 67.21538393098 0.14461854792 
0.316429 67.22609513086 0.14329119123 
0.316935 67.04108982986 0.13980619289 
0.317442 67.28774687338 0.14314752868 
0.317948 66.92563262402 0.14117015774 
0.318455 66.85729417264 0.14158139530 
0.318961 66.95874179719 0.14258912176 
0.319468 66.77562048982 0.14235113196 
0.319975 66.77239159614 0.14205477757 
0.320481 66.64591916397 0.14189084848 
0.320988 66.88628612705 0.14139961034 
0.321494 66.60588192187 0.14094219151 
0.322001 66.46852076156 0.15580041592 
0.322507 66.53451279115 0.14073522184 
0.323014 66.43476290018 0.14266416499 
0.323520 66.96712795879 0.14379659937 
0.324027 66.43506492318 0.14313119100 
0.324533 66.60441438442 0.14281373498 
0.325040 66.69408233552 0.14121771792 
0.325546 66.50274263793 0.13973738078 
0.326053 66.23536166209 0.13763300484 
0.326559 66.34676386080 0.13852121926 
0.327066 66.31253553296 0.13855160925 
0.327572 66.07064963887 0.13779302823 
0.328079 66.46345071945 0.13627694669 
0.328585 66.26055482043 0.13854633170 
0.329092 66.06339075579 0.13803725303 
0.329598 65.69037334682 0.13532283100 
0.330105 66.02683689370 0.14076708763 
0.330611 66.08597481928 0.13868138801 
0.331118 66.00960922277 0.13831253361 
0.331624 65.87619360785 0.13487545764 
0.332131 66.12417859774 0.13965748642 
0.332637 65.91835200727 0.13938343280 
0.333144 65.82557647952 0.13886745527 
0.333650 65.69360349179 0.13924329265 
0.334157 65.68981858928 0.14272547309 
0.334663 65.87884498006 0.14000842587 
0.335170 65.65734428592 0.14060881872 
0.335676 65.46861001473 0.13794174935 
0.336183 65.72206601711 0.14352631941 
0.336689 65.43667993168 0.13925170234 
0.337196 65.41546582007 0.13572372120 
0.337702 65.52558720579 0.13907147813 
0.338209 65.50240607470 0.14225844290 
0.338715 65.45891213705 0.13797098377 
0.339222 65.52292046236 0.14053820166 
0.339728 65.51701837410 0.13853101064 
0.340235 65.38249662283 0.25106965033 
0.340741 65.48319040653 0.13964276262 
0.341248 65.51857956583 0.13767754695 
0.341754 65.26030094747 0.13873018000 
0.342261 65.39438124622 0.14310545443 
0.342767 65.08705420621 0.13894943029 
0.343274 65.15686231587 0.13967784452 
0.343780 65.26706091838 0.14009404083 
0.344287 65.00340684305 0.14197595827 
0.344793 65.15099256404 0.13921556433 
0.345300 65.30173857336 0.13840991216 
0.345806 65.27613463702 0.14043279124 
0.346313 65.28747482511 0.14462122668 
0.346819 64.88100835710 0.14215242673 
0.347325 65.04861992398 0.14485256021 
0.347832 64.81035673399 0.14605415649 
0.348338 64.93125988351 0.14665052562 
0.348845 65.11049296699 0.14374031471 
0.349351 64.83960746226 0.14782654770 
0.349858 64.49569840343 0.14765944882 
0.350364 64.65233400574 0.14758186052 
0.350871 64.49451245541 0.14746779670 
0.351377 64.50075123676 0.14541222536 
0.351884 64.32704232306 0.14932301466 
0.352390 64.33620610613 0.14803989231 
0.352897 64.48828242862 0.14682721057 
0.353403 64.05934569862 0.15325270279 
0.353910 64.35745926321 0.15160735690 
0.354416 64.27660970822 0.15159994488 
0.354923 64.33714832564 0.15088669454 
0.355429 64.30613630427 0.15070086427 
0.355935 64.13740451199 0.15052811899 
0.356442 64.15859370791 0.15424082313 
0.356948 63.96170705901 0.15550235370 
0.357455 63.72422712695 0.15325355433 
0.357961 63.98455308981 0.15664971533 
0.358468 63.95909764168 0.15682906449 
0.358974 63.76899274446 0.22215542248 
0.359481 63.88985991512 0.20395629441 
0.359987 63.65959508246 0.20106614062 
0.360494 63.75240619208 0.19041325430 
0.361000 64.09625053712 0.19025026365 
0.361506 63.77592182570 0.18548780969 
0.362013 63.70810515717 0.18831477034 
0.362519 63.69662923395 0.18223005688 
0.363026 63.90126206382 0.18672468663 
0.363532 63.89694592310 0.18719520008 
0.364039 63.71835437697 0.18160823214 
0.364545 63.68631415179 0.17839670265 
0.365052 63.64271547282 0.18427842838 
0.365558 63.63648070934 0.18428261769 
0.366064 63.82762387233 0.18139362221 
0.366571 63.69882274503 0.18739249438 
0.367077 63.96433026653 0.18511417009 
0.367584 63.61950805755 0.18718821436 
0.368090 63.63520003675 0.18507789793 
0.368597 63.48198266255 0.18757143058 
0.369103 63.45506579029 0.18686233404 
0.369610 63.79468122643 0.19261006167 
0.370116 63.40652973179 0.18609241186 
0.370622 63.78776895560 0.19106180587 
0.371129 63.55950430716 0.18962207850 
0.371635 63.41030964463 0.19044991806 
0.372142 63.71953231483 0.19711081660 
0.372648 63.58211402226 0.19376284368 
0.373155 63.54995418392 0.19611322567 
0.373661 63.78834856803 0.19706110506 
0.374167 63.91529105263 0.19973264400 
0.374674 63.31187669193 0.19988445111 
0.375180 63.53579312221 0.19300654558 
0.375687 63.45700201645 0.19751156974 
0.376193 63.47912624215 0.19949695376 
0.376700 63.29982233611 0.19594270784 
0.377206 63.20311792560 0.19646868778 
0.377712 63.48045688362 0.19989110862 
0.378219 63.04982706770 0.20096369657 
0.378725 63.35923801244 0.20468957018 
0.379232 63.33416951618 0.20645909494 
0.379738 63.37307293248 0.20586118317 
0.380245 63.22949276569 0.20897918500 
0.380751 63.06909918212 0.20506548162 
0.381257 63.08720581664 0.21011406988 
0.381764 63.22857093066 0.20457749810 
0.382270 62.62278217468 0.20761611535 
0.382777 63.39444515571 0.20918414913 
0.383283 62.63212704992 0.20492229632 
0.383789 63.04030441714 0.21014248946 
0.384296 63.28050260920 0.20953671705 
0.384802 63.26185088085 0.20986274481 
0.385309 63.52162765820 0.21039584964 
0.385815 62.84522859970 0.20927283567 
0.386321 63.07182399188 0.21528089674 
0.386828 63.18643157999 0.22124275779 
0.387334 63.12315050573 0.21683473186 
0.387841 63.15193812469 0.21632990721 
0.388347 62.95400969696 0.21230961144 
0.388853 62.61728956140 0.21464126149 
0.389360 63.02808726866 0.21737136439 
0.389866 62.80755715792 0.21280196044 
0.390373 63.07885095569 0.22052632708 
0.390879 62.71824607143 0.21626146395 
0.391385 62.65993525341 0.22254054343 
0.391892 62.80562957656 0.21846498900 
0.392398 62.84424371338 0.21626643586 
0.392905 62.51742803097 0.21743126379 
0.393411 62.63772286577 0.21958262957 
0.393917 62.90536003794 0.22434161018 
0.394424 63.04940478025 0.22510254469 
0.394930 62.82791951036 0.22095684371 
0.395437 62.85789258183 0.22430230228 
0.395943 62.62617407454 0.23208657009 
0.396449 62.69197242167 0.33925364873 
0.396956 62.65270136537 0.23062609800 
0.397462 62.80506058633 0.23342506380 
0.397969 62.67270866336 0.22924968146 
0.398475 62.37133854183 0.23402940817 
0.398981 62.66388086290 0.23589841026 
0.399488 62.60806381448 0.23322502287 
0.399994 62.48708383200 0.23818491542 
0.400500 62.46310131654 0.23653131368 
0.401007 62.67745426091 0.23900427269 
0.401513 62.55555695952 0.24038951436 
0.402020 61.94610238354 0.24602777138 
0.402526 62.67202597371 0.25077568851 
0.403032 62.40854486380 0.24685736831 
0.403539 62.65426313696 0.25428817790 
0.404045 62.45824662639 0.24780884289 
0.404551 62.40629973867 0.26621381505 
0.405058 62.43449333976 0.27045576351 
0.405564 61.96230534868 0.26022203697 
0.406071 62.30758871590 0.25527241536 
0.406577 62.26915692366 0.25239579994 
0.407083 61.99324329744 0.26146503751 
0.407590 62.35004390266 0.26395510645 
0.408096 62.13596286446 0.26962886067 
0.408602 62.17764274973 0.27254030911 
0.409109 61.98920157547 0.26200665782 
0.409615 62.21725218796 0.27479548058 
0.410121 62.35221399902 0.26495938695 
0.410628 62.37674441793 0.26123214071 
0.411134 61.93522492753 0.26296069254 
0.411641 62.39925142007 0.26854457000 
0.412147 61.70812529020 0.27480792558 
0.412653 62.03162476163 0.27041610953 
0.413160 62.14598000328 0.26569070972 
0.413666 62.43014961168 0.26719700610 
0.414172 61.72211104734 0.27564581036 
0.414679 61.66190084407 0.26599618558 
0.415185 62.03433649587 0.28713839054 
0.415691 62.08443209685 0.27229141517 
0.416198 61.97354381763 0.27378901508 
0.416704 61.60297359339 0.27329548183 
0.417210 61.85570761956 0.28164546258 
0.417717 61.89107066077 0.28783103805 
0.418223 61.94738515115 0.27709406557 
0.418729 61.74082903357 0.27667318769 
0.419236 61.39375636431 0.27390671070 
0.419742 61.68384569510 0.27726914423 
0.420248 61.68656979224 0.27333860690 
0.420755 61.72157657695 0.27903740926 
0.421261 61.66766901914 0.27025236392 
0.421767 61.69694058449 0.28692428396 
0.422274 61.62443729216 0.27829701766 
0.422780 61.73279161795 0.28275743241 
0.423286 61.86245514940 0.28196412113 
0.423793 61.18613026481 0.27949110440 
0.424299 61.90351350307 0.29569804093 
0.424805 61.76776161871 0.28301767401 
0.425312 61.65904422830 0.29173181373 
0.425818 61.86785366065 0.28700022537 
0.426324 61.48829552352 0.29495273728 
0.426831 61.76058989546 0.29926154973 
0.427337 61.93588029768 0.29325751935 
0.427843 61.76564454040 0.30333761705 
0.428350 61.52554692927 0.30365334751 
0.428856 61.46855166204 0.30040325948 
0.429362 61.54465106372 0.30757300950 
0.429869 61.58846910731 0.30832376757 
0.430375 61.36451647534 0.31485190390 
0.430881 61.35611404348 0.32285765597 
0.431388 60.97346527357 0.31728474797 
0.431894 61.68772086616 0.30131391931 
0.432400 61.57991485883 0.33201017985 
0.432907 61.51174052247 0.31913468466 
0.433413 61.86226085222 0.33236546153 
0.433919 61.81083802430 0.32642546144 
0.434425 61.49915897710 0.32490729733 
0.434932 61.39647624762 0.33273345548 
0.435438 61.46212347645 0.34954343944 
0.435944 61.43619194730 0.33519867927 
0.436451 61.21759716123 0.33761969150 
0.436957 61.47142301585 0.35956724351 
0.437463 61.39702469685 0.35933163860 
0.437970 61.49074089673 0.34628132956 
0.438476 61.64344050204 0.35128742831 
0.438982 62.01342275453 0.35905305354 
0.439489 61.14034953386 0.37357527357 
0.439995 61.44959723996 0.36680437588 
0.440501 61.47630075523 0.36598478281 
0.441007 60.94502169286 0.37092559304 
0.441514 60.92936811543 0.37912199234 
0.442020 61.27563464592 0.39308066920 
0.442526 60.82383730608 0.39758148861 
0.443033 60.74680008627 0.40080077585 
0.443539 60.85801649008 0.39663059535 
0.444045 61.39334176401 0.41330669012 
0.444551 61.58403914080 0.40445688528 
0.445058 61.38119921158 0.41786965024 
0.445564 61.41192714874 0.43465630598 
0.446070 60.49328879073 0.43806520567 
0.446577 60.86025097752 0.40982714338 
0.447083 61.18542119454 0.48120693251 
0.447589 61.03483278339 0.45554558388 
0.448095 60.65296804233 0.45664419402 
0.448602 60.45679571289 0.47672279884 
0.449108 60.92298937663 0.48384270356 
0.449614 60.80806823882 0.48283424313 
0.450121 60.60424610726 0.49486191109 
0.450627 60.46776306272 0.50104216704 
0.451133 59.64754959889 0.50577836015 
0.451639 60.81285201964 0.52814862584 
0.452146 60.37468508240 0.54908558686 
0.452652 61.10012058084 0.53970858957 
0.453158 60.63358531841 0.58142628442 
0.453664 59.75523889502 0.55771688960 
0.454171 59.71379647510 0.57623588937 
0.454677 60.17843241421 0.59038171752 
0.455183 60.75092570134 0.62725253733 
0.455689 60.05977124203 0.63356677059 
0.456196 60.25627534874 0.67252295458 
0.456702 60.58423611218 0.63878822308 
0.457208 59.89668843114 0.69940152298 
0.457714 60.21444673541 0.74935275397 
0.458221 60.55774403034 0.75116875416 
0.458727 60.43388278014 0.75947295333 
0.459233 61.30391719202 0.87252829537 
0.459740 60.02609264912 0.85264917791 
0.460246 60.16593630170 0.90315197570 
0.460752 60.01099210586 0.97096521494 
0.461258 60.09656108044 0.97604175027 
0.461765 60.42575783424 1.09125133155 
0.462271 60.63945067016 1.14563068899 
0.462777 60.22163164155 1.14920600326 
0.463283 60.51018063977 1.21587035078 
0.463789 62.23515720930 1.44218585571 
0.464296 59.88392009053 1.34835445326 
0.464802 61.43566837390 1.43271849378 
0.465308 59.20386897459 1.42834960541 
0.465814 60.68380796766 1.63404505955 
0.466321 59.08508455605 1.70648482101 
0.466827 60.13487545481 1.83507918975 
0.467333 59.12530739808 1.91945200899 
0.467839 59.50401413368 1.98713988743 
0.468346 59.03838717320 2.26297152516 
0.468852 58.97203567879 2.52243592063 
0.469358 59.12003399645 2.82161300934 
0.469864 59.64348667144 2.98785559359 
0.470371 56.45860295733 3.70296540175 
0.470877 59.25653359674 4.45853735618 
0.471383 58.46378421429 5.55602183007 
0.471889 58.46487010186 7.71043702771 
0.472395 58.77738656786 6.30860917205 
0.472902 49.87457414714 11.96078593292 
