0.010896 1362.74444218179 14.79066983101 
0.011402 1208.30984507093 11.55459682142 
0.011909 1085.99243655340 10.70566790279 
0.012416 990.98132365277 9.63080273960 
0.012923 894.09115190843 7.65880218106 
0.013430 834.41903170348 11.52037490529 
0.013936 791.43160843047 9.83644259634 
0.014443 746.87213103277 7.80323437460 
0.014950 687.22978591652 6.57252122592 
0.015457 635.59345124375 5.74770165894 
0.015963 585.48094124831 5.11980383136 
0.016470 547.14944147879 4.23208888157 
0.016977 513.46095857617 3.84406356902 
0.017484 476.04248788602 3.48716705665 
0.017990 451.49469292557 3.17599984503 
0.018497 425.17477415817 2.71926425238 
0.019004 404.71099641550 2.38278404798 
0.019511 381.59950781042 2.32068226476 
0.020018 362.25371236564 2.32712444559 
0.020524 348.70431103866 2.05931155011 
0.021031 330.22136059998 1.90851021764 
0.021538 317.14190648774 1.69485295541 
0.022045 301.99235154945 1.79087219705 
0.022551 289.14226173471 1.55857741557 
0.023058 279.95704691089 1.45071199190 
0.023565 271.38093261976 1.56530808778 
0.024072 261.70626198718 1.58640032750 
0.024579 250.72332249656 1.70185334608 
0.025085 245.45528481523 2.05129315280 
0.025592 236.83262125367 2.16536810663 
0.026099 229.07939051419 2.17427100579 
0.026606 224.83135154648 1.62775859700 
0.027112 217.27251640103 1.76286701898 
0.027619 213.05920200864 1.57754922999 
0.028126 207.80717919387 1.53458092679 
0.028633 203.24136835074 1.36884166410 
0.029139 199.15432789651 1.18913233274 
0.029646 193.77856831036 1.20506814127 
0.030153 191.04692243190 1.15359856707 
0.030660 186.77945925975 1.06937362010 
0.031167 183.36884599443 0.93992229551 
0.031673 179.87165837228 1.02256230077 
0.032180 176.43444210074 0.89836229389 
0.032687 171.83891239818 0.86739487169 
0.033194 170.30689300202 0.84158693458 
0.033700 167.44570665471 0.74574757194 
0.034207 164.93634443973 0.69150004483 
0.034714 161.77224751532 0.78736551622 
0.035221 159.69348573533 0.72652497644 
0.035727 157.22767851135 0.68509050227 
0.036234 156.30085648923 0.68479735106 
0.036741 154.44876586436 0.64878580854 
0.037248 152.21665794824 0.63901978943 
0.037755 150.47865139267 0.66725449866 
0.038261 148.72825441631 0.59105297601 
0.038768 147.02292249290 0.57565791684 
0.039275 145.92671047621 0.61800752510 
0.039782 144.71750657792 0.58483865476 
0.040288 141.92274957565 0.56685697000 
0.040795 140.97216431262 0.55698739279 
0.041302 139.78084963297 0.56246607815 
0.041809 138.52712057630 0.55138812256 
0.042315 137.99326266575 0.54797401247 
0.042822 135.78715291703 0.52913969874 
0.043329 134.91134674723 0.53714562102 
0.043836 133.91716608391 0.54962566728 
0.044343 133.77504907188 0.53000732337 
0.044849 131.68488159211 0.52161103561 
0.045356 131.50511131958 0.51328717566 
0.045863 130.00660461014 0.51623569685 
0.046370 129.64784798506 0.50096930850 
0.046876 128.12618581383 0.50020328894 
0.047383 127.13799609724 0.49293673788 
0.047890 126.25809419518 0.48799778334 
0.048397 125.57162178489 0.47236012443 
0.048903 124.19338632955 0.47965636004 
0.049410 124.06045574640 0.48744027829 
0.049917 122.68778906248 0.46806335057 
0.050424 121.62583392033 0.47707022818 
0.050931 120.80562085032 0.43864556002 
0.051437 120.33889805938 0.46006258983 
0.051944 119.83835554715 0.42349962693 
0.052451 119.23296958296 0.46148767777 
0.052958 118.68941936897 0.44333994421 
0.053464 118.34151335943 0.43308031895 
0.053971 117.22699471117 0.43707942270 
0.054478 116.28688434892 0.44305558141 
0.054985 116.01884621574 0.43746982821 
0.055491 114.57815229551 0.44454318001 
0.055998 114.53412870864 0.43380191621 
0.056505 113.68687179649 0.43292762288 
0.057012 114.25189057636 0.43294123588 
0.057519 113.39789636102 0.44232452751 
0.058025 112.34496188480 0.42621864860 
0.058532 111.24393038080 0.41374185666 
0.059039 111.42123652119 0.39784369901 
0.059546 110.99071910219 0.41361815451 
0.060052 110.52630565561 0.40078382735 
0.060559 109.56113439484 0.41822281372 
0.061066 109.23790753647 0.38982263351 
0.061573 108.92324629633 0.40005962400 
0.062079 109.21548183108 0.39860596197 
0.062586 107.70233782283 0.40893499298 
0.063093 106.99618900782 0.39117062878 
0.063600 107.11738710830 0.38155806157 
0.064106 106.34323794971 0.39647482375 
0.064613 105.84711755786 0.39421054652 
0.065120 105.92142707711 0.39470667558 
0.065627 105.06977894505 0.37992560846 
0.066134 105.21598381701 0.39090692094 
0.066640 104.61464735038 0.37828420336 
0.067147 104.61225247265 0.38485546299 
0.067654 103.63956214525 0.37584949872 
0.068161 103.44839216531 0.36793122188 
0.068667 104.02557460036 0.36835221386 
0.069174 103.41107155462 0.37985159067 
0.069681 102.36263031449 0.35904750032 
0.070188 102.48436230138 0.36770582169 
0.070694 102.04329226795 0.35940375055 
0.071201 101.33704775748 0.35898821078 
0.071708 101.95640294828 0.35711090737 
0.072215 101.41854329129 0.34322894756 
0.072721 100.37624124752 0.34611833317 
0.073228 100.42992506570 0.34971561412 
0.073735 100.13564724893 0.33804759209 
0.074242 100.11736496907 0.35863874876 
0.074748 99.11423032985 0.33854121227 
0.075255 99.07883333366 0.32922795580 
0.075762 99.31640788809 0.34361815245 
0.076269 99.19154872566 0.33231049764 
0.076776 98.19310504427 0.31980550853 
0.077282 98.50153359658 0.32761970887 
0.077789 98.06231841070 0.33594198151 
0.078296 98.26111899627 0.32754161598 
0.078803 97.61769226696 0.31767329263 
0.079309 97.79909199506 0.33391404584 
0.079816 97.80238732837 0.33567575099 
0.080323 97.19175797392 0.33648081578 
0.080830 97.00565146520 0.34239118514 
0.081336 97.15269914260 0.33868973944 
0.081843 96.74727675709 0.32371221513 
0.082350 96.62454610772 0.34114442465 
0.082857 96.32615477728 0.32756738668 
0.083363 96.44239171650 0.34231495360 
0.083870 96.39920683055 0.33397363846 
0.084377 96.38576818854 0.33131816309 
0.084884 95.34808213904 0.34137212340 
0.085390 95.74683186647 0.32336835859 
0.085897 95.56619554566 0.32902862915 
0.086404 95.37271656059 0.31439235059 
0.086911 94.56178866806 0.32794877601 
0.087417 94.86357192457 0.32949109868 
0.087924 94.80294017925 0.32659450574 
0.088431 94.67441302867 0.33655282720 
0.088938 94.67096525046 0.32467555105 
0.089444 94.00812393013 0.32564422257 
0.089951 94.29572128279 0.32666795368 
0.090458 94.19882690327 0.31947399876 
0.090965 94.21969014234 0.33172445514 
0.091471 93.88166378903 0.33515657670 
0.091978 93.60245159725 0.32660643412 
0.092485 92.34466500590 0.33488043595 
0.092992 93.15951260423 0.33819446992 
0.093498 93.09570131639 0.32951292482 
0.094005 92.42369226246 0.32538941480 
0.094512 92.71734765950 0.33360111674 
0.095019 92.60921269680 0.33877011665 
0.095525 92.29367422437 0.33733833320 
0.096032 92.15028359270 0.32649443560 
0.096539 92.13559033728 0.33303761100 
0.097046 91.88392747307 0.33138528074 
0.097552 92.41372938398 0.34023785000 
0.098059 91.79679694879 0.32450941163 
0.098566 91.66324994048 0.31652766442 
0.099073 91.47583112243 0.30868972676 
0.099579 91.41562172525 0.32916051499 
0.100086 91.61801836754 0.32610403729 
0.100593 90.97895681426 0.31889442160 
0.101100 90.86540140077 0.31202439945 
0.101606 90.74286149790 0.31582182346 
0.102113 90.09256899656 0.30564950793 
0.102620 89.53961292208 0.31333956703 
0.103127 89.77312030733 0.29487582979 
0.103633 89.04640650970 0.28785465338 
0.104140 88.97810785012 0.30444798549 
0.104647 89.11008440321 0.30125597090 
0.105154 88.35884898643 0.30391074393 
0.105660 89.35594322025 0.31962200222 
0.106167 88.20716840674 0.30093885206 
0.106674 88.62708068276 0.30392878192 
0.107181 88.44407076344 0.30914740649 
0.107687 88.14256020579 0.29631449999 
0.108194 87.87316651447 0.28895496239 
0.108701 88.10949350263 0.29511058781 
0.109208 87.73920668599 0.28469478742 
0.109714 87.45848946755 0.29846278327 
0.110221 87.87641809652 0.28128247881 
0.110728 87.30498045266 0.29031620222 
0.111235 87.31712267110 0.28200669766 
0.111741 87.52749568149 0.28115837733 
0.112248 87.75769361870 0.27655196832 
0.112755 87.12910403700 0.28209096050 
0.113262 87.19800354871 0.28510104174 
0.113768 86.65322667121 0.27868448180 
0.114275 86.93784176303 0.27892776493 
0.114782 86.92800726918 0.28172668484 
0.115289 86.57983654813 0.27209315597 
0.115795 86.68006360730 0.28606812380 
0.116302 85.97001792029 0.27412674430 
0.116809 86.86418750094 0.27185201170 
0.117316 86.44850217112 0.28239418879 
0.117822 86.28396160831 0.26983280435 
0.118329 85.84260639044 0.27532589501 
0.118836 86.30216625744 0.26462242172 
0.119342 86.15420717181 0.25827468577 
0.119849 85.62738564739 0.27171598560 
0.120356 85.68387091851 0.26540663104 
0.120863 85.72933106042 0.26870658179 
0.121369 85.48999753547 0.27094089981 
0.121876 85.71924481409 0.27244208685 
0.122383 85.71074142811 0.26885917711 
0.122890 85.54728484525 0.26207073281 
0.123396 85.70125146579 0.25874231920 
0.123903 85.15461128328 0.26379748020 
0.124410 84.87544679402 0.25703244402 
0.124917 85.53136775681 0.26553355170 
0.125423 84.98120098255 0.25921488561 
0.125930 85.15453914428 0.26424928818 
0.126437 84.75330660801 0.25553541024 
0.126944 84.81107392680 0.25150527748 
0.127450 85.05285764266 0.25741342208 
0.127957 84.84551806092 0.26224325815 
0.128464 84.60184072947 0.25321367461 
0.128970 84.06351311793 0.24721665475 
0.129477 84.14709129184 0.24949856501 
0.129984 84.12877293924 0.25734668190 
0.130491 84.31744260530 0.25491477281 
0.130997 84.41026103216 0.24909254541 
0.131504 84.24623244774 0.25220089411 
0.132011 84.18166024106 0.25212534988 
0.132518 84.49487061168 0.24091556588 
0.133024 84.44625448361 0.24234487156 
0.133531 84.01398638292 0.24988083193 
0.134038 84.16793083380 0.24768582806 
0.134545 83.92774086777 0.24234600665 
0.135051 83.53535026789 0.24173690888 
0.135558 83.75269915186 0.24279253048 
0.136065 83.16315838082 0.24564353577 
0.136571 83.55653022365 0.24412250121 
0.137078 83.56219294349 0.24709226366 
0.137585 83.52099794017 0.24416416762 
0.138092 82.94566928002 0.24774286458 
0.138598 83.36898760163 0.25036766124 
0.139105 83.42363069073 0.24559686705 
0.139612 83.25738826305 0.24252873861 
0.140119 82.78149609028 0.24498582860 
0.140625 82.97545540089 0.23663407021 
0.141132 82.95753014510 0.23891053619 
0.141639 82.67098933701 0.24350952894 
0.142145 82.65179190735 0.23710127577 
0.142652 82.38245011863 0.23932696059 
0.143159 82.56422581166 0.23224652173 
0.143666 82.65405729514 0.24281699559 
0.144172 82.21414447917 0.24617731542 
0.144679 82.29002643997 0.24096860469 
0.145186 82.31404904858 0.24098888941 
0.145692 82.31305925775 0.24245025874 
0.146199 81.95193549182 0.24468842856 
0.146706 81.91891538301 0.23810724546 
0.147213 82.10734576405 0.24962646456 
0.147719 82.19168328557 0.23970749924 
0.148226 81.87739509065 0.23883718850 
0.148733 81.76854039014 0.24522598852 
0.149240 81.64023579036 0.23475852279 
0.149746 81.53889547426 0.24509922374 
0.150253 81.19201995568 0.23877730962 
0.150760 81.28761842511 0.24444426138 
0.151266 81.07644366641 0.24122091322 
0.151773 81.20945507048 0.24531523184 
0.152280 81.22979735971 0.23721365371 
0.152787 81.18845647890 0.24121086271 
0.153293 80.76930610332 0.23819629939 
0.153800 80.64865252597 0.23790775401 
0.154307 81.11160830812 0.23798502908 
0.154813 81.07782284948 0.24152766087 
0.155320 80.47071300833 0.24349843052 
0.155827 80.47102457787 0.23509464764 
0.156334 80.50226641059 0.23834561713 
0.156840 80.82679729650 0.24023909865 
0.157347 80.11779521536 0.23784928717 
0.157854 80.12235640157 0.23636546622 
0.158360 80.09483560212 0.23559629466 
0.158867 80.11350111047 0.23573399746 
0.159374 80.14154279276 0.23377168735 
0.159881 80.09420944238 0.23371409419 
0.160387 80.09018860316 0.23583757062 
0.160894 80.15908357388 0.23812097461 
0.161401 79.73008172096 0.23674306319 
0.161907 79.89354636246 0.23897618379 
0.162414 79.45902534345 0.23808971443 
0.162921 79.80021686549 0.23801794488 
0.163427 79.54835091608 0.23439689423 
0.163934 79.24680428997 0.23384823591 
0.164441 79.80351981663 0.23300159703 
0.164948 79.46567575641 0.22822777934 
0.165454 79.28961623410 0.22932576633 
0.165961 79.03773508679 0.23057633619 
0.166468 79.26694121340 0.22866422453 
0.166974 79.30693074724 0.22598765487 
0.167481 79.42548821346 0.22899169835 
0.167988 79.34593921794 0.23151310362 
0.168495 78.94941721195 0.23114899200 
0.169001 79.00577370019 0.23581820790 
0.169508 78.96088324465 0.23590563871 
0.170015 79.48194373524 0.23407949142 
0.170521 79.05611420921 0.23410659453 
0.171028 79.04719520500 0.23416519836 
0.171535 79.16464402239 0.23184211634 
0.172041 79.09331224876 0.23611336983 
0.172548 78.68605652501 0.23381761628 
0.173055 79.33017112311 0.23934009032 
0.173562 79.02415094283 0.23864759530 
0.174068 79.03106733512 0.23689552639 
0.174575 79.13574049825 0.23546185305 
0.175082 78.51694961503 0.23610279702 
0.175588 78.80422364948 0.23568594106 
0.176095 78.69411687612 0.24369064786 
0.176602 78.67144365692 0.22935222022 
0.177108 79.01310890010 0.22879894264 
0.177615 78.91258080742 0.23708896809 
0.178122 78.34278091862 0.23709999813 
0.178629 78.88372104337 0.23693113036 
0.179135 78.96388169536 0.23556741374 
0.179642 78.61635838953 0.23973128300 
0.180149 78.55017233492 0.23558478956 
0.180655 78.44541959563 0.23308832388 
0.181162 78.85419755021 0.23790789452 
0.181669 78.47780153593 0.23528053755 
0.182175 78.93626727829 0.24814972516 
0.182682 78.62765956313 0.24346442887 
0.183189 78.90447775126 0.24357956188 
0.183695 78.49623142634 0.24572760728 
0.184202 78.52111906279 0.24573191138 
0.184709 78.37998753314 0.24157761675 
0.185216 78.33537281436 0.24191685243 
0.185722 78.16922234937 0.24654652623 
0.186229 78.20984879612 0.24352333892 
0.186736 77.94993643006 0.24269840871 
0.187242 77.80894882878 0.24377149875 
0.187749 77.87609025999 0.24887015578 
0.188256 77.74567059726 0.24444055993 
0.188762 77.90848392185 0.24705511733 
0.189269 77.77594448337 0.24534304533 
0.189776 77.67020942093 0.24406200642 
0.190282 77.88944305897 0.24577686501 
0.190789 77.76527099797 0.24516510312 
0.191296 77.40163061845 0.24684879495 
0.191802 77.33503341560 0.25102815229 
0.192309 77.07728065007 0.23943083057 
0.192816 76.94501817754 0.23901056203 
0.193323 76.79594743841 0.22999461291 
0.193829 76.93497675331 0.23729359975 
0.194336 76.75420109144 0.23717114713 
0.194843 76.60511834174 0.23476918797 
0.195349 76.61023498303 0.23419413937 
0.195856 76.15950610775 0.23163777425 
0.196363 76.14287247889 0.23190785400 
0.196869 76.74008575883 0.23233857688 
0.197376 76.39493522392 0.22852868198 
0.197883 76.28994448722 0.23289890117 
0.198389 76.15973017235 0.22548217288 
0.198896 75.73308330928 0.21844927681 
0.199403 75.68416934121 0.22853320918 
0.199909 75.78025223260 0.22596736062 
0.200416 76.05553179527 0.22472393953 
0.200923 75.87053518004 0.22046612265 
0.201429 75.90233464243 0.22395178495 
0.201936 75.69765568380 0.22387555089 
0.202443 75.92718242780 0.21808434603 
0.202949 75.84722669604 0.21965082446 
0.203456 75.42028844043 0.22240816139 
0.203963 75.23574783210 0.21820487246 
0.204469 75.82039347457 0.22032636865 
0.204976 75.64237087837 0.21454222548 
0.205483 75.65988898994 0.21360120487 
0.205989 75.57763397939 0.21629108483 
0.206496 75.13105467669 0.21741013521 
0.207003 75.61376674983 0.21438285135 
0.207509 75.48694447097 0.21353978582 
0.208016 75.04161367278 0.21437665211 
0.208523 75.49358408916 0.21426304958 
0.209029 75.20697052597 0.21555671466 
0.209536 75.29647861310 0.21481036968 
0.210043 75.08555523307 0.21599027075 
0.210549 75.20670262731 0.21654095714 
0.211056 75.10451837540 0.20881398208 
0.211563 75.07682163303 0.21005191513 
0.212069 74.96590768057 0.21140836079 
0.212576 75.05747411677 0.20890723060 
0.213083 75.02747222518 0.20380592465 
0.213589 75.12115036828 0.20958843568 
0.214096 74.85233619984 0.20620337754 
0.214603 74.72564331143 0.20973018346 
0.215109 74.77753783792 0.21093037392 
0.215616 74.76923592865 0.20831503629 
0.216123 74.65382845209 0.20758768559 
0.216629 74.47957326357 0.21185514411 
0.217136 74.00524403402 0.20587615468 
0.217643 74.01203082947 0.20920776017 
0.218149 73.92468353263 0.20380274203 
0.218656 73.87291488134 0.20822418727 
0.219163 74.46429055720 0.20912345866 
0.219669 73.97717102258 0.20873311216 
0.220176 74.08196798808 0.20997872271 
0.220683 73.94023471148 0.20722791594 
0.221189 73.74765514942 0.20856163933 
0.221696 74.08698411982 0.20598618014 
0.222203 74.00219564066 0.20901437399 
0.222709 74.05492130891 0.20588072633 
0.223216 74.04626511303 0.20248136622 
0.223722 73.68978827964 0.20202004713 
0.224229 73.78316382010 0.20373635619 
0.224736 73.71212862790 0.20379138463 
0.225242 73.68519627448 0.20477405115 
0.225749 73.46855212142 0.20486442124 
0.226256 73.39365087550 0.20460064327 
0.226762 73.29729229241 0.20135243760 
0.227269 73.40353039862 0.20228381215 
0.227776 73.64525944283 0.20087591259 
0.228282 73.35843329144 0.19965242422 
0.228789 73.11815803959 0.19981939123 
0.229296 73.19889941148 0.19549394325 
0.229802 73.25060332829 0.19952111392 
0.230309 73.22416142292 0.19577839586 
0.230816 72.72922996721 0.19999417151 
0.231322 73.07295059891 0.20067971469 
0.231829 72.70631556019 0.20154735867 
0.232335 72.76208798126 0.19915739046 
0.232842 72.84343967132 0.19997062522 
0.233349 72.81789130728 0.19747181800 
0.233855 72.99943871973 0.19889716527 
0.234362 72.86002918602 0.20271892739 
0.234869 72.83871789413 0.20111155995 
0.235375 72.70690491873 0.20034093436 
0.235882 72.85574079247 0.20077708366 
0.236389 72.50503915288 0.19621498546 
0.236895 72.42368686863 0.19711630956 
0.237402 72.34655262697 0.20017521500 
0.237908 72.45304809853 0.19759356123 
0.238415 72.24067424960 0.19974250903 
0.238922 72.45798223819 0.19884988822 
0.239428 72.18623571009 0.20256413118 
0.239935 72.10095857205 0.19865871233 
0.240442 72.24038209913 0.19962115552 
0.240948 72.20230964404 0.20088017972 
0.241455 71.96290491253 0.19745605672 
0.241962 72.06694468086 0.19617388098 
0.242468 72.09336410562 0.19965472002 
0.242975 71.77158733942 0.19839489020 
0.243481 71.90665096500 0.19638005941 
0.243988 71.71868297788 0.19848265035 
0.244495 71.75843417335 0.19679276002 
0.245001 71.55624983940 0.19652021120 
0.245508 71.92297089893 0.19782461811 
0.246015 71.93101583000 0.19937234287 
0.246521 71.62471086727 0.19611379527 
0.247028 71.50696605494 0.19738601229 
0.247534 71.47039680820 0.19418754177 
0.248041 71.57759184827 0.19373303881 
0.248548 71.60958816172 0.19610345919 
0.249054 71.53177972401 0.19520913776 
0.249561 71.23247932871 0.19569907693 
0.250068 71.32523244117 0.19645764992 
0.250574 71.04819456314 0.19531074096 
0.251081 71.08753755452 0.19572947684 
0.251587 71.30064246931 0.19460019111 
0.252094 71.16799437251 0.19911514370 
0.252601 71.25357084574 0.19057920275 
0.253107 71.42000347827 0.19656653859 
0.253614 71.30926205947 0.19416551125 
0.254120 71.10428083489 0.19310529940 
0.254627 70.71959673417 0.19965693003 
0.255134 70.96094182010 0.19506849480 
0.255640 70.89533722042 0.19270720265 
0.256147 70.96329587984 0.19350989186 
0.256654 70.80822476901 0.19677381392 
0.257160 71.02844017116 0.19547204976 
0.257667 71.19333412226 0.19711076414 
0.258173 71.44620456193 0.19572624483 
0.258680 71.39496337192 0.19813683547 
0.259187 71.33926311226 0.19453610542 
0.259693 71.41335354084 0.19407570996 
0.260200 71.50011447070 0.19681821683 
0.260706 71.79500600069 0.19262804626 
0.261213 71.76725235518 0.19489725889 
0.261720 71.86844157913 0.19422948372 
0.262226 71.58934298127 0.19352235865 
0.262733 71.41669713768 0.19137528012 
0.263239 71.53676820882 0.19185080894 
0.263746 71.82252308853 0.19418698735 
0.264253 71.49821424733 0.19462155192 
0.264759 71.43336629916 0.18960179302 
0.265266 71.85915344849 0.19452491607 
0.265772 71.52376083097 0.19200395454 
0.266279 71.87280577722 0.19391308371 
0.266786 71.78967561699 0.19207333143 
0.267292 71.72973993906 0.18983401167 
0.267799 71.87044895746 0.19215259030 
0.268305 71.77103234525 0.19143806400 
0.268812 71.72096636115 0.19210307638 
0.269319 71.46266547921 0.19106570910 
0.269825 72.16513479114 0.19153019043 
0.270332 71.88103042015 0.18946585700 
0.270838 72.26799938714 0.19142071559 
0.271345 72.02907880058 0.19324858629 
0.271852 72.13364618010 0.19394266916 
0.272358 72.30094405119 0.19110473419 
0.272865 72.06605105841 0.19322360940 
0.273371 72.47770717472 0.19030410541 
0.273878 72.26412678650 0.19038993673 
0.274385 72.49072298529 0.18832972595 
0.274891 72.49884429571 0.19191036041 
0.275398 72.18637766069 0.18813525487 
0.275904 72.41408666864 0.19054223305 
0.276411 72.05986617973 0.18697307328 
0.276917 72.11861394440 0.18368960123 
0.277424 72.10518957682 0.18472817198 
0.277931 72.38478007307 0.18354155358 
0.278437 72.23979565841 0.18272975076 
0.278944 71.99406968709 0.18175920362 
0.279450 72.26898762347 0.18297274215 
0.279957 72.19796901198 0.18495933325 
0.280464 72.21114425939 0.18395385494 
0.280970 72.06619737402 0.18247084070 
0.281477 72.24056607217 0.17867385602 
0.281983 72.34423785494 0.18686317888 
0.282490 72.18669749118 0.18284760930 
0.282996 71.93254298182 0.18112123223 
0.283503 72.08254956384 0.18265472349 
0.284010 71.84701116134 0.17715826712 
0.284516 71.91048134560 0.18032989074 
0.285023 71.65890022837 0.17484539323 
0.285529 71.64207638251 0.17425291645 
0.286036 71.60995281189 0.17622245524 
0.286542 71.55371421266 0.17346408954 
0.287049 71.59086753550 0.17305352567 
0.287556 71.57047123428 0.17147850155 
0.288062 71.50085185216 0.17277270863 
0.288569 71.48984641430 0.17079848404 
0.289075 71.57375929882 0.17377640269 
0.289582 71.47840783963 0.17334222818 
0.290088 71.16893888613 0.16856499750 
0.290595 71.32231294010 0.17097864520 
0.291102 71.05437452621 0.16468146687 
0.291608 71.45360105393 0.16778680457 
0.292115 71.32687123866 0.16977620198 
0.292621 71.32302256675 0.16872417078 
0.293128 71.18995041597 0.16697625462 
0.293634 70.77634182165 0.16613477706 
0.294141 70.75290505106 0.16394456021 
0.294647 70.94289076434 0.16735421477 
0.295154 70.83270168762 0.16716479834 
0.295661 71.04896475819 0.16316336115 
0.296167 70.63009227316 0.16731227642 
0.296674 70.86109745485 0.16641656672 
0.297180 70.91945766004 0.16572277114 
0.297687 70.81305479050 0.16421022234 
0.298193 70.56356703244 0.16234626228 
0.298700 70.54909352649 0.16568428760 
0.299207 70.52111925449 0.16664621421 
0.299713 70.50920685227 0.16456896224 
0.300220 70.45959554442 0.16361009179 
0.300726 70.33515870762 0.16336105732 
0.301233 70.61882402744 0.16315968060 
0.301739 70.35700334227 0.16528226552 
0.302246 70.24544588149 0.16112316163 
0.302752 70.39271129970 0.16234610579 
0.303259 70.21247225085 0.16404286697 
0.303765 70.36366963661 0.16114244454 
0.304272 69.90650916434 0.16120729092 
0.304779 70.22338505097 0.16188309324 
0.305285 69.99218672236 0.15878437566 
0.305792 69.82873591918 0.16083510229 
0.306298 70.21143835295 0.16249010168 
0.306805 69.99678110999 0.16212158366 
0.307311 69.89202982216 0.15989158857 
0.307818 69.71102550349 0.15884679199 
0.308324 69.69567445802 0.15930398045 
0.308831 69.62393991653 0.15614472219 
0.309337 69.37285604519 0.15280097162 
0.309844 69.32102309025 0.15382128055 
0.310350 69.22061854639 0.15784765291 
0.310857 68.87941536024 0.15324422225 
0.311364 68.52153720814 0.15150764280 
0.311870 68.72948144298 0.14710748787 
0.312377 68.24003597926 0.14896415512 
0.312883 68.32584397690 0.14879499864 
0.313390 67.90056810553 0.14781412572 
0.313896 67.88500251549 0.14423371441 
0.314403 67.67450315976 0.14400610914 
0.314909 67.54088019184 0.14554288683 
0.315416 67.37096713613 0.14372858150 
0.315922 67.39439964607 0.14139198478 
0.316429 67.55463707140 0.14240948917 
0.316935 67.32256470766 0.14399263364 
0.317442 67.23322655286 0.14209698213 
0.317948 66.93936937413 0.14110940295 
0.318455 67.29739852682 0.14302931282 
0.318961 67.10426743140 0.14149124958 
0.319468 66.68476620956 0.14210763616 
0.319975 66.69601341861 0.14117593956 
0.320481 66.71644450265 0.13951949703 
0.320988 66.69606577095 0.14604878584 
0.321494 66.52859536844 0.13774203141 
0.322001 66.52742090251 0.15030476162 
0.322507 66.45111412892 0.13829701574 
0.323014 66.66839725958 0.14440278675 
0.323520 66.40258989371 0.14312729349 
0.324027 66.63320966782 0.14204565228 
0.324533 66.23172551848 0.14275003161 
0.325040 66.34442179406 0.13891416782 
0.325546 66.33937905519 0.14201577813 
0.326053 66.46887684013 0.13657089060 
0.326559 66.40944207857 0.13805833483 
0.327066 66.26651851482 0.13882526850 
0.327572 66.23534568111 0.13907271391 
0.328079 66.15908387570 0.13778252032 
0.328585 66.22956816708 0.13962653489 
0.329092 66.06250632488 0.13632732828 
0.329598 65.93858415703 0.13943424799 
0.330105 65.76339416113 0.13864034802 
0.330611 65.78956273572 0.14009907567 
0.331118 65.91816136099 0.13906893811 
0.331624 66.06278680885 0.13698897661 
0.332131 65.79598429785 0.13642098604 
0.332637 65.84085760147 0.13981372460 
0.333144 65.78991504520 0.14117362287 
0.333650 65.85622358200 0.13775368876 
0.334157 65.76804073650 0.13785952028 
0.334663 65.89004594019 0.13872550379 
0.335170 65.99385993069 0.13955207717 
0.335676 65.72537206332 0.13815820466 
0.336183 65.61698100750 0.14025796285 
0.336689 65.42407972358 0.13924472590 
0.337196 65.67157318052 0.14242397726 
0.337702 65.30391301565 0.13930135739 
0.338209 65.61355283741 0.13869166747 
0.338715 65.40790818544 0.14211654564 
0.339222 65.41907378696 0.13802632476 
0.339728 65.56921267907 0.13899888005 
0.340235 65.55796569358 0.19153539230 
0.340741 65.55782519015 0.13927972085 
0.341248 65.34545972823 0.13771265799 
0.341754 65.02656919254 0.13899533903 
0.342261 65.21477821844 0.13742087029 
0.342767 65.38669605951 0.13985214546 
0.343274 65.36710290260 0.13815974433 
0.343780 64.89715740491 0.14039500907 
0.344287 65.04179521200 0.13781909153 
0.344793 65.11385020663 0.13820265629 
0.345300 65.03849837564 0.14276257369 
0.345806 64.92680963730 0.14092294415 
0.346313 65.08648989079 0.14261772311 
0.346819 64.70289644221 0.14485070104 
0.347325 65.09387562780 0.14535332481 
0.347832 64.81071492168 0.14747040384 
0.348338 64.68352185315 0.14237430138 
0.348845 64.82974843226 0.14465328648 
0.349351 64.74114058706 0.14797640473 
0.349858 64.98442796654 0.15069181536 
0.350364 64.82791547158 0.14680032906 
0.350871 64.62406191300 0.14750599937 
0.351377 64.59737691127 0.14774615645 
0.351884 64.84194663782 0.14780039149 
0.352390 64.56962674666 0.14804801144 
0.352897 64.36488408237 0.14806567237 
0.353403 64.48756713748 0.14758072300 
0.353910 64.18710638784 0.14660916260 
0.354416 64.14783779722 0.15046993794 
0.354923 64.20532341072 0.15509951881 
0.355429 64.17831335638 0.15356483489 
0.355935 63.92754663974 0.15227583725 
0.356442 64.02958495518 0.15049600187 
0.356948 63.93819545106 0.15319697703 
0.357455 63.94381359137 0.15718601739 
0.357961 63.96256273150 0.15556569679 
0.358468 63.62997641542 0.15606151850 
0.358974 63.76906372418 0.22158703082 
0.359481 63.78045828464 0.20112158059 
0.359987 63.62560958116 0.19984437443 
0.360494 63.71903550930 0.18874975578 
0.361000 63.81147586023 0.18959627933 
0.361506 63.71704815135 0.18517883707 
0.362013 63.83858436687 0.18582965408 
0.362519 63.96433294751 0.18407478479 
0.363026 63.67002540933 0.18519483536 
0.363532 64.34894706304 0.18762123940 
0.364039 64.01144737641 0.18412591286 
0.364545 63.60100769506 0.18414074628 
0.365052 63.84234171575 0.18624788706 
0.365558 63.54647301668 0.18383354237 
0.366064 63.66086113768 0.18171708542 
0.366571 63.96495812102 0.18549381618 
0.367077 63.55774247344 0.18562446376 
0.367584 63.88352777481 0.18489314965 
0.368090 63.71701778311 0.18320421932 
0.368597 63.43395234079 0.18856850130 
0.369103 63.60273810279 0.18856774629 
0.369610 63.80975200085 0.18621640478 
0.370116 63.59512994827 0.19003700670 
0.370622 63.65782359218 0.19606452721 
0.371129 63.52247269647 0.19264810233 
0.371635 63.58038761373 0.18885239085 
0.372142 63.51448633542 0.19379960092 
0.372648 63.24178401204 0.19334797027 
0.373155 63.19442326677 0.19268045862 
0.373661 63.67598691551 0.19470158078 
0.374167 63.19411521274 0.19251539847 
0.374674 63.58561414116 0.20274276277 
0.375180 63.29850809031 0.19194922256 
0.375687 63.37844989096 0.20241959587 
0.376193 63.37437257461 0.19925063166 
0.376700 63.32432548420 0.20297672587 
0.377206 63.29241327857 0.20129956740 
0.377712 63.47015414960 0.20528978765 
0.378219 63.28173152426 0.20405514576 
0.378725 63.59073518125 0.20141777869 
0.379232 63.20429947857 0.20704289029 
0.379738 62.90142547126 0.20203026021 
0.380245 63.10077333417 0.20930372865 
0.380751 63.16696123623 0.20614647270 
0.381257 63.41173120936 0.20657034991 
0.381764 63.11391177326 0.21061534926 
0.382270 63.32894990551 0.21059562373 
0.382777 63.24602348234 0.21473796854 
0.383283 63.09252029693 0.21077965419 
0.383789 63.16332335593 0.21098318649 
0.384296 63.36551351768 0.21161015677 
0.384802 62.79825638655 0.20896207468 
0.385309 63.01517533829 0.21146370996 
0.385815 63.04464781120 0.20966702651 
0.386321 63.07046816996 0.21352641150 
0.386828 62.90872153314 0.20980834103 
0.387334 63.14396223151 0.20953473380 
0.387841 62.86314378469 0.21285681245 
0.388347 63.06610129368 0.21503345590 
0.388853 62.96709166040 0.21315612122 
0.389360 62.68524937483 0.21714121539 
0.389866 62.93012782966 0.21263279273 
0.390373 62.88187303600 0.21824973299 
0.390879 62.84640390769 0.21514942969 
0.391385 62.88944414958 0.21909724342 
0.391892 62.65928627042 0.22419601842 
0.392398 62.92167136412 0.21864676015 
0.392905 62.38777529708 0.22182413986 
0.393411 62.26903543302 0.21928753154 
0.393917 62.74424755438 0.22477002502 
0.394424 62.46374124261 0.22219712441 
0.394930 62.43114954511 0.22661029503 
0.395437 62.62115587038 0.22564971138 
0.395943 62.73925977452 0.22387432855 
0.396449 62.51529946734 0.40807467312 
0.396956 62.05347741662 0.22974900667 
0.397462 63.23672966522 0.23758624310 
0.397969 62.75011838980 0.23753070099 
0.398475 62.50654191649 0.23639480895 
0.398981 62.42460258896 0.23444525031 
0.399488 62.20829340352 0.23813161144 
0.399994 62.77804433689 0.23919918935 
0.400500 62.27733645955 0.24321613259 
0.401007 62.14188220771 0.23143466788 
0.401513 61.87692878181 0.23854567602 
0.402020 62.47566620812 0.24428859850 
0.402526 62.52824384752 0.25063422530 
0.403032 62.21052752254 0.25144878730 
0.403539 62.30892492016 0.24989315133 
0.404045 62.11738404567 0.24735145214 
0.404551 62.20526513273 0.26756901785 
0.405058 62.50388719281 0.26834405677 
0.405564 62.59521542547 0.26793813914 
0.406071 61.98880916050 0.25684718656 
0.406577 62.81050846874 0.26127102969 
0.407083 62.03886404177 0.25208841853 
0.407590 62.16072050950 0.26336436836 
0.408096 61.95461277090 0.27576917867 
0.408602 62.25184479836 0.27878635332 
0.409109 61.89887536771 0.26138153012 
0.409615 62.18549796959 0.27350338963 
0.410121 62.22661081811 0.26221154288 
0.410628 61.88175072277 0.25791700632 
0.411134 62.02216185629 0.26020231815 
0.411641 61.91934563964 0.27168508564 
0.412147 62.02179339676 0.26265417311 
0.412653 62.37609728790 0.27106736839 
0.413160 62.02095325304 0.26393350490 
0.413666 61.96364926760 0.26669024391 
0.414172 62.32223796499 0.27712170187 
0.414679 62.09830086815 0.27774556509 
0.415185 61.71655212370 0.29239131559 
0.415691 62.20621525903 0.27242055822 
0.416198 61.78583532097 0.26945097963 
0.416704 62.24197391264 0.28667463473 
0.417210 62.31178166755 0.28664210136 
0.417717 61.79220923546 0.28484315771 
0.418223 61.99642748600 0.28208205659 
0.418729 61.74331314663 0.27846550753 
0.419236 62.00473902555 0.28343193666 
0.419742 61.53591641229 0.27407423788 
0.420248 61.93162898555 0.28174478466 
0.420755 62.03171966075 0.27645095978 
0.421261 61.10264492227 0.26038134371 
0.421767 61.57347877881 0.27880706908 
0.422274 61.57999706117 0.28127380658 
0.422780 61.63327996127 0.28872048936 
0.423286 61.43960482192 0.27936347038 
0.423793 61.47774157852 0.27482262018 
0.424299 61.16218960210 0.28737264348 
0.424805 61.79906776801 0.28492553235 
0.425312 61.46178309988 0.30436488330 
0.425818 61.51659918427 0.28480242818 
0.426324 61.35893220160 0.29835265812 
0.426831 61.80535764341 0.28557042830 
0.427337 61.32295555514 0.29861160489 
0.427843 61.47568366472 0.30255350621 
0.428350 61.46127407742 0.30514260787 
0.428856 61.87114043747 0.29514342042 
0.429362 62.13327266986 0.29998593270 
0.429869 61.36214450501 0.31857637910 
0.430375 61.52347144911 0.30719169355 
0.430881 61.48356967666 0.31067129600 
0.431388 60.84562401746 0.31534760180 
0.431894 62.01549909224 0.32666037720 
0.432400 60.97519139779 0.32202601328 
0.432907 61.39177796570 0.32009395546 
0.433413 61.49187134091 0.35133546320 
0.433919 61.46694411503 0.33231724564 
0.434425 62.02244015996 0.33889541444 
0.434932 60.78819505905 0.32540265542 
0.435438 61.70120936505 0.35107422523 
0.435944 61.37190820526 0.33943306224 
0.436451 61.16859725067 0.33883130785 
0.436957 62.00638743676 0.35064974975 
0.437463 61.46615532074 0.34222826800 
0.437970 61.64153806024 0.35100918091 
0.438476 60.77173675993 0.35231412719 
0.438982 61.36780698892 0.36217040384 
0.439489 61.69794015793 0.38105254438 
0.439995 61.31088569440 0.37601576564 
0.440501 61.58098476211 0.37997522452 
0.441007 61.04455099773 0.38137882987 
0.441514 61.04955728190 0.37571745134 
0.442020 61.15625922196 0.40306424706 
0.442526 61.53797550510 0.39011501790 
0.443033 61.21169758178 0.39694835745 
0.443539 61.07419368284 0.40808417946 
0.444045 61.36279485971 0.40793191291 
0.444551 60.80162492860 0.40493584386 
0.445058 61.24257607316 0.41213553681 
0.445564 60.76148378061 0.42942863192 
0.446070 60.93457802199 0.44385791277 
0.446577 61.05906014728 0.43224908937 
0.447083 60.91892359303 0.45254545280 
0.447589 61.09209241762 0.46468004141 
0.448095 60.99493053383 0.45650118792 
0.448602 60.72521469199 0.46700941673 
0.449108 60.27810262716 0.47977388183 
0.449614 60.75152606719 0.48131645888 
0.450121 60.52621534822 0.48125886249 
0.450627 61.30123633182 0.51327536928 
0.451133 60.71583707639 0.48805345295 
0.451639 59.93082999356 0.52403125607 
0.452146 60.27179445600 0.53240752997 
0.452652 60.04868432414 0.54048322576 
0.453158 60.21496777403 0.54120146347 
0.453664 59.79345435332 0.56934721878 
0.454171 60.77955936176 0.60590159749 
0.454677 60.69024196844 0.60033303445 
0.455183 60.21422497175 0.63186889995 
0.455689 60.70320752043 0.64247769218 
0.456196 59.79047462887 0.64053909942 
0.456702 60.92138229265 0.66956103552 
0.457208 60.47440212732 0.71043482160 
0.457714 59.52520041446 0.75439530380 
0.458221 60.36590024117 0.76070855110 
0.458727 60.15486722899 0.79549759954 
0.459233 60.86350613827 0.82228330537 
0.459740 59.37621175754 0.82041631962 
0.460246 60.52698562657 0.89620225049 
0.460752 60.57235340032 0.97682537798 
0.461258 59.48960065006 1.02407048317 
0.461765 60.60232512532 1.05930002803 
0.462271 59.78456858190 1.00724163684 
0.462777 60.23830441719 1.19735895286 
0.463283 60.18121893103 1.28965616102 
0.463789 59.10541328556 1.30003525890 
0.464296 61.05411465317 1.36620169029 
0.464802 58.69954419360 1.39878305098 
0.465308 62.10367983507 1.50818828271 
0.465814 61.01086183121 1.68697704495 
0.466321 60.55588938295 1.73602214461 
0.466827 61.47117513854 1.94206332367 
0.467333 60.03852375035 1.96310782786 
0.467839 60.07922604511 1.88387016587 
0.468346 58.72479135513 2.26271777623 
0.468852 59.40168405114 2.51432767307 
0.469358 57.92210708488 2.76375344112 
0.469864 59.41163506531 2.88101829289 
0.470371 58.40122073672 3.78040249584 
0.470877 55.46740456179 4.21074777370 
0.471383 58.35836824290 5.70221907177 
0.471889 56.21523972621 7.31069561151 
0.472395 55.81242528319 5.98392565991 
0.472902 51.18308484213 12.16030277247 
