0.010896 1345.41515495887 13.48661782141 
0.011402 1209.24411878316 12.19833588147 
0.011909 1082.16052000253 11.53392362207 
0.012416 972.28220085249 9.97141676508 
0.012923 886.84611953626 6.87261931017 
0.013430 822.36377290031 11.06332664556 
0.013936 779.33633069363 9.62985737613 
0.014443 731.47038651561 7.40680912660 
0.014950 683.63674398189 6.89922190981 
0.015457 625.07815444442 5.58194028925 
0.015963 582.12689255827 4.91063454503 
0.016470 544.90464978091 4.51221311417 
0.016977 510.16881092254 3.74218491325 
0.017484 473.90331457582 3.30036960849 
0.017990 447.96016881641 3.02194462277 
0.018497 424.40779977468 2.65940271610 
0.019004 395.62231608233 2.37516983064 
0.019511 378.65983867827 2.24950693198 
0.020018 362.00359674708 2.20794211251 
0.020524 345.52460842603 1.87413037212 
0.021031 329.30888125890 1.95535792474 
0.021538 314.81953910743 1.68318774341 
0.022045 301.40304231804 1.64888828162 
0.022551 289.92358380407 1.59438237222 
0.023058 278.28761077437 1.49138183695 
0.023565 269.09925439092 1.59708297893 
0.024072 259.97412116393 1.64353042574 
0.024579 250.44006002856 1.58995436241 
0.025085 243.49482951604 2.06158221224 
0.025592 234.70107077238 2.19735666091 
0.026099 228.27449181853 2.18583244376 
0.026606 224.97824850197 1.60347602030 
0.027112 218.16586425281 1.76553042776 
0.027619 213.46479656310 1.51342340711 
0.028126 206.83287890202 1.52341712311 
0.028633 202.42673442106 1.34699391104 
0.029139 198.45231301106 1.14835473618 
0.029646 192.88119074085 1.11311759489 
0.030153 189.42240049699 1.11536083684 
0.030660 187.01347492988 1.06705840693 
0.031167 183.22337156178 1.00686192114 
0.031673 180.79424502008 0.97197526510 
0.032180 175.33211185094 0.92213802558 
0.032687 172.40452396404 0.88190865371 
0.033194 171.14704028092 0.81232297932 
0.033700 166.88894390462 0.78817824897 
0.034207 165.29080301642 0.73143090449 
0.034714 162.59537964529 0.79894184662 
0.035221 161.13085591768 0.72192653342 
0.035727 157.70804732361 0.70433114669 
0.036234 156.31341498788 0.68265662502 
0.036741 154.32501366890 0.69226725215 
0.037248 151.13435172671 0.64285959457 
0.037755 150.95106071901 0.63169849616 
0.038261 149.23374692419 0.63536465693 
0.038768 147.61627424046 0.59832729194 
0.039275 145.82685483801 0.60996296596 
0.039782 144.65205794087 0.56745680105 
0.040288 143.38584270080 0.55752227399 
0.040795 141.58568148955 0.54715554843 
0.041302 140.32866119361 0.57698341333 
0.041809 139.08859100366 0.55831720718 
0.042315 137.69116891538 0.53709237852 
0.042822 136.76229603738 0.53912491247 
0.043329 135.15500605235 0.55031638850 
0.043836 133.57757940679 0.53177964245 
0.044343 133.10911591533 0.51307922111 
0.044849 132.00820768504 0.53293555893 
0.045356 130.54924019133 0.49019448792 
0.045863 129.88329458593 0.50743537953 
0.046370 128.57305295614 0.48697598101 
0.046876 127.34717175174 0.50275156423 
0.047383 127.51033263342 0.51728913805 
0.047890 125.75667390396 0.49128838079 
0.048397 125.76514084199 0.49838297833 
0.048903 124.84769369494 0.45969957878 
0.049410 124.38072188237 0.48024517884 
0.049917 122.94493011689 0.47859455785 
0.050424 122.48504710323 0.46032419568 
0.050931 122.26980986923 0.46381099137 
0.051437 120.69975621465 0.44975325175 
0.051944 120.09860274521 0.44123259507 
0.052451 119.45171933891 0.44697909448 
0.052958 118.22501525561 0.44164698992 
0.053464 118.41878383905 0.43726948536 
0.053971 117.18192747566 0.43548900576 
0.054478 117.00768109565 0.45008353937 
0.054985 116.36778624556 0.44681660204 
0.055491 115.41849599449 0.44772895414 
0.055998 114.51829932369 0.42609190789 
0.056505 115.27051010275 0.41596921475 
0.057012 114.12199486163 0.44477962470 
0.057519 112.89896251685 0.43233531388 
0.058025 112.69357305818 0.41439074000 
0.058532 112.15006109917 0.41086289413 
0.059039 110.91970035877 0.40579165392 
0.059546 110.82099088982 0.42420296771 
0.060052 110.52057635866 0.40692529849 
0.060559 109.27948195909 0.40944441954 
0.061066 109.07856078869 0.40514232474 
0.061573 109.09312006916 0.41403554741 
0.062079 108.68486029512 0.41126663715 
0.062586 107.94826877874 0.39260315706 
0.063093 107.76493603206 0.38588496240 
0.063600 107.21789358408 0.38862791682 
0.064106 107.76916008613 0.40719542521 
0.064613 106.41595813279 0.38878187091 
0.065120 106.67396677573 0.37314412032 
0.065627 106.04008958345 0.38125273188 
0.066134 105.03554320512 0.37995447752 
0.066640 104.61255345289 0.37239223223 
0.067147 104.53326761861 0.37011164959 
0.067654 104.17570237424 0.37785973357 
0.068161 103.77529378374 0.37354552820 
0.068667 102.70472011312 0.37232909292 
0.069174 103.10935687309 0.36099357136 
0.069681 103.16194290195 0.37335036366 
0.070188 102.45412908262 0.35964281774 
0.070694 102.61076904810 0.37410216653 
0.071201 101.63309295174 0.35729991829 
0.071708 101.73340913493 0.36155944918 
0.072215 101.31211312699 0.35345141680 
0.072721 100.76176866570 0.35538966145 
0.073228 100.86496563846 0.34672914738 
0.073735 100.09609973500 0.34547049719 
0.074242 99.99210833133 0.34952642588 
0.074748 99.46933205247 0.34060344423 
0.075255 99.83727962265 0.34404664577 
0.075762 99.27969816083 0.33480393753 
0.076269 98.85630985430 0.33934124674 
0.076776 99.38416661443 0.34402134833 
0.077282 98.17397984044 0.33923935634 
0.077789 98.53783631875 0.34405961269 
0.078296 98.14892263750 0.33673725632 
0.078803 97.07193107707 0.32923750739 
0.079309 97.48164839397 0.33113595047 
0.079816 98.07738636433 0.32893730663 
0.080323 97.27707623835 0.32037964492 
0.080830 97.36182527931 0.33103660020 
0.081336 96.96232816653 0.34528963283 
0.081843 97.02410399806 0.31931777624 
0.082350 97.01835413088 0.33709684496 
0.082857 96.28808700207 0.33158581433 
0.083363 96.71938586411 0.32567949284 
0.083870 96.20601811846 0.32913128599 
0.084377 96.86595135325 0.33953685547 
0.084884 96.20699644412 0.32127072965 
0.085390 95.79996061871 0.33425450993 
0.085897 96.02725360392 0.32254566899 
0.086404 96.00306590448 0.33324366644 
0.086911 95.62904134788 0.33199162047 
0.087417 95.30174729692 0.32518060064 
0.087924 95.12648104273 0.33271582447 
0.088431 94.86429894147 0.31743102591 
0.088938 94.99746962889 0.32419594725 
0.089444 94.68356800410 0.32625729486 
0.089951 94.33685080026 0.32286908259 
0.090458 94.32766799244 0.33326929429 
0.090965 94.50247482209 0.33284400903 
0.091471 93.86941752384 0.33460883787 
0.091978 93.70866725014 0.33328251424 
0.092485 92.74079795141 0.34752796039 
0.092992 92.78986146469 0.34125417398 
0.093498 93.36364758064 0.33850539577 
0.094005 92.21872170836 0.32908518430 
0.094512 93.27070651846 0.32801017458 
0.095019 92.84462473658 0.33237760468 
0.095525 92.53932054710 0.32807558622 
0.096032 92.07472400743 0.32863147955 
0.096539 92.57524032986 0.33627165818 
0.097046 92.61710779876 0.32655597458 
0.097552 91.14632190055 0.32060102711 
0.098059 92.18219352431 0.33205481687 
0.098566 91.88573735498 0.32586102490 
0.099073 91.67342367417 0.32783774779 
0.099579 91.56885470256 0.31365249725 
0.100086 91.51250637261 0.31649950311 
0.100593 91.10677953180 0.32567302770 
0.101100 91.01009916869 0.32335811387 
0.101606 90.70837256729 0.31566056183 
0.102113 90.25082226227 0.30876859930 
0.102620 89.40162679982 0.30664290880 
0.103127 89.44848840338 0.31031139761 
0.103633 89.18294437269 0.29835250504 
0.104140 88.55372779664 0.29538820982 
0.104647 89.02478337686 0.29589256202 
0.105154 88.26798788237 0.30838427826 
0.105660 88.48225301018 0.30492586612 
0.106167 88.31151115523 0.29479377126 
0.106674 88.50888202236 0.31149705826 
0.107181 88.75746952305 0.30544215706 
0.107687 88.23394695832 0.30027629671 
0.108194 87.78773798703 0.29993624311 
0.108701 88.07693768962 0.29300939591 
0.109208 88.06105207007 0.29026591271 
0.109714 87.82492759960 0.28511590093 
0.110221 87.38960996824 0.28856603174 
0.110728 87.18143438070 0.28211189432 
0.111235 87.22277050086 0.28725149856 
0.111741 87.49353876252 0.27968751833 
0.112248 87.83116622043 0.28586488028 
0.112755 86.63886996317 0.28462522176 
0.113262 87.14335446913 0.28914339384 
0.113768 87.02157222737 0.28648015439 
0.114275 86.88495418042 0.27376416341 
0.114782 86.77745020200 0.27378915669 
0.115289 86.55180320642 0.27362587856 
0.115795 86.56939719104 0.27923089954 
0.116302 86.39961691303 0.28085790631 
0.116809 86.33791719052 0.27355268259 
0.117316 86.05816344973 0.26731088323 
0.117822 86.17932832337 0.27151351129 
0.118329 85.67858140754 0.26759548034 
0.118836 86.22579289298 0.26805965681 
0.119342 86.05535104044 0.27429292936 
0.119849 86.21013829870 0.27309484387 
0.120356 85.67011812027 0.26063753080 
0.120863 85.28607065742 0.26608615285 
0.121369 85.23765295457 0.26217481039 
0.121876 85.89451860821 0.26674433314 
0.122383 85.34875596095 0.25634054177 
0.122890 85.65303991864 0.26193013410 
0.123396 85.65301685336 0.26960046343 
0.123903 84.96411744590 0.25339178517 
0.124410 85.72972313007 0.26696157939 
0.124917 84.81312511456 0.26463231052 
0.125423 84.75051699950 0.26275601412 
0.125930 84.76658269231 0.26134006622 
0.126437 85.16694807784 0.25443256865 
0.126944 84.77399440507 0.25977534257 
0.127450 84.74960331202 0.25083224659 
0.127957 84.54628299293 0.25093773519 
0.128464 84.35387383443 0.26205905657 
0.128970 84.32338166019 0.25797666347 
0.129477 84.30542087885 0.24902545826 
0.129984 84.52591125392 0.25666040048 
0.130491 84.58324835489 0.25574998940 
0.130997 84.29159870053 0.25022181862 
0.131504 84.45592720143 0.25075655689 
0.132011 83.96167860091 0.24958092596 
0.132518 83.63440163234 0.25003421920 
0.133024 83.76913216333 0.24602669276 
0.133531 83.79850037979 0.24689302056 
0.134038 83.71613224075 0.24308111546 
0.134545 83.81139024171 0.24164746643 
0.135051 83.71106325401 0.24130941822 
0.135558 83.50155855456 0.24623207476 
0.136065 83.53618899088 0.24269237537 
0.136571 83.04893452715 0.24581838138 
0.137078 83.52225083868 0.25000109120 
0.137585 83.39108604698 0.24399847077 
0.138092 83.01840039123 0.24683919352 
0.138598 83.55289318351 0.24480545143 
0.139105 83.36229232828 0.24561092843 
0.139612 83.51168543357 0.24940040633 
0.140119 82.95776006072 0.24273876153 
0.140625 82.49563123912 0.24164415208 
0.141132 82.45059027369 0.23197523805 
0.141639 82.87818061026 0.24025243019 
0.142145 82.96334611746 0.24371471385 
0.142652 82.85237916200 0.24182271087 
0.143159 82.39199787065 0.23678581089 
0.143666 82.66454743720 0.23878651142 
0.144172 82.57824859968 0.24332407893 
0.144679 82.44251162560 0.23756688754 
0.145186 81.90799116205 0.23409742173 
0.145692 82.38945025499 0.23917186531 
0.146199 81.85496809470 0.24468996237 
0.146706 81.75135487412 0.24229027239 
0.147213 82.09448071041 0.24218007820 
0.147719 82.00939606005 0.24441023824 
0.148226 81.77245188409 0.24988800431 
0.148733 81.57770131934 0.24240894446 
0.149240 81.07143374738 0.23555527174 
0.149746 81.22686214638 0.23851243494 
0.150253 81.50265726106 0.24406141454 
0.150760 81.42747538204 0.24386320504 
0.151266 81.42407164380 0.24371373990 
0.151773 81.19270173499 0.23514910267 
0.152280 81.06570042298 0.23883996383 
0.152787 80.79134960979 0.24117882668 
0.153293 80.56525887396 0.23503770822 
0.153800 80.70885442040 0.23905349766 
0.154307 80.62017601867 0.23916226375 
0.154813 80.46009256132 0.23644170811 
0.155320 80.43625478871 0.23736829717 
0.155827 80.64811941384 0.23714709114 
0.156334 80.26193335470 0.23294735854 
0.156840 80.38243401896 0.23594198811 
0.157347 80.18692103819 0.23892067401 
0.157854 80.12966768781 0.24035109365 
0.158360 80.10868076748 0.23426017029 
0.158867 80.01284517601 0.23807302113 
0.159374 80.34061344004 0.23623594080 
0.159881 79.72832051760 0.23268486844 
0.160387 79.88798380457 0.23408972602 
0.160894 80.07196380161 0.23446352563 
0.161401 80.16862930359 0.23461590979 
0.161907 79.70192893860 0.23625282610 
0.162414 79.50688386741 0.22937383668 
0.162921 79.24916759707 0.23592288971 
0.163427 79.59371023930 0.23265456243 
0.163934 79.29715301508 0.23092434265 
0.164441 79.32862839548 0.22928397813 
0.164948 79.10393572000 0.22618902381 
0.165454 79.12951922505 0.22751820703 
0.165961 79.30130930526 0.22642325394 
0.166468 78.98195918110 0.22751763375 
0.166974 78.96646247004 0.22787931750 
0.167481 78.77189129336 0.22877220138 
0.167988 79.11200137163 0.23262236889 
0.168495 79.18484281662 0.23419706775 
0.169001 79.45187726516 0.23210905093 
0.169508 78.95251101712 0.23322209487 
0.170015 78.98683596456 0.23718087756 
0.170521 78.83448693236 0.23486500248 
0.171028 79.07141995721 0.23171811714 
0.171535 78.81405935314 0.23154590859 
0.172041 79.20821251236 0.23739107482 
0.172548 78.83800224970 0.23159086377 
0.173055 79.08331146445 0.24059100213 
0.173562 78.78685855322 0.23490116824 
0.174068 79.17878076142 0.23527084542 
0.174575 79.06722926821 0.23406710342 
0.175082 78.85181325876 0.23137425376 
0.175588 78.97234426470 0.24311496805 
0.176095 78.88440518054 0.23746963387 
0.176602 78.91312508335 0.23807739806 
0.177108 79.04337050442 0.24274349658 
0.177615 78.62341767293 0.24210919831 
0.178122 78.43076490850 0.23617022558 
0.178629 78.55316962928 0.23452145720 
0.179135 78.62098865640 0.24147420361 
0.179642 78.20385968386 0.23612822609 
0.180149 78.39845141017 0.23617634648 
0.180655 78.48650775442 0.24003648589 
0.181162 78.39136110631 0.23112395748 
0.181669 78.54082735661 0.23468047134 
0.182175 78.70307970063 0.23766676949 
0.182682 78.72605936769 0.24607639893 
0.183189 79.01705086707 0.24060716166 
0.183695 78.45054896520 0.24111369635 
0.184202 78.41233620329 0.24511520807 
0.184709 78.22196934617 0.23922881172 
0.185216 78.20187973175 0.24067862086 
0.185722 78.02784140920 0.24204875466 
0.186229 77.89411855423 0.24349923376 
0.186736 77.84972159049 0.24381266261 
0.187242 77.74540919606 0.24086409563 
0.187749 78.13039659246 0.25071822741 
0.188256 78.08308387451 0.24830365149 
0.188762 77.76702383354 0.24055107184 
0.189269 77.48075564688 0.24337388885 
0.189776 77.37626164813 0.24650941156 
0.190282 77.32752529735 0.24539072764 
0.190789 77.44302150847 0.24480113948 
0.191296 77.23788723696 0.24252632664 
0.191802 77.11477050184 0.24028557808 
0.192309 76.68115753729 0.23881416886 
0.192816 76.98495511081 0.24457969237 
0.193323 76.87961171917 0.23572626525 
0.193829 76.86943337311 0.24101080605 
0.194336 76.88865241422 0.23388643550 
0.194843 76.63589471287 0.23324215602 
0.195349 76.47308679694 0.23377753916 
0.195856 76.46960103059 0.23315791009 
0.196363 75.82745104306 0.23273796612 
0.196869 76.26029539601 0.23078895121 
0.197376 76.24139508889 0.23451813977 
0.197883 76.00848023449 0.23124700533 
0.198389 75.68896777935 0.22916711723 
0.198896 76.00829628371 0.22574941083 
0.199403 75.89056740648 0.22874766436 
0.199909 75.69888165441 0.22945976908 
0.200416 76.00436749112 0.22876178672 
0.200923 75.61095984104 0.22251387383 
0.201429 75.83585224564 0.22239306643 
0.201936 75.80215823818 0.22443383172 
0.202443 75.69354664433 0.22126145756 
0.202949 75.84778908890 0.22372008348 
0.203456 75.47125537362 0.21819257924 
0.203963 75.43405819441 0.22137060193 
0.204469 75.60396688375 0.21447553236 
0.204976 75.61166798747 0.21746102569 
0.205483 75.30122754779 0.22061474932 
0.205989 75.58398465055 0.21747466004 
0.206496 75.41902216689 0.21220529664 
0.207003 75.37841933309 0.21247979252 
0.207509 75.05535532138 0.22125944277 
0.208016 75.11165034900 0.21321962870 
0.208523 75.12447887234 0.21446320457 
0.209029 74.99958312650 0.20548301026 
0.209536 75.19543081412 0.21284204495 
0.210043 75.11503363862 0.21237461671 
0.210549 75.28572550442 0.21015558465 
0.211056 75.09354575857 0.21009826999 
0.211563 75.05215269551 0.21318481051 
0.212069 74.84835703366 0.20979597766 
0.212576 74.67453134626 0.21161298245 
0.213083 74.74333294281 0.20674148367 
0.213589 74.93495667126 0.21207729000 
0.214096 74.70564344620 0.20633042710 
0.214603 74.78942953455 0.20887443877 
0.215109 74.51935172411 0.20823162360 
0.215616 74.61865580275 0.20573231141 
0.216123 74.31685842026 0.21013873489 
0.216629 74.29125597345 0.20009024806 
0.217136 74.31711947204 0.20807133664 
0.217643 74.22077282007 0.20641077671 
0.218149 74.32546965884 0.20581801653 
0.218656 73.85469829056 0.21010326096 
0.219163 74.02117286522 0.20578971179 
0.219669 74.13189183381 0.20723552374 
0.220176 74.03420267544 0.20323502567 
0.220683 73.83476742315 0.21088667191 
0.221189 73.71315039546 0.20360328020 
0.221696 74.03250150858 0.20590823975 
0.222203 73.66473261345 0.20459166522 
0.222709 73.77444853098 0.20187231604 
0.223216 73.60465430300 0.20328655627 
0.223722 73.83818999132 0.20293594820 
0.224229 73.56221388951 0.20203343638 
0.224736 73.79711259561 0.20506064016 
0.225242 73.68346608803 0.20542635927 
0.225749 73.41252590336 0.20223078088 
0.226256 73.73431424110 0.20060838170 
0.226762 73.41850322536 0.20265111124 
0.227269 73.58935476464 0.20287145010 
0.227776 73.61758324564 0.20261871226 
0.228282 73.34443911685 0.19785389129 
0.228789 73.32533106303 0.20213043110 
0.229296 73.26444867397 0.20050570568 
0.229802 73.41802843859 0.19987509669 
0.230309 73.01997199169 0.19839758002 
0.230816 73.00504513232 0.19919711391 
0.231322 72.94232385161 0.20245236998 
0.231829 72.94389378857 0.20028603796 
0.232335 72.94413145354 0.19832616882 
0.232842 72.90413949353 0.19827807759 
0.233349 72.88448312524 0.20146527267 
0.233855 72.95605440699 0.20109903461 
0.234362 72.90530493209 0.19972917180 
0.234869 72.75098131997 0.19909163210 
0.235375 72.41443630755 0.20135325731 
0.235882 72.43960681311 0.19963320185 
0.236389 72.72885548298 0.20016933278 
0.236895 72.47112439830 0.19999896645 
0.237402 72.43065778341 0.19908613904 
0.237908 72.58600622852 0.19798446200 
0.238415 72.34208599698 0.19893390157 
0.238922 72.21142979739 0.19992227768 
0.239428 72.31088615152 0.20096293278 
0.239935 72.21971796063 0.20093390826 
0.240442 72.27678369090 0.19831774820 
0.240948 72.07109541627 0.19914997775 
0.241455 71.98644331916 0.19935713474 
0.241962 71.89328737680 0.19642895534 
0.242468 71.88517074646 0.19767037669 
0.242975 71.84577115164 0.19911051294 
0.243481 72.02590668366 0.19840850228 
0.243988 71.68436720898 0.20009082730 
0.244495 71.57023371532 0.19744824970 
0.245001 71.72056391528 0.19948357915 
0.245508 71.67170954497 0.19859322753 
0.246015 71.36915555550 0.19617384469 
0.246521 71.66896191429 0.19910206568 
0.247028 71.17725881255 0.19707325374 
0.247534 71.37473683653 0.19733545355 
0.248041 71.45564104696 0.19725688856 
0.248548 71.30304001979 0.19466387195 
0.249054 71.47868926122 0.19707874784 
0.249561 71.39456244087 0.19482509255 
0.250068 71.37377932359 0.19683881912 
0.250574 71.01308823240 0.19589112863 
0.251081 71.07895467518 0.19910465685 
0.251587 71.17787684594 0.19783248020 
0.252094 70.95834003878 0.19887143196 
0.252601 70.94988386740 0.19291978158 
0.253107 70.85317739948 0.19592851250 
0.253614 71.17775226349 0.19831553590 
0.254120 71.00319172057 0.19740912789 
0.254627 70.83754119440 0.19511937265 
0.255134 71.27378987831 0.19350921103 
0.255640 70.54383344770 0.19314056481 
0.256147 70.76109508699 0.19257753451 
0.256654 70.85842512930 0.19673431834 
0.257160 71.11132514691 0.19440121614 
0.257667 71.21625318370 0.19374244156 
0.258173 71.29478566604 0.19460502239 
0.258680 71.41554199214 0.19306543675 
0.259187 71.17443540202 0.19675617161 
0.259693 71.31916286233 0.19801118315 
0.260200 71.67272341585 0.19869837012 
0.260706 71.50017114535 0.19593695007 
0.261213 71.51241578705 0.19159647525 
0.261720 71.73632032262 0.19495190227 
0.262226 71.42910742033 0.19450796959 
0.262733 71.50129689534 0.19468280022 
0.263239 71.42883849789 0.19405053256 
0.263746 71.64425857516 0.19304745459 
0.264253 71.59398534552 0.19479616711 
0.264759 71.64899737205 0.19422924037 
0.265266 71.55850444886 0.19425182679 
0.265772 71.70435675094 0.18938710923 
0.266279 71.75069372131 0.19233753322 
0.266786 71.57858429301 0.19183758869 
0.267292 71.58852689001 0.19086557507 
0.267799 71.68510341490 0.19242381615 
0.268305 71.38712914724 0.19209202328 
0.268812 71.72953923770 0.19124698145 
0.269319 71.59252323412 0.18905415653 
0.269825 71.61700295417 0.18648901353 
0.270332 71.71061905300 0.18660125711 
0.270838 71.94238562433 0.19200705732 
0.271345 71.90895191472 0.19270135299 
0.271852 71.97824201614 0.19210814515 
0.272358 72.30295841039 0.19480246821 
0.272865 72.17368635590 0.19155492801 
0.273371 72.26681806216 0.18972512231 
0.273878 72.25912204731 0.19430079275 
0.274385 72.43841889531 0.19234542856 
0.274891 72.32776387625 0.18926280931 
0.275398 72.33896844600 0.18748539211 
0.275904 72.13821806286 0.18419320265 
0.276411 72.35430141600 0.18834976944 
0.276917 72.16094614648 0.18140881724 
0.277424 72.11433467541 0.18356171596 
0.277931 72.15737599441 0.18422191487 
0.278437 72.02544226914 0.18351939903 
0.278944 72.16428023334 0.18369478302 
0.279450 71.97848127675 0.18432243500 
0.279957 72.07228595915 0.18379710364 
0.280464 71.95994181499 0.18119550197 
0.280970 71.97516316124 0.18189682589 
0.281477 71.98828788897 0.18095479203 
0.281983 71.88808304650 0.18202776739 
0.282490 72.14111039375 0.18549866393 
0.282996 72.40135352709 0.17973896837 
0.283503 71.99833441735 0.18178512925 
0.284010 72.02068731262 0.17864548208 
0.284516 71.90432112343 0.18122734273 
0.285023 71.71868204947 0.17683422207 
0.285529 71.68468758398 0.17423015931 
0.286036 71.95400769548 0.17570348823 
0.286542 71.38822461538 0.17078842520 
0.287049 71.60301416914 0.17771142594 
0.287556 71.29748395817 0.17306749504 
0.288062 71.60031570567 0.17165679782 
0.288569 71.71975992771 0.17563180466 
0.289075 71.35316918625 0.17086593589 
0.289582 71.18955097843 0.17073765652 
0.290088 71.26089023569 0.17251227457 
0.290595 71.49200573820 0.17104750465 
0.291102 71.35330099487 0.17178018931 
0.291608 71.46723146227 0.16846579408 
0.292115 71.25807171042 0.16745935020 
0.292621 71.12953127566 0.16788056602 
0.293128 71.24568565482 0.16370576920 
0.293634 71.03092990772 0.16271683982 
0.294141 71.08395843084 0.17136287305 
0.294647 71.12445028319 0.16740941614 
0.295154 70.80838696715 0.16921226337 
0.295661 70.91297597560 0.16511567910 
0.296167 71.08949788630 0.16764534805 
0.296674 70.74527145116 0.16630537490 
0.297180 70.66018283390 0.16546559185 
0.297687 70.55413671820 0.16152360038 
0.298193 70.49768082316 0.16446994214 
0.298700 70.60768952343 0.16503653498 
0.299207 70.45806396367 0.16496821531 
0.299713 70.84165005005 0.16724330913 
0.300220 70.44325475217 0.16391314940 
0.300726 70.77700008551 0.16634236961 
0.301233 70.68955151743 0.16530905212 
0.301739 70.45256551927 0.16385557788 
0.302246 70.18137418385 0.16420523591 
0.302752 70.28921792065 0.16104990810 
0.303259 70.22307656034 0.16184406067 
0.303765 70.23000177903 0.16324967517 
0.304272 70.05267176142 0.15925419426 
0.304779 69.78473322235 0.15781704841 
0.305285 69.89786840579 0.16011630323 
0.305792 70.03898823806 0.16216234342 
0.306298 69.82510145771 0.15972477869 
0.306805 69.99454188658 0.16280319281 
0.307311 69.89754788893 0.15804412606 
0.307818 69.74244402288 0.15738098349 
0.308324 69.68732923469 0.15762575499 
0.308831 69.82968488484 0.15657921497 
0.309337 69.38572048432 0.15528057612 
0.309844 69.30982851007 0.15462781474 
0.310350 69.25903064701 0.15335928889 
0.310857 69.08471360558 0.15406426207 
0.311364 68.54518467358 0.15295246359 
0.311870 68.56060641468 0.14731612857 
0.312377 68.03875702292 0.14750655116 
0.312883 67.99846721417 0.14688245447 
0.313390 68.04841054892 0.14555785708 
0.313896 67.80440829143 0.14357329313 
0.314403 67.97685939771 0.14616194671 
0.314909 67.46888249595 0.14633976196 
0.315416 67.64153335836 0.14292273867 
0.315922 67.50563024086 0.14464001762 
0.316429 67.03991161292 0.14292013940 
0.316935 67.31565467986 0.14255885038 
0.317442 67.30595484170 0.14320960676 
0.317948 66.85589182560 0.14298322239 
0.318455 66.99215059486 0.14182054971 
0.318961 66.83820601779 0.13746742003 
0.319468 66.94738474022 0.13914605034 
0.319975 66.77924156162 0.14359900281 
0.320481 66.86735531927 0.14114845873 
0.320988 66.52219623807 0.14404384242 
0.321494 66.57121810701 0.13991669259 
0.322001 66.44887112452 0.14934090429 
0.322507 66.54498036617 0.14064231580 
0.323014 66.70967252152 0.14127362979 
0.323520 66.51317485795 0.14270668472 
0.324027 66.44132652695 0.14112975358 
0.324533 66.44312214537 0.13944651262 
0.325040 66.40294353636 0.13861817493 
0.325546 66.41136108522 0.14034687388 
0.326053 66.38423928966 0.13591801311 
0.326559 66.34599341844 0.13774487451 
0.327066 66.23575722164 0.13972639366 
0.327572 66.22074487164 0.13852980205 
0.328079 65.98520115673 0.14162251734 
0.328585 65.98719025960 0.13971514158 
0.329092 66.13294056865 0.13424939555 
0.329598 66.02406194712 0.13598574907 
0.330105 66.08270909665 0.13957457021 
0.330611 65.96060684245 0.13866278309 
0.331118 65.99731396329 0.13681602320 
0.331624 66.11567653665 0.13870858258 
0.332131 65.79625873453 0.13933936247 
0.332637 65.95290912655 0.13551853525 
0.333144 65.81180162302 0.13611740246 
0.333650 65.91844323920 0.13559474216 
0.334157 65.61749461980 0.13915319506 
0.334663 65.67453045815 0.13931389183 
0.335170 65.59921706000 0.13846628983 
0.335676 65.67898029525 0.13850175721 
0.336183 65.59467138053 0.14011453555 
0.336689 65.78677163549 0.13909405606 
0.337196 65.79982412482 0.13741111706 
0.337702 65.70875162505 0.13834307336 
0.338209 65.48738629055 0.13874164180 
0.338715 65.71886996022 0.13825581332 
0.339222 65.24241702222 0.13712741242 
0.339728 65.55762127781 0.14176708283 
0.340235 65.58490359684 0.22289429633 
0.340741 65.42443391177 0.13875973240 
0.341248 65.26266110806 0.13966805495 
0.341754 65.31401458941 0.13769446661 
0.342261 65.36603164958 0.14220133107 
0.342767 65.28166687878 0.13760830969 
0.343274 65.21113431305 0.13938120746 
0.343780 65.28089568748 0.13871831270 
0.344287 65.28411729841 0.13846676927 
0.344793 64.95529426126 0.13795050751 
0.345300 65.15895630524 0.14145015243 
0.345806 65.08357703636 0.14431953203 
0.346313 65.13147589844 0.14344478422 
0.346819 64.85341764565 0.14661992932 
0.347325 64.99861436238 0.14477868217 
0.347832 64.88258382387 0.14425179710 
0.348338 64.68009163514 0.14199773806 
0.348845 64.79402067571 0.14423427640 
0.349351 64.38328411101 0.15079117883 
0.349858 64.66929123037 0.14680040315 
0.350364 64.92273522157 0.14693670202 
0.350871 64.51854992158 0.14827365499 
0.351377 64.29289605428 0.14880086237 
0.351884 64.92295439829 0.14656752131 
0.352390 64.32569319961 0.14712213768 
0.352897 64.30593820933 0.14853802735 
0.353403 64.08277796568 0.14378734527 
0.353910 64.47697270126 0.15137597328 
0.354416 64.23306005438 0.15141055970 
0.354923 64.25147080205 0.15266247818 
0.355429 64.01801270647 0.15322231223 
0.355935 64.26137370503 0.14911766262 
0.356442 63.97049500766 0.15069620698 
0.356948 63.89069798486 0.15367175550 
0.357455 63.81376661384 0.15536983387 
0.357961 63.79203915379 0.15218922926 
0.358468 63.93566395614 0.15631336162 
0.358974 64.16358968883 0.22114845168 
0.359481 63.84352522400 0.20429385646 
0.359987 63.76112434821 0.19987619983 
0.360494 64.00733945085 0.18809707184 
0.361000 63.71779981143 0.18919524624 
0.361506 63.95297727439 0.18512974008 
0.362013 63.86825300994 0.18585116033 
0.362519 63.77234073835 0.18422608864 
0.363026 63.58050749246 0.18183540850 
0.363532 64.03555420321 0.18840166771 
0.364039 63.71657248411 0.18080704207 
0.364545 63.76310463993 0.18111083320 
0.365052 63.57777941768 0.18337873005 
0.365558 63.63348003511 0.18199044361 
0.366064 63.87601852865 0.18212226032 
0.366571 63.84453414157 0.18819729743 
0.367077 63.86819310669 0.18593367743 
0.367584 63.80798176289 0.18221728474 
0.368090 63.68495273115 0.18629640268 
0.368597 63.61504244481 0.19081966781 
0.369103 63.39049427197 0.18861513851 
0.369610 63.72542178998 0.19236898015 
0.370116 63.27182572769 0.18768678069 
0.370622 63.83740324445 0.18859912020 
0.371129 63.80207478287 0.19085969354 
0.371635 63.39835728431 0.19024333883 
0.372142 63.51142558819 0.19023696692 
0.372648 63.65932226398 0.19588314148 
0.373155 63.72073902280 0.19850898884 
0.373661 63.64454912410 0.19910186931 
0.374167 63.48674268746 0.19946538003 
0.374674 63.57715389075 0.19868673818 
0.375180 63.35639363206 0.19661983411 
0.375687 63.23448269128 0.19653627564 
0.376193 63.62184475609 0.20070299319 
0.376700 63.49645360171 0.19701162393 
0.377206 63.21462743911 0.20430551287 
0.377712 63.25576903888 0.20133860213 
0.378219 63.54940624938 0.20399483898 
0.378725 63.54446564502 0.20846422557 
0.379232 63.65766635416 0.20718912535 
0.379738 63.57862793838 0.20339152574 
0.380245 63.48592075333 0.20585242586 
0.380751 63.22094161349 0.20463225707 
0.381257 63.02839850949 0.20388049936 
0.381764 63.12823159243 0.20639294902 
0.382270 63.45440238608 0.20880231607 
0.382777 62.81578773295 0.20531810426 
0.383283 63.40612890504 0.20608161367 
0.383789 62.99183140119 0.21418381607 
0.384296 62.92432601898 0.20814945814 
0.384802 63.09004742432 0.21159424578 
0.385309 62.93606429402 0.21368676393 
0.385815 62.86845950636 0.20944112422 
0.386321 62.89318748728 0.20583059087 
0.386828 62.71352557194 0.21299794100 
0.387334 63.22892075679 0.20644798444 
0.387841 62.89924904622 0.21079997681 
0.388347 62.99511664707 0.21758179741 
0.388853 62.72991130529 0.20857305791 
0.389360 63.10981504815 0.22185838164 
0.389866 62.62229313851 0.20800671630 
0.390373 62.68482474207 0.21720668418 
0.390879 62.98225802424 0.21525994414 
0.391385 63.14657257323 0.21881328271 
0.391892 63.04150173556 0.22183818852 
0.392398 63.16953111890 0.21963992327 
0.392905 62.75854269411 0.22118013202 
0.393411 62.90820952717 0.22185259187 
0.393917 62.60954223210 0.22717095883 
0.394424 62.35117301556 0.22532566813 
0.394930 62.65971131664 0.22833428279 
0.395437 62.59773883100 0.22804743600 
0.395943 62.67330195049 0.22302518185 
0.396449 62.48757946568 0.31974707452 
0.396956 62.59679100315 0.22639415082 
0.397462 62.68223159768 0.23152679165 
0.397969 62.75360603087 0.23447752044 
0.398475 62.31895004646 0.23288132315 
0.398981 62.69016436352 0.23193742438 
0.399488 62.96590025704 0.23669014138 
0.399994 62.00934986547 0.24174288045 
0.400500 62.47648645701 0.23798454509 
0.401007 62.67365517943 0.23968089710 
0.401513 62.22356842948 0.23836362066 
0.402020 62.55436655993 0.23765835632 
0.402526 62.39069309134 0.24953681922 
0.403032 62.39753818115 0.23816344595 
0.403539 62.73136206409 0.25373587290 
0.404045 62.51649601147 0.25003142149 
0.404551 62.54807988561 0.26276895657 
0.405058 62.51127517285 0.26972566160 
0.405564 62.01268794755 0.25076164653 
0.406071 62.00869459886 0.25255350187 
0.406577 62.23092579110 0.25570766465 
0.407083 62.04101504830 0.26043632351 
0.407590 62.34047691759 0.26501459833 
0.408096 62.16986315087 0.28280682781 
0.408602 62.34501379053 0.27259971200 
0.409109 61.83786165403 0.25966220178 
0.409615 61.84646782699 0.27047763360 
0.410121 62.34805522854 0.26335717368 
0.410628 62.01118532047 0.26651227566 
0.411134 61.51518835069 0.26622224009 
0.411641 62.30812998375 0.27328686736 
0.412147 61.94735807065 0.26288910285 
0.412653 61.74864177027 0.27188828483 
0.413160 62.35653638449 0.26104414127 
0.413666 62.60342644017 0.26861319039 
0.414172 61.70521468636 0.28994358679 
0.414679 61.81917939179 0.27699500510 
0.415185 61.73631315973 0.28524701624 
0.415691 61.85427158491 0.27175781654 
0.416198 62.19147493221 0.26976073484 
0.416704 62.09545519135 0.27732737864 
0.417210 62.44432248710 0.28218716332 
0.417717 61.81479150316 0.29610147048 
0.418223 61.79158577699 0.27996199113 
0.418729 61.78674259961 0.28282080265 
0.419236 61.75787006556 0.28391276440 
0.419742 61.44887996356 0.27206556290 
0.420248 61.90307460147 0.27738275848 
0.420755 61.81824589143 0.28716099920 
0.421261 61.75476513981 0.27325885261 
0.421767 61.36067206684 0.27517642716 
0.422274 61.86404998467 0.28931039448 
0.422780 61.55823713724 0.27458518190 
0.423286 61.49020679389 0.28459229764 
0.423793 61.45558324192 0.26089420746 
0.424299 61.73520088021 0.29222741116 
0.424805 61.72450403359 0.27802339151 
0.425312 61.27525545135 0.29809925213 
0.425818 61.48440322579 0.28192666190 
0.426324 61.54284831849 0.29824291901 
0.426831 61.22421003047 0.29022095335 
0.427337 61.50150492545 0.30884135229 
0.427843 61.50451662768 0.30203678004 
0.428350 61.64391379353 0.30846918191 
0.428856 61.14728274712 0.30146355689 
0.429362 61.27373880726 0.30173168578 
0.429869 61.48707543496 0.30631409885 
0.430375 61.32207722517 0.31209889652 
0.430881 61.39969591037 0.31722676693 
0.431388 61.39726989015 0.30894238223 
0.431894 60.81297292429 0.31584662291 
0.432400 61.93341549262 0.33443593472 
0.432907 62.22557611762 0.32039784183 
0.433413 61.29444601778 0.33550802292 
0.433919 61.44114149381 0.32678892251 
0.434425 61.78932279087 0.32338916329 
0.434932 61.73725214869 0.31644001195 
0.435438 61.38287764423 0.34310209061 
0.435944 60.95319929289 0.34454366347 
0.436451 61.40782552905 0.33086199598 
0.436957 61.06196574790 0.36250833594 
0.437463 61.54933697957 0.34654552661 
0.437970 60.95604708730 0.35667745095 
0.438476 61.14849697529 0.36128105751 
0.438982 61.40275451490 0.35847060288 
0.439489 61.11006051129 0.38258586374 
0.439995 61.82577344924 0.37052234128 
0.440501 61.20093501314 0.37562229871 
0.441007 61.11503583661 0.37669590524 
0.441514 61.28756562748 0.37583871360 
0.442020 60.61209546174 0.40847202349 
0.442526 60.99600317241 0.40601830908 
0.443033 60.68742622507 0.38040324478 
0.443539 60.98303189378 0.38489039368 
0.444045 61.47340084658 0.41254934175 
0.444551 60.53061718278 0.42124732746 
0.445058 61.50184657594 0.40695852470 
0.445564 60.76829219992 0.42180164711 
0.446070 61.19528645794 0.43446871175 
0.446577 60.67619585673 0.41712252377 
0.447083 60.79037663700 0.46267225405 
0.447589 60.41029686304 0.47114877538 
0.448095 60.37387967439 0.45651356105 
0.448602 60.61732352081 0.47371081874 
0.449108 60.96579832304 0.49167489722 
0.449614 60.40980863789 0.48651434772 
0.450121 60.33409378312 0.46971286714 
0.450627 60.32880069238 0.49772876878 
0.451133 60.76849004112 0.50677857622 
0.451639 60.35255604852 0.52813478556 
0.452146 60.44610513149 0.54107479017 
0.452652 60.31483324115 0.54154850019 
0.453158 60.57099059593 0.56154848305 
0.453664 60.21673045138 0.56632185323 
0.454171 59.25946395520 0.55678362642 
0.454677 60.67857665367 0.59875517376 
0.455183 60.24708688430 0.63754766579 
0.455689 61.05379504722 0.64384994945 
0.456196 60.05395715168 0.64242328804 
0.456702 60.53922568487 0.66720442830 
0.457208 60.45763906148 0.65838564357 
0.457714 59.77640633550 0.73109266258 
0.458221 59.36626345496 0.73949600312 
0.458727 61.64617380360 0.81773124132 
0.459233 60.24050194330 0.86397584695 
0.459740 60.24183024200 0.86364189788 
0.460246 60.51894832231 0.89378778585 
0.460752 60.48839860379 0.96692043725 
0.461258 58.54161678946 1.00005724699 
0.461765 61.30799268961 1.09355337890 
0.462271 60.86166398180 1.06068296241 
0.462777 60.27502985776 1.18144929217 
0.463283 61.13852137956 1.30297561297 
0.463789 58.78109818518 1.33589459002 
0.464296 61.14185923363 1.42634334239 
0.464802 60.13961460782 1.34046894861 
0.465308 60.89296643247 1.50229160993 
0.465814 59.09343398651 1.66310277830 
0.466321 58.71263926831 1.69418921234 
0.466827 59.67674176142 1.86887003866 
0.467333 59.27400994382 1.88412429618 
0.467839 59.73005133962 1.99838219718 
0.468346 59.64900787239 2.29874961824 
0.468852 60.72195055178 2.61640164749 
0.469358 59.30566770872 2.83807618165 
0.469864 58.09886809383 2.93896698396 
0.470371 60.09053026400 4.03225701922 
0.470877 57.32423629377 4.38665032133 
0.471383 54.87072031383 5.21883313727 
0.471889 52.94530521330 6.91980124580 
0.472395 54.31357222583 6.02389737863 
0.472902 50.05769574309 12.04525332480 
