0.010896 1352.72369753530 13.89564973264 
0.011402 1207.67821975164 10.60166325813 
0.011909 1088.77888035543 11.09626642823 
0.012416 980.20009312142 9.99221516182 
0.012923 888.71323908199 7.33742029156 
0.013430 832.88390544712 10.52864736543 
0.013936 794.05212116407 9.08206247294 
0.014443 738.34958850286 8.05676479532 
0.014950 682.78969904755 6.59897663568 
0.015457 629.93532078326 5.25359480169 
0.015963 585.85168125796 4.76167055446 
0.016470 546.77404281011 4.27545686533 
0.016977 509.35138708737 3.95666617407 
0.017484 473.42484411627 3.19682470864 
0.017990 450.31079673663 3.22046359886 
0.018497 425.48254669436 2.71905901972 
0.019004 405.48781877131 2.40562197241 
0.019511 378.64901598897 2.41153870701 
0.020018 360.97501849920 2.22418408546 
0.020524 344.61826159919 2.05032422152 
0.021031 330.41826592955 1.82955837260 
0.021538 315.74618873761 1.70219659691 
0.022045 303.10883958485 1.61113560557 
0.022551 290.29082154893 1.51894041087 
0.023058 279.67185289561 1.53834000255 
0.023565 268.96380190120 1.60797412623 
0.024072 261.21451974588 1.64073040825 
0.024579 251.97306272955 1.60715648079 
0.025085 243.39664933966 2.07799213668 
0.025592 235.75831597700 2.15091579900 
0.026099 229.61954642043 2.14651721279 
0.026606 224.21640026256 1.70635919922 
0.027112 216.56010125498 1.76130700007 
0.027619 212.33274985615 1.53122080891 
0.028126 205.99775570139 1.51362766792 
0.028633 204.27658537126 1.32245014771 
0.029139 198.47513918077 1.20252668100 
0.029646 194.35121230056 1.22337127564 
0.030153 190.32994724617 1.18181903344 
0.030660 186.19883654119 1.06654815875 
0.031167 180.70407937760 0.96883648874 
0.031673 178.29043441273 0.91064873562 
0.032180 176.63987965451 0.84555758528 
0.032687 172.74821292713 0.85261264694 
0.033194 169.73066764477 0.82101765564 
0.033700 167.00824506694 0.80297664134 
0.034207 164.71735612401 0.77401214628 
0.034714 163.00478148761 0.75177141062 
0.035221 160.29509112464 0.75171073624 
0.035727 157.77259436182 0.67990296861 
0.036234 155.46609744540 0.66243161296 
0.036741 154.98809056126 0.65644911739 
0.037248 152.52520304322 0.65504015771 
0.037755 149.74883215898 0.60685724790 
0.038261 148.04766550967 0.59447977052 
0.038768 146.76630318308 0.57384206609 
0.039275 146.51446210939 0.57694937457 
0.039782 144.58726571454 0.56972217023 
0.040288 143.35003065542 0.55927962115 
0.040795 142.10999517118 0.56364558838 
0.041302 139.78314253807 0.54877916637 
0.041809 138.39000332954 0.53316317924 
0.042315 137.39093805299 0.55796075976 
0.042822 136.17608225038 0.49459084297 
0.043329 134.88087928308 0.53595481371 
0.043836 133.74246114883 0.53228098759 
0.044343 132.74776492564 0.53895709249 
0.044849 132.12432956379 0.51468750701 
0.045356 130.80331401766 0.49751704381 
0.045863 129.89041934569 0.50064986665 
0.046370 128.75684842317 0.50880756318 
0.046876 128.55386223833 0.49259363781 
0.047383 126.55763576556 0.51936324343 
0.047890 126.38888591615 0.47531485642 
0.048397 124.71145008212 0.47077622793 
0.048903 125.75015944564 0.46754784682 
0.049410 123.23128353621 0.47427306760 
0.049917 123.04905939119 0.48026671147 
0.050424 122.36298725849 0.45401233641 
0.050931 120.77662065638 0.46909509363 
0.051437 121.10162590976 0.44905881478 
0.051944 120.15834492385 0.45200190028 
0.052451 119.06605274790 0.44422554811 
0.052958 118.79637601254 0.42470962796 
0.053464 117.70922144326 0.44526851573 
0.053971 116.81400628391 0.44340917181 
0.054478 117.53360445269 0.44131747031 
0.054985 116.61268683523 0.43224601350 
0.055491 115.70818742462 0.44218037014 
0.055998 114.82069904102 0.42272725671 
0.056505 113.88284323178 0.42154514343 
0.057012 113.43514859978 0.43493412429 
0.057519 112.68447093697 0.42999072611 
0.058025 112.92726479648 0.40360437719 
0.058532 111.82472306612 0.42420032002 
0.059039 111.15122992223 0.41316301833 
0.059546 111.43548701927 0.42384856226 
0.060052 110.65885502610 0.40729238752 
0.060559 109.37746970952 0.41567946494 
0.061066 109.60908463213 0.41566645234 
0.061573 108.81604280332 0.39876094280 
0.062079 109.00784786730 0.39843207563 
0.062586 107.69318747338 0.39440699797 
0.063093 107.61410156758 0.38603993792 
0.063600 107.11866737122 0.41199315660 
0.064106 105.98808566210 0.39697918705 
0.064613 106.33223111050 0.40865524289 
0.065120 105.94416421972 0.38569557282 
0.065627 106.14144313681 0.38051311237 
0.066134 104.81990564789 0.38201181055 
0.066640 104.83020925983 0.38339866144 
0.067147 104.43203031703 0.38464396344 
0.067654 104.16869590543 0.37436189319 
0.068161 103.25762400990 0.35385559803 
0.068667 103.67169053993 0.36318524043 
0.069174 103.20238970301 0.37629836150 
0.069681 103.18766128934 0.34430773716 
0.070188 102.91031417856 0.34270672631 
0.070694 101.70730323261 0.36695777049 
0.071201 101.91124573761 0.35559722525 
0.071708 101.82219246899 0.35007138864 
0.072215 100.60387152438 0.35499277551 
0.072721 100.79602983894 0.35253501812 
0.073228 100.43533017784 0.33553149600 
0.073735 100.72648462313 0.34482262670 
0.074242 100.09419830670 0.36009839330 
0.074748 98.90834975595 0.34075574796 
0.075255 99.53050895520 0.33525399215 
0.075762 98.89588442817 0.33930274636 
0.076269 99.27409549550 0.32485087581 
0.076776 99.21041276318 0.34036604438 
0.077282 98.64390832490 0.32416748001 
0.077789 97.91765456901 0.31786761820 
0.078296 98.23293769255 0.33762836217 
0.078803 97.86260178358 0.33202686554 
0.079309 97.48678626684 0.32307932341 
0.079816 97.33785390879 0.33229122456 
0.080323 97.05583378857 0.33593174952 
0.080830 97.12265200868 0.33684900003 
0.081336 96.88894298975 0.33156206787 
0.081843 97.07503372581 0.33426636737 
0.082350 96.57306021264 0.32641124907 
0.082857 96.44642138436 0.33408627406 
0.083363 96.53587831030 0.32910716997 
0.083870 96.24507496837 0.32913444333 
0.084377 95.84478241421 0.33916663431 
0.084884 96.38754217741 0.33569583796 
0.085390 95.86912259717 0.33393212341 
0.085897 95.42519902263 0.33642533810 
0.086404 95.91105820766 0.33267487830 
0.086911 95.42237930903 0.33221570568 
0.087417 95.08176786859 0.32978319746 
0.087924 94.59673660658 0.33264342726 
0.088431 94.81193265140 0.33311047372 
0.088938 94.30825331501 0.32864826845 
0.089444 95.06003208260 0.33243663640 
0.089951 93.79542085801 0.33180532171 
0.090458 93.81529308690 0.32975529876 
0.090965 93.84848757234 0.32894119115 
0.091471 94.09309387456 0.33288339197 
0.091978 94.02065672735 0.32850508038 
0.092485 92.81773719318 0.34177242640 
0.092992 93.13006814404 0.34867322913 
0.093498 92.84544727152 0.32777014623 
0.094005 92.62474600198 0.32860861080 
0.094512 92.66397547437 0.32384890410 
0.095019 92.87468713320 0.34597819593 
0.095525 93.01613689429 0.32780814778 
0.096032 92.26889725068 0.33672835524 
0.096539 91.86798388582 0.32645439967 
0.097046 91.57813972899 0.32843860009 
0.097552 91.95130759497 0.32638781496 
0.098059 91.63231832520 0.33662864960 
0.098566 91.49043438932 0.32316272714 
0.099073 92.00240147359 0.32365599355 
0.099579 91.75571824479 0.32042186772 
0.100086 91.30283623541 0.32554011409 
0.100593 91.08530826232 0.32035533879 
0.101100 90.96836891128 0.31858858208 
0.101606 90.61628397918 0.30475743972 
0.102113 89.54661773698 0.30482889659 
0.102620 89.42233648846 0.29666634947 
0.103127 89.23025193559 0.29219377088 
0.103633 89.31789201893 0.29776182962 
0.104140 88.80917640197 0.29138400536 
0.104647 88.15245771542 0.30586551561 
0.105154 88.66575605939 0.31439811337 
0.105660 88.65811394352 0.31548304669 
0.106167 88.63324593298 0.29708381257 
0.106674 88.45191505200 0.29705542802 
0.107181 87.66406753150 0.31114236027 
0.107687 87.72985762538 0.29726646116 
0.108194 88.52936646307 0.30173650362 
0.108701 87.92123217172 0.29546509288 
0.109208 87.82152588096 0.29959262506 
0.109714 87.33018140986 0.28732595715 
0.110221 87.67556411824 0.28515678320 
0.110728 87.51408978103 0.28248655087 
0.111235 87.26551675647 0.28964842412 
0.111741 87.34287969135 0.28579050182 
0.112248 87.29559087438 0.28206220604 
0.112755 86.94264629094 0.28338630515 
0.113262 87.02868981518 0.27778132561 
0.113768 87.17711203479 0.28503811897 
0.114275 86.59763853839 0.27287152939 
0.114782 86.72024733089 0.27477785341 
0.115289 86.82719539513 0.26928188514 
0.115795 86.85807455778 0.27117839268 
0.116302 86.08370574321 0.28027301030 
0.116809 86.14414243632 0.27174621230 
0.117316 86.23779849990 0.27178048581 
0.117822 85.99097724256 0.27276211706 
0.118329 86.30063919270 0.27685193844 
0.118836 85.91722837316 0.26972632777 
0.119342 85.93053730232 0.27267933104 
0.119849 85.65544136226 0.27367893171 
0.120356 85.92096514019 0.26446051617 
0.120863 85.84152194467 0.27102728164 
0.121369 85.45334772957 0.27040495274 
0.121876 85.61132017273 0.26674827160 
0.122383 85.10232950385 0.26483372391 
0.122890 85.64403772471 0.26727010341 
0.123396 85.79414850712 0.26215991823 
0.123903 85.68980393582 0.26348619466 
0.124410 85.52342347683 0.26758597480 
0.124917 85.15361863774 0.25699404554 
0.125423 85.07301588077 0.25986834278 
0.125930 85.20868246792 0.26068631346 
0.126437 85.05800486000 0.25319539284 
0.126944 84.83769082082 0.25733572253 
0.127450 84.32896886498 0.25387234550 
0.127957 84.66606614491 0.25607499199 
0.128464 84.41350817607 0.26716731714 
0.128970 84.27902956198 0.24859875285 
0.129477 84.20955642331 0.25007082521 
0.129984 84.52979116740 0.25482378514 
0.130491 84.43753730046 0.24965150143 
0.130997 84.15776368182 0.25407615405 
0.131504 84.17757220055 0.25296512575 
0.132011 84.25671540851 0.25576181382 
0.132518 84.12646023171 0.24787830397 
0.133024 84.27231025767 0.24322012058 
0.133531 83.69923537640 0.24533255216 
0.134038 84.09637108257 0.25191176752 
0.134545 84.09352220842 0.25144394639 
0.135051 83.78575750629 0.24885471806 
0.135558 83.46659902925 0.24501430137 
0.136065 83.54964842352 0.24723819442 
0.136571 83.32458465876 0.24238197860 
0.137078 83.76895494674 0.24161695896 
0.137585 83.38261375776 0.23950626381 
0.138092 82.91528311792 0.25014343280 
0.138598 83.27047502948 0.24146631290 
0.139105 83.50953370732 0.24311497073 
0.139612 83.10950891573 0.24882730639 
0.140119 83.01640211900 0.24400129754 
0.140625 83.11143235352 0.23766106710 
0.141132 83.35963642556 0.24028779130 
0.141639 82.86636089094 0.23767765769 
0.142145 82.47192506901 0.24662660318 
0.142652 82.68722320428 0.24232576426 
0.143159 82.77943654083 0.24181662601 
0.143666 82.53914374563 0.24503668084 
0.144172 82.40693984153 0.23817982988 
0.144679 82.51785591832 0.25043825597 
0.145186 82.00376205981 0.24174718500 
0.145692 81.99002367169 0.24084557641 
0.146199 82.45753086930 0.24461234199 
0.146706 81.86868316211 0.24161547292 
0.147213 81.85560300821 0.24039576476 
0.147719 81.93298600821 0.24756804790 
0.148226 81.45267791985 0.24239913059 
0.148733 82.17345688990 0.24100123655 
0.149240 81.72831927661 0.23816449582 
0.149746 81.32962502843 0.24164852211 
0.150253 81.00693314620 0.24404369514 
0.150760 81.52766656376 0.23812814268 
0.151266 81.12299396715 0.24223169568 
0.151773 80.70184052258 0.23585651557 
0.152280 80.98352539827 0.23987618912 
0.152787 80.97193148817 0.24266385068 
0.153293 80.92653925980 0.23521725534 
0.153800 81.22911074998 0.23856084770 
0.154307 80.66708275763 0.24226040837 
0.154813 80.97082562597 0.23878666540 
0.155320 80.60401991951 0.23351564823 
0.155827 80.37394062435 0.23792643709 
0.156334 80.89589620269 0.24036293669 
0.156840 80.48854140445 0.23856778565 
0.157347 80.36178141075 0.23614674426 
0.157854 80.54884560161 0.23964860930 
0.158360 80.59058504455 0.23248253049 
0.158867 80.18436509272 0.23314799051 
0.159374 80.07287366800 0.23412679030 
0.159881 80.28166629486 0.23371336455 
0.160387 79.85275788388 0.24024443044 
0.160894 79.88357520116 0.24011893283 
0.161401 79.93937177348 0.23200252336 
0.161907 79.63724335042 0.23929484576 
0.162414 79.68363179551 0.23785198285 
0.162921 79.55388476089 0.23443786480 
0.163427 79.63707485315 0.23118205759 
0.163934 79.33701653636 0.23609269498 
0.164441 79.41524191475 0.24019833524 
0.164948 79.49359015085 0.23426502646 
0.165454 79.07620242184 0.22609091871 
0.165961 79.73010035792 0.22974325065 
0.166468 79.40608241608 0.22895910467 
0.166974 79.06217458276 0.22680791625 
0.167481 79.05873531680 0.23065149901 
0.167988 79.11093884405 0.22770474780 
0.168495 79.32394007450 0.23150373649 
0.169001 79.01753361257 0.23433238880 
0.169508 79.15697788080 0.23998678108 
0.170015 79.03377712704 0.23493929246 
0.170521 79.00741785667 0.23696423628 
0.171028 79.42475853014 0.23350329554 
0.171535 79.13653541849 0.24215628374 
0.172041 79.19269790974 0.23591781801 
0.172548 79.13920934203 0.23337648141 
0.173055 79.15655467750 0.24124215674 
0.173562 79.11595918274 0.23476727938 
0.174068 79.07443313430 0.23532873421 
0.174575 79.03567994227 0.23794586822 
0.175082 78.41592564987 0.23392754551 
0.175588 78.73486682433 0.23949949677 
0.176095 78.64890649968 0.23857190117 
0.176602 79.19083883064 0.23808316955 
0.177108 78.47359083930 0.23734598988 
0.177615 78.63031467460 0.23388442283 
0.178122 79.00864032791 0.23561144257 
0.178629 78.81835987386 0.23689801292 
0.179135 78.96570409868 0.23948337625 
0.179642 78.48942050578 0.23437022352 
0.180149 78.58796082273 0.23829376061 
0.180655 78.22660153782 0.23895173717 
0.181162 78.48637509987 0.24055020588 
0.181669 78.86457859368 0.24054644510 
0.182175 78.90539411661 0.24618137068 
0.182682 78.82410718216 0.23625493264 
0.183189 78.89950688114 0.24049692332 
0.183695 78.37762112395 0.24186081460 
0.184202 78.67390080134 0.24187894280 
0.184709 78.42560085228 0.24065347951 
0.185216 78.62234193026 0.24172847067 
0.185722 78.08985652224 0.24616928122 
0.186229 78.30558736911 0.24259638408 
0.186736 77.87880981157 0.24150285285 
0.187242 77.90022302207 0.24703218450 
0.187749 77.99892975227 0.23898586319 
0.188256 77.61030136948 0.24781753431 
0.188762 77.75683149815 0.24353198200 
0.189269 77.65260536366 0.24268945054 
0.189776 77.86021519734 0.24570794432 
0.190282 77.90773630656 0.24040667287 
0.190789 77.74926696977 0.24300543803 
0.191296 77.32656825964 0.24681352030 
0.191802 77.23479506955 0.24504414216 
0.192309 76.91479101438 0.23813502036 
0.192816 76.82623064239 0.23899493122 
0.193323 77.16721387843 0.23701689868 
0.193829 76.59581469543 0.24113211550 
0.194336 76.36551418098 0.23424081287 
0.194843 76.90494794215 0.22711159166 
0.195349 76.40222677612 0.23267710052 
0.195856 76.68324070091 0.23502983900 
0.196363 76.48849628412 0.23291593335 
0.196869 76.31078821668 0.22840317101 
0.197376 76.25036048807 0.23336924627 
0.197883 76.46791433403 0.23007867981 
0.198389 76.00099572051 0.22405603652 
0.198896 75.92989912815 0.22627609241 
0.199403 76.03623576030 0.22434730480 
0.199909 75.79405693275 0.21847791080 
0.200416 76.04871689094 0.22655338090 
0.200923 75.54147983148 0.22031060952 
0.201429 75.98878776602 0.21986630378 
0.201936 75.71685174202 0.22346002757 
0.202443 75.86887580769 0.21787742830 
0.202949 75.66638047226 0.22729914270 
0.203456 75.34706965209 0.22463678950 
0.203963 75.59384811160 0.22321291937 
0.204469 75.87027449147 0.21907871782 
0.204976 75.69319923107 0.22142698860 
0.205483 75.67510321029 0.21660927721 
0.205989 75.59094513381 0.21942975702 
0.206496 75.26548171324 0.20977369887 
0.207003 75.45639676393 0.21548996473 
0.207509 75.27991120038 0.22022000111 
0.208016 75.43895529350 0.21488598456 
0.208523 75.14585942669 0.21154178513 
0.209029 74.85914204381 0.20901377333 
0.209536 75.21863396477 0.21279938917 
0.210043 75.05925913890 0.21742462923 
0.210549 74.92778504920 0.21350620950 
0.211056 75.15507834034 0.21296881849 
0.211563 74.85948268217 0.20892155215 
0.212069 75.03908238997 0.21296870758 
0.212576 75.15928246666 0.21063611433 
0.213083 74.85156211316 0.21141759867 
0.213589 74.86737674800 0.21064997614 
0.214096 74.87775597507 0.20616872644 
0.214603 74.85172916202 0.21470441830 
0.215109 74.76460635684 0.21087359340 
0.215616 74.63485085551 0.20705811185 
0.216123 74.19575122811 0.20720469336 
0.216629 74.57662396022 0.20775180025 
0.217136 74.21442951744 0.20594762588 
0.217643 74.04591767926 0.20401034943 
0.218149 74.08917554753 0.20776992892 
0.218656 73.97101528912 0.20514676160 
0.219163 73.95723123030 0.21083645596 
0.219669 73.94549361345 0.20687975142 
0.220176 74.11452148669 0.20802521457 
0.220683 73.93572405062 0.20308796295 
0.221189 73.92038573526 0.20870762096 
0.221696 73.79240294379 0.20170904872 
0.222203 74.10249425139 0.20396991042 
0.222709 73.81789384509 0.20545531932 
0.223216 73.78343030436 0.20230237461 
0.223722 73.75937078926 0.20533389350 
0.224229 73.86212590920 0.20505239812 
0.224736 73.62103305506 0.20245854068 
0.225242 73.38691805205 0.20343251755 
0.225749 73.79010399402 0.19738831506 
0.226256 73.41366960520 0.20142824908 
0.226762 73.88813832361 0.19791406575 
0.227269 73.48104383510 0.20377609054 
0.227776 73.55077526690 0.20467453636 
0.228282 73.45346809917 0.20096502724 
0.228789 73.43680987713 0.20050633124 
0.229296 73.24038353574 0.19967073585 
0.229802 73.45476184053 0.20142270056 
0.230309 73.16508002147 0.20245814379 
0.230816 73.18364822213 0.20253102434 
0.231322 73.20558994776 0.20383844681 
0.231829 73.05180823285 0.19704139640 
0.232335 72.98314785098 0.20081860397 
0.232842 72.70802001174 0.20101951154 
0.233349 72.65363235341 0.19771238637 
0.233855 72.75618874010 0.19819070723 
0.234362 72.70486689349 0.20181478312 
0.234869 72.69240728130 0.19703110343 
0.235375 72.94489700725 0.19851791255 
0.235882 72.57909603133 0.20050205605 
0.236389 72.62521135260 0.19671979724 
0.236895 72.73251323650 0.20115082351 
0.237402 72.20367409808 0.19984028748 
0.237908 72.82915187535 0.20120326202 
0.238415 72.65217531198 0.20214055267 
0.238922 72.09911272133 0.19969094900 
0.239428 72.36170475653 0.20189181380 
0.239935 72.19029286359 0.19937637006 
0.240442 71.99637936501 0.19739195213 
0.240948 72.40609609834 0.19889725095 
0.241455 72.22336037261 0.20262804871 
0.241962 71.95986111782 0.20007708325 
0.242468 71.98479464578 0.19829626195 
0.242975 72.05994569742 0.19585790432 
0.243481 72.15346494658 0.20112896649 
0.243988 71.76166374898 0.19845910048 
0.244495 71.71260805542 0.20063175699 
0.245001 71.72963234277 0.19618869341 
0.245508 71.71759240771 0.19897062758 
0.246015 71.91117033477 0.19547351949 
0.246521 71.56619112564 0.19968580696 
0.247028 71.18161242361 0.19660251456 
0.247534 71.30400621847 0.19647788286 
0.248041 71.71835134542 0.19157608140 
0.248548 71.12234370614 0.19342930444 
0.249054 71.59855350770 0.19671473212 
0.249561 71.40395695054 0.19724929535 
0.250068 71.15606788579 0.19727210821 
0.250574 71.41680750180 0.20043392962 
0.251081 71.13925105122 0.19917476786 
0.251587 71.16231751039 0.19815698420 
0.252094 71.29197958154 0.19979397030 
0.252601 70.90086777724 0.19445940579 
0.253107 71.16787402707 0.19494086145 
0.253614 71.04578587442 0.19625683443 
0.254120 70.74380506738 0.19643635401 
0.254627 70.92529111160 0.19588893800 
0.255134 70.92544892980 0.19228592301 
0.255640 71.00299688868 0.19712169854 
0.256147 71.09435139471 0.19172402907 
0.256654 71.01570610490 0.19662976988 
0.257160 71.17491560376 0.19828205995 
0.257667 71.22294359125 0.19532677659 
0.258173 71.33625419288 0.19579413558 
0.258680 71.36242040295 0.19422503636 
0.259187 71.46210531361 0.19668423383 
0.259693 71.56039160268 0.19443215933 
0.260200 71.38113663260 0.19496750465 
0.260706 71.63065686076 0.19535361889 
0.261213 71.54390187187 0.19402829973 
0.261720 71.58938184027 0.19664872336 
0.262226 71.78601210200 0.19282971966 
0.262733 71.64783291933 0.19476372303 
0.263239 71.60153157808 0.19382437178 
0.263746 71.78366528900 0.19675927715 
0.264253 71.50881337461 0.19429976661 
0.264759 71.79328268575 0.19073738386 
0.265266 71.69377008799 0.19627205506 
0.265772 71.52825582596 0.19298041343 
0.266279 71.94168648577 0.19119607620 
0.266786 71.66687176650 0.19070653699 
0.267292 71.71901094608 0.19211792826 
0.267799 71.64866483303 0.19205213897 
0.268305 71.99247614778 0.18900164708 
0.268812 71.82047222156 0.19538739657 
0.269319 71.84700082976 0.19016578771 
0.269825 71.83696906904 0.19000819917 
0.270332 71.72891549855 0.18830776360 
0.270838 71.92616032644 0.18987785491 
0.271345 72.11461007670 0.19263389748 
0.271852 72.01137443652 0.19439740560 
0.272358 72.22418061115 0.19412068369 
0.272865 72.19034535671 0.19357821576 
0.273371 72.38334832232 0.18974401072 
0.273878 72.11480451273 0.19349105995 
0.274385 72.21289908622 0.19049729920 
0.274891 72.41134399340 0.18832937669 
0.275398 72.19974767442 0.18757180170 
0.275904 72.22816332690 0.18761387343 
0.276411 72.33443405483 0.18627629956 
0.276917 72.44972110388 0.18383047645 
0.277424 72.21184558536 0.18436525811 
0.277931 72.07029741246 0.18480868484 
0.278437 72.19863714078 0.18192807216 
0.278944 72.20114534330 0.18401247891 
0.279450 72.29212286064 0.18226123175 
0.279957 72.29137997479 0.18563127571 
0.280464 71.94716287232 0.18485780656 
0.280970 71.98396632026 0.18233088666 
0.281477 72.14593302064 0.18583299827 
0.281983 71.81611860662 0.18200867333 
0.282490 72.12876498820 0.18564460910 
0.282996 72.02933675071 0.18114870576 
0.283503 72.05762597630 0.18004315362 
0.284010 72.00506149300 0.17509744432 
0.284516 71.86418032798 0.18069240755 
0.285023 71.71488894016 0.17806876715 
0.285529 71.56480817773 0.17457520141 
0.286036 71.46740308739 0.17666985734 
0.286542 71.55965639981 0.17135811340 
0.287049 71.76690820210 0.17385133989 
0.287556 71.69059981204 0.17243207533 
0.288062 71.63802781382 0.17487869879 
0.288569 71.52418344029 0.17193385816 
0.289075 71.64816216993 0.17479843749 
0.289582 71.02706088686 0.17591432995 
0.290088 71.23447904961 0.16764256725 
0.290595 71.21938018609 0.16992979146 
0.291102 71.09178037270 0.17242233256 
0.291608 71.06056034967 0.17040783996 
0.292115 70.96038947956 0.16920418520 
0.292621 71.39657776237 0.16572360092 
0.293128 71.15269104638 0.16703945701 
0.293634 71.00984797186 0.16876457744 
0.294141 70.88578970108 0.16605758337 
0.294647 70.95788882406 0.16863440745 
0.295154 70.97500505072 0.16732699790 
0.295661 70.92718892917 0.16351736436 
0.296167 71.05286279509 0.16611820337 
0.296674 70.76975121980 0.16565120942 
0.297180 70.83668380198 0.16558773659 
0.297687 70.57227628487 0.16424467399 
0.298193 70.60140861142 0.16769235591 
0.298700 70.71424769601 0.16650803425 
0.299207 70.46703909646 0.16574211213 
0.299713 70.51217857314 0.16452210970 
0.300220 70.50433571072 0.16302939331 
0.300726 70.18476330494 0.16192999718 
0.301233 70.52398357300 0.16143230550 
0.301739 70.42367530129 0.16762091200 
0.302246 70.47843334470 0.16496314009 
0.302752 70.17068580890 0.16247456839 
0.303259 70.28587612574 0.16205665616 
0.303765 70.48936827136 0.16343374474 
0.304272 69.98577449908 0.16166478054 
0.304779 70.05456700466 0.15754115191 
0.305285 70.23824307282 0.16025607474 
0.305792 70.22544564328 0.16146453386 
0.306298 69.96758984148 0.15962296096 
0.306805 69.89930701132 0.16395006603 
0.307311 70.11815109809 0.15886398270 
0.307818 69.87482265886 0.15993296473 
0.308324 69.85623319645 0.15749554317 
0.308831 69.44848598603 0.15388815364 
0.309337 69.43816464730 0.15203477596 
0.309844 69.20882136620 0.15504299800 
0.310350 69.29759391584 0.15609868310 
0.310857 68.74885535820 0.15038540395 
0.311364 68.77586159676 0.14869458905 
0.311870 68.49336691308 0.14898419533 
0.312377 68.34511997962 0.14956641286 
0.312883 68.43616899664 0.14875069534 
0.313390 68.03126813093 0.14669280953 
0.313896 68.09951409399 0.14431526498 
0.314403 67.71259989389 0.14924989408 
0.314909 67.72214843457 0.14697304098 
0.315416 67.53458055452 0.14474353119 
0.315922 67.50503556586 0.14717933807 
0.316429 67.51739949680 0.14459773493 
0.316935 67.27654886022 0.14413801101 
0.317442 67.14661203143 0.14321669339 
0.317948 67.01006504524 0.14205927701 
0.318455 66.87531582559 0.14014141713 
0.318961 67.08655444413 0.14361164632 
0.319468 66.84733641751 0.14013354606 
0.319975 66.91775912057 0.14350041637 
0.320481 66.86831670640 0.14081109396 
0.320988 66.49667676004 0.14282782926 
0.321494 66.87128204839 0.13920583741 
0.322001 66.50941578270 0.15470544401 
0.322507 66.52389650023 0.14121173045 
0.323014 66.47597066289 0.14029777873 
0.323520 66.44200974164 0.14122006627 
0.324027 66.32583865591 0.14142899857 
0.324533 66.33248610808 0.14168483017 
0.325040 66.14465402582 0.13982149816 
0.325546 66.39077263957 0.14231759362 
0.326053 66.24324401072 0.13702016388 
0.326559 66.42602370233 0.13585028282 
0.327066 66.09980020787 0.13753492395 
0.327572 66.50614778735 0.13921245904 
0.328079 66.04921253432 0.14109812397 
0.328585 66.07384545698 0.13781892876 
0.329092 66.06047389905 0.14082264992 
0.329598 66.28495856791 0.13899125833 
0.330105 66.05799488117 0.13861229583 
0.330611 65.98562010835 0.14004172915 
0.331118 65.85732537455 0.13912273907 
0.331624 66.20510068362 0.13992167593 
0.332131 66.09444713143 0.13964641901 
0.332637 65.87865716420 0.13757112655 
0.333144 65.93249281474 0.13933575588 
0.333650 65.94265041300 0.13837399768 
0.334157 65.75035824268 0.13687704826 
0.334663 66.03651751895 0.13824792468 
0.335170 65.60937705693 0.13959149853 
0.335676 65.73910489352 0.14016149848 
0.336183 65.61990624518 0.13714134522 
0.336689 65.60310477754 0.13953693385 
0.337196 65.46658458628 0.13989054189 
0.337702 65.68039492829 0.14084302271 
0.338209 65.55174006537 0.14172040655 
0.338715 65.41496612546 0.13754403399 
0.339222 65.44858695534 0.13965439096 
0.339728 65.28367580247 0.14103703826 
0.340235 65.18111153005 0.21417458601 
0.340741 65.36926572113 0.13961988657 
0.341248 65.37225295094 0.13837818866 
0.341754 65.32189164911 0.14270770484 
0.342261 65.21928684598 0.13789009684 
0.342767 65.13004342791 0.13891750994 
0.343274 65.04190116183 0.13714179249 
0.343780 65.38655459489 0.13950605148 
0.344287 65.10990153339 0.13661562341 
0.344793 65.14050069904 0.13791725161 
0.345300 65.03120034810 0.14001288893 
0.345806 65.18275750610 0.14052849796 
0.346313 64.72132566672 0.14362996915 
0.346819 64.59185044251 0.14461176483 
0.347325 64.82091853245 0.14629352434 
0.347832 65.02641012275 0.14609313085 
0.348338 64.80256958041 0.14429195339 
0.348845 64.86545038658 0.14627696676 
0.349351 64.84706371407 0.14610735031 
0.349858 64.61598567779 0.14919816412 
0.350364 64.55836086120 0.14475013979 
0.350871 64.53307017306 0.14582718804 
0.351377 64.53882015408 0.14815383814 
0.351884 64.51962952016 0.15182240078 
0.352390 64.59473415365 0.14749819812 
0.352897 64.38358310850 0.14463162556 
0.353403 64.35588398814 0.14610996630 
0.353910 64.35328038604 0.15077949156 
0.354416 64.39449872726 0.15084982649 
0.354923 64.20008418684 0.15082314928 
0.355429 63.98749922702 0.15455354478 
0.355935 63.82659797786 0.15268871519 
0.356442 63.82834021940 0.15636017174 
0.356948 64.07900026086 0.15408525395 
0.357455 63.74102407695 0.15416971040 
0.357961 63.84507880141 0.15236837753 
0.358468 63.71096187321 0.15440655546 
0.358974 63.91763655455 0.22166673976 
0.359481 63.85268265391 0.20181423317 
0.359987 63.95015609273 0.19931126327 
0.360494 64.02639698913 0.19087786024 
0.361000 63.96139112527 0.18677145236 
0.361506 63.82551297355 0.18571810908 
0.362013 63.86778988590 0.18530802801 
0.362519 63.82847433592 0.18438123886 
0.363026 63.90603919720 0.18096828878 
0.363532 64.02002656336 0.18719103838 
0.364039 63.51580354549 0.18138363613 
0.364545 63.92360412759 0.18647131351 
0.365052 63.85235228866 0.18622938165 
0.365558 63.86225717085 0.18045757879 
0.366064 63.69311283954 0.18411073714 
0.366571 63.66419205552 0.18514484326 
0.367077 63.66917749627 0.18599187041 
0.367584 63.46616782112 0.18471584695 
0.368090 63.79372678779 0.18335334488 
0.368597 63.70227182660 0.18914580012 
0.369103 63.65726219693 0.19227105227 
0.369610 63.78438793821 0.18682897028 
0.370116 63.72488774966 0.18963924967 
0.370622 63.61272410628 0.19544736932 
0.371129 63.53564220589 0.19286906142 
0.371635 63.50656865013 0.18917710229 
0.372142 63.42275002927 0.19440626596 
0.372648 63.45587082147 0.19674838393 
0.373155 63.66991630426 0.19434517211 
0.373661 63.64517034070 0.19585900480 
0.374167 63.60337702698 0.19692665279 
0.374674 63.59807836360 0.19680098945 
0.375180 63.58916505502 0.19065662390 
0.375687 63.49999736772 0.19510148804 
0.376193 63.17502234242 0.19853975170 
0.376700 63.58489581169 0.20278575911 
0.377206 63.26540737348 0.20339091503 
0.377712 63.45188737247 0.20173052023 
0.378219 63.43906240516 0.20517863101 
0.378725 63.35768077066 0.20321340994 
0.379232 63.25025605941 0.20751487129 
0.379738 63.49174137339 0.20637169706 
0.380245 63.31336005748 0.20840524654 
0.380751 63.50513717539 0.20842684953 
0.381257 63.05040556075 0.20784436260 
0.381764 63.29597560770 0.21004675138 
0.382270 63.22703618855 0.20648919309 
0.382777 62.83979427391 0.20800050315 
0.383283 63.24355540807 0.21353530085 
0.383789 62.78790948886 0.20536390377 
0.384296 62.94479322156 0.21000818330 
0.384802 63.08427493527 0.21302520502 
0.385309 63.14684834793 0.20832200700 
0.385815 63.06214182257 0.20815726315 
0.386321 62.99016386772 0.21033335417 
0.386828 62.83782262983 0.21305530269 
0.387334 63.12157142030 0.20936237632 
0.387841 62.54228377031 0.21196602736 
0.388347 62.73827948963 0.22023723513 
0.388853 63.24929507841 0.21516157491 
0.389360 62.84546938381 0.21866305766 
0.389866 62.94654707688 0.21351291419 
0.390373 62.98491774467 0.21821810232 
0.390879 62.74942701444 0.21855467147 
0.391385 62.86089011165 0.22459755167 
0.391892 62.99251451110 0.21728185716 
0.392398 62.59721913499 0.21846842311 
0.392905 62.60443134152 0.21468758265 
0.393411 62.54554422150 0.22773712382 
0.393917 62.79636306093 0.22555793552 
0.394424 62.71238059901 0.22665909058 
0.394930 62.28716878603 0.22282608205 
0.395437 62.78397358046 0.23079248667 
0.395943 62.83922689834 0.22973820052 
0.396449 62.17936759546 0.41095772686 
0.396956 62.66940305000 0.22272630242 
0.397462 62.49326504557 0.23310115619 
0.397969 62.71613050313 0.23098603242 
0.398475 62.42673643792 0.23093817572 
0.398981 62.51532672890 0.23730718729 
0.399488 62.61281675209 0.24120334770 
0.399994 62.18200661046 0.23926557506 
0.400500 62.59305770175 0.24279978273 
0.401007 62.56932185419 0.23825323351 
0.401513 62.76550207245 0.25003821045 
0.402020 62.52381732556 0.25184604417 
0.402526 62.41603403764 0.24756180184 
0.403032 62.41539459776 0.24629720305 
0.403539 62.53653643468 0.25713775392 
0.404045 62.41311065422 0.25237114770 
0.404551 62.11364765347 0.26411705798 
0.405058 62.10151354470 0.26315242993 
0.405564 61.94691139061 0.25732384823 
0.406071 62.23958181498 0.25256380251 
0.406577 62.06967029086 0.25451019134 
0.407083 62.28585201813 0.25728310054 
0.407590 62.17186260884 0.26831257969 
0.408096 62.33550315141 0.27277672797 
0.408602 62.20292017680 0.27402338291 
0.409109 61.96890402731 0.26867255151 
0.409615 62.12890726965 0.27522815922 
0.410121 62.06575840164 0.26316579901 
0.410628 62.16493488749 0.26700816802 
0.411134 62.69952242843 0.26353259063 
0.411641 62.10260707435 0.27060540047 
0.412147 61.86524573210 0.26338904302 
0.412653 62.25257442640 0.27087071182 
0.413160 62.12614036791 0.26488510746 
0.413666 62.13869703248 0.27127615088 
0.414172 62.20753594804 0.28266721927 
0.414679 61.82749405066 0.26768536854 
0.415185 62.42364911827 0.28348406261 
0.415691 61.76398480564 0.26143912723 
0.416198 61.87608309888 0.27400371945 
0.416704 62.10034046083 0.28077051419 
0.417210 62.21142883710 0.28306722588 
0.417717 62.11009268002 0.29192095489 
0.418223 61.94456189900 0.27509681350 
0.418729 61.78477554804 0.28513899755 
0.419236 61.77054956431 0.27330063694 
0.419742 61.42085805088 0.26875170295 
0.420248 61.49272985074 0.26600029854 
0.420755 61.63699812064 0.27538686118 
0.421261 61.44810896614 0.27253439457 
0.421767 61.72774967788 0.27982067682 
0.422274 61.79419850102 0.27932407313 
0.422780 61.52803001159 0.28145494004 
0.423286 61.77363476406 0.28131645523 
0.423793 61.71316711598 0.28197862357 
0.424299 61.14276230943 0.28969031421 
0.424805 61.83119804292 0.28944254082 
0.425312 61.16668972300 0.30162302624 
0.425818 61.61336174481 0.29447846263 
0.426324 61.74267221306 0.29677484915 
0.426831 61.92925962488 0.29508123151 
0.427337 61.61103275121 0.29501049369 
0.427843 61.73621522441 0.29199218540 
0.428350 61.27746196970 0.30365398553 
0.428856 61.43483526916 0.30566730187 
0.429362 61.70326553849 0.30263879399 
0.429869 61.50895204440 0.31178315827 
0.430375 61.60179505097 0.31143370119 
0.430881 61.62910969142 0.32447080302 
0.431388 61.17704941296 0.31191752000 
0.431894 60.90334405630 0.30922684667 
0.432400 61.17899084093 0.32485616586 
0.432907 61.17538890779 0.31948649959 
0.433413 61.05363840628 0.33226791035 
0.433919 61.39504835981 0.32693743352 
0.434425 61.54955104057 0.34044829891 
0.434932 61.71029388999 0.33805273539 
0.435438 61.49668593671 0.34115952311 
0.435944 61.25787760070 0.35135904052 
0.436451 61.47570860086 0.34448959105 
0.436957 61.30989770971 0.35436257945 
0.437463 61.47715370315 0.35218533391 
0.437970 61.26341705727 0.34118109589 
0.438476 61.62768954575 0.35738669653 
0.438982 61.54089510010 0.35479827688 
0.439489 61.24555869035 0.36656862810 
0.439995 60.77597786351 0.34572875630 
0.440501 61.43666738409 0.36605742151 
0.441007 60.93264399868 0.38232512901 
0.441514 61.05235322434 0.38309916196 
0.442020 60.80462399851 0.39754818052 
0.442526 61.30956459636 0.39197552735 
0.443033 61.10246070812 0.39232985946 
0.443539 60.87886146919 0.39728984479 
0.444045 60.52372704693 0.40485820653 
0.444551 61.09953546811 0.41669289699 
0.445058 61.71516344059 0.42943707837 
0.445564 61.17086913563 0.42987744139 
0.446070 60.86606392475 0.42975751203 
0.446577 61.59941376914 0.43156637655 
0.447083 60.51513904026 0.46467093288 
0.447589 60.50167585292 0.45183322235 
0.448095 61.00959012803 0.46046661516 
0.448602 61.42709376206 0.47985562138 
0.449108 60.57236490847 0.46746615431 
0.449614 60.17357857726 0.47130917460 
0.450121 59.86383506850 0.49427677414 
0.450627 61.24440440517 0.50554879877 
0.451133 60.49176910583 0.50618564863 
0.451639 60.80439396227 0.53025598878 
0.452146 60.33785986821 0.52554735205 
0.452652 60.15427971916 0.53280370523 
0.453158 59.89122100989 0.54372858296 
0.453664 59.35162229241 0.53614576106 
0.454171 60.29969483979 0.56765217912 
0.454677 60.53412525936 0.57490382020 
0.455183 60.63861810671 0.62748492427 
0.455689 60.16402467269 0.60940875648 
0.456196 60.57110935495 0.61748231372 
0.456702 60.27142957079 0.63758151611 
0.457208 60.40789882638 0.68992782543 
0.457714 60.11294021205 0.75380599727 
0.458221 60.15355722390 0.79370472212 
0.458727 59.47207079903 0.77658166974 
0.459233 59.83285040481 0.79860495609 
0.459740 60.48476884497 0.87248318230 
0.460246 61.08825010070 0.90871292924 
0.460752 60.81239216354 0.98764383883 
0.461258 60.46152518976 1.03581929021 
0.461765 58.21748441012 1.03457552131 
0.462271 61.20405445921 1.03242279076 
0.462777 58.48930174845 1.18669006473 
0.463283 60.27947710622 1.22100878364 
0.463789 61.53005936191 1.37101304798 
0.464296 60.73113553634 1.44899178726 
0.464802 59.38263358428 1.35111178958 
0.465308 59.10786915092 1.45501613720 
0.465814 58.77789513434 1.68114883494 
0.466321 59.66890370112 1.70651073841 
0.466827 60.07072611273 1.83713350489 
0.467333 61.05336072957 1.99254523553 
0.467839 58.73480908712 1.98184613911 
0.468346 60.13108846221 2.29061484348 
0.468852 58.59779481684 2.55350066545 
0.469358 58.79916411509 2.93033457682 
0.469864 59.34645252782 3.03681252092 
0.470371 59.42476398022 3.92892674768 
0.470877 58.64874639409 4.52857963328 
0.471383 58.91422850073 5.67345253881 
0.471889 55.24477302120 7.13751333429 
0.472395 54.00162192727 5.82894308545 
0.472902 54.87368761206 13.11439585784 
