0.010896 1364.18556160130 12.93960956654 
0.011402 1230.55230412181 13.43762270447 
0.011909 1100.01943505157 11.48173539159 
0.012416 998.25952662578 8.68988671575 
0.012923 900.03770964207 7.35751494555 
0.013430 834.95384480111 11.61767688621 
0.013936 801.44622351329 9.58283247516 
0.014443 742.19228278962 7.37075226776 
0.014950 692.18910404788 6.61603832919 
0.015457 637.99538228757 5.71253134515 
0.015963 586.78834873283 5.03937253055 
0.016470 548.68956260393 4.26412326100 
0.016977 516.38553432150 3.91195661764 
0.017484 480.63442371653 3.57489616149 
0.017990 453.45928593884 3.21463235704 
0.018497 427.45596971173 2.77484696944 
0.019004 407.15260649569 2.47739799677 
0.019511 380.59202680092 2.28694563144 
0.020018 366.17249447656 2.21378550337 
0.020524 347.97348146430 1.99794633228 
0.021031 331.97291682510 1.85976816691 
0.021538 318.03272672502 1.74904775347 
0.022045 304.33643952593 1.73275846292 
0.022551 291.56398433892 1.65483094776 
0.023058 281.16612098336 1.53763540632 
0.023565 271.32511253529 1.55532793858 
0.024072 263.42613232302 1.72043960385 
0.024579 252.33723502494 1.71225847653 
0.025085 244.16259501411 2.24482287022 
0.025592 237.61040539012 2.25036796502 
0.026099 230.61910039845 2.21313813706 
0.026606 224.06661823272 1.61723790962 
0.027112 219.04675126991 1.69267456537 
0.027619 214.32318736744 1.58425835114 
0.028126 207.80009799235 1.46928462194 
0.028633 204.02065507171 1.34063487814 
0.029139 197.34248752363 1.26144506236 
0.029646 194.62437735589 1.12269564388 
0.030153 190.41341653270 1.14525086703 
0.030660 186.62231218462 1.03619645076 
0.031167 184.24565133914 0.93314856614 
0.031673 178.76725179889 0.95512945648 
0.032180 176.52162736102 0.89671590052 
0.032687 172.58082727813 0.95906115351 
0.033194 171.91304232326 0.82189837754 
0.033700 166.85863268837 0.75366714935 
0.034207 165.86937895534 0.73388663589 
0.034714 162.18677337122 0.78731209249 
0.035221 160.88539034010 0.71533257100 
0.035727 159.61714557772 0.67105116259 
0.036234 157.04732065520 0.69112833007 
0.036741 155.22643203788 0.69136805609 
0.037248 153.61584983881 0.66511633641 
0.037755 150.79930862252 0.63200923428 
0.038261 148.90921036278 0.60448663090 
0.038768 147.85540192970 0.59700257683 
0.039275 147.52859993740 0.59905746833 
0.039782 145.17654600664 0.60786989527 
0.040288 143.49925936513 0.56134702600 
0.040795 142.02166632166 0.56327430059 
0.041302 141.07100754497 0.60378134371 
0.041809 138.34271618511 0.54240599316 
0.042315 137.78039505602 0.56187786464 
0.042822 137.35513386302 0.54235509231 
0.043329 135.56965311830 0.55161721616 
0.043836 134.66522320468 0.53062458254 
0.044343 133.50420591496 0.55113711235 
0.044849 132.04593166905 0.51732355650 
0.045356 131.04329102164 0.51624778988 
0.045863 130.24819042348 0.53072217544 
0.046370 129.24598287873 0.48857922966 
0.046876 128.48014471437 0.50958055854 
0.047383 126.81865795791 0.49855591363 
0.047890 126.58572335020 0.50855358052 
0.048397 125.16001736477 0.48071903364 
0.048903 125.08107546236 0.46406296195 
0.049410 123.87475620103 0.48328550254 
0.049917 122.54405482293 0.47082017326 
0.050424 122.32580321960 0.46485672315 
0.050931 120.93549673378 0.45660375846 
0.051437 120.68683892392 0.45187059168 
0.051944 120.45433929076 0.44836763493 
0.052451 119.47278988493 0.43410256831 
0.052958 119.14230123199 0.43428957767 
0.053464 118.32002173696 0.45699388614 
0.053971 117.62788623624 0.44977011338 
0.054478 116.98465596570 0.42697738946 
0.054985 116.09841247628 0.43104749303 
0.055491 115.45433593072 0.43699930038 
0.055998 115.00376861462 0.43298968542 
0.056505 113.72466702640 0.43244468835 
0.057012 113.49217020102 0.44173333841 
0.057519 113.18310912527 0.43300702422 
0.058025 112.17454343497 0.40212779847 
0.058532 111.81376033126 0.41137634087 
0.059039 111.44251836482 0.42860448108 
0.059546 110.74529085247 0.41434973712 
0.060052 110.53141630580 0.42100622140 
0.060559 109.79378205250 0.40690748910 
0.061066 109.47076561764 0.40085580677 
0.061573 108.87771167703 0.39498432234 
0.062079 108.10648042269 0.41907498061 
0.062586 108.59625457493 0.39890992765 
0.063093 107.64775492374 0.38172813816 
0.063600 107.61281984397 0.42219897189 
0.064106 106.97629249943 0.38070660551 
0.064613 106.11736376980 0.39034847829 
0.065120 105.93359106225 0.39157157183 
0.065627 105.99063036938 0.37401034990 
0.066134 105.20005521535 0.36584702741 
0.066640 104.71304952016 0.36913578962 
0.067147 104.60354034072 0.37123056426 
0.067654 104.60941547119 0.36358418686 
0.068161 103.95370992383 0.34735413006 
0.068667 103.51992419688 0.37131864293 
0.069174 103.01010548528 0.38172630599 
0.069681 102.83703889537 0.36366591349 
0.070188 102.23196970695 0.37020692038 
0.070694 101.79269869084 0.36467052838 
0.071201 101.63718706270 0.35644857331 
0.071708 101.27148466569 0.36032623506 
0.072215 101.53249745438 0.34878434313 
0.072721 100.39337527097 0.35568434638 
0.073228 100.64014111963 0.34913477233 
0.073735 100.43688168231 0.35947469581 
0.074242 100.30250245220 0.35154998215 
0.074748 99.37693524376 0.35235711347 
0.075255 99.80596542270 0.33877283145 
0.075762 99.23087925109 0.34755515131 
0.076269 99.15946620462 0.33354083082 
0.076776 99.38160631364 0.33829111054 
0.077282 98.41654254145 0.32661361981 
0.077789 97.99916138959 0.32165072348 
0.078296 97.91267760942 0.32311548849 
0.078803 97.87134032533 0.33647100973 
0.079309 97.42906802368 0.32709533123 
0.079816 97.37961375015 0.31874951189 
0.080323 96.68042213852 0.33025001498 
0.080830 97.42390380583 0.32655494763 
0.081336 96.86396893376 0.34390516443 
0.081843 96.98383041969 0.33844449081 
0.082350 97.13112919338 0.32766473172 
0.082857 96.67951386054 0.32579548433 
0.083363 96.23869937675 0.33896577548 
0.083870 96.55133872579 0.33868366654 
0.084377 95.94033569402 0.32759623637 
0.084884 96.05783800975 0.32712403255 
0.085390 95.28519508766 0.33218891135 
0.085897 95.11229396607 0.33236170095 
0.086404 95.53859593796 0.33949034437 
0.086911 95.27838815336 0.31936897286 
0.087417 94.82039019190 0.32407565450 
0.087924 94.35596222067 0.33510876369 
0.088431 94.64320661407 0.31732548851 
0.088938 94.78012810703 0.32809523429 
0.089444 93.82214496725 0.33757368802 
0.089951 94.41592039003 0.33047297917 
0.090458 94.36122601913 0.32095385927 
0.090965 93.42843341540 0.33257115767 
0.091471 94.11923830779 0.33653664690 
0.091978 93.47708729195 0.33618342955 
0.092485 93.33652306590 0.34970568066 
0.092992 92.88644723010 0.33921332641 
0.093498 92.86749764475 0.33785878419 
0.094005 92.59953885146 0.32119641811 
0.094512 92.86789343380 0.32648651084 
0.095019 92.60185786013 0.33791277644 
0.095525 92.64019213392 0.32655869611 
0.096032 93.02746340829 0.33289687416 
0.096539 92.35773023283 0.32508081090 
0.097046 92.40531478327 0.33436905432 
0.097552 92.13798179787 0.33403817749 
0.098059 92.37195909208 0.33726034905 
0.098566 91.38583527709 0.32306042981 
0.099073 91.94741439252 0.33301296173 
0.099579 91.25875301346 0.32283500351 
0.100086 91.57383971042 0.32831962104 
0.100593 91.14016668941 0.30929265363 
0.101100 91.29650101539 0.32167552930 
0.101606 91.75164367297 0.30935988592 
0.102113 90.14953336183 0.31364264512 
0.102620 89.63629525009 0.29835677948 
0.103127 89.26144543831 0.29233302543 
0.103633 89.25598829999 0.29697002674 
0.104140 88.73590829109 0.29402781667 
0.104647 88.17608566992 0.29703811169 
0.105154 88.41778451845 0.30430844472 
0.105660 88.46590497924 0.30261824133 
0.106167 88.25904355921 0.30442060524 
0.106674 88.18551171266 0.30803660091 
0.107181 88.25748530772 0.29705300451 
0.107687 87.88972029478 0.30665573292 
0.108194 88.52504999318 0.30381401913 
0.108701 87.86538023902 0.29355833638 
0.109208 87.87208869345 0.29704211734 
0.109714 87.87617634509 0.29124358148 
0.110221 87.70617859915 0.29298928992 
0.110728 87.48101901199 0.28314065875 
0.111235 87.14996225345 0.29261770435 
0.111741 87.23371723342 0.27939615725 
0.112248 87.32241628443 0.27908260277 
0.112755 86.82485230342 0.28809351261 
0.113262 87.08367964056 0.28799473318 
0.113768 86.97877508173 0.27679397780 
0.114275 87.00608407666 0.27891498575 
0.114782 86.47148499424 0.28532273764 
0.115289 86.97781655831 0.27205359052 
0.115795 86.86687988026 0.27352952187 
0.116302 86.31403081440 0.27424678894 
0.116809 86.67048522748 0.26311357316 
0.117316 85.97385331996 0.27438824193 
0.117822 86.48799334124 0.28344076120 
0.118329 86.07341587629 0.27190234651 
0.118836 86.28440175062 0.27483160517 
0.119342 85.92979069046 0.26337662399 
0.119849 86.48452370275 0.27272635101 
0.120356 86.28184956798 0.26504060309 
0.120863 86.21792043543 0.26047526734 
0.121369 85.96962414163 0.26010662626 
0.121876 85.65041555121 0.26088614947 
0.122383 85.54211329508 0.26328572017 
0.122890 85.51141531966 0.26879454084 
0.123396 85.41036761860 0.26190583158 
0.123903 85.43268974733 0.26095839839 
0.124410 85.63237403054 0.26322085881 
0.124917 85.49759316975 0.26056662858 
0.125423 85.24247232650 0.25930855963 
0.125930 85.05418600985 0.25879894213 
0.126437 84.63031684414 0.25173155805 
0.126944 84.61304523166 0.25389532113 
0.127450 84.85354809712 0.24922960817 
0.127957 84.68569605430 0.25785828706 
0.128464 84.19015306415 0.25478676640 
0.128970 84.75092498338 0.24885338281 
0.129477 84.60970050731 0.24498453352 
0.129984 84.26339677732 0.24856389846 
0.130491 84.18810545189 0.24955778308 
0.130997 84.59705200039 0.25274367168 
0.131504 84.45516582516 0.25933073433 
0.132011 84.34006555936 0.24897616702 
0.132518 84.35255150597 0.24679915378 
0.133024 84.00053710872 0.25088234439 
0.133531 83.85726187867 0.24770059903 
0.134038 84.29440972324 0.24579632291 
0.134545 84.05891065060 0.24774434588 
0.135051 84.19117817543 0.25263787263 
0.135558 84.21732576184 0.24244858965 
0.136065 83.94681257012 0.24245979258 
0.136571 83.46816460306 0.24532815488 
0.137078 83.56989112465 0.24795343727 
0.137585 83.55558539888 0.24597535448 
0.138092 83.35630669198 0.24570963674 
0.138598 83.15887675670 0.24237662807 
0.139105 83.56767575315 0.24085138025 
0.139612 83.14064765754 0.24304503318 
0.140119 83.15784088264 0.24468319269 
0.140625 82.98187401649 0.23618738821 
0.141132 83.06460301094 0.24131562860 
0.141639 82.79769732339 0.23724509830 
0.142145 82.92869133397 0.23473684433 
0.142652 82.82087077660 0.24241356335 
0.143159 83.02857039376 0.24402992462 
0.143666 82.64113634684 0.23935900375 
0.144172 82.35619607721 0.24414072052 
0.144679 82.63213801378 0.24349439220 
0.145186 82.28541901028 0.24653342496 
0.145692 82.34559708518 0.23790232829 
0.146199 82.08696985284 0.23972150835 
0.146706 81.73715303573 0.24499924941 
0.147213 81.69430068750 0.23818123087 
0.147719 82.18222498492 0.24249300567 
0.148226 81.60471084033 0.23914926025 
0.148733 81.59589066734 0.24043337957 
0.149240 81.66914727486 0.24127411693 
0.149746 81.84771925600 0.23424019060 
0.150253 81.61760134569 0.24036570611 
0.150760 81.43951468898 0.23869656849 
0.151266 81.05138716667 0.23930565100 
0.151773 81.12323792857 0.24389147150 
0.152280 81.16736388047 0.24204243118 
0.152787 80.76742762306 0.24468606952 
0.153293 80.79366404285 0.23858841543 
0.153800 81.09859282681 0.23701260555 
0.154307 81.10898623335 0.23965226131 
0.154813 80.55099022121 0.23590924577 
0.155320 80.78830125578 0.23762399561 
0.155827 80.61992699194 0.23655631932 
0.156334 80.75758049436 0.23639163167 
0.156840 80.59449398381 0.23452870613 
0.157347 80.48916681082 0.23655741034 
0.157854 80.43692786986 0.23242234667 
0.158360 80.15283914895 0.23272278704 
0.158867 80.22095249642 0.23588720157 
0.159374 80.20046817693 0.23761762594 
0.159881 80.14004020420 0.24016474151 
0.160387 79.78650909030 0.23592550802 
0.160894 80.24037127566 0.23395892725 
0.161401 79.63245791530 0.23335609165 
0.161907 80.19961125662 0.23339683468 
0.162414 79.57196446328 0.23484763172 
0.162921 79.50759861714 0.23799340829 
0.163427 79.75758833800 0.22889307670 
0.163934 79.55221476648 0.23137040172 
0.164441 79.43698789539 0.23573662193 
0.164948 79.28286581562 0.23527004784 
0.165454 79.29059556225 0.23171505026 
0.165961 79.61642996219 0.22888610483 
0.166468 79.04182530297 0.22695442853 
0.166974 78.97566768923 0.23086748367 
0.167481 78.42185734044 0.23107713618 
0.167988 79.27600863788 0.23237296068 
0.168495 79.33780793596 0.23213716520 
0.169001 79.10929377406 0.22955578039 
0.169508 79.23001228097 0.23722491594 
0.170015 79.17782408891 0.23021658436 
0.170521 79.26320643719 0.23477422643 
0.171028 79.08866740878 0.23221794311 
0.171535 79.26131784910 0.24083461096 
0.172041 79.04090761666 0.23812901026 
0.172548 78.98090152443 0.22992653001 
0.173055 79.36834060773 0.23362833034 
0.173562 79.24688551913 0.22825913933 
0.174068 79.27768025706 0.24032774390 
0.174575 79.23167153902 0.23826162793 
0.175082 79.03214201717 0.23249322908 
0.175588 78.92084932216 0.23333104376 
0.176095 78.77157779835 0.23134299844 
0.176602 78.86156578417 0.24218906865 
0.177108 78.83748821160 0.24294669929 
0.177615 78.63259281866 0.23379969319 
0.178122 78.73701113816 0.23579042891 
0.178629 78.89633609492 0.23492277269 
0.179135 78.48350919373 0.23044774698 
0.179642 78.32106671411 0.23631947960 
0.180149 78.78148266620 0.23583890123 
0.180655 78.37688382176 0.23499076589 
0.181162 78.17970608374 0.24133256068 
0.181669 78.73390676692 0.23526023866 
0.182175 79.04483709618 0.23888079065 
0.182682 78.81597633659 0.24478530055 
0.183189 78.91297030219 0.23936861239 
0.183695 78.65374654725 0.24290010157 
0.184202 78.61666180109 0.24885532012 
0.184709 78.45456323055 0.24391101779 
0.185216 78.30717137235 0.23658968529 
0.185722 77.85240762070 0.24605077659 
0.186229 78.19185986640 0.24193957281 
0.186736 77.85526341977 0.24126254919 
0.187242 77.95218789493 0.24037255900 
0.187749 78.11984561341 0.24609711532 
0.188256 77.88055874163 0.24533069775 
0.188762 77.83664620498 0.24264576742 
0.189269 77.74257013896 0.24316077510 
0.189776 77.86889608319 0.24375744836 
0.190282 77.74069770875 0.24725000799 
0.190789 77.65949977093 0.24039323178 
0.191296 77.47724971393 0.24555495877 
0.191802 77.62360632407 0.24603132633 
0.192309 77.25880659683 0.23945309054 
0.192816 77.17606342900 0.24258896911 
0.193323 76.83459806775 0.23604447869 
0.193829 77.05164896398 0.23614613888 
0.194336 76.69438881316 0.23536457180 
0.194843 76.66503953397 0.23556931685 
0.195349 76.49448517800 0.23221856881 
0.195856 76.26050754088 0.23491130003 
0.196363 76.26599598094 0.23184855339 
0.196869 76.20118767288 0.22838620876 
0.197376 76.08589600595 0.23018175465 
0.197883 76.14124713666 0.22897797952 
0.198389 76.03413711627 0.22328639452 
0.198896 76.15176804476 0.22062281469 
0.199403 75.91780315177 0.22483996408 
0.199909 75.68759124471 0.22892890082 
0.200416 76.18842484714 0.22607213103 
0.200923 75.81907972448 0.22387202090 
0.201429 76.06050007232 0.22700533433 
0.201936 75.72806325549 0.22493428461 
0.202443 75.59819078867 0.21804964582 
0.202949 75.47653416235 0.22309464620 
0.203456 75.38582991216 0.21838392177 
0.203963 75.55882419075 0.21514728267 
0.204469 75.83669875290 0.21803910339 
0.204976 75.68857925797 0.21828192880 
0.205483 75.88481371954 0.21454408304 
0.205989 75.32544908946 0.21979196979 
0.206496 75.10018404493 0.21886102850 
0.207003 75.55546893970 0.21257736673 
0.207509 75.20074139069 0.22035172357 
0.208016 75.73682790439 0.21567843101 
0.208523 75.18328496861 0.21214818239 
0.209029 75.35905829576 0.20760965481 
0.209536 75.43674862841 0.21362820002 
0.210043 75.55935605004 0.21384574018 
0.210549 74.97072215103 0.21308899758 
0.211056 75.06649140402 0.20648204197 
0.211563 75.41984205504 0.21078550701 
0.212069 74.87277892436 0.21098460867 
0.212576 74.80240930393 0.21087426850 
0.213083 74.83482958723 0.20823437232 
0.213589 74.91409921535 0.21112993640 
0.214096 75.01500399866 0.20765812463 
0.214603 74.82369805983 0.20963499249 
0.215109 74.86662323639 0.20846040169 
0.215616 74.67269140945 0.20731050565 
0.216123 74.50594401147 0.20550059036 
0.216629 74.62585688761 0.20521250764 
0.217136 74.38754510134 0.20360983875 
0.217643 74.25351314848 0.21039525363 
0.218149 74.03730315281 0.20590771171 
0.218656 73.97208762396 0.20851944054 
0.219163 73.97679842115 0.20638494885 
0.219669 74.24087638536 0.20893515018 
0.220176 74.30068636995 0.20570445597 
0.220683 73.69111028626 0.20617636852 
0.221189 74.01868871441 0.20397913339 
0.221696 73.72622206920 0.20737917971 
0.222203 74.19024999415 0.20649848190 
0.222709 73.98767627595 0.20591544236 
0.223216 73.60462300222 0.19837527641 
0.223722 73.96417334903 0.20343062971 
0.224229 73.95307116291 0.19950812291 
0.224736 73.60796650452 0.20568144398 
0.225242 73.55419283456 0.20111024981 
0.225749 73.63687600182 0.20844905960 
0.226256 73.66387418292 0.20417795544 
0.226762 73.64883911970 0.20213906683 
0.227269 73.45349542956 0.20217684772 
0.227776 73.48216620692 0.20131209605 
0.228282 73.51816412825 0.20582629336 
0.228789 73.36753397208 0.20277912585 
0.229296 73.34253973991 0.20218794023 
0.229802 73.60508572497 0.20376152891 
0.230309 73.01505751965 0.20041927681 
0.230816 73.15247738976 0.19656784626 
0.231322 73.07817860852 0.20257817635 
0.231829 73.14325165836 0.20110769640 
0.232335 72.89899137161 0.19689242011 
0.232842 73.10044776765 0.20067936710 
0.233349 72.76706927252 0.19918473239 
0.233855 72.61712761903 0.19688755908 
0.234362 72.79674805721 0.20200315175 
0.234869 72.93378581758 0.19848969230 
0.235375 72.68606912065 0.19826784665 
0.235882 72.69097171758 0.19524696984 
0.236389 72.50230692557 0.20181846530 
0.236895 72.70935497149 0.20023197672 
0.237402 72.50882094465 0.19913472412 
0.237908 72.44741241877 0.19977455266 
0.238415 72.65386234574 0.19692153090 
0.238922 72.29106394779 0.20090352489 
0.239428 72.19568803978 0.20224016702 
0.239935 72.15593979760 0.19513124233 
0.240442 72.17043405177 0.19717730215 
0.240948 72.18950310513 0.20041430620 
0.241455 72.00558162208 0.19944386886 
0.241962 71.89081282724 0.19945463319 
0.242468 71.90334939319 0.19967326999 
0.242975 71.82821947935 0.19819985721 
0.243481 71.62982848491 0.19724254587 
0.243988 71.88449534662 0.19583150954 
0.244495 71.92174129923 0.19717839163 
0.245001 71.74633945965 0.19622145386 
0.245508 71.69417736774 0.19734546758 
0.246015 71.70325846851 0.19944453239 
0.246521 71.91236480731 0.20009143168 
0.247028 71.47355197244 0.19616922154 
0.247534 71.54173500934 0.19982481351 
0.248041 71.65633608708 0.19553402417 
0.248548 71.45013732666 0.19664057529 
0.249054 71.58522603131 0.19426206230 
0.249561 71.25535833340 0.19479666086 
0.250068 71.24318578559 0.19496337719 
0.250574 71.26709078180 0.19624129886 
0.251081 71.05737344044 0.19475770329 
0.251587 71.30277466190 0.20030060492 
0.252094 71.48351645766 0.19292268462 
0.252601 71.21357715386 0.19980459538 
0.253107 71.21824316293 0.19783541452 
0.253614 70.94584954950 0.19448044368 
0.254120 71.05621293550 0.19630435392 
0.254627 70.67314229781 0.19433830266 
0.255134 71.34625066209 0.19646397024 
0.255640 71.15014943874 0.19512307429 
0.256147 71.32714320990 0.19438733732 
0.256654 71.19063948774 0.19876203246 
0.257160 71.10312491873 0.19579591879 
0.257667 71.30490138842 0.19268868565 
0.258173 71.31461787573 0.19777675999 
0.258680 71.59213257503 0.19605221705 
0.259187 71.40046730065 0.19595664186 
0.259693 71.34888685669 0.19408200293 
0.260200 71.48835824922 0.19339554177 
0.260706 71.77959646106 0.19498641653 
0.261213 71.81746247338 0.19630154519 
0.261720 71.73739504645 0.19219248063 
0.262226 71.61465009406 0.19205541103 
0.262733 71.89415976186 0.19546812038 
0.263239 71.79614640308 0.19369360933 
0.263746 71.63615966666 0.19533176391 
0.264253 71.86600329845 0.19195827166 
0.264759 71.90299830827 0.19255711063 
0.265266 71.68811108038 0.19705496875 
0.265772 71.88679669192 0.19711957230 
0.266279 71.73987756321 0.19031001083 
0.266786 71.69919496130 0.19014790971 
0.267292 71.80648762053 0.19275255912 
0.267799 71.69365855399 0.19156233987 
0.268305 71.70251597921 0.19157207257 
0.268812 71.82364723244 0.18907651000 
0.269319 71.92371995666 0.18748906043 
0.269825 71.73351855004 0.19063029471 
0.270332 71.90103998950 0.19011167094 
0.270838 71.73549211669 0.18762643779 
0.271345 72.00946362776 0.19083254418 
0.271852 72.06702539092 0.19233583977 
0.272358 72.31945304032 0.19393799162 
0.272865 72.18897777530 0.19269779994 
0.273371 72.24959908967 0.18902489734 
0.273878 72.24791839669 0.18941927132 
0.274385 72.52261275536 0.19063601350 
0.274891 72.56944638896 0.19026300430 
0.275398 72.42960450404 0.18848366339 
0.275904 72.40979117754 0.18840145204 
0.276411 72.19885594381 0.18621735241 
0.276917 72.15735674339 0.18434456685 
0.277424 72.44336273028 0.18785966527 
0.277931 72.06963196925 0.18236269584 
0.278437 72.04599640993 0.18348622294 
0.278944 72.11189813003 0.18402389118 
0.279450 72.11749810564 0.18491330601 
0.279957 72.12274857081 0.18208909545 
0.280464 72.35421631389 0.18153168719 
0.280970 72.02338568905 0.18258297788 
0.281477 72.03834462899 0.18426513026 
0.281983 71.88207852537 0.18021206859 
0.282490 72.16329836785 0.18144953622 
0.282996 72.13442650670 0.17918535503 
0.283503 72.04066397702 0.18212091357 
0.284010 71.97442516373 0.18256765867 
0.284516 72.06121713447 0.18037278774 
0.285023 71.96076823914 0.17690547350 
0.285529 71.44359912548 0.17124437314 
0.286036 71.40555900636 0.17546650393 
0.286542 71.76372938471 0.17558682274 
0.287049 71.51355579992 0.17380379952 
0.287556 71.65410902362 0.17536936424 
0.288062 71.50123912454 0.17182513923 
0.288569 71.49148340608 0.17175083769 
0.289075 71.44444265995 0.17116572674 
0.289582 71.56883078839 0.16950607661 
0.290088 71.32307037532 0.16762786187 
0.290595 71.35024787454 0.16712645578 
0.291102 71.36547709003 0.16750740042 
0.291608 71.17923744797 0.16911697793 
0.292115 71.36808706793 0.16761247093 
0.292621 71.34430819054 0.16806652056 
0.293128 70.99131161751 0.16403148532 
0.293634 71.06634302329 0.16548207961 
0.294141 70.97826094847 0.16976453665 
0.294647 71.16294951425 0.16596862475 
0.295154 70.96687979566 0.16748926837 
0.295661 70.92422844831 0.16350455402 
0.296167 70.72051319663 0.16384426177 
0.296674 70.86758735774 0.16710713880 
0.297180 70.69372786990 0.16201988185 
0.297687 70.29433758242 0.16399205033 
0.298193 70.64242876519 0.16111372089 
0.298700 70.76818166849 0.16477096818 
0.299207 70.70096318805 0.16316626258 
0.299713 70.75962476846 0.16359301512 
0.300220 70.65662606739 0.16540228399 
0.300726 70.19886751134 0.16417818467 
0.301233 70.52129822441 0.16559026366 
0.301739 70.40137029371 0.16700365875 
0.302246 70.26405907037 0.16549993338 
0.302752 70.19958973765 0.16324582509 
0.303259 70.19407241116 0.16165957275 
0.303765 70.30780272948 0.16106282694 
0.304272 70.34884347308 0.16126639842 
0.304779 70.18934477626 0.15939754242 
0.305285 69.92251467402 0.15971604108 
0.305792 70.15019077204 0.16146691172 
0.306298 70.18346716951 0.16021598292 
0.306805 70.13165415126 0.16333785709 
0.307311 70.15253390733 0.15608927505 
0.307818 69.68890519780 0.15996729713 
0.308324 69.75403674075 0.15637427869 
0.308831 69.44639098527 0.15715139581 
0.309337 69.55658299922 0.15506883164 
0.309844 69.07570549387 0.15697593114 
0.310350 68.90853783596 0.15252135463 
0.310857 68.98445089297 0.15390094076 
0.311364 68.51062866077 0.15125695221 
0.311870 68.61480703934 0.15112973987 
0.312377 68.30229658934 0.14993209623 
0.312883 68.17150924374 0.14847348393 
0.313390 68.15430364253 0.14834479698 
0.313896 67.98822757515 0.14904793056 
0.314403 67.64676246635 0.14421881109 
0.314909 67.64370590330 0.14745793727 
0.315416 67.66233094901 0.14142825359 
0.315922 67.47464854201 0.14690814330 
0.316429 67.31209541254 0.14444869261 
0.316935 67.23835394372 0.14168677813 
0.317442 67.16647720795 0.14015790234 
0.317948 67.27198388183 0.14050297350 
0.318455 67.03673272212 0.13946954428 
0.318961 67.05113632798 0.14276800446 
0.319468 66.87173145003 0.14060982265 
0.319975 66.86305829899 0.14187148081 
0.320481 66.88214131808 0.14093457463 
0.320988 66.80920718753 0.14268322997 
0.321494 66.78464006553 0.14156918438 
0.322001 66.73486427976 0.16234675148 
0.322507 66.56064762249 0.14041171223 
0.323014 66.71756724433 0.14503894109 
0.323520 66.33596135315 0.14296068766 
0.324027 66.42905101796 0.14124240471 
0.324533 66.34249348841 0.14215866501 
0.325040 66.51505168468 0.13947640815 
0.325546 66.43572119429 0.14254959496 
0.326053 66.16700079942 0.13943508688 
0.326559 66.50924478103 0.13808509263 
0.327066 66.37284097401 0.14236970752 
0.327572 66.17409069852 0.13881926033 
0.328079 66.10839310798 0.13732201577 
0.328585 65.85933845418 0.13948210584 
0.329092 66.24927816888 0.13992632649 
0.329598 66.12428939895 0.13773798556 
0.330105 66.27443805771 0.13908690179 
0.330611 66.11044237567 0.13727120483 
0.331118 65.84342059388 0.14135308811 
0.331624 65.98901020813 0.14310747898 
0.332131 65.98278534195 0.13875239881 
0.332637 65.74942747572 0.13912285195 
0.333144 66.00791268924 0.13804183456 
0.333650 65.68461474836 0.13724975653 
0.334157 65.76906384998 0.13938814531 
0.334663 65.61308855238 0.13710722807 
0.335170 65.75887135986 0.13937600850 
0.335676 65.99733320949 0.13739232290 
0.336183 65.68966273512 0.13546058215 
0.336689 65.51493622451 0.14152611272 
0.337196 65.39693690274 0.14177500779 
0.337702 65.46290502103 0.13915071768 
0.338209 65.33347438175 0.13817443754 
0.338715 65.39210479912 0.14103890298 
0.339222 65.39030862679 0.14396197093 
0.339728 65.24527941695 0.13642395444 
0.340235 65.68793551966 0.24356778356 
0.340741 65.34412773730 0.13952764261 
0.341248 65.31237103352 0.13899540550 
0.341754 65.30821039817 0.13676409625 
0.342261 65.30002993879 0.13940171906 
0.342767 65.14044438479 0.13857310179 
0.343274 65.19125983499 0.14045829639 
0.343780 65.20379017590 0.13828468686 
0.344287 65.21906907865 0.14047806361 
0.344793 65.17105741936 0.13954791853 
0.345300 65.15556597597 0.14137958061 
0.345806 65.02763547207 0.14159150588 
0.346313 64.74900035597 0.13972233986 
0.346819 64.97404259774 0.14515576804 
0.347325 65.10081226416 0.14167360956 
0.347832 65.03325122676 0.14702066468 
0.348338 64.86190865191 0.14697246963 
0.348845 64.83625037288 0.14722011788 
0.349351 64.85033936741 0.14894788860 
0.349858 64.33558952675 0.14835895026 
0.350364 64.83299169802 0.14720947591 
0.350871 64.63623717268 0.14797346062 
0.351377 64.68006616219 0.15002980364 
0.351884 64.45190101601 0.15004944640 
0.352390 64.40535202289 0.14800696313 
0.352897 64.49919704545 0.14780604891 
0.353403 64.34086791429 0.14756453876 
0.353910 64.39872223678 0.14846808636 
0.354416 64.30862944152 0.15222785784 
0.354923 64.09516507384 0.15043514703 
0.355429 64.18071611075 0.15179392865 
0.355935 64.15886761306 0.14913289815 
0.356442 64.28197905510 0.15441191647 
0.356948 64.00983520526 0.15476893233 
0.357455 63.65184399693 0.15619136679 
0.357961 63.91220456231 0.15638439249 
0.358468 63.85976155247 0.15584118288 
0.358974 63.75941638601 0.22199346489 
0.359481 63.95318500363 0.20370689158 
0.359987 64.02644087697 0.19959296165 
0.360494 63.82164699108 0.19132975897 
0.361000 63.89990425528 0.18756262933 
0.361506 64.00835819403 0.18468788563 
0.362013 63.96735252690 0.18425511040 
0.362519 63.83576827389 0.18455093017 
0.363026 63.98215051458 0.18512068592 
0.363532 63.57374196489 0.18517037559 
0.364039 63.72757579015 0.18339547333 
0.364545 63.80019439439 0.18174208821 
0.365052 63.69887346249 0.18584646853 
0.365558 63.76626907797 0.18069306536 
0.366064 63.78348981224 0.18349446282 
0.366571 63.66441656721 0.18730085070 
0.367077 63.77476061281 0.18607111422 
0.367584 63.72966272214 0.18621133102 
0.368090 63.87376816896 0.18426361995 
0.368597 63.59923906333 0.18740181137 
0.369103 63.90019431008 0.18747138585 
0.369610 63.49609886015 0.18528395124 
0.370116 63.29450764664 0.18895834497 
0.370622 63.68326404916 0.19173091205 
0.371129 63.82720581610 0.19465350528 
0.371635 63.71860373915 0.18940630891 
0.372142 63.35212057471 0.18986077521 
0.372648 63.56050062737 0.19457478989 
0.373155 63.67935927862 0.19709971657 
0.373661 63.09223254160 0.19195048226 
0.374167 63.08837364470 0.19614035162 
0.374674 63.43878242657 0.19899514946 
0.375180 63.35765921679 0.19366862880 
0.375687 63.44028572304 0.20030344171 
0.376193 63.59607366637 0.19585332435 
0.376700 63.30291139480 0.19889000483 
0.377206 63.47142700638 0.19874525693 
0.377712 63.15257226369 0.20328289431 
0.378219 63.24146684174 0.20450305344 
0.378725 63.51859170570 0.20576802477 
0.379232 63.21083182667 0.20298119793 
0.379738 63.25162025025 0.20792075761 
0.380245 63.35300711725 0.20705572050 
0.380751 63.29801089590 0.20340638554 
0.381257 63.01272574057 0.21009218635 
0.381764 63.58235981188 0.21102059371 
0.382270 63.04735807336 0.20628787309 
0.382777 63.49995212598 0.20834297363 
0.383283 63.19613893460 0.21208265981 
0.383789 63.14069322230 0.21197635594 
0.384296 62.96178599579 0.20884090970 
0.384802 63.16397124400 0.20726005210 
0.385309 62.96552560549 0.20695040635 
0.385815 62.88971756596 0.20848100583 
0.386321 63.25312495489 0.21826134941 
0.386828 63.26440946517 0.21554981599 
0.387334 63.00448189014 0.21003762028 
0.387841 62.93859930243 0.21492522022 
0.388347 62.82327291822 0.21140824311 
0.388853 62.66252683661 0.21193739531 
0.389360 62.63097188761 0.21238098102 
0.389866 62.64125183772 0.21969634883 
0.390373 62.84157948984 0.21750371005 
0.390879 62.62659087501 0.21719160083 
0.391385 62.59703542356 0.21925659821 
0.391892 62.56963321154 0.22429736286 
0.392398 62.79502689294 0.22081787834 
0.392905 63.02732947916 0.22146636494 
0.393411 62.77274608848 0.22352801146 
0.393917 62.81624990874 0.22180785375 
0.394424 62.61509723060 0.22653444035 
0.394930 62.78023663737 0.22490812829 
0.395437 62.78175985354 0.22697274602 
0.395943 62.88718077762 0.23188970998 
0.396449 63.14887062646 0.37139315166 
0.396956 62.75406434548 0.22699415640 
0.397462 62.78937490461 0.23179170364 
0.397969 62.24021656836 0.23563285225 
0.398475 62.56611949104 0.23301884473 
0.398981 62.35860175488 0.23274952744 
0.399488 62.62758814275 0.23281175082 
0.399994 62.50431515128 0.23688722101 
0.400500 62.67466815699 0.24530300535 
0.401007 62.79358185775 0.24326829637 
0.401513 62.86209344252 0.24251102583 
0.402020 62.38657319201 0.24997939458 
0.402526 61.89928902319 0.24441744367 
0.403032 62.31382800358 0.23784692411 
0.403539 62.57780771373 0.25931764653 
0.404045 62.07615089664 0.24872162922 
0.404551 62.38607700754 0.27065743062 
0.405058 62.35054357107 0.26738719152 
0.405564 62.47072575670 0.26101514402 
0.406071 62.56550133434 0.25646607154 
0.406577 62.35930067490 0.25255136142 
0.407083 62.24830396858 0.25884808455 
0.407590 62.35821332852 0.26950285569 
0.408096 62.16294618452 0.27404150809 
0.408602 61.87448085393 0.27616363217 
0.409109 61.80937554483 0.26317929833 
0.409615 61.84030370532 0.27440049007 
0.410121 61.80200585217 0.25273119005 
0.410628 61.57118696073 0.26168509075 
0.411134 62.08268339493 0.26915035241 
0.411641 62.34454163019 0.27691026037 
0.412147 61.59044400129 0.26052389985 
0.412653 62.29505762260 0.27283294602 
0.413160 61.71665020092 0.26156533564 
0.413666 62.03360623253 0.26864196590 
0.414172 62.61258236332 0.28604129776 
0.414679 61.78328703232 0.27088382647 
0.415185 62.14400484850 0.28590880820 
0.415691 61.96512337460 0.26985290307 
0.416198 61.90326055172 0.27533998219 
0.416704 61.69082948430 0.27408293814 
0.417210 61.93836455896 0.27605883803 
0.417717 61.85670900283 0.29382425760 
0.418223 61.95193562354 0.28228141985 
0.418729 61.64936274259 0.28062433107 
0.419236 62.05838469404 0.27363371670 
0.419742 62.03207540235 0.27510387949 
0.420248 61.76500337803 0.27043652332 
0.420755 61.78254168856 0.27820405110 
0.421261 61.97239555465 0.27192493443 
0.421767 61.75146297523 0.28045562058 
0.422274 61.56667114532 0.27289657161 
0.422780 61.61784879707 0.27488449058 
0.423286 61.44349708209 0.29379856761 
0.423793 61.56989221757 0.27163593112 
0.424299 62.30003851645 0.29577282715 
0.424805 61.10900218667 0.27922345964 
0.425312 61.32067392845 0.30453841195 
0.425818 61.81962386610 0.28302996988 
0.426324 62.10440046277 0.30213085453 
0.426831 61.53866364927 0.28277330101 
0.427337 61.06149623335 0.29767732185 
0.427843 61.44878898426 0.30673609219 
0.428350 61.12986597564 0.30775443882 
0.428856 61.70902817929 0.30809701788 
0.429362 61.88021666899 0.30675519840 
0.429869 61.84145198285 0.32143317309 
0.430375 61.69642836887 0.31730854143 
0.430881 61.83847713631 0.31515660136 
0.431388 60.60649233413 0.30925243937 
0.431894 61.70993590949 0.31727104097 
0.432400 62.22457772741 0.32353482280 
0.432907 61.54493917931 0.32525637093 
0.433413 61.71046378791 0.33597679497 
0.433919 61.07259082737 0.33863678690 
0.434425 60.90613172963 0.34136134248 
0.434932 61.62252221340 0.33318629884 
0.435438 61.17119951507 0.35740605315 
0.435944 61.21468999103 0.33642473600 
0.436451 61.18281590474 0.35294470508 
0.436957 61.31768764963 0.34353752981 
0.437463 61.50040553251 0.36095916762 
0.437970 60.68390483624 0.35211411549 
0.438476 61.10829059384 0.35651069330 
0.438982 62.08615227939 0.36015434399 
0.439489 61.10257949491 0.37955804694 
0.439995 61.01964659735 0.37041598564 
0.440501 61.48214896672 0.37170334575 
0.441007 61.39640895724 0.39060669129 
0.441514 60.97798138672 0.36703513828 
0.442020 61.05571465797 0.38987239756 
0.442526 60.95675454685 0.38280053297 
0.443033 61.33823858150 0.40671591268 
0.443539 61.48377142585 0.40202918815 
0.444045 61.43925960379 0.40881609904 
0.444551 60.62953470874 0.41165596881 
0.445058 61.10274925526 0.41843535842 
0.445564 60.67903584816 0.43214149718 
0.446070 60.89994105260 0.42277520757 
0.446577 60.81900154435 0.42500051989 
0.447083 60.36042303426 0.45514665430 
0.447589 60.91184035445 0.47070482882 
0.448095 60.87937225194 0.44671122905 
0.448602 60.81745334484 0.47534302510 
0.449108 60.41521780683 0.47735479422 
0.449614 61.31429810710 0.49584346501 
0.450121 61.16754125718 0.49802729684 
0.450627 60.87971558260 0.49667007725 
0.451133 60.37703928314 0.51510242118 
0.451639 60.45227023137 0.51522702117 
0.452146 60.41458180807 0.50399937925 
0.452652 60.34079225035 0.54612988592 
0.453158 60.70208123435 0.58091599025 
0.453664 60.83296705088 0.56636035089 
0.454171 59.70290956498 0.54942508084 
0.454677 59.40965015053 0.57423198914 
0.455183 60.21423931459 0.62146205105 
0.455689 59.94303373857 0.64593485407 
0.456196 59.61509543078 0.62930984842 
0.456702 60.54135821122 0.62423960512 
0.457208 60.44703386097 0.69656552043 
0.457714 60.03937287129 0.74886698543 
0.458221 61.07630575445 0.76121535432 
0.458727 60.50207038861 0.81004204846 
0.459233 60.53175710836 0.82543880808 
0.459740 60.77855341642 0.88296340503 
0.460246 59.98953844321 0.86452270661 
0.460752 58.69739919503 0.98996075855 
0.461258 59.74898090088 0.99299539848 
0.461765 60.22686455830 1.09266466326 
0.462271 61.14083755908 0.97949362574 
0.462777 61.14991263177 1.21549151667 
0.463283 60.55446388749 1.25878207750 
0.463789 61.57641515985 1.34280143355 
0.464296 58.86308042642 1.39261965349 
0.464802 59.23460780241 1.31481005242 
0.465308 59.68002856252 1.50443248464 
0.465814 60.54207958831 1.65874204251 
0.466321 62.30046105301 1.87034060808 
0.466827 59.29356187917 1.79475830870 
0.467333 60.61200673232 1.94800779294 
0.467839 59.18889995990 1.90137842198 
0.468346 59.86632487622 2.40234364136 
0.468852 59.56975268213 2.59827450388 
0.469358 60.05895227296 2.87024843595 
0.469864 58.98952728926 2.92576147920 
0.470371 57.99761533194 3.65166561606 
0.470877 56.84822316942 4.39838616833 
0.471383 57.40842604078 5.54692324320 
0.471889 56.75713250204 7.23477745516 
0.472395 51.07313410421 5.90021447536 
0.472902 52.00611544581 12.42895557375 
