0.010896 1364.34014118013 14.49368399969 
0.011402 1215.96513414681 12.06275900290 
0.011909 1096.74695519761 11.36697058227 
0.012416 994.44842806518 9.51958822146 
0.012923 900.40739415649 8.20142423796 
0.013430 831.49575494439 11.96406658625 
0.013936 800.17154945499 9.84519525689 
0.014443 744.10354008774 7.87843400276 
0.014950 688.64558204858 6.26380698462 
0.015457 637.14852782420 5.25846337313 
0.015963 586.68913232322 5.16660982626 
0.016470 552.27681347722 4.43675626985 
0.016977 514.26227907357 3.94560583765 
0.017484 478.90951825996 3.35373712586 
0.017990 454.16188889696 3.13649077030 
0.018497 428.94696460951 2.83467783224 
0.019004 408.03655974359 2.52341549100 
0.019511 383.51939210904 2.17692441796 
0.020018 366.34374160067 2.17080883427 
0.020524 347.62649715831 1.96818070337 
0.021031 329.91248843453 2.06873470544 
0.021538 319.86090231142 1.58038211060 
0.022045 305.81411659848 1.76290589589 
0.022551 290.65702434953 1.70340319929 
0.023058 282.88987819200 1.54796008773 
0.023565 271.42956569784 1.55535391516 
0.024072 261.55779178662 1.76366219418 
0.024579 251.87150071635 1.71986026833 
0.025085 245.76789328792 2.06649644069 
0.025592 237.21156018597 2.11850261582 
0.026099 231.91330418998 2.18224044114 
0.026606 225.47100142435 1.62904154124 
0.027112 220.06157116282 1.64834314333 
0.027619 214.22694403557 1.55428955305 
0.028126 208.49023929711 1.49307871325 
0.028633 203.03060619797 1.38622720480 
0.029139 200.45272421228 1.15486587220 
0.029646 194.08583984201 1.19578868791 
0.030153 191.03523595202 1.09672394020 
0.030660 187.31793623565 1.08228662684 
0.031167 182.69491882294 0.93861408645 
0.031673 180.84822922572 0.90782219275 
0.032180 178.67967862317 0.91140315910 
0.032687 174.74902128387 0.85518869082 
0.033194 171.49005814432 0.83603943829 
0.033700 167.73667756543 0.75911165607 
0.034207 165.04134984511 0.77293387038 
0.034714 162.63070148801 0.78394922269 
0.035221 161.75825863215 0.72720205079 
0.035727 160.02750994451 0.67872121096 
0.036234 155.66290117137 0.68652621820 
0.036741 155.57273872174 0.68036854341 
0.037248 152.22038152859 0.64708588497 
0.037755 150.92197609556 0.65990142024 
0.038261 148.70884346233 0.58173003115 
0.038768 147.02452263815 0.61051742849 
0.039275 146.00091526010 0.58779438086 
0.039782 144.84712021740 0.57691210203 
0.040288 143.18566965498 0.58996332012 
0.040795 142.41951195117 0.55687964289 
0.041302 140.49809028587 0.55504887662 
0.041809 138.01455975924 0.57192814701 
0.042315 137.29060636839 0.57584228188 
0.042822 136.40041294926 0.53388723743 
0.043329 136.14462840789 0.50452607937 
0.043836 134.24516609223 0.55838089500 
0.044343 132.87604443542 0.52800680945 
0.044849 131.40229735766 0.51183053506 
0.045356 131.07129001312 0.51868226490 
0.045863 130.08605708547 0.51718127718 
0.046370 128.56910377024 0.48828919245 
0.046876 127.61525519842 0.48100681557 
0.047383 127.78888983981 0.47603090596 
0.047890 126.29804102307 0.48866700200 
0.048397 125.33955964463 0.48183654537 
0.048903 124.80960195048 0.48090284381 
0.049410 124.04979928869 0.46247074601 
0.049917 123.11022719097 0.48520645719 
0.050424 122.72802673660 0.47480273016 
0.050931 122.15356947607 0.45835267849 
0.051437 120.49883094818 0.46223345414 
0.051944 120.62714871272 0.41748958744 
0.052451 119.38957613632 0.45037435161 
0.052958 118.35717031981 0.46073152576 
0.053464 117.58857036599 0.43438227003 
0.053971 117.54897913331 0.44830028596 
0.054478 117.15295651193 0.43710860238 
0.054985 116.20494009968 0.43240668764 
0.055491 115.97227368744 0.40447683108 
0.055998 114.76970646456 0.42944549164 
0.056505 114.57422493928 0.44065456587 
0.057012 113.60051693574 0.42394874061 
0.057519 112.63619638958 0.43678264540 
0.058025 112.49385887682 0.41302061974 
0.058532 112.21813802673 0.42481271291 
0.059039 111.85658529425 0.42828397358 
0.059546 111.32663444752 0.43577159808 
0.060052 110.84592650055 0.39601952320 
0.060559 109.70003561320 0.40834616560 
0.061066 109.41188352832 0.40851258395 
0.061573 109.43435389865 0.37563422194 
0.062079 108.38782729030 0.39572209288 
0.062586 108.48592827166 0.40955702203 
0.063093 107.70210985422 0.39273980280 
0.063600 107.47764925056 0.38294318367 
0.064106 107.19534100680 0.39750978922 
0.064613 106.84629952696 0.39566371074 
0.065120 106.12581321972 0.39837589824 
0.065627 105.57723572865 0.38929829593 
0.066134 105.35001615299 0.37494728839 
0.066640 104.99396449914 0.37814859784 
0.067147 105.05127349482 0.36688837471 
0.067654 104.42947968524 0.37069388056 
0.068161 103.96270115992 0.35485496178 
0.068667 103.93938755563 0.38045785674 
0.069174 103.44333603591 0.36677217212 
0.069681 102.36139269632 0.36499545440 
0.070188 102.40204434219 0.36195448458 
0.070694 101.41672308256 0.36937436205 
0.071201 101.19841515818 0.36204763120 
0.071708 101.81502159921 0.35838876190 
0.072215 101.67099336925 0.34194902092 
0.072721 100.83476106820 0.35395723011 
0.073228 100.72177989553 0.34385233795 
0.073735 100.45300686942 0.35434168201 
0.074242 100.33606773036 0.34262451482 
0.074748 99.76534188959 0.34955083951 
0.075255 99.96569048529 0.33748802258 
0.075762 99.39096554515 0.33676504123 
0.076269 99.34229714925 0.34780358928 
0.076776 99.12244133853 0.33605827868 
0.077282 98.33075945483 0.32851735634 
0.077789 97.88467614531 0.33038878805 
0.078296 97.79518641759 0.32707857994 
0.078803 97.96535616029 0.34224194881 
0.079309 97.89093199188 0.32815138834 
0.079816 97.65378268843 0.31874019817 
0.080323 97.33645919916 0.33444317608 
0.080830 97.48479860182 0.32283397542 
0.081336 97.31419663212 0.32984368465 
0.081843 97.24367043748 0.32906419694 
0.082350 96.96080038484 0.34054016785 
0.082857 96.51305008067 0.33301546469 
0.083363 96.48976153975 0.31224916295 
0.083870 96.28466280422 0.33375671361 
0.084377 96.35537118931 0.33840186841 
0.084884 95.87932930985 0.32953371294 
0.085390 95.57889208861 0.33034657175 
0.085897 96.10492333746 0.33579597407 
0.086404 95.49804114535 0.33830840534 
0.086911 95.35569876962 0.33354960628 
0.087417 95.09438823261 0.32665828917 
0.087924 95.13445153112 0.33759978240 
0.088431 95.33345312586 0.33648524313 
0.088938 95.14598365233 0.33576569566 
0.089444 94.34332001029 0.33875692384 
0.089951 94.48452729988 0.33450121739 
0.090458 93.76046800743 0.32398227575 
0.090965 93.86609005867 0.33233366171 
0.091471 93.90295490925 0.33358328546 
0.091978 94.29251060475 0.33401309410 
0.092485 92.78965956605 0.33759255449 
0.092992 93.75987532165 0.33615737899 
0.093498 92.88115912538 0.33393762723 
0.094005 93.04145699274 0.34196801707 
0.094512 93.16104773320 0.33093464278 
0.095019 93.03428430074 0.32960807970 
0.095525 92.53842148868 0.32990077496 
0.096032 92.38868430296 0.33146211036 
0.096539 92.69214870443 0.32896846826 
0.097046 92.13010671138 0.32919616962 
0.097552 92.48851483622 0.33505642848 
0.098059 92.12964207157 0.32933773253 
0.098566 92.27941512299 0.32827090859 
0.099073 91.70115366555 0.32640020501 
0.099579 91.54512362137 0.32179123715 
0.100086 92.10764295012 0.32673164235 
0.100593 91.58000693750 0.32378138733 
0.101100 91.52236742847 0.32522857763 
0.101606 91.13906852435 0.30993461374 
0.102113 90.45404293618 0.30409927406 
0.102620 89.40061892325 0.29320017454 
0.103127 89.13856957106 0.29464188565 
0.103633 89.18933445220 0.28301946267 
0.104140 88.72127521318 0.29279806658 
0.104647 88.70049023807 0.29875314979 
0.105154 88.93543412402 0.31126329698 
0.105660 89.13447011624 0.31383802017 
0.106167 87.87312161007 0.30147282963 
0.106674 88.68031089981 0.29788624904 
0.107181 88.26234057522 0.30574495102 
0.107687 87.68227211254 0.31001403644 
0.108194 87.95421175015 0.29771249419 
0.108701 87.72347457256 0.28804750908 
0.109208 87.77123574450 0.29298151033 
0.109714 88.16792273042 0.29526249631 
0.110221 88.17465703971 0.28635359594 
0.110728 87.93083915154 0.28753604340 
0.111235 87.86837697971 0.28087406288 
0.111741 87.61755909117 0.28396738791 
0.112248 87.40206144467 0.28571619792 
0.112755 87.97547397974 0.28561909538 
0.113262 86.94867276104 0.28544397138 
0.113768 87.16467402962 0.27201918009 
0.114275 86.86805844282 0.28904534502 
0.114782 87.07694092917 0.27328467853 
0.115289 86.65298835320 0.27639572551 
0.115795 86.50046726005 0.27870262739 
0.116302 86.06117462834 0.27792687180 
0.116809 86.48917638908 0.26759371394 
0.117316 86.91821531662 0.27334496643 
0.117822 86.91231603391 0.27198553881 
0.118329 86.36115189588 0.27654316210 
0.118836 86.66334278175 0.27074347115 
0.119342 86.22881275843 0.26569074561 
0.119849 85.63551183448 0.27524537234 
0.120356 85.57938852794 0.26510808813 
0.120863 86.09891569320 0.27104217455 
0.121369 85.87463314327 0.27046672121 
0.121876 85.88622565960 0.26708368612 
0.122383 85.84994826831 0.26323264695 
0.122890 85.79142225806 0.26612486612 
0.123396 85.53858578342 0.25857835378 
0.123903 85.00985629835 0.25888281306 
0.124410 85.51261936163 0.26494291472 
0.124917 85.06061394730 0.25717829614 
0.125423 84.96783817722 0.25329258486 
0.125930 85.16764482918 0.26532114131 
0.126437 84.92395888944 0.26033713894 
0.126944 84.78565193325 0.26019903287 
0.127450 84.56989831802 0.24852920408 
0.127957 84.70409372877 0.25367514185 
0.128464 84.65341275186 0.25504276919 
0.128970 84.69875082044 0.25630727486 
0.129477 84.36252570666 0.24658107729 
0.129984 84.70234720448 0.25135592881 
0.130491 84.41434340150 0.24932978625 
0.130997 84.52445588103 0.24542811622 
0.131504 84.20560285968 0.24628436116 
0.132011 84.32678203376 0.25464920324 
0.132518 84.04439114416 0.24156602958 
0.133024 84.20674134869 0.25519261959 
0.133531 84.31574276546 0.25266348767 
0.134038 83.83594107257 0.24809362927 
0.134545 84.04572754654 0.24346488201 
0.135051 83.81731969271 0.24631043668 
0.135558 83.73015399310 0.24253468050 
0.136065 83.81961735856 0.24671526986 
0.136571 83.64779703543 0.24424789089 
0.137078 83.31365620865 0.25012386254 
0.137585 83.78720265405 0.24236696137 
0.138092 83.33168369863 0.23940704705 
0.138598 83.24094139522 0.24619138253 
0.139105 83.22738546914 0.24201620257 
0.139612 83.38652156319 0.24104145693 
0.140119 83.28931820002 0.24252585564 
0.140625 83.21788236131 0.24151737764 
0.141132 83.11188305481 0.23917765721 
0.141639 82.94840571553 0.24445764427 
0.142145 83.32255683807 0.23491025280 
0.142652 82.94025147235 0.24412730759 
0.143159 82.97355329115 0.23907471819 
0.143666 82.33402315253 0.23809737096 
0.144172 82.40967800321 0.24117831031 
0.144679 82.68020147957 0.23646559497 
0.145186 82.39425854187 0.24683612525 
0.145692 82.27005201432 0.24343702152 
0.146199 81.84799660534 0.24012513802 
0.146706 82.00259134461 0.24311856400 
0.147213 82.01649519175 0.24642405643 
0.147719 81.92883084886 0.24591126251 
0.148226 81.96017969675 0.23873476688 
0.148733 81.58311296301 0.24569134385 
0.149240 82.02436454258 0.24000577923 
0.149746 81.30296789476 0.24374812032 
0.150253 81.46249289092 0.23948307622 
0.150760 81.66209369079 0.24043545825 
0.151266 81.49735569796 0.24404320874 
0.151773 81.35109966502 0.24354835632 
0.152280 80.96938449496 0.24080706746 
0.152787 80.96389095600 0.23965438092 
0.153293 81.01402209811 0.23658382322 
0.153800 81.05651280831 0.24381934578 
0.154307 80.87580379654 0.24230191508 
0.154813 80.94627041146 0.23698557467 
0.155320 80.91243155271 0.24089639169 
0.155827 80.96693304631 0.24059584125 
0.156334 80.74416093675 0.23254621351 
0.156840 80.27607893574 0.24337613412 
0.157347 80.26556037233 0.23713930421 
0.157854 80.48872202584 0.23652199699 
0.158360 80.55123999176 0.23770501094 
0.158867 80.10431866724 0.22913746283 
0.159374 80.24381630631 0.24092114627 
0.159881 79.95547541892 0.23788118411 
0.160387 80.17425307048 0.22809324050 
0.160894 79.80147752204 0.23684773102 
0.161401 79.84164490870 0.23432011086 
0.161907 79.79090596682 0.23470948775 
0.162414 79.95982775176 0.23120862453 
0.162921 79.48402813612 0.23488638379 
0.163427 79.97683025432 0.23451793215 
0.163934 79.38859928325 0.22964834550 
0.164441 79.41249427705 0.23416326637 
0.164948 78.92073494386 0.22747841636 
0.165454 79.83553359097 0.22842893293 
0.165961 79.44445605493 0.22775977150 
0.166468 79.04038318883 0.22785655933 
0.166974 78.75170175947 0.22544570909 
0.167481 78.92982709465 0.22432628806 
0.167988 79.34423059009 0.23401162930 
0.168495 79.32642507008 0.22986476558 
0.169001 79.13440873986 0.23613845566 
0.169508 79.15621340941 0.23479791276 
0.170015 79.12924333093 0.23295988133 
0.170521 79.30824029483 0.23951536046 
0.171028 79.08002278455 0.23461171472 
0.171535 79.15229799496 0.23969897353 
0.172041 78.99978013793 0.23637802685 
0.172548 79.05016110846 0.23771783814 
0.173055 79.39162517238 0.23269067787 
0.173562 79.20061687128 0.23428666414 
0.174068 79.17479530315 0.23804431407 
0.174575 79.05446304486 0.22902087878 
0.175082 78.73244863456 0.23665584033 
0.175588 78.81827733064 0.23992290821 
0.176095 78.96850429383 0.23595788032 
0.176602 78.92809263252 0.23888979955 
0.177108 79.01883437726 0.23823731401 
0.177615 78.55154986099 0.23636998489 
0.178122 78.91906021556 0.24102998121 
0.178629 78.95337026162 0.23448634027 
0.179135 78.87508711044 0.23792762427 
0.179642 78.91843358667 0.23577849273 
0.180149 78.73582638284 0.23456532872 
0.180655 78.61591615843 0.23185364781 
0.181162 78.78835862766 0.23265034388 
0.181669 78.60679731194 0.23409641018 
0.182175 78.80320628565 0.24672573995 
0.182682 78.83594078190 0.24311536381 
0.183189 79.37134803501 0.25017456119 
0.183695 78.84061205295 0.24432732181 
0.184202 78.63244682685 0.24709671505 
0.184709 78.48514761252 0.24224243111 
0.185216 78.48477423718 0.23750398550 
0.185722 78.20471674669 0.24554423482 
0.186229 78.35873023154 0.24440118714 
0.186736 77.78704509650 0.24692117886 
0.187242 78.19347578554 0.23660188729 
0.187749 78.23840654611 0.25066681951 
0.188256 77.99730283522 0.24606957026 
0.188762 77.75592468796 0.24560934843 
0.189269 77.92773874250 0.24811839453 
0.189776 77.86717656069 0.24747387780 
0.190282 77.85198970902 0.24213480067 
0.190789 77.81962865995 0.24332815006 
0.191296 77.87110986583 0.24803691569 
0.191802 77.53286178975 0.24835035182 
0.192309 77.34435347444 0.23889596657 
0.192816 77.14649372547 0.24486289505 
0.193323 76.92137811530 0.23564769728 
0.193829 76.70681440433 0.23841535741 
0.194336 76.49866753823 0.23240575098 
0.194843 76.55387724730 0.23352394513 
0.195349 76.62224864198 0.23814317473 
0.195856 76.56754128640 0.23822519802 
0.196363 76.38620280732 0.23233721976 
0.196869 76.14952848815 0.23482350075 
0.197376 76.27654709757 0.23150106616 
0.197883 76.49683026200 0.23463923348 
0.198389 76.16303332653 0.23042211218 
0.198896 76.14387174880 0.22726224172 
0.199403 75.91099245857 0.22460944601 
0.199909 75.95915451282 0.22484442037 
0.200416 75.80262462412 0.21796685148 
0.200923 75.75673586073 0.22538523021 
0.201429 75.55772024886 0.22679005041 
0.201936 75.60369608441 0.21392041853 
0.202443 75.94998073560 0.21852967362 
0.202949 75.84118109375 0.22334544931 
0.203456 75.74955240939 0.21984726246 
0.203963 75.54787722422 0.21833398105 
0.204469 75.73298754793 0.21744674357 
0.204976 75.55880863322 0.21450252026 
0.205483 75.76216882256 0.21870196435 
0.205989 75.68977604082 0.21786287175 
0.206496 75.68658579013 0.21585527013 
0.207003 75.59254252690 0.21779114394 
0.207509 75.54966570890 0.21318912307 
0.208016 75.33431035045 0.21407969020 
0.208523 75.74226657369 0.21439137069 
0.209029 75.12002147416 0.21163133176 
0.209536 75.36692027573 0.21422939986 
0.210043 75.40972022840 0.21495229992 
0.210549 74.96430151696 0.21467357846 
0.211056 75.53715902960 0.21297407462 
0.211563 75.64409991496 0.21042683832 
0.212069 74.84355772796 0.20722356168 
0.212576 75.12526944516 0.21266504962 
0.213083 75.20414383016 0.21365885607 
0.213589 75.18892084369 0.21112504476 
0.214096 74.64366917996 0.20846590752 
0.214603 74.95266302719 0.20789479386 
0.215109 74.90623459302 0.20827313835 
0.215616 74.83076355759 0.20300217388 
0.216123 74.73828030184 0.20633991218 
0.216629 74.53713699899 0.20777015625 
0.217136 74.50086625358 0.20596320780 
0.217643 74.16833704923 0.20651072678 
0.218149 74.15960484260 0.20470116731 
0.218656 74.10156611672 0.20592407167 
0.219163 74.43001652092 0.21211876142 
0.219669 74.09884301357 0.20656208452 
0.220176 74.32238971528 0.20555348294 
0.220683 73.74564646712 0.20141591091 
0.221189 74.08595213655 0.20531133099 
0.221696 73.95942529868 0.20501208801 
0.222203 74.24665296490 0.20731719459 
0.222709 73.72332321003 0.20264763492 
0.223216 73.99243111339 0.20227593920 
0.223722 73.97971218432 0.20334824247 
0.224229 73.92696315537 0.20354344348 
0.224736 73.43708689710 0.20149497201 
0.225242 73.96433523547 0.20389410397 
0.225749 73.75223822676 0.19935961650 
0.226256 73.51493864126 0.19939395570 
0.226762 73.89337765274 0.19888357035 
0.227269 73.68944409840 0.20501134868 
0.227776 73.55056045772 0.20159404957 
0.228282 73.27820471272 0.20127716639 
0.228789 73.49931132181 0.20324852547 
0.229296 73.08754853128 0.20105466168 
0.229802 73.30254428274 0.20165155341 
0.230309 73.18937880158 0.19704702655 
0.230816 73.04671212852 0.20446678899 
0.231322 73.43396982512 0.20634222708 
0.231829 73.09030507775 0.20152719865 
0.232335 73.25631994421 0.20149862364 
0.232842 73.05002266231 0.20341785544 
0.233349 73.08665464131 0.19720403653 
0.233855 73.23866345110 0.19955997743 
0.234362 73.16726591286 0.20088840681 
0.234869 72.69398616253 0.19775923822 
0.235375 72.63585995994 0.19825013444 
0.235882 72.84020945811 0.20135247469 
0.236389 72.49181654770 0.19922831579 
0.236895 72.60697137854 0.19952486554 
0.237402 72.53695104669 0.20148984982 
0.237908 72.41696987953 0.19760354556 
0.238415 72.40155311950 0.19966800772 
0.238922 72.34577706021 0.20295813624 
0.239428 72.31957301092 0.19716713728 
0.239935 72.39501635591 0.19581648665 
0.240442 72.11469120405 0.20143026888 
0.240948 72.52164326849 0.20088766235 
0.241455 72.10493649458 0.20058926199 
0.241962 72.33629508269 0.20133745838 
0.242468 72.07695209427 0.20221370637 
0.242975 72.19242154424 0.19689548675 
0.243481 71.79095087949 0.19950875334 
0.243988 72.03452240699 0.19458839667 
0.244495 71.62654955050 0.19810516294 
0.245001 71.84475356011 0.19864013949 
0.245508 71.71308929511 0.19527848704 
0.246015 71.94351067142 0.19893977547 
0.246521 71.66741747906 0.19552979881 
0.247028 71.44019039687 0.19597251544 
0.247534 71.55669154964 0.19207638892 
0.248041 71.45984700728 0.19722194033 
0.248548 71.49528932542 0.19110809570 
0.249054 71.42437079183 0.19793694676 
0.249561 71.37694350540 0.19558206486 
0.250068 71.39374649039 0.20178918332 
0.250574 71.38577099142 0.19589479919 
0.251081 71.20680571531 0.19723792052 
0.251587 71.44588708892 0.20065230918 
0.252094 71.21856527606 0.19681504943 
0.252601 71.17205384730 0.19654054545 
0.253107 71.15763203279 0.19698045159 
0.253614 70.89672975107 0.19349542246 
0.254120 71.19812498335 0.19518947884 
0.254627 71.04373014183 0.19563912455 
0.255134 70.96162482234 0.19668695968 
0.255640 70.94810912603 0.19554548456 
0.256147 70.77960313289 0.19406886406 
0.256654 71.02378108452 0.19689286193 
0.257160 71.18698785311 0.19687623399 
0.257667 71.43077870463 0.19782549030 
0.258173 71.43179241962 0.20070975585 
0.258680 71.53139941835 0.19397319002 
0.259187 71.47983404169 0.19606254268 
0.259693 71.42645227213 0.19352339537 
0.260200 71.53781966468 0.19528616462 
0.260706 71.63564736182 0.19321888288 
0.261213 71.58126538420 0.19379320372 
0.261720 71.57354001829 0.19673771192 
0.262226 71.59861065986 0.19058260531 
0.262733 71.52738737929 0.19617139491 
0.263239 71.56685610451 0.19394451109 
0.263746 71.80291939921 0.19203966590 
0.264253 71.72773838184 0.19178541768 
0.264759 71.72410496706 0.19173099499 
0.265266 71.74912347155 0.19500222122 
0.265772 71.61073189790 0.19203901625 
0.266279 71.85693778632 0.19244484337 
0.266786 71.60872920700 0.19356648352 
0.267292 71.79742695727 0.18826650936 
0.267799 71.54241517253 0.19074703831 
0.268305 71.67737252413 0.19367828697 
0.268812 71.40676108328 0.19235291467 
0.269319 71.72686532900 0.18778612290 
0.269825 71.91133343438 0.18807321613 
0.270332 71.63182063564 0.19091258713 
0.270838 72.36966702849 0.19407669275 
0.271345 72.12993797749 0.19321505594 
0.271852 72.14597500748 0.19084458008 
0.272358 72.43397577528 0.19458131098 
0.272865 72.34274156985 0.19177413817 
0.273371 72.32217784682 0.19071891756 
0.273878 72.43173806317 0.19351755734 
0.274385 72.22800402100 0.19283123874 
0.274891 72.30654477736 0.19062784664 
0.275398 72.36202308741 0.18545445646 
0.275904 72.36795349314 0.18530661087 
0.276411 72.53178792787 0.18744923527 
0.276917 72.28324277494 0.18424179353 
0.277424 72.33276855935 0.18581638554 
0.277931 72.10188159539 0.18260999034 
0.278437 72.07093699740 0.18214446080 
0.278944 72.13539567475 0.18348484473 
0.279450 72.38711728760 0.18346218980 
0.279957 72.39649378554 0.18472794551 
0.280464 71.96657510603 0.18395636785 
0.280970 72.31939619298 0.18195748433 
0.281477 72.28177290246 0.17911425706 
0.281983 72.23424875139 0.18179901079 
0.282490 72.38764003585 0.17919745399 
0.282996 71.97075319380 0.18054318541 
0.283503 71.90676848966 0.18039025463 
0.284010 71.90473277360 0.18038677582 
0.284516 71.52808298014 0.18255739003 
0.285023 71.87377877836 0.17832551228 
0.285529 71.84374192576 0.17524499237 
0.286036 71.93822068078 0.17419401102 
0.286542 71.81200447271 0.17470881202 
0.287049 71.66074095938 0.17510496348 
0.287556 71.24977723090 0.17099197414 
0.288062 71.52684852618 0.17539899467 
0.288569 71.52381428929 0.17181239252 
0.289075 71.52080644914 0.16825807517 
0.289582 71.62262610108 0.17037096114 
0.290088 71.22589425319 0.16782990259 
0.290595 71.40491230441 0.17162278336 
0.291102 71.24360700297 0.16781773251 
0.291608 71.29780873539 0.16865095531 
0.292115 71.49528785022 0.16917731262 
0.292621 71.07051155993 0.16783459792 
0.293128 71.09605771641 0.16687511347 
0.293634 70.97567222967 0.16622006419 
0.294141 71.21180273784 0.16948088777 
0.294647 71.23803667343 0.16805192381 
0.295154 71.10435011706 0.16653105783 
0.295661 70.85919301620 0.16521442703 
0.296167 70.94388908295 0.16752652384 
0.296674 71.03447473588 0.16580894439 
0.297180 70.71178367016 0.16315110094 
0.297687 70.76511378941 0.16481981731 
0.298193 70.75364672786 0.16443980173 
0.298700 70.61634320927 0.16486242715 
0.299207 70.65836521493 0.16298225663 
0.299713 70.72566084612 0.16505778012 
0.300220 70.67935569000 0.16494303046 
0.300726 70.53225788588 0.16251459087 
0.301233 70.46140519205 0.16447581835 
0.301739 70.87240651888 0.16521301912 
0.302246 70.40607554798 0.16449716518 
0.302752 70.24723458715 0.15938085860 
0.303259 70.52016941658 0.16340944282 
0.303765 70.25826485354 0.15837251749 
0.304272 70.32407392330 0.16375698046 
0.304779 70.39561315887 0.15786939309 
0.305285 70.16716703691 0.16115477375 
0.305792 70.42490060611 0.15821802392 
0.306298 70.34053090587 0.16204738699 
0.306805 70.11261321214 0.16299576709 
0.307311 69.85868143150 0.15846819521 
0.307818 69.97849231018 0.15711222005 
0.308324 69.91104663209 0.15567474006 
0.308831 69.60081287614 0.15493208802 
0.309337 69.74514097091 0.15766441098 
0.309844 69.45046605794 0.15405358298 
0.310350 69.28839745135 0.15335438747 
0.310857 68.90821095388 0.15126069082 
0.311364 68.55945120110 0.15165257246 
0.311870 68.36005948887 0.14763306700 
0.312377 68.28443450432 0.14883215168 
0.312883 68.02077101735 0.14748974216 
0.313390 68.04015612566 0.14834868897 
0.313896 67.80909503949 0.14681837839 
0.314403 67.62325692885 0.14620310720 
0.314909 67.70131453032 0.14775766825 
0.315416 67.32884923355 0.14463824660 
0.315922 67.51037268603 0.14463476117 
0.316429 67.39328834917 0.14260352518 
0.316935 67.37186738697 0.14215937412 
0.317442 67.05334177774 0.14547927316 
0.317948 67.21016588241 0.14257782785 
0.318455 67.03357740416 0.14253568035 
0.318961 67.02650788141 0.14244188122 
0.319468 66.77614523523 0.14085595059 
0.319975 66.85011726788 0.14118968815 
0.320481 66.60924214769 0.14160995198 
0.320988 67.17271189711 0.14309672300 
0.321494 66.84007201703 0.14163509284 
0.322001 66.62977344344 0.15557065891 
0.322507 66.54479094647 0.13802318690 
0.323014 66.56231229054 0.13944383000 
0.323520 66.41454917356 0.14268035387 
0.324027 66.42250400384 0.14174736375 
0.324533 66.47156624742 0.14072284420 
0.325040 66.63570324605 0.13976434316 
0.325546 66.39980929605 0.14336433534 
0.326053 66.39578308245 0.14203831100 
0.326559 66.45972065256 0.13836194614 
0.327066 66.43741415380 0.13784519529 
0.327572 66.24864486095 0.13568667200 
0.328079 66.00279866037 0.13773532765 
0.328585 66.25173612198 0.13854261673 
0.329092 66.04868249977 0.13524436425 
0.329598 66.00756203506 0.13634281099 
0.330105 65.97442120781 0.14019729547 
0.330611 66.05332730114 0.13999530316 
0.331118 65.90325822658 0.13724854900 
0.331624 65.93475881268 0.13760409069 
0.332131 65.86203931930 0.14068217888 
0.332637 66.06206548621 0.13893166642 
0.333144 65.83032420644 0.14019349052 
0.333650 65.96374252997 0.13788364248 
0.334157 65.64403638957 0.13937339408 
0.334663 65.84215621188 0.13944589996 
0.335170 65.58815516093 0.14207454877 
0.335676 65.80097274135 0.13782560589 
0.336183 65.68180304723 0.13717775655 
0.336689 65.59873697107 0.13900332402 
0.337196 65.46528236625 0.13900645178 
0.337702 65.53516955064 0.13855246188 
0.338209 65.48265152018 0.13847907974 
0.338715 65.38160802048 0.13860375135 
0.339222 65.41489817162 0.14195643173 
0.339728 65.49942937920 0.13536771134 
0.340235 65.30755623363 0.22399955335 
0.340741 65.38194019615 0.13856372284 
0.341248 65.41250092259 0.13980437457 
0.341754 65.02291971148 0.13730716611 
0.342261 65.51284254515 0.13998196761 
0.342767 65.43726063152 0.13960506501 
0.343274 65.01796538700 0.13949212779 
0.343780 65.25756718667 0.14047847248 
0.344287 65.30284240917 0.13718037570 
0.344793 65.25778606171 0.13745180811 
0.345300 65.12995813039 0.14039024012 
0.345806 64.95741324583 0.14122277475 
0.346313 65.08823852956 0.14593997760 
0.346819 65.13499599448 0.14285351306 
0.347325 65.01605712960 0.14363320158 
0.347832 64.62356390698 0.14371667014 
0.348338 64.97453037965 0.14407536949 
0.348845 64.96013461881 0.14679056641 
0.349351 64.80747724738 0.15089494342 
0.349858 64.87947917584 0.14971571470 
0.350364 64.74461896771 0.14677577773 
0.350871 64.77562233455 0.14952644014 
0.351377 64.90644865959 0.14830117105 
0.351884 64.59239485334 0.14989213905 
0.352390 64.12668113804 0.15116487630 
0.352897 64.38794153226 0.14814091364 
0.353403 64.56365139264 0.14551884898 
0.353910 64.23880955670 0.14667681049 
0.354416 64.50711333596 0.15088661675 
0.354923 64.17319084546 0.15037789038 
0.355429 64.18131202248 0.15354465356 
0.355935 63.96044285035 0.14965146573 
0.356442 63.85841649835 0.15108685794 
0.356948 64.07402005083 0.15389505588 
0.357455 64.11243191697 0.15716642917 
0.357961 63.94479508703 0.15583010700 
0.358468 63.88848602457 0.15553739315 
0.358974 63.76608652577 0.22277998457 
0.359481 63.71916911157 0.20304992593 
0.359987 63.86520880316 0.20072192218 
0.360494 63.81972336113 0.18771954872 
0.361000 63.93879727114 0.18683995528 
0.361506 63.53203087808 0.18596729384 
0.362013 63.88670605124 0.18543460081 
0.362519 63.90527115249 0.18300933032 
0.363026 63.99331277898 0.18525722526 
0.363532 63.82414199026 0.18894752256 
0.364039 63.69696849928 0.18241701562 
0.364545 63.67758642654 0.18254799929 
0.365052 63.84107539322 0.18072224133 
0.365558 64.06103860530 0.18309156547 
0.366064 63.76958777092 0.18312892344 
0.366571 63.64161039185 0.18523792767 
0.367077 63.72493788906 0.18239041241 
0.367584 63.70651884394 0.18534466546 
0.368090 63.35007639298 0.18461582282 
0.368597 63.80577460680 0.18918081811 
0.369103 63.61987569767 0.18711073194 
0.369610 63.68896273636 0.18351686613 
0.370116 63.46803029612 0.19050958026 
0.370622 63.50410019041 0.18860653585 
0.371129 63.60392978339 0.19258277628 
0.371635 63.61698233676 0.19029014287 
0.372142 63.68336378491 0.19131501085 
0.372648 63.45795504393 0.19210002084 
0.373155 63.62270742161 0.19301367462 
0.373661 63.67761986470 0.19299032096 
0.374167 63.65678946243 0.19594829063 
0.374674 63.79373530598 0.20281780569 
0.375180 63.49939515151 0.19622180244 
0.375687 63.47613196872 0.19459394619 
0.376193 63.32856762351 0.19874744338 
0.376700 63.44037517889 0.20069286986 
0.377206 63.40671316733 0.19941397296 
0.377712 63.45429746130 0.20049087950 
0.378219 63.55337226135 0.20176250727 
0.378725 63.68965676240 0.20291226230 
0.379232 63.35390930264 0.20508085464 
0.379738 63.25574845665 0.20496908846 
0.380245 63.13568118583 0.21121383504 
0.380751 63.28482700563 0.20633159093 
0.381257 63.14196901453 0.20322768267 
0.381764 63.09092580447 0.21380399323 
0.382270 63.23989494114 0.20744420254 
0.382777 63.09583058886 0.20642352109 
0.383283 63.50234737494 0.21096399419 
0.383789 63.06030527584 0.21069126065 
0.384296 63.04729680503 0.21075587743 
0.384802 63.18830011300 0.21113419286 
0.385309 62.89884677911 0.21214199253 
0.385815 63.17004280563 0.20831868622 
0.386321 62.91571588846 0.20720254012 
0.386828 63.43603628518 0.21547118251 
0.387334 63.17321547618 0.21221259099 
0.387841 63.14610833116 0.21872344473 
0.388347 62.77143369648 0.21096245851 
0.388853 62.80580666597 0.21376429631 
0.389360 63.05485509851 0.21876530135 
0.389866 62.96814007632 0.21366271375 
0.390373 62.51108254273 0.21733141248 
0.390879 62.59578473043 0.21703912596 
0.391385 62.65655866455 0.22234939824 
0.391892 62.68987733365 0.22032451430 
0.392398 62.53779596526 0.22108523953 
0.392905 62.91128471187 0.22061655045 
0.393411 62.71160069411 0.22374672480 
0.393917 62.92942502166 0.22349124049 
0.394424 62.61769008895 0.22169492347 
0.394930 62.10612838558 0.22322452780 
0.395437 62.65331930900 0.22182379927 
0.395943 62.89352857932 0.23046725752 
0.396449 62.36034687563 0.36474642763 
0.396956 62.66311324525 0.22651745683 
0.397462 62.43857044807 0.23167844434 
0.397969 62.53201440493 0.23368793381 
0.398475 62.44715701257 0.23353420890 
0.398981 62.48101695204 0.23340323149 
0.399488 62.69344637815 0.23203827513 
0.399994 62.76241785423 0.23963775858 
0.400500 62.62191717409 0.24044575946 
0.401007 62.54892131411 0.23837962805 
0.401513 62.64326801436 0.23802008095 
0.402020 62.53818690352 0.24672940942 
0.402526 62.45773722548 0.24965218230 
0.403032 62.33707490565 0.24384221360 
0.403539 62.07002591182 0.26036881447 
0.404045 62.33690274789 0.24469931787 
0.404551 62.07503600446 0.26449718545 
0.405058 62.24531163387 0.26609083609 
0.405564 62.21400443290 0.26470815739 
0.406071 62.29981501098 0.26060296258 
0.406577 62.00087978498 0.25619060580 
0.407083 61.86485052301 0.25622022379 
0.407590 62.27933950507 0.26721469016 
0.408096 61.71386181020 0.26905752737 
0.408602 61.68605838780 0.27199026357 
0.409109 62.55930627289 0.26099043549 
0.409615 62.04055400748 0.26617832107 
0.410121 62.39667237865 0.26153466071 
0.410628 62.18242275969 0.26463577850 
0.411134 62.31479655483 0.27362527600 
0.411641 62.18483925241 0.27737740034 
0.412147 62.07762091195 0.26416740373 
0.412653 61.76287339706 0.26957381003 
0.413160 62.09073557718 0.26193462774 
0.413666 61.79329527269 0.27422661357 
0.414172 61.82600778820 0.27914847262 
0.414679 62.06086616147 0.27466214426 
0.415185 61.91953170077 0.29081342292 
0.415691 62.17210677706 0.26837682370 
0.416198 61.49879541202 0.27068114764 
0.416704 61.86080234665 0.27985330410 
0.417210 61.95525673116 0.28568895061 
0.417717 62.02207980109 0.29389794620 
0.418223 61.62594745196 0.27318826134 
0.418729 61.83781684514 0.28116973781 
0.419236 62.06244525994 0.28229900797 
0.419742 61.61602589015 0.28187881254 
0.420248 61.75009657095 0.28015430066 
0.420755 61.93066877568 0.26785155418 
0.421261 61.86818080757 0.28211168722 
0.421767 62.33880304307 0.27963362450 
0.422274 61.90630642727 0.27793650145 
0.422780 61.44765962790 0.27754142895 
0.423286 61.62170180224 0.28482052285 
0.423793 61.83738196999 0.27313152559 
0.424299 61.93122693280 0.28449676484 
0.424805 61.43276213362 0.28113726971 
0.425312 61.57145345218 0.29435209675 
0.425818 61.25506501528 0.27389779857 
0.426324 61.61184806594 0.28585826389 
0.426831 61.58717245431 0.29670720438 
0.427337 61.53353494921 0.30531358148 
0.427843 61.31383666767 0.30114905294 
0.428350 61.72865002348 0.30235842189 
0.428856 61.69072104086 0.31032154710 
0.429362 61.36987077701 0.30549894701 
0.429869 61.67995391042 0.31964710968 
0.430375 61.72089818514 0.31559332814 
0.430881 61.66379074643 0.31920624615 
0.431388 61.22584315054 0.31124522177 
0.431894 61.11256317857 0.31710579449 
0.432400 61.33839239346 0.32452105665 
0.432907 61.74611607945 0.31220155259 
0.433413 61.14047952357 0.32993067705 
0.433919 61.60253721561 0.32514531612 
0.434425 61.18279419630 0.33763871395 
0.434932 61.22904771490 0.32948816034 
0.435438 61.47472384031 0.35774124027 
0.435944 61.21094918487 0.33596517876 
0.436451 61.79333346843 0.33763265122 
0.436957 62.21101856018 0.36736008130 
0.437463 61.39385087783 0.34706150147 
0.437970 61.44587451587 0.35348787617 
0.438476 61.43199493793 0.36854492617 
0.438982 61.78560880004 0.36133958674 
0.439489 61.31145667074 0.37422975156 
0.439995 61.09569068296 0.36691966473 
0.440501 61.48616685665 0.37208306074 
0.441007 60.70419542888 0.37935576458 
0.441514 61.28570719006 0.37696889097 
0.442020 61.17954843552 0.39984074789 
0.442526 61.10112220468 0.38828676281 
0.443033 61.11315406662 0.38416598511 
0.443539 61.05854334107 0.39421226558 
0.444045 61.11709707563 0.40603416983 
0.444551 60.97437050115 0.41434767829 
0.445058 61.18001966586 0.40492782571 
0.445564 61.78168710568 0.42901511159 
0.446070 61.16464538742 0.44879343204 
0.446577 60.65468152848 0.44083846376 
0.447083 61.34792954701 0.46176697278 
0.447589 61.00316327116 0.44752891084 
0.448095 60.59550419021 0.44662580761 
0.448602 60.44609732987 0.46903805176 
0.449108 60.36424074482 0.47264112779 
0.449614 60.70177855682 0.49046609428 
0.450121 60.04667614597 0.49329458529 
0.450627 59.93344938619 0.50578443376 
0.451133 60.12483833389 0.50917548557 
0.451639 61.30615682206 0.52240694996 
0.452146 60.28001292163 0.52330521657 
0.452652 60.14646146288 0.54385272294 
0.453158 60.05552082184 0.54949815415 
0.453664 61.24554536777 0.57917618897 
0.454171 60.52897953997 0.58388527410 
0.454677 60.35737367442 0.60239500020 
0.455183 60.81641509368 0.64663151888 
0.455689 60.88867434838 0.63807184602 
0.456196 59.86641138900 0.63078362500 
0.456702 60.15906433162 0.65873946770 
0.457208 60.75813027357 0.73642466066 
0.457714 58.86228056436 0.71802136533 
0.458221 60.85481499207 0.75339518627 
0.458727 60.02382537771 0.80964576425 
0.459233 59.73235300814 0.84480668603 
0.459740 60.89015586233 0.87813924377 
0.460246 60.24746747527 0.89631003093 
0.460752 59.82000250121 0.96634768066 
0.461258 60.64480292963 0.98415639341 
0.461765 59.83539553806 1.07482546593 
0.462271 60.94858625453 1.00845899452 
0.462777 60.13317607638 1.15969111167 
0.463283 59.58679966182 1.25565923781 
0.463789 61.99870193642 1.45568342980 
0.464296 59.51559728372 1.36060040857 
0.464802 59.57268223670 1.31401967590 
0.465308 60.08614329649 1.50563455664 
0.465814 60.46375502810 1.70287647728 
0.466321 59.26870489213 1.71569336124 
0.466827 58.12631154312 1.78059740250 
0.467333 60.01867531992 1.91870687311 
0.467839 61.27879132258 1.95686239291 
0.468346 57.10537011581 2.28935783393 
0.468852 58.84445941448 2.48896070008 
0.469358 57.63737782982 2.85045604746 
0.469864 56.33260608031 2.83767476427 
0.470371 57.64044156703 3.68049518046 
0.470877 56.52090297188 4.27195291201 
0.471383 60.96049645329 5.81081710327 
0.471889 57.82666389435 7.41760366888 
0.472395 56.12062305165 6.26345785571 
0.472902 48.88918599754 12.14056842159 
