0.010896 1371.52612451848 13.34463685177 
0.011402 1215.24810227089 10.69686697743 
0.011909 1099.52525662330 11.60601631771 
0.012416 1001.59806138078 9.92241923808 
0.012923 901.63774861241 7.43942506127 
0.013430 829.63058241399 10.69621309075 
0.013936 797.83194568893 9.38566718459 
0.014443 747.53797468723 7.48332103976 
0.014950 693.49330938726 6.69752474448 
0.015457 638.98578114767 5.70761426724 
0.015963 593.98762059866 5.26321840584 
0.016470 552.11062500021 4.16330729439 
0.016977 513.29623050357 4.03928219799 
0.017484 482.44650811189 3.52746153059 
0.017990 454.59631494894 2.99059539485 
0.018497 430.52488270433 2.83209229311 
0.019004 408.14775728618 2.62456081907 
0.019511 382.18700308308 2.41262256780 
0.020018 365.32109783599 2.08067508043 
0.020524 347.62976476049 1.91455038856 
0.021031 332.75445771059 1.96341206437 
0.021538 318.34535754982 1.70516973576 
0.022045 305.32440553544 1.65556227103 
0.022551 293.05398525706 1.68613084654 
0.023058 282.20709262146 1.55302965818 
0.023565 272.43852565653 1.66105813531 
0.024072 263.55011182825 1.62115064395 
0.024579 253.86989852068 1.66631345647 
0.025085 244.45301379010 2.17550121322 
0.025592 240.63627048058 2.07472787345 
0.026099 231.97176096792 2.10591099771 
0.026606 224.81484874409 1.67274133045 
0.027112 218.99497919628 1.72746243758 
0.027619 215.90431957858 1.54362093219 
0.028126 209.33250221370 1.47418673866 
0.028633 203.64498343711 1.33954491417 
0.029139 199.69570639006 1.20503275032 
0.029646 194.29304413345 1.11771979588 
0.030153 191.07679156175 1.19137696530 
0.030660 187.13537632504 1.03838840287 
0.031167 182.72943099330 0.97319952480 
0.031673 180.18629151099 0.88322110362 
0.032180 176.10290082086 0.89345387507 
0.032687 172.95146610014 0.90593691383 
0.033194 171.08583141216 0.84189015154 
0.033700 166.92473007111 0.75183183919 
0.034207 164.39287109740 0.75467295860 
0.034714 162.69471277691 0.75869410484 
0.035221 161.25029003241 0.71670654479 
0.035727 158.64938901784 0.69605478658 
0.036234 156.99749876065 0.68488501394 
0.036741 155.34540455525 0.66542631133 
0.037248 153.36901681149 0.68329961514 
0.037755 152.16551754942 0.63254991845 
0.038261 149.76582972896 0.58569493860 
0.038768 147.08662411540 0.60992774226 
0.039275 145.43960434226 0.60796857771 
0.039782 144.92923113651 0.56671310557 
0.040288 142.62756633148 0.59422938828 
0.040795 141.37673606392 0.56183450789 
0.041302 140.16487638940 0.59892676499 
0.041809 138.73478272970 0.56198230776 
0.042315 138.64162130599 0.53820688634 
0.042822 136.62936712091 0.52848192106 
0.043329 135.83500022682 0.55734590731 
0.043836 134.20987648378 0.53033300258 
0.044343 133.19338005847 0.53545611735 
0.044849 131.51313150244 0.51610165615 
0.045356 130.94635180630 0.50315648109 
0.045863 131.00261326500 0.50914564975 
0.046370 129.31645248347 0.52788746312 
0.046876 127.54708790758 0.50546212705 
0.047383 126.51383412822 0.51238624182 
0.047890 126.78065602935 0.47360496001 
0.048397 125.34801981304 0.49821697967 
0.048903 124.10889651361 0.47448188905 
0.049410 123.87822193114 0.48525809023 
0.049917 123.53680359173 0.44836235199 
0.050424 121.99816524669 0.46997741058 
0.050931 121.72485516718 0.45901100420 
0.051437 121.36529146752 0.46963251992 
0.051944 119.99865679349 0.44575953454 
0.052451 119.38600040813 0.43481111940 
0.052958 118.63079743194 0.43716181083 
0.053464 118.44509758782 0.44912829959 
0.053971 117.12267169316 0.43883690107 
0.054478 116.61729228812 0.42261520462 
0.054985 116.44690113243 0.41752445415 
0.055491 116.26380184477 0.44069330728 
0.055998 114.23840320935 0.41450086183 
0.056505 113.66289125954 0.42193633444 
0.057012 113.83426169581 0.43839674877 
0.057519 112.41349775829 0.43482582463 
0.058025 112.53173186389 0.41069276801 
0.058532 111.97040136667 0.41525094564 
0.059039 111.37782980280 0.43444834467 
0.059546 110.53868466347 0.41895728965 
0.060052 110.49130835689 0.42006757498 
0.060559 110.56840699508 0.40433926444 
0.061066 109.89740574726 0.40424355459 
0.061573 109.02296441546 0.38498269686 
0.062079 108.63233361852 0.41273591120 
0.062586 107.93494002286 0.39298990398 
0.063093 107.96145409455 0.37245032390 
0.063600 107.34426399580 0.39864300010 
0.064106 106.98949589590 0.39013849493 
0.064613 106.67637138776 0.39343932559 
0.065120 105.62653835311 0.37912090046 
0.065627 105.59704979649 0.38051824262 
0.066134 105.09558782067 0.37146743071 
0.066640 105.01486057649 0.37759637447 
0.067147 104.71008553720 0.38144196331 
0.067654 104.46133165239 0.37885348371 
0.068161 104.29311737928 0.36458986051 
0.068667 103.30305440408 0.37038611363 
0.069174 103.62329589150 0.35406916111 
0.069681 102.50237506150 0.36102059240 
0.070188 102.64876093639 0.36667059478 
0.070694 102.23339406867 0.36454787540 
0.071201 101.64300168837 0.36676429611 
0.071708 101.37740984509 0.34451102801 
0.072215 100.93461819663 0.35438900078 
0.072721 100.91501949634 0.34372072282 
0.073228 100.09487890896 0.34580265191 
0.073735 100.10392028811 0.34809791435 
0.074242 100.10597956667 0.34608678462 
0.074748 99.64322903860 0.33918969238 
0.075255 99.16056228069 0.33917615253 
0.075762 99.08412136502 0.33832806575 
0.076269 99.11235959451 0.34351784667 
0.076776 98.94438167978 0.32994584980 
0.077282 98.52473502561 0.31272375113 
0.077789 97.84246145394 0.32908740148 
0.078296 98.44398016109 0.32038087068 
0.078803 97.24657732349 0.32424805679 
0.079309 97.60636352608 0.33413912204 
0.079816 97.87273850077 0.33707368130 
0.080323 97.50929073172 0.32986908493 
0.080830 97.29167950791 0.33140321971 
0.081336 97.26399705751 0.33601316646 
0.081843 97.03639391436 0.33350940886 
0.082350 96.85407885112 0.33724660150 
0.082857 96.35494268876 0.33717420094 
0.083363 96.19697139179 0.34313497449 
0.083870 95.97244566478 0.32466392313 
0.084377 96.00997575463 0.33932385618 
0.084884 96.08504854369 0.33095064157 
0.085390 95.72413517543 0.33587756390 
0.085897 95.70797353407 0.32287505226 
0.086404 95.32443213475 0.33831834893 
0.086911 95.00166676526 0.32701738564 
0.087417 94.84327440648 0.32280206782 
0.087924 95.44865488198 0.32611270377 
0.088431 94.66955572058 0.32361450884 
0.088938 94.24947541248 0.32339730579 
0.089444 94.46262879588 0.32938893181 
0.089951 93.81158073026 0.31713711550 
0.090458 94.61563682365 0.32980428306 
0.090965 94.17232531888 0.31988057395 
0.091471 93.59122001058 0.32743022466 
0.091978 93.90996427020 0.33174844535 
0.092485 92.87617079531 0.34540061584 
0.092992 92.68013545910 0.35808469978 
0.093498 92.71128566460 0.33925472152 
0.094005 92.27380409934 0.33085634737 
0.094512 92.67042098063 0.32177889389 
0.095019 92.84055153797 0.33180106551 
0.095525 92.77501128702 0.34388504737 
0.096032 92.35535320468 0.32557878146 
0.096539 92.65136580990 0.33753927598 
0.097046 92.47770672081 0.32914158135 
0.097552 92.31553350595 0.33639787544 
0.098059 91.42418736609 0.31861071814 
0.098566 92.07230122147 0.31768641176 
0.099073 91.58307308204 0.31763188252 
0.099579 91.81679822461 0.31596573485 
0.100086 91.82313823755 0.32652487228 
0.100593 91.63326341638 0.32013287465 
0.101100 91.26311185254 0.31647913977 
0.101606 91.35161869493 0.31193284220 
0.102113 90.26585561178 0.30280929244 
0.102620 89.51638322091 0.30098790049 
0.103127 89.19563390548 0.29953250080 
0.103633 88.89450929151 0.29826286723 
0.104140 88.79256329216 0.29955107908 
0.104647 88.33603126790 0.28916592599 
0.105154 88.75577790411 0.29868363107 
0.105660 88.82801242938 0.31267670815 
0.106167 88.11522124864 0.29963708279 
0.106674 88.00097217007 0.30054982408 
0.107181 88.39416873820 0.31425449958 
0.107687 88.37230091484 0.29312959242 
0.108194 87.84507990443 0.29354478821 
0.108701 88.36561404312 0.29554296012 
0.109208 88.04343530847 0.28790670057 
0.109714 88.00154088006 0.28621574150 
0.110221 87.61293056249 0.28892167008 
0.110728 87.19052794753 0.29221230118 
0.111235 87.43052339239 0.28893731121 
0.111741 87.81498802588 0.28505400038 
0.112248 87.40326487839 0.28506841716 
0.112755 87.27260898931 0.28696049273 
0.113262 87.15075563356 0.28111969746 
0.113768 86.68079190094 0.27262517891 
0.114275 86.91850462522 0.27436789766 
0.114782 86.76307821382 0.27674652258 
0.115289 86.92761160365 0.27390935083 
0.115795 86.89850382827 0.28335683865 
0.116302 86.52777257577 0.28074461395 
0.116809 86.74158996742 0.26377151086 
0.117316 86.78841225386 0.27438320863 
0.117822 86.29559540075 0.27189632685 
0.118329 86.41833187708 0.27571183799 
0.118836 86.37375244162 0.27716737170 
0.119342 85.76026610535 0.27035377313 
0.119849 85.65376124905 0.26667376620 
0.120356 85.79091109385 0.26330017466 
0.120863 85.68970424841 0.27496697749 
0.121369 85.98587480013 0.27154490876 
0.121876 85.42301942373 0.25574116770 
0.122383 85.65371021937 0.26538084555 
0.122890 85.29445418365 0.26978204904 
0.123396 85.07959401338 0.26606109020 
0.123903 85.40755430657 0.27410073971 
0.124410 85.74833524766 0.26835575208 
0.124917 84.56785791217 0.25724248171 
0.125423 85.45034483774 0.25552596793 
0.125930 84.95999874876 0.26186946123 
0.126437 84.40725076739 0.25747301154 
0.126944 84.85369041342 0.25982559019 
0.127450 85.08715968085 0.25791652336 
0.127957 84.72511851458 0.25952704811 
0.128464 84.57873410921 0.25384125538 
0.128970 84.53719914828 0.25024332711 
0.129477 84.89847845233 0.25615742604 
0.129984 84.60212498566 0.25469336353 
0.130491 84.47234418161 0.24349315827 
0.130997 84.30066045734 0.24841403325 
0.131504 84.29189756806 0.24715075965 
0.132011 83.98845935224 0.25245034271 
0.132518 83.62846443713 0.24477055270 
0.133024 83.79683549227 0.25341613875 
0.133531 84.28088717067 0.24301853950 
0.134038 84.12531481127 0.24360853054 
0.134545 83.87399285337 0.24218508314 
0.135051 83.64555993256 0.25252148028 
0.135558 83.83892128924 0.24757190302 
0.136065 83.72619361167 0.24275721810 
0.136571 83.63123982367 0.24290774098 
0.137078 83.82036167251 0.25031542764 
0.137585 83.39441485189 0.24489106318 
0.138092 83.48726664665 0.24068974005 
0.138598 83.64390344597 0.24262015507 
0.139105 83.42719547797 0.24335211061 
0.139612 83.49360993847 0.24057759951 
0.140119 83.24524863109 0.24347640823 
0.140625 82.71120795329 0.23572838750 
0.141132 82.42800974277 0.23845857379 
0.141639 82.94900799316 0.23969541301 
0.142145 82.75093696921 0.24066532632 
0.142652 82.77186119564 0.24567083228 
0.143159 82.57647120655 0.23874292668 
0.143666 82.52296130497 0.24633439274 
0.144172 82.11947856436 0.24038138032 
0.144679 82.44512328118 0.24335143257 
0.145186 82.26829707347 0.23902269613 
0.145692 81.97194781110 0.24138415155 
0.146199 82.18989496675 0.24471170877 
0.146706 82.15098858211 0.24000924007 
0.147213 81.93662596343 0.24426663657 
0.147719 81.98411884285 0.24609352112 
0.148226 81.49334732054 0.24759511066 
0.148733 81.57062519346 0.24260116119 
0.149240 81.49331468757 0.23918059142 
0.149746 81.88590916658 0.24181507461 
0.150253 81.35809094269 0.23981039742 
0.150760 81.65954798254 0.23275895287 
0.151266 81.13241482379 0.23354560410 
0.151773 81.32234681243 0.23590369019 
0.152280 81.20085277059 0.23844349816 
0.152787 80.95427416790 0.24194744821 
0.153293 81.20280013524 0.23979789094 
0.153800 81.26185474645 0.24383548422 
0.154307 80.67492096023 0.24608609932 
0.154813 80.77217032274 0.23600159047 
0.155320 81.16298910462 0.23654210988 
0.155827 80.57396895352 0.23463856416 
0.156334 80.30619631139 0.23891514853 
0.156840 80.59462244596 0.23591954438 
0.157347 80.26356829507 0.23120336492 
0.157854 80.26446827844 0.23228085537 
0.158360 80.62199479222 0.23587110162 
0.158867 80.09181826229 0.23806442028 
0.159374 80.08586580207 0.23884620446 
0.159881 79.91223528550 0.23701355639 
0.160387 80.24781721883 0.23778831702 
0.160894 80.25798423265 0.23884722927 
0.161401 80.31579601147 0.24449816367 
0.161907 80.32665076728 0.23671501350 
0.162414 79.74460965023 0.23925064312 
0.162921 79.54385634904 0.22773613435 
0.163427 79.92187629696 0.22947953141 
0.163934 79.53643930445 0.22687817304 
0.164441 79.75394379241 0.23326035495 
0.164948 79.24985254249 0.23384956529 
0.165454 79.40661159430 0.23311068234 
0.165961 79.07852568753 0.22858862041 
0.166468 79.42129480303 0.23153773344 
0.166974 79.28492262858 0.22491249562 
0.167481 79.03531776432 0.23189381706 
0.167988 79.40638614591 0.23242845242 
0.168495 79.40682310669 0.23609593187 
0.169001 79.08847008218 0.23527854264 
0.169508 78.98092194046 0.23329234365 
0.170015 79.25695136326 0.23570965496 
0.170521 79.23400264672 0.24027645890 
0.171028 79.63380372925 0.23371339369 
0.171535 79.03734172818 0.23225335515 
0.172041 79.39403147988 0.23322416065 
0.172548 78.96244887334 0.23341739988 
0.173055 78.79053193188 0.23596930558 
0.173562 79.35384490446 0.24255322043 
0.174068 78.89282001220 0.23769652591 
0.174575 79.06020774178 0.24161623711 
0.175082 79.11016883606 0.23800758529 
0.175588 78.75431346432 0.23679305277 
0.176095 79.21169273832 0.23485925676 
0.176602 79.16726891906 0.23811649245 
0.177108 79.06952749638 0.24100627657 
0.177615 78.92642302962 0.23789891325 
0.178122 78.84328894395 0.23676473940 
0.178629 78.97993993802 0.23057378552 
0.179135 78.73219114686 0.24153470658 
0.179642 78.89702609851 0.23648406960 
0.180149 78.81592775591 0.23260373856 
0.180655 78.64856066712 0.23361934440 
0.181162 78.73787748569 0.23720255000 
0.181669 79.18217785219 0.23942811317 
0.182175 78.49184767664 0.24000773136 
0.182682 78.95062537786 0.24400515649 
0.183189 78.88854224687 0.24716366262 
0.183695 78.53869058686 0.24479112449 
0.184202 78.23523419510 0.24232100196 
0.184709 78.53435989239 0.24375109511 
0.185216 78.58241097823 0.24427113936 
0.185722 78.42096516429 0.24830261341 
0.186229 78.24934608043 0.24934504035 
0.186736 78.12543087344 0.24275992438 
0.187242 78.32542825895 0.24221794691 
0.187749 77.88225845101 0.23865980025 
0.188256 78.23002882091 0.24959833570 
0.188762 77.85107355483 0.24546942719 
0.189269 78.00535426109 0.24012577942 
0.189776 77.52117400315 0.24220304452 
0.190282 77.82683984162 0.24507158129 
0.190789 77.54360187574 0.24344152665 
0.191296 77.66872330355 0.24553588996 
0.191802 77.42860773899 0.24331005803 
0.192309 76.75279842753 0.23789463734 
0.192816 77.08328251813 0.24657867103 
0.193323 76.67275163302 0.23734576435 
0.193829 76.77386422913 0.23666877040 
0.194336 76.84522347927 0.23303434848 
0.194843 76.76915036067 0.23621096199 
0.195349 76.59867970027 0.23442294258 
0.195856 76.38257034330 0.23198014892 
0.196363 76.31247805784 0.23275164143 
0.196869 76.04505764499 0.23047519702 
0.197376 76.47515894191 0.22977736911 
0.197883 76.06283542859 0.22724591926 
0.198389 76.19785523695 0.22610541290 
0.198896 75.86987548349 0.22563741566 
0.199403 76.34290025430 0.22026265149 
0.199909 76.33029227825 0.22836483219 
0.200416 75.93974670027 0.22350352030 
0.200923 75.81172421110 0.22338577971 
0.201429 76.07108279364 0.22656682270 
0.201936 76.16393281417 0.22333557094 
0.202443 75.86480577964 0.21715290316 
0.202949 75.73154302738 0.22221912581 
0.203456 75.71987837591 0.22203582916 
0.203963 75.52546152965 0.21816022254 
0.204469 75.88222184689 0.22000380053 
0.204976 75.78624868367 0.21590346909 
0.205483 75.55957067397 0.22270063494 
0.205989 75.65066791664 0.21540074937 
0.206496 74.99941540269 0.21287364847 
0.207003 75.13094465249 0.21398111086 
0.207509 75.58224862310 0.21691911060 
0.208016 75.70948000694 0.21962236086 
0.208523 75.42916840659 0.21044439216 
0.209029 74.94739943319 0.21360700427 
0.209536 75.23985107671 0.21299664125 
0.210043 75.28129343018 0.21420276369 
0.210549 75.11555904333 0.20805444334 
0.211056 74.93886448520 0.20831954982 
0.211563 74.98289589624 0.21069411735 
0.212069 75.04339537061 0.21180815881 
0.212576 74.84937363720 0.20926453293 
0.213083 75.02685293793 0.20784697003 
0.213589 75.18048325886 0.21491139648 
0.214096 74.83334438876 0.20336003166 
0.214603 74.66522741857 0.20591332993 
0.215109 74.90913471876 0.21153948782 
0.215616 74.66823367809 0.20566444796 
0.216123 74.26927873367 0.20478053113 
0.216629 74.42301705876 0.20622629556 
0.217136 74.46223328557 0.20386622182 
0.217643 74.25568149798 0.20635764246 
0.218149 74.02338226233 0.20710619643 
0.218656 74.50546929026 0.20657500411 
0.219163 74.54577799033 0.20804625283 
0.219669 74.21204073574 0.20667371572 
0.220176 74.19543361955 0.20955944640 
0.220683 73.98359131146 0.20624292148 
0.221189 74.21041260282 0.20496634729 
0.221696 74.05080842281 0.20313592456 
0.222203 74.07135660098 0.20248367541 
0.222709 74.02756377904 0.20352292894 
0.223216 74.00406336189 0.20478747259 
0.223722 73.57876005382 0.20517027818 
0.224229 74.21062904517 0.20466405619 
0.224736 73.73208019567 0.20329542359 
0.225242 73.76059426255 0.20549698609 
0.225749 73.58551642473 0.20454647235 
0.226256 73.63264901599 0.20159436539 
0.226762 73.68478543376 0.20537093620 
0.227269 73.37089834608 0.20318095912 
0.227776 73.37923217448 0.20422016404 
0.228282 73.44345216248 0.19550094756 
0.228789 73.18769642259 0.20127305770 
0.229296 73.18304686191 0.20103284684 
0.229802 73.55836803522 0.19980663011 
0.230309 73.48822035662 0.20074867562 
0.230816 72.91157210186 0.20243396273 
0.231322 73.13558361292 0.20336796731 
0.231829 73.11193391011 0.20093817301 
0.232335 73.08249903835 0.20084981135 
0.232842 73.02170960255 0.20001288336 
0.233349 72.94020210440 0.19880556641 
0.233855 73.05557864216 0.20541548832 
0.234362 72.90003386433 0.20001629185 
0.234869 72.85657222503 0.19959019304 
0.235375 72.81904968763 0.20058964519 
0.235882 72.71480877199 0.19720655696 
0.236389 72.84271526436 0.19961652359 
0.236895 72.50829689308 0.19962084652 
0.237402 72.68936243865 0.19979450024 
0.237908 72.31436148117 0.20043304961 
0.238415 72.48105964011 0.19709217061 
0.238922 72.28782539930 0.19934080608 
0.239428 72.03866147098 0.19890577245 
0.239935 72.24078376813 0.20210064777 
0.240442 72.29307686016 0.20045219024 
0.240948 72.07759792181 0.19692506192 
0.241455 71.97875805849 0.20196512877 
0.241962 72.26467896894 0.19932926777 
0.242468 71.96479269230 0.20045809782 
0.242975 72.05399245693 0.19952906822 
0.243481 71.93976514237 0.19477091015 
0.243988 72.21372341072 0.19828705186 
0.244495 71.63014539336 0.19988943430 
0.245001 71.62675892091 0.19776978193 
0.245508 71.83069301088 0.19834076900 
0.246015 71.87670250612 0.19704775100 
0.246521 72.00812951523 0.19794134865 
0.247028 71.56079028649 0.19477104380 
0.247534 71.28887215134 0.19609080646 
0.248041 71.60323309040 0.19342671608 
0.248548 71.41372065191 0.19778512341 
0.249054 71.59447612475 0.19706975090 
0.249561 71.18994051357 0.20156824462 
0.250068 71.50619411886 0.20025117832 
0.250574 71.49837823325 0.19784816188 
0.251081 71.11229068192 0.19373068300 
0.251587 71.35862806775 0.19976211813 
0.252094 71.27198832390 0.19626241742 
0.252601 71.02597966239 0.19597736364 
0.253107 70.82257102012 0.19962498887 
0.253614 71.19680404325 0.19688008803 
0.254120 70.90514675063 0.19752479587 
0.254627 71.10342129769 0.19689016997 
0.255134 71.09624803874 0.19880226283 
0.255640 70.95292193765 0.19830144401 
0.256147 71.15463475081 0.19201698204 
0.256654 70.70764847579 0.19842219781 
0.257160 70.94763990837 0.19411772522 
0.257667 71.56490554062 0.19570395726 
0.258173 71.26983536998 0.19802739961 
0.258680 71.36736250148 0.19484374372 
0.259187 71.35409077432 0.19708993805 
0.259693 71.38254653643 0.19283941467 
0.260200 71.63434593508 0.19303538075 
0.260706 71.53514914471 0.19622583163 
0.261213 71.97937109612 0.19852408544 
0.261720 71.69224536612 0.19827671420 
0.262226 71.64778277641 0.19103041521 
0.262733 71.49398884742 0.19129965070 
0.263239 71.72659833533 0.19494485143 
0.263746 71.71061305890 0.19105972165 
0.264253 71.59539027190 0.19504913421 
0.264759 71.61846669974 0.18932317214 
0.265266 71.54321623271 0.19313882759 
0.265772 71.73457551263 0.19474511717 
0.266279 71.54324193671 0.19104317407 
0.266786 71.80652271133 0.19023528870 
0.267292 71.69182986013 0.19255807213 
0.267799 71.82083728491 0.19497818347 
0.268305 71.75423946214 0.19034267106 
0.268812 71.70586078070 0.18968006919 
0.269319 71.61333132481 0.19164614618 
0.269825 72.17038014960 0.18981086420 
0.270332 71.72057004834 0.19001358099 
0.270838 72.16163521218 0.19005346702 
0.271345 72.29732585344 0.19268504163 
0.271852 72.16160206958 0.19113223275 
0.272358 72.26092030151 0.19048463823 
0.272865 72.21877604491 0.18919887456 
0.273371 72.43205447949 0.18918414794 
0.273878 72.54153624840 0.19575095459 
0.274385 72.43975374265 0.18968427302 
0.274891 72.47743601490 0.19327610854 
0.275398 72.25592708415 0.18776737312 
0.275904 72.05398290405 0.18285130918 
0.276411 72.45707001601 0.18879454801 
0.276917 72.16406903150 0.18578975857 
0.277424 72.19397244038 0.18485520821 
0.277931 72.19946843162 0.18443181078 
0.278437 72.11446632616 0.18456287671 
0.278944 72.22000512130 0.18475176074 
0.279450 72.21539994062 0.18104985919 
0.279957 72.19564018847 0.18244301434 
0.280464 72.39730083188 0.18115294284 
0.280970 72.10817744353 0.17777630907 
0.281477 72.33020648629 0.18233347385 
0.281983 72.21645185356 0.18299152758 
0.282490 72.07997300957 0.17853809249 
0.282996 71.90045864561 0.18388596853 
0.283503 72.11437777536 0.18293491648 
0.284010 72.09860497282 0.17780272099 
0.284516 71.94214890419 0.18133067919 
0.285023 71.79193768923 0.17674044476 
0.285529 71.82290183126 0.17762515452 
0.286036 71.59775326705 0.17828490245 
0.286542 71.82164050721 0.17123237493 
0.287049 71.71337600091 0.17366748575 
0.287556 71.53925699553 0.17646823012 
0.288062 71.40035747020 0.17189563604 
0.288569 71.51714296494 0.17063107599 
0.289075 71.30633570162 0.16689266784 
0.289582 71.28642098350 0.17170169617 
0.290088 71.42028596923 0.17097744337 
0.290595 71.17414971782 0.16828164630 
0.291102 71.26165153683 0.16685017148 
0.291608 71.22122378456 0.17218395520 
0.292115 71.36035093363 0.16720458897 
0.292621 71.04604537081 0.16900008401 
0.293128 71.01900481513 0.16728875534 
0.293634 70.86537328990 0.16419626413 
0.294141 70.99222574695 0.16561553124 
0.294647 71.02698006830 0.16696266754 
0.295154 70.92398120157 0.16497993325 
0.295661 71.03243594471 0.16475338243 
0.296167 71.17326461587 0.16356014752 
0.296674 70.64016737014 0.16786575272 
0.297180 70.64124667939 0.16707080173 
0.297687 70.95054165350 0.16615704773 
0.298193 70.64257740687 0.16442012014 
0.298700 70.55106394119 0.16269854580 
0.299207 70.71224311708 0.16434901203 
0.299713 70.44981434942 0.16472822795 
0.300220 70.50139763833 0.16119921013 
0.300726 70.50022878319 0.16101087241 
0.301233 70.58665761366 0.16435319675 
0.301739 70.40311444965 0.16800532082 
0.302246 70.45767769802 0.16515344016 
0.302752 70.38021004826 0.16250905407 
0.303259 70.36802337744 0.16320170251 
0.303765 70.22194524671 0.16314392774 
0.304272 70.22405717840 0.16093024872 
0.304779 70.32768072187 0.16192656717 
0.305285 70.11834698298 0.15882710062 
0.305792 69.89611645092 0.15853604760 
0.306298 70.02094604929 0.16104566375 
0.306805 70.02838256851 0.16223969214 
0.307311 70.18131754330 0.15725086499 
0.307818 69.83722114626 0.15776923036 
0.308324 69.63796463319 0.15442814361 
0.308831 69.46960381268 0.15606256306 
0.309337 69.01945238911 0.15332805788 
0.309844 69.42704922682 0.15535427157 
0.310350 69.14036064758 0.15384458007 
0.310857 69.01159724824 0.14983701282 
0.311364 68.70949080228 0.14941205869 
0.311870 68.62576324209 0.14926867810 
0.312377 68.21977142477 0.15009780693 
0.312883 68.19615797654 0.14588719825 
0.313390 68.15437644854 0.14841619967 
0.313896 67.90936789322 0.14837844326 
0.314403 67.61902671445 0.14759069974 
0.314909 67.47735959257 0.14120185819 
0.315416 67.39349904927 0.14729859526 
0.315922 67.72254687038 0.14343194285 
0.316429 67.32146930803 0.14250515195 
0.316935 67.14469999920 0.14077012687 
0.317442 67.24190486735 0.14370905499 
0.317948 67.19541889558 0.14388366158 
0.318455 67.03037921439 0.13970643639 
0.318961 67.15392585702 0.14183764035 
0.319468 66.88106233576 0.14380160288 
0.319975 66.88709719994 0.14066958370 
0.320481 66.83929980017 0.14294741208 
0.320988 67.06453860373 0.14390847333 
0.321494 66.59054848975 0.14017462695 
0.322001 66.69657248537 0.14639191298 
0.322507 66.58056153105 0.14281021017 
0.323014 66.59164019930 0.14222795487 
0.323520 66.50843374527 0.14200391248 
0.324027 66.43684346017 0.14106154747 
0.324533 66.35078890599 0.13961660276 
0.325040 66.20067986172 0.13734583629 
0.325546 66.55627152740 0.14328498568 
0.326053 66.40049930078 0.13868149913 
0.326559 66.17805169580 0.13928216202 
0.327066 66.24337393021 0.13848525540 
0.327572 66.19473093716 0.14016436074 
0.328079 66.24941713668 0.13977299653 
0.328585 66.26538514546 0.13690141580 
0.329092 66.22447552600 0.14143093384 
0.329598 66.11836679192 0.14010744983 
0.330105 66.00416352706 0.13766752623 
0.330611 66.02639684590 0.13778752986 
0.331118 66.21416389008 0.13700665567 
0.331624 66.10132114916 0.13908833230 
0.332131 65.99745884656 0.13573802707 
0.332637 65.90596858450 0.13553365007 
0.333144 66.06450079569 0.13973271789 
0.333650 65.95859786737 0.13527178282 
0.334157 65.54022434412 0.13854507877 
0.334663 65.78785218802 0.13669642748 
0.335170 65.76004546620 0.13756306840 
0.335676 65.87024248107 0.13741598517 
0.336183 65.61459277795 0.13614992327 
0.336689 65.76298840601 0.13868984749 
0.337196 65.56231423252 0.14172666778 
0.337702 65.55034837532 0.13730339876 
0.338209 65.60719460840 0.13996953812 
0.338715 65.62564160720 0.13720794999 
0.339222 65.53667961198 0.14176682434 
0.339728 65.44854734036 0.13780712863 
0.340235 65.48322641151 0.20754176613 
0.340741 65.20901169307 0.13842965053 
0.341248 65.36931920410 0.13708992686 
0.341754 64.98923206714 0.13830606508 
0.342261 65.41973282580 0.14107951139 
0.342767 65.31287836319 0.13837287081 
0.343274 65.32012626153 0.13912364847 
0.343780 65.07362442563 0.13684250450 
0.344287 65.48079942692 0.13969794509 
0.344793 65.19391785645 0.13976035000 
0.345300 64.92425852647 0.13892385700 
0.345806 64.89487629313 0.13911596875 
0.346313 65.34472398029 0.14162186498 
0.346819 64.69325476451 0.14328395399 
0.347325 64.81016046529 0.14394814118 
0.347832 64.87600122414 0.14517411646 
0.348338 64.93950010208 0.14772414857 
0.348845 64.69176332636 0.14649159459 
0.349351 64.82853761920 0.14866775566 
0.349858 64.60637708359 0.14832630729 
0.350364 64.41744132736 0.14405536905 
0.350871 64.78548745053 0.14645226865 
0.351377 64.48574548048 0.14888236109 
0.351884 64.68012186227 0.14194775829 
0.352390 64.42192155471 0.14691676056 
0.352897 64.46414413866 0.14787460150 
0.353403 64.39267853274 0.14728594389 
0.353910 64.42890450304 0.14869497706 
0.354416 64.17838329832 0.15021676810 
0.354923 64.50645505204 0.15076401338 
0.355429 63.99910177323 0.14925814020 
0.355935 64.13332854204 0.15380498531 
0.356442 63.96788509145 0.14751220515 
0.356948 64.00855236475 0.15069564232 
0.357455 63.94884068952 0.15528750858 
0.357961 63.94590492207 0.15557699850 
0.358468 64.08014003984 0.15655451697 
0.358974 63.76679371063 0.22210928721 
0.359481 63.97457004626 0.20363648319 
0.359987 63.92217523689 0.20072424777 
0.360494 63.97712296613 0.19213861719 
0.361000 63.96233854810 0.18770224512 
0.361506 63.90489571634 0.18725557816 
0.362013 63.73729960188 0.18825617883 
0.362519 63.98252493937 0.18543711479 
0.363026 63.84249960036 0.18337718843 
0.363532 63.88417147563 0.18904488140 
0.364039 63.78968633716 0.18504570924 
0.364545 63.44258919528 0.18090288453 
0.365052 63.78677883692 0.18314721400 
0.365558 63.74327498016 0.18275440953 
0.366064 63.92590385599 0.18567357713 
0.366571 63.63756050714 0.18358950845 
0.367077 63.70252982401 0.18366540032 
0.367584 63.57763504229 0.18561432492 
0.368090 63.41196889968 0.18477483505 
0.368597 63.69072904063 0.19160150514 
0.369103 63.84930849764 0.19005443354 
0.369610 63.52611774870 0.19015355157 
0.370116 63.72131971371 0.19382372669 
0.370622 63.83160075727 0.19226752866 
0.371129 63.60589003371 0.19627849451 
0.371635 63.72793795591 0.19193881840 
0.372142 63.70516287171 0.19125098181 
0.372648 63.74345054720 0.19624829921 
0.373155 63.69385898433 0.19396139815 
0.373661 63.52861605620 0.19733197200 
0.374167 63.41682190402 0.19511451823 
0.374674 63.19726899473 0.19767573022 
0.375180 63.56879123854 0.19498484781 
0.375687 63.40783405714 0.20102378794 
0.376193 63.18444060443 0.19573848875 
0.376700 63.26428001978 0.19893526194 
0.377206 63.53796842181 0.20073998934 
0.377712 63.68049565770 0.20595598099 
0.378219 63.27499052619 0.20224762935 
0.378725 63.13726265492 0.20179186983 
0.379232 63.30440567895 0.20482260863 
0.379738 63.68488346873 0.20195628736 
0.380245 63.08358458426 0.21144940047 
0.380751 63.12071894481 0.20871558988 
0.381257 63.57993568468 0.20664108894 
0.381764 63.14663270215 0.21069589799 
0.382270 63.14867070758 0.20696772480 
0.382777 63.46452965281 0.20935805648 
0.383283 62.89200441932 0.21133414665 
0.383789 62.92490578117 0.21190922482 
0.384296 62.78069572444 0.20980023290 
0.384802 63.07995045044 0.20930471814 
0.385309 63.33146555549 0.21225831570 
0.385815 63.09232834107 0.21441794809 
0.386321 63.06288996203 0.21260962971 
0.386828 63.04577794514 0.21767936192 
0.387334 63.35983472309 0.21462699852 
0.387841 62.99959337954 0.21540582946 
0.388347 63.06859570251 0.21471572804 
0.388853 63.11067830871 0.21546641624 
0.389360 62.92400331552 0.22040615323 
0.389866 63.15927806241 0.21360252230 
0.390373 62.86135431709 0.21798978298 
0.390879 62.77256323350 0.20981816533 
0.391385 62.94350385251 0.21836420042 
0.391892 63.05321413410 0.21735247276 
0.392398 62.97897533106 0.21840473555 
0.392905 62.66180353801 0.22160016053 
0.393411 62.70887784431 0.22077029230 
0.393917 62.74324070840 0.22658572529 
0.394424 62.84186322329 0.22131714588 
0.394930 62.54353260457 0.22489665628 
0.395437 62.81417115348 0.22610908719 
0.395943 63.13173071306 0.22104680979 
0.396449 62.29753812995 0.40995641761 
0.396956 62.48000555074 0.22171471613 
0.397462 62.98777422506 0.23849941527 
0.397969 62.54916944031 0.23019444629 
0.398475 62.18731234872 0.23313583564 
0.398981 62.62958217044 0.22844825099 
0.399488 62.18867493142 0.23054504544 
0.399994 62.55482394328 0.24422936060 
0.400500 62.63078843787 0.23612285549 
0.401007 62.36969707106 0.23624883553 
0.401513 62.20337494239 0.24417842002 
0.402020 62.65214061018 0.24614706535 
0.402526 62.55776074238 0.24840375942 
0.403032 62.65069859938 0.24306843231 
0.403539 62.21468178751 0.25577414125 
0.404045 61.96004786688 0.24870310002 
0.404551 62.47006809111 0.26903829191 
0.405058 62.64051793487 0.27498314834 
0.405564 62.17403159834 0.25479086346 
0.406071 62.15874398438 0.25713995443 
0.406577 62.07354462437 0.25320296626 
0.407083 62.30570359005 0.26455081849 
0.407590 62.56310095402 0.26387528259 
0.408096 62.03432468723 0.27940566339 
0.408602 62.21654373507 0.27323100821 
0.409109 61.97864175593 0.26822394206 
0.409615 62.03104715712 0.26856553313 
0.410121 62.42443536699 0.26614049487 
0.410628 61.47529629062 0.26288390176 
0.411134 61.93287427379 0.26971098157 
0.411641 62.35569496436 0.28009171805 
0.412147 61.75238682422 0.26576589993 
0.412653 61.92223206258 0.27227102046 
0.413160 61.89884623169 0.26153974628 
0.413666 62.28289064366 0.26465266844 
0.414172 62.22601751321 0.27729758044 
0.414679 62.08470521685 0.27307981515 
0.415185 62.28355748913 0.28709681264 
0.415691 62.27969998553 0.26693198523 
0.416198 61.69944814995 0.27583886791 
0.416704 61.98312289699 0.28628508481 
0.417210 61.80312805684 0.27971711690 
0.417717 61.92737295632 0.29327866643 
0.418223 61.45295872259 0.28144263388 
0.418729 61.78727129663 0.28408341684 
0.419236 61.93739268193 0.27520546015 
0.419742 61.61776554365 0.27414863139 
0.420248 61.58580991929 0.26662067537 
0.420755 61.82966952306 0.28164104490 
0.421261 61.55277849700 0.27761964665 
0.421767 62.19557875662 0.27933909388 
0.422274 61.52136763814 0.27478264728 
0.422780 61.56720106279 0.27460192357 
0.423286 62.15582920334 0.29486755004 
0.423793 61.73853207682 0.27357293667 
0.424299 61.69816829461 0.28779388654 
0.424805 61.36729639313 0.28296246691 
0.425312 61.38464415519 0.29491641454 
0.425818 61.80723908380 0.29199862985 
0.426324 61.90477181826 0.29714650053 
0.426831 62.02229162057 0.29903157095 
0.427337 61.22821777417 0.29137851477 
0.427843 62.01786511698 0.30179695637 
0.428350 61.31123528702 0.30591752363 
0.428856 61.60217213641 0.31069264070 
0.429362 61.64912846126 0.30217717887 
0.429869 61.82191842966 0.32379197678 
0.430375 61.23134059383 0.30867307429 
0.430881 61.33076678691 0.30664805987 
0.431388 61.48339053714 0.31511397527 
0.431894 61.79189958751 0.32345017675 
0.432400 61.70631795776 0.33337733156 
0.432907 61.26019449546 0.32679736416 
0.433413 61.63496764923 0.33267421490 
0.433919 61.71411605258 0.33769248514 
0.434425 61.60501267563 0.32193853582 
0.434932 61.65079818531 0.33763047010 
0.435438 61.16184359488 0.35018730532 
0.435944 61.46869914420 0.33297256480 
0.436451 61.27469325308 0.35140788806 
0.436957 61.68306018211 0.36600901690 
0.437463 61.31457746708 0.35959328019 
0.437970 60.98967392723 0.35418030602 
0.438476 61.57657107358 0.35731850380 
0.438982 61.34084523712 0.36865520084 
0.439489 61.27733939242 0.36801612994 
0.439995 61.39683315156 0.37875747944 
0.440501 61.88258773640 0.38361459115 
0.441007 61.57405709831 0.37832113555 
0.441514 61.10081155360 0.38744456500 
0.442020 61.69372530791 0.39574539794 
0.442526 61.03111806073 0.39466014587 
0.443033 61.48841130560 0.38830009251 
0.443539 61.09876479828 0.39227129857 
0.444045 60.96237676255 0.41717907007 
0.444551 61.15703363885 0.40844144617 
0.445058 61.07446052803 0.42372311412 
0.445564 61.01611592482 0.43250580258 
0.446070 60.96499328666 0.43239863422 
0.446577 60.10159851614 0.42305470877 
0.447083 61.40287862906 0.46668860031 
0.447589 60.53176652052 0.46108177127 
0.448095 60.47981244840 0.46125061447 
0.448602 61.10514346130 0.45773489441 
0.449108 60.79320378955 0.45074456012 
0.449614 60.67816053709 0.49248844042 
0.450121 60.54446491223 0.50574968077 
0.450627 60.41045289102 0.50246584543 
0.451133 60.56507165713 0.50325098600 
0.451639 60.52111072722 0.51634498094 
0.452146 60.28269246227 0.51702396648 
0.452652 61.26639228770 0.52205409838 
0.453158 59.99182180013 0.56430057721 
0.453664 60.21039292361 0.59569992950 
0.454171 60.18020762254 0.57152047736 
0.454677 60.24149611542 0.62007483605 
0.455183 60.13063979016 0.64722308149 
0.455689 60.57816739625 0.62821035580 
0.456196 60.77683092365 0.66605781502 
0.456702 59.48020290606 0.64186735138 
0.457208 60.01363583689 0.70957293853 
0.457714 60.28276808038 0.74666657209 
0.458221 60.58982865681 0.73686281499 
0.458727 60.61070257847 0.77649233786 
0.459233 59.78781148165 0.85495765379 
0.459740 60.14112696774 0.82925161883 
0.460246 60.84387065500 0.87591729613 
0.460752 60.10693543111 0.97694091791 
0.461258 59.92526300206 0.99914505959 
0.461765 60.23592834201 1.08964009407 
0.462271 59.74784455414 0.99611918506 
0.462777 60.05549496944 1.22387988112 
0.463283 58.97352562635 1.21513467597 
0.463789 59.54545657945 1.31791581853 
0.464296 60.33689316835 1.34890324509 
0.464802 59.52226482175 1.33364229925 
0.465308 60.21532662461 1.51769324907 
0.465814 57.83979951554 1.56570619908 
0.466321 61.23637533665 1.73142151804 
0.466827 62.88328168431 1.95287277920 
0.467333 58.35909249442 1.89188007998 
0.467839 60.26198002040 1.92649147390 
0.468346 59.76518040405 2.36823135875 
0.468852 59.60866362231 2.55326541298 
0.469358 57.94258341861 2.85530560395 
0.469864 57.52537770041 2.82931018385 
0.470371 59.17002273724 3.91191489894 
0.470877 57.44994282004 4.43755264704 
0.471383 58.05576254788 5.60801234249 
0.471889 54.80043557320 7.00974419380 
0.472395 58.55419726060 6.88816471069 
0.472902 48.84784084387 11.54677709685 
