0.010896 1364.35995849580 12.77404784189 
0.011402 1199.82242665037 10.88837662446 
0.011909 1076.47451192687 12.29913496863 
0.012416 985.49751565665 10.24883016581 
0.012923 883.89285961669 8.80012991139 
0.013430 821.05588755229 11.30419598632 
0.013936 788.71021606410 8.75297278340 
0.014443 735.69392767862 7.40317792847 
0.014950 678.51818214580 6.52741510016 
0.015457 632.30886693064 5.79091623266 
0.015963 576.26677583756 5.18312038010 
0.016470 545.49538610458 4.11211582951 
0.016977 509.17558374528 3.61020945154 
0.017484 474.95585918219 3.32741952086 
0.017990 450.07831603299 3.02774789296 
0.018497 423.60477043791 2.77051960551 
0.019004 401.95751542316 2.43986343218 
0.019511 379.19050111127 2.30815094400 
0.020018 362.48432188343 2.23921225368 
0.020524 345.39143867885 1.89525656609 
0.021031 330.15241363457 1.86966132676 
0.021538 313.26642558713 1.75470106252 
0.022045 302.84668467482 1.61841499170 
0.022551 289.60554089817 1.47045812999 
0.023058 278.38387855516 1.43651420544 
0.023565 269.22749509070 1.51872356085 
0.024072 261.46531279764 1.79602413079 
0.024579 251.85770651167 1.60208676295 
0.025085 242.46035653649 2.05332494033 
0.025592 235.82905891545 2.17030339659 
0.026099 231.80944386842 2.11897619624 
0.026606 223.93991664912 1.60315574279 
0.027112 217.30615965219 1.73035556343 
0.027619 212.73161458611 1.54242852462 
0.028126 207.16193425784 1.49102737705 
0.028633 201.57638924585 1.39600193436 
0.029139 197.48751318713 1.29117273668 
0.029646 193.45895359981 1.15503402792 
0.030153 188.87653467946 1.19192950939 
0.030660 185.99800342595 1.03049118443 
0.031167 182.44488381576 0.92942119271 
0.031673 178.56726360465 0.87824049796 
0.032180 175.91188337460 0.83608776720 
0.032687 173.20089404455 0.87999336574 
0.033194 170.03058915772 0.82448596769 
0.033700 165.75104023631 0.80274855811 
0.034207 165.64999247172 0.74969002720 
0.034714 161.96467063840 0.77291228350 
0.035221 160.92660700180 0.71285841637 
0.035727 158.14613248041 0.68009676322 
0.036234 156.22888864731 0.65827733873 
0.036741 154.00426785407 0.69290604375 
0.037248 151.55104253737 0.64562309199 
0.037755 150.19257150364 0.64705405095 
0.038261 148.27135471354 0.62255091424 
0.038768 147.53915992524 0.58711561662 
0.039275 145.81054043180 0.58097888586 
0.039782 143.55907979974 0.60767236518 
0.040288 142.05731026075 0.54593086570 
0.040795 140.35458973514 0.57262482422 
0.041302 139.84483808631 0.55409144553 
0.041809 138.73939427224 0.55757599766 
0.042315 137.24629852314 0.59415559482 
0.042822 137.24383824458 0.51141867548 
0.043329 134.56589198461 0.54482300193 
0.043836 134.19480476794 0.51881835951 
0.044343 132.37031774584 0.53755532479 
0.044849 132.17908435349 0.50710958952 
0.045356 131.03020536240 0.50045301392 
0.045863 129.43944492852 0.51670964955 
0.046370 129.38497373943 0.47158608742 
0.046876 128.15101039900 0.50838296444 
0.047383 127.10575195132 0.51100075328 
0.047890 126.57175825079 0.48473613443 
0.048397 125.60714724916 0.49286706952 
0.048903 125.34473829124 0.46579523226 
0.049410 123.68371585665 0.47234807929 
0.049917 123.67401546566 0.50724400679 
0.050424 121.69079390296 0.45524195890 
0.050931 121.87864693325 0.45184028726 
0.051437 120.29781091888 0.45828634432 
0.051944 120.60832846382 0.45036986354 
0.052451 118.86305446717 0.45926307712 
0.052958 119.16988441394 0.43428260184 
0.053464 118.16874390004 0.45693446298 
0.053971 117.27580762314 0.43367554073 
0.054478 116.52123595716 0.44795209226 
0.054985 115.95693923880 0.42887785402 
0.055491 115.36986075911 0.43239362464 
0.055998 115.04475922600 0.42390446470 
0.056505 114.56358715846 0.43699192894 
0.057012 114.01628706531 0.41278890274 
0.057519 113.31354810451 0.41432533285 
0.058025 112.90601756432 0.40437112751 
0.058532 112.52322024160 0.40643169719 
0.059039 111.84577709329 0.40728764271 
0.059546 111.00118417704 0.42258213493 
0.060052 110.52598017484 0.40548911342 
0.060559 109.88136559066 0.40628116784 
0.061066 109.32985329149 0.39365827791 
0.061573 109.61477449505 0.40082376943 
0.062079 108.54742592861 0.39813224152 
0.062586 107.80983187849 0.40272030716 
0.063093 107.69187957329 0.38642179504 
0.063600 107.00492379386 0.39608219894 
0.064106 106.72371243915 0.38513233400 
0.064613 106.56148208992 0.39349222966 
0.065120 105.88372541495 0.39679324523 
0.065627 105.51676245201 0.37586486838 
0.066134 104.84192521660 0.37002786673 
0.066640 104.83082356805 0.37331397528 
0.067147 104.21176966153 0.37898619064 
0.067654 103.96297144254 0.37782668981 
0.068161 103.37215421452 0.38722213010 
0.068667 103.02678911350 0.36858582521 
0.069174 103.00047860017 0.35972913846 
0.069681 102.75335270111 0.36637169524 
0.070188 102.37249197371 0.34838638751 
0.070694 101.77279283301 0.36570684325 
0.071201 101.41713724397 0.34632521878 
0.071708 101.41422264411 0.37267914448 
0.072215 100.88788636433 0.35933572605 
0.072721 101.23802684554 0.35706708398 
0.073228 100.35005555592 0.33960889533 
0.073735 100.62210199812 0.35230492279 
0.074242 100.07526380920 0.35268157066 
0.074748 99.68565189481 0.34235192338 
0.075255 99.09134870809 0.33610634395 
0.075762 99.05023406714 0.33084351276 
0.076269 99.32254940981 0.34750739043 
0.076776 99.17807099325 0.32725070687 
0.077282 98.73585072294 0.33084289635 
0.077789 97.93846876074 0.32630157957 
0.078296 97.86415871181 0.33147448367 
0.078803 97.44008214501 0.33094399197 
0.079309 97.99437494706 0.32746487153 
0.079816 97.18364602240 0.32481312799 
0.080323 97.38258695896 0.31437615577 
0.080830 97.50585793154 0.32333695802 
0.081336 97.23803238416 0.34327433123 
0.081843 96.83680010523 0.33239670126 
0.082350 96.42300234884 0.30890048614 
0.082857 97.04762222478 0.33596392017 
0.083363 96.85730903177 0.33147884819 
0.083870 96.25555523086 0.34100073851 
0.084377 95.98888612773 0.34418115817 
0.084884 95.60985782225 0.32664050148 
0.085390 95.61473084252 0.31849779748 
0.085897 95.60171464131 0.33531960145 
0.086404 95.35035071342 0.33316115522 
0.086911 95.28575778965 0.32955110510 
0.087417 95.04303989680 0.33621485688 
0.087924 95.00592603435 0.33771687560 
0.088431 94.49577700094 0.34541411421 
0.088938 94.69988110459 0.34041755836 
0.089444 94.53772584418 0.33889712385 
0.089951 94.52839700993 0.33075759595 
0.090458 94.25784949255 0.32323548050 
0.090965 93.94966685826 0.32869184228 
0.091471 94.16599684512 0.33376306296 
0.091978 93.73955018267 0.34222718279 
0.092485 92.77658833268 0.34345736609 
0.092992 93.04846768037 0.34191524974 
0.093498 93.58306552295 0.33999007685 
0.094005 92.08749133215 0.33661968881 
0.094512 92.32075705666 0.32727986429 
0.095019 92.59154037080 0.33718304603 
0.095525 92.70055628662 0.33199031724 
0.096032 92.50855867504 0.33687233649 
0.096539 92.57881843800 0.32123976016 
0.097046 92.52186879028 0.32584707481 
0.097552 91.93777697484 0.33532019536 
0.098059 91.42078883185 0.32128110053 
0.098566 91.66892756110 0.32019135528 
0.099073 91.88907163637 0.32363412452 
0.099579 91.30974870058 0.32420446410 
0.100086 91.34658275896 0.33606144733 
0.100593 91.17292141638 0.32081489950 
0.101100 90.93403625167 0.31225339083 
0.101606 90.71495078347 0.31617341781 
0.102113 90.13717070856 0.30435453824 
0.102620 89.69167870406 0.30579604963 
0.103127 89.73931274198 0.30222471752 
0.103633 89.34097150271 0.30268044320 
0.104140 89.09907287406 0.29986588695 
0.104647 88.51646891227 0.29587071678 
0.105154 88.41647784125 0.29974905572 
0.105660 89.03634980882 0.30749178587 
0.106167 88.25297672220 0.29196623575 
0.106674 88.40887961014 0.30723616103 
0.107181 88.13608679843 0.29536419999 
0.107687 87.82976080126 0.30195696497 
0.108194 88.01630306952 0.30019583761 
0.108701 87.72047257668 0.29298735448 
0.109208 87.88440486890 0.29985752880 
0.109714 87.39572248396 0.28700977657 
0.110221 87.64219261162 0.29151232996 
0.110728 87.81565825993 0.29773475278 
0.111235 87.34853633811 0.27612644203 
0.111741 87.11176765293 0.28488823261 
0.112248 87.38508002578 0.28061138394 
0.112755 86.97114791030 0.28104336630 
0.113262 87.60080330456 0.27990659396 
0.113768 86.62827035629 0.27624373901 
0.114275 86.86754082550 0.28243967998 
0.114782 87.11259979752 0.28233446213 
0.115289 86.92186925885 0.27459126354 
0.115795 86.61734180120 0.27745033732 
0.116302 86.86043152768 0.27341706390 
0.116809 86.58304627847 0.27460804196 
0.117316 86.28976771444 0.27058333101 
0.117822 86.08112782608 0.26648960222 
0.118329 86.47019308601 0.27027183018 
0.118836 85.80218608021 0.27396402869 
0.119342 85.82533778701 0.26887756378 
0.119849 85.95633951545 0.27169378706 
0.120356 86.14115308449 0.27140260113 
0.120863 85.91721482243 0.27387301760 
0.121369 85.89773272397 0.26487798563 
0.121876 85.23923766074 0.27374136093 
0.122383 85.64969239335 0.26208570434 
0.122890 85.28729749992 0.25888965387 
0.123396 85.44435910165 0.26943152883 
0.123903 85.35307737999 0.26144565144 
0.124410 85.28674541586 0.25600717340 
0.124917 85.34070585686 0.26571020092 
0.125423 85.04903131788 0.26400550519 
0.125930 84.82388036477 0.25584892723 
0.126437 84.83564053568 0.25982654282 
0.126944 84.76710078983 0.25924165719 
0.127450 84.93978409708 0.25500001722 
0.127957 84.25830640025 0.25738005134 
0.128464 84.74459276027 0.25761302095 
0.128970 84.62484197150 0.25632539816 
0.129477 84.63146421331 0.26010379222 
0.129984 84.66600393342 0.25203723688 
0.130491 84.62678518805 0.26126832797 
0.130997 84.37754461683 0.25213709910 
0.131504 84.35884542530 0.25087266612 
0.132011 84.27737823235 0.24600869488 
0.132518 83.80015851277 0.24351799170 
0.133024 84.20495316560 0.24979373549 
0.133531 84.17058112277 0.24524036592 
0.134038 84.05202154059 0.24588386686 
0.134545 83.74888173214 0.24383409384 
0.135051 83.63339486108 0.25161894006 
0.135558 83.73369527302 0.25144655063 
0.136065 83.44504858404 0.24817964880 
0.136571 83.50317901668 0.24762484181 
0.137078 83.18628671728 0.24620584740 
0.137585 83.28062692318 0.24261642468 
0.138092 83.30336589658 0.24206846315 
0.138598 83.00529549774 0.24469441438 
0.139105 82.91718315302 0.24685818048 
0.139612 83.21211858567 0.24350397529 
0.140119 83.12815863062 0.24431579953 
0.140625 83.09668034787 0.24438955858 
0.141132 82.75117637485 0.24275751375 
0.141639 82.90474674817 0.24064699925 
0.142145 82.62503903631 0.24201987617 
0.142652 82.75702515146 0.24346146052 
0.143159 82.87673642171 0.24374996909 
0.143666 82.51639465883 0.23977116338 
0.144172 82.27434675148 0.24469734664 
0.144679 82.08325798306 0.24812884511 
0.145186 82.11851113914 0.24614291788 
0.145692 82.11239636473 0.24573549084 
0.146199 81.92858292134 0.24155793593 
0.146706 81.80940151794 0.23999225791 
0.147213 82.03886849958 0.24453637422 
0.147719 81.68481697106 0.23923504089 
0.148226 81.67528262077 0.24204324924 
0.148733 81.64666042586 0.23271393630 
0.149240 81.78169317127 0.24807844465 
0.149746 81.86514223816 0.23858934664 
0.150253 81.67975594461 0.24168278827 
0.150760 81.18452417429 0.24123594912 
0.151266 81.26504044756 0.24121645833 
0.151773 81.23490759786 0.23936014130 
0.152280 81.17646253819 0.24206442453 
0.152787 81.04607918831 0.24495167417 
0.153293 80.48867469553 0.23440064532 
0.153800 80.36443173504 0.23452833289 
0.154307 80.85601211426 0.23900988660 
0.154813 80.88794819057 0.23722977111 
0.155320 80.55705699755 0.23894263900 
0.155827 80.75988432062 0.23444647227 
0.156334 80.43456716099 0.23982123283 
0.156840 80.42878026377 0.24329266101 
0.157347 80.30690216073 0.23113656404 
0.157854 80.43772611469 0.23783224400 
0.158360 79.97662050090 0.24032989482 
0.158867 80.09686930051 0.23795481579 
0.159374 80.48798517086 0.23732541694 
0.159881 79.60191545944 0.23322670114 
0.160387 80.08143389888 0.23441025465 
0.160894 80.04575836138 0.23497760808 
0.161401 80.09280856412 0.23658127970 
0.161907 79.88309823447 0.23914216480 
0.162414 79.64461601260 0.23097789917 
0.162921 79.75078397414 0.23022553314 
0.163427 79.65842163683 0.23606236482 
0.163934 79.57513041160 0.23704486416 
0.164441 79.26258951276 0.22696394101 
0.164948 78.94437368433 0.22629242972 
0.165454 79.26727869636 0.23570653230 
0.165961 79.47939971238 0.22990833760 
0.166468 79.51044648194 0.23789024558 
0.166974 78.78518088103 0.22726152657 
0.167481 79.19617093504 0.23589321953 
0.167988 79.05185546155 0.23255246066 
0.168495 79.34296581901 0.23232342417 
0.169001 79.28551989833 0.23513806730 
0.169508 79.55974271475 0.23490243940 
0.170015 79.19929453270 0.23306898958 
0.170521 79.17007043640 0.22880229014 
0.171028 79.31930434330 0.23603574142 
0.171535 78.85520685531 0.23413052181 
0.172041 78.94112346100 0.23814806174 
0.172548 79.32397213645 0.24400256948 
0.173055 79.10109396404 0.24094005694 
0.173562 79.24156356261 0.23857091674 
0.174068 79.00665671313 0.23106443416 
0.174575 79.02563768575 0.23809650723 
0.175082 78.81383676260 0.23447441255 
0.175588 78.95973584366 0.23750951991 
0.176095 79.03114878612 0.23938731357 
0.176602 78.72944371782 0.23760680782 
0.177108 78.83459882621 0.23405839184 
0.177615 78.48222248608 0.23583492821 
0.178122 79.06729796941 0.24052480055 
0.178629 78.30176226059 0.23327318151 
0.179135 78.61364138088 0.23831335974 
0.179642 78.91329115889 0.23967178559 
0.180149 78.64636504767 0.23616443668 
0.180655 78.51591868752 0.23588599073 
0.181162 78.49281836563 0.23924935179 
0.181669 78.98261709783 0.24409227682 
0.182175 78.29910856412 0.23975158889 
0.182682 78.98779691228 0.24637759200 
0.183189 79.07427687279 0.24184609456 
0.183695 78.63789876016 0.24644552885 
0.184202 78.25087078043 0.24168479127 
0.184709 78.17287532079 0.24691292322 
0.185216 78.44413232954 0.23659514288 
0.185722 77.71032781760 0.24253425696 
0.186229 78.38154658400 0.24276681434 
0.186736 77.82773756663 0.24498211464 
0.187242 78.15841126659 0.24292986365 
0.187749 78.14327103153 0.24485443320 
0.188256 77.66513045224 0.24757729726 
0.188762 78.06164814350 0.24636585531 
0.189269 77.67808672320 0.24641473236 
0.189776 77.61831994742 0.24041348115 
0.190282 77.61814259231 0.24365081760 
0.190789 77.42904793808 0.24387371751 
0.191296 77.65362555768 0.25027582417 
0.191802 77.52277212219 0.24152739404 
0.192309 76.99810017783 0.23312023925 
0.192816 76.81676589701 0.23542801168 
0.193323 77.03033308156 0.23454443266 
0.193829 76.64838685154 0.23324669632 
0.194336 76.43149095459 0.23715939624 
0.194843 76.31281325980 0.23762533047 
0.195349 76.74326762731 0.23524637865 
0.195856 76.65139944058 0.23180583240 
0.196363 76.25300675020 0.23367097488 
0.196869 76.09865053790 0.22649179991 
0.197376 76.19114645992 0.22632549085 
0.197883 75.90249854564 0.22834828333 
0.198389 76.04356659102 0.22377042234 
0.198896 76.05548681535 0.22134788333 
0.199403 75.99813916168 0.22009747009 
0.199909 75.79696634835 0.22046742188 
0.200416 75.96750812757 0.22650297686 
0.200923 75.71501606921 0.22550061282 
0.201429 75.76994829904 0.22378469219 
0.201936 76.16844628521 0.22162940368 
0.202443 75.74323086723 0.22025901889 
0.202949 75.74804406664 0.22271446690 
0.203456 75.24401409236 0.21935402304 
0.203963 75.52039918453 0.21878403704 
0.204469 75.47384572199 0.21936505169 
0.204976 75.59021189197 0.22055327012 
0.205483 75.60337471172 0.22081804499 
0.205989 75.45702825504 0.22015038994 
0.206496 75.39264423491 0.21379313888 
0.207003 75.11883958735 0.21116788296 
0.207509 75.86300472094 0.21730514654 
0.208016 75.17533481563 0.21625724662 
0.208523 75.51514278240 0.21247327193 
0.209029 74.94745185939 0.21382644175 
0.209536 75.23045934140 0.20939539663 
0.210043 75.23354737700 0.21552530336 
0.210549 74.99627552734 0.21638338737 
0.211056 75.24148816370 0.20767763935 
0.211563 75.26899258121 0.21286540237 
0.212069 74.91810187528 0.20851563788 
0.212576 75.17577497924 0.20765003716 
0.213083 75.20572688736 0.21085864884 
0.213589 74.81667981554 0.21475518091 
0.214096 74.87820093205 0.20938660847 
0.214603 74.91845158469 0.20678166304 
0.215109 74.92927598503 0.20781069571 
0.215616 74.48672659098 0.20370280517 
0.216123 74.46555980492 0.20459657940 
0.216629 74.65886915204 0.20469447636 
0.217136 74.14574093668 0.19951959881 
0.217643 74.03263612158 0.21084961158 
0.218149 74.22614646846 0.20690373176 
0.218656 74.19160050356 0.20769463343 
0.219163 74.33413348957 0.20768364718 
0.219669 74.22752882376 0.20167055613 
0.220176 74.09374312409 0.20507329962 
0.220683 73.76589497599 0.20638704267 
0.221189 73.78170256975 0.20873188785 
0.221696 73.82538719372 0.20542819639 
0.222203 73.80925862099 0.20343307174 
0.222709 73.86766567173 0.20764232750 
0.223216 74.07252216483 0.20180019681 
0.223722 73.79050123338 0.20548332007 
0.224229 73.68171695036 0.20277652252 
0.224736 73.61858030820 0.19897058141 
0.225242 73.69877472748 0.20240007288 
0.225749 73.84888265755 0.20340443346 
0.226256 73.57982453385 0.20297528012 
0.226762 73.54917631097 0.20359331493 
0.227269 73.56754337076 0.20143797701 
0.227776 73.36485936764 0.20310672023 
0.228282 73.32134840805 0.19948457017 
0.228789 73.40630731728 0.19788183265 
0.229296 73.23720847180 0.19993780981 
0.229802 73.21244145088 0.19634520900 
0.230309 72.97362876181 0.20025618973 
0.230816 73.06328213312 0.20118569283 
0.231322 73.31601243697 0.20511819920 
0.231829 73.12555572382 0.20173814945 
0.232335 72.67518563202 0.19947477189 
0.232842 72.91526971543 0.20293318688 
0.233349 72.98832676354 0.19531235432 
0.233855 72.81225611823 0.19854782184 
0.234362 72.45196787703 0.19998362078 
0.234869 72.63263453505 0.19891475125 
0.235375 72.57578679011 0.19683989148 
0.235882 72.48628422042 0.19830522425 
0.236389 72.62944636200 0.20050733337 
0.236895 72.65777153387 0.19982773954 
0.237402 72.62546009244 0.19885650925 
0.237908 72.46186017333 0.19779281397 
0.238415 72.56055216268 0.19958172367 
0.238922 71.96775354569 0.19872551228 
0.239428 72.21248833318 0.19947259839 
0.239935 71.98036816600 0.20219972303 
0.240442 72.24858240289 0.19993562832 
0.240948 72.05264843272 0.19877886176 
0.241455 71.99251795839 0.19907639909 
0.241962 71.97281914168 0.19831772746 
0.242468 71.72639353514 0.20213867174 
0.242975 71.89215081487 0.20292190069 
0.243481 71.73595457538 0.19677159745 
0.243988 71.89126737252 0.20005410786 
0.244495 71.73744098674 0.19988723217 
0.245001 71.86221073421 0.19598956872 
0.245508 71.99141336618 0.19809433789 
0.246015 71.79866556494 0.19717835380 
0.246521 71.42324438690 0.19847456298 
0.247028 71.61201795554 0.19861345431 
0.247534 71.51415930756 0.20152453374 
0.248041 71.62743740570 0.19650346208 
0.248548 71.49009541563 0.19809378498 
0.249054 71.46001675441 0.19747365698 
0.249561 71.42036268287 0.19500907998 
0.250068 71.08424869188 0.19848247119 
0.250574 71.08983832871 0.19824234205 
0.251081 71.06893433477 0.19665920855 
0.251587 71.33261548847 0.19834902810 
0.252094 71.10478895797 0.19645994351 
0.252601 71.36617664179 0.19676336302 
0.253107 71.06860377583 0.19731955976 
0.253614 71.10002554912 0.19984381063 
0.254120 70.89804589982 0.19686577692 
0.254627 70.78688867831 0.19620675810 
0.255134 71.12321345637 0.19425147883 
0.255640 70.84926778471 0.19336974923 
0.256147 70.84946672450 0.19516668001 
0.256654 70.76221644077 0.19519012209 
0.257160 71.21030964573 0.19435309973 
0.257667 71.14539043970 0.19515138025 
0.258173 71.09036953402 0.19658418017 
0.258680 71.40090759634 0.19340036970 
0.259187 71.53786338733 0.19603622948 
0.259693 71.74613595821 0.19640480423 
0.260200 71.52796041716 0.19410714129 
0.260706 71.46532920898 0.19503411776 
0.261213 71.79784883378 0.19880255510 
0.261720 71.56294116558 0.19597160105 
0.262226 71.68755942589 0.19291264254 
0.262733 71.69040390424 0.19396827974 
0.263239 71.65400580662 0.19166861371 
0.263746 71.75551336746 0.19907117874 
0.264253 71.69498019606 0.19307748824 
0.264759 71.56995808996 0.19424543369 
0.265266 71.91649441174 0.19491331298 
0.265772 71.67635405221 0.19146384168 
0.266279 71.80240255511 0.19388242273 
0.266786 71.56327936031 0.19346193572 
0.267292 71.67807239319 0.19064644324 
0.267799 71.81311786083 0.19258348223 
0.268305 71.65559001466 0.19467499531 
0.268812 71.75741582011 0.19034756059 
0.269319 71.34965353154 0.18990986476 
0.269825 71.95952526256 0.19135206737 
0.270332 72.08904415347 0.19065644677 
0.270838 72.17132495502 0.19140485726 
0.271345 72.29447198879 0.19331808163 
0.271852 72.23892896066 0.19008333810 
0.272358 72.05457328907 0.19246714860 
0.272865 71.96547231146 0.19475275211 
0.273371 72.30720094273 0.19202538304 
0.273878 72.26798946462 0.19452831765 
0.274385 72.54653555260 0.19426567077 
0.274891 72.48909623798 0.18820823042 
0.275398 72.11934488441 0.18670434404 
0.275904 72.30425234235 0.18604455863 
0.276411 71.96832221022 0.18531331771 
0.276917 72.23695907782 0.18542031249 
0.277424 72.18958153745 0.18755809993 
0.277931 72.19558672608 0.18100456389 
0.278437 72.25571961466 0.18502734651 
0.278944 72.15845348461 0.18118363555 
0.279450 72.13939199278 0.18154823682 
0.279957 72.07159489491 0.18060349865 
0.280464 72.11442784238 0.18103872627 
0.280970 72.16616956675 0.18283497321 
0.281477 72.08360659462 0.18104219929 
0.281983 72.17972163955 0.18118349711 
0.282490 72.24479635726 0.18374024413 
0.282996 72.03118369276 0.18598082805 
0.283503 72.02006151090 0.18088507081 
0.284010 72.27992886540 0.18148560722 
0.284516 71.88463140569 0.18088878499 
0.285023 71.68217016445 0.17815370536 
0.285529 71.64864089698 0.17299270837 
0.286036 71.69216249168 0.17827962483 
0.286542 71.69608069644 0.17267188839 
0.287049 71.59540985399 0.17651231524 
0.287556 71.48170359858 0.17141336971 
0.288062 71.44084534972 0.17543049766 
0.288569 71.51752419926 0.17221510090 
0.289075 71.49478902493 0.17303877631 
0.289582 71.45538072761 0.17224437351 
0.290088 71.40747810776 0.16788038222 
0.290595 71.14150783958 0.17085513252 
0.291102 71.50617133207 0.17102815491 
0.291608 71.03929232709 0.16915256218 
0.292115 70.99979770445 0.16822926017 
0.292621 71.13881562122 0.16615765023 
0.293128 71.14014861557 0.16675294774 
0.293634 71.12764184655 0.16966655543 
0.294141 70.93363533237 0.16566815725 
0.294647 70.98110246030 0.16906610498 
0.295154 70.95539308446 0.16626755147 
0.295661 70.98830373044 0.16653352556 
0.296167 70.87382558047 0.16902756982 
0.296674 70.84702072749 0.16672206766 
0.297180 70.89434594556 0.16667639041 
0.297687 70.47057843671 0.16546360787 
0.298193 70.58767497097 0.16462801937 
0.298700 70.71854562116 0.16418971949 
0.299207 70.60120434935 0.16451083113 
0.299713 70.61612854294 0.16267758559 
0.300220 70.69318140366 0.16344469121 
0.300726 70.64277140434 0.16530930737 
0.301233 70.71499525570 0.16634323401 
0.301739 70.57182498061 0.16547372031 
0.302246 70.29714090194 0.16382325887 
0.302752 70.47110272401 0.16010684653 
0.303259 70.54590495788 0.16567806517 
0.303765 70.16735217321 0.16519320662 
0.304272 69.91161321179 0.16100341775 
0.304779 69.96717044283 0.16015440904 
0.305285 70.05922333786 0.16181361194 
0.305792 70.11145720328 0.15965654800 
0.306298 70.52437227028 0.16070349020 
0.306805 70.13755380380 0.16129078328 
0.307311 69.99371949044 0.15921535752 
0.307818 69.86016345979 0.15838455955 
0.308324 69.64165357741 0.15485096960 
0.308831 69.44719375280 0.15973498066 
0.309337 69.23862462002 0.15576345944 
0.309844 69.30697553975 0.15267086885 
0.310350 69.15320964589 0.15491532516 
0.310857 68.86056297675 0.15392625419 
0.311364 68.63603000552 0.14875138181 
0.311870 68.52065239863 0.15306559292 
0.312377 68.17150655013 0.14970165636 
0.312883 68.41165484283 0.14847765494 
0.313390 68.03312947780 0.14880305557 
0.313896 67.80643124524 0.14544015255 
0.314403 67.95184162390 0.14748655415 
0.314909 67.43873633334 0.14543360180 
0.315416 67.51296840481 0.14404671599 
0.315922 67.40300997074 0.14471230359 
0.316429 67.38254378845 0.14147260242 
0.316935 67.66376547835 0.14284781244 
0.317442 67.12445866562 0.14129287574 
0.317948 66.92361171529 0.13912800082 
0.318455 67.01949501680 0.14159472023 
0.318961 66.79514273502 0.14122835187 
0.319468 67.07318879507 0.13992093492 
0.319975 67.01958977164 0.14251500561 
0.320481 66.56223217049 0.14075737009 
0.320988 66.61010825345 0.14130078592 
0.321494 66.56569252258 0.14328169575 
0.322001 66.76843034939 0.15583412367 
0.322507 66.44627763739 0.14372780708 
0.323014 66.54674653528 0.14223186780 
0.323520 66.44405525892 0.14062625096 
0.324027 66.72068432678 0.14452605770 
0.324533 66.56292105333 0.14099028935 
0.325040 66.48593096059 0.14000699444 
0.325546 66.63850258948 0.14033145749 
0.326053 66.20514931003 0.13619568027 
0.326559 66.49189201692 0.13877873413 
0.327066 66.39417095623 0.13901414664 
0.327572 66.12979213284 0.13849861356 
0.328079 66.11561169721 0.13775912534 
0.328585 66.08862130546 0.13655579251 
0.329092 66.27814303516 0.14022816995 
0.329598 65.89825379910 0.13682407686 
0.330105 66.15230160504 0.14233055458 
0.330611 65.87307072023 0.13986790534 
0.331118 65.92923105606 0.13989803243 
0.331624 66.30491597503 0.13946310417 
0.332131 65.81047032274 0.13477834524 
0.332637 66.07814146388 0.13949942107 
0.333144 65.86734820986 0.14237134891 
0.333650 65.60447258784 0.13912515660 
0.334157 65.72102258183 0.13686499150 
0.334663 66.06872310210 0.14026391682 
0.335170 65.55375899184 0.14100486399 
0.335676 65.70486716755 0.13840792835 
0.336183 65.59059441460 0.13721629302 
0.336689 65.64223922693 0.14106852353 
0.337196 65.54094409465 0.13733957429 
0.337702 65.55687093002 0.13634505003 
0.338209 65.50401088140 0.13977773363 
0.338715 65.42542174448 0.14034312904 
0.339222 65.41810888919 0.14014311561 
0.339728 65.45193884003 0.13831986393 
0.340235 65.40635791743 0.20233203920 
0.340741 65.26415629141 0.14363653847 
0.341248 65.25725614688 0.13965161762 
0.341754 65.23821945247 0.13913936091 
0.342261 65.23150224847 0.13816810806 
0.342767 65.20227366192 0.13768425328 
0.343274 65.07444779172 0.13849365679 
0.343780 65.12348873855 0.13656829371 
0.344287 64.95919187609 0.13738620314 
0.344793 65.20074348896 0.14092665269 
0.345300 65.04184548528 0.14015102800 
0.345806 65.14378855279 0.14031664916 
0.346313 64.99246683765 0.14255372722 
0.346819 65.07235332457 0.13955324206 
0.347325 64.82246824823 0.14433608721 
0.347832 64.78770939689 0.14503550540 
0.348338 64.89261354933 0.14393245991 
0.348845 64.77614451512 0.14344983807 
0.349351 64.88654768848 0.14708955369 
0.349858 64.62912357438 0.15245976311 
0.350364 64.70410427280 0.14771985745 
0.350871 64.68280166624 0.14769313329 
0.351377 64.68903491376 0.14971573694 
0.351884 64.71367350121 0.14990822791 
0.352390 64.43788043780 0.14974997642 
0.352897 64.66505688224 0.14841199487 
0.353403 64.22251241302 0.14520624660 
0.353910 64.29644800285 0.15064631166 
0.354416 64.17390816027 0.14975113703 
0.354923 63.94686970983 0.15042766992 
0.355429 64.00557306498 0.15078282321 
0.355935 64.07213278030 0.14960530216 
0.356442 64.24738902342 0.15409471440 
0.356948 64.06185935652 0.15277785114 
0.357455 64.19061764811 0.15579715251 
0.357961 63.83782147806 0.15624318200 
0.358468 64.02572295310 0.15621468875 
0.358974 63.80943092534 0.21934596383 
0.359481 63.88627196470 0.20086528661 
0.359987 63.84420199763 0.19942834025 
0.360494 63.71124549417 0.18998610293 
0.361000 63.97590835908 0.18563259900 
0.361506 63.57057719617 0.18457717124 
0.362013 63.68170690789 0.18540472809 
0.362519 63.62592062469 0.18177959735 
0.363026 64.09386558834 0.18255930310 
0.363532 63.57914148271 0.18930959746 
0.364039 63.52478752260 0.17931289089 
0.364545 63.84096374639 0.18466138347 
0.365052 63.82822654226 0.18024730428 
0.365558 63.71390441834 0.18433793430 
0.366064 63.52732529690 0.17999710084 
0.366571 63.62568630963 0.18401929799 
0.367077 63.56632339311 0.18728583994 
0.367584 63.67462568974 0.19197184998 
0.368090 63.55425065070 0.18487628137 
0.368597 63.81635865444 0.18907613790 
0.369103 63.58635315589 0.18672028445 
0.369610 63.54934438200 0.18716777432 
0.370116 63.52200056895 0.18601291764 
0.370622 63.64493164119 0.18935279639 
0.371129 63.63510459839 0.19449597717 
0.371635 63.59117322506 0.19184224066 
0.372142 63.40068473945 0.19530420708 
0.372648 63.67403453950 0.19297607151 
0.373155 63.80369961467 0.19885923734 
0.373661 63.25140861470 0.19315132861 
0.374167 63.57853989638 0.19558525155 
0.374674 63.56381319280 0.19664696683 
0.375180 63.48630667160 0.19700828391 
0.375687 63.39805141524 0.20008816918 
0.376193 63.59581834878 0.20283131678 
0.376700 63.39541994933 0.19890895835 
0.377206 63.20982042369 0.20029172493 
0.377712 63.17310616906 0.20569023938 
0.378219 63.10023625807 0.20424232553 
0.378725 63.55415523288 0.20668323656 
0.379232 63.40726208094 0.20515425322 
0.379738 63.45375990587 0.20787009330 
0.380245 63.35731639477 0.20684259169 
0.380751 63.13724851058 0.20797586963 
0.381257 63.39787632325 0.21038627544 
0.381764 63.26109007831 0.21079235281 
0.382270 63.30219439515 0.20970153889 
0.382777 62.99824835123 0.20204479752 
0.383283 63.02659302773 0.20543552522 
0.383789 63.07964829986 0.21133960443 
0.384296 63.09534696418 0.20844791426 
0.384802 63.21304823446 0.20975979857 
0.385309 63.17234717121 0.20895075638 
0.385815 62.62557302778 0.21292285886 
0.386321 63.05427283486 0.21812329248 
0.386828 62.87617622781 0.20930651724 
0.387334 63.00590466850 0.21217389225 
0.387841 62.78479006703 0.21513266795 
0.388347 62.76019312679 0.21441732318 
0.388853 62.81079286481 0.21861306976 
0.389360 62.54971954610 0.21903782081 
0.389866 63.35373358342 0.21621925573 
0.390373 62.71642158275 0.22268184980 
0.390879 62.93650204866 0.21479412854 
0.391385 62.79898375639 0.22045583227 
0.391892 62.77266595444 0.21782961778 
0.392398 62.53811433324 0.22597652905 
0.392905 62.23748880499 0.22382977398 
0.393411 62.77286005647 0.22656620196 
0.393917 62.64293268464 0.22223774156 
0.394424 62.76398868593 0.22222486598 
0.394930 62.51005028722 0.22616697684 
0.395437 62.85637684786 0.22602826875 
0.395943 62.68714834565 0.22976633051 
0.396449 62.69305786412 0.33252176051 
0.396956 62.80719854165 0.22700256693 
0.397462 62.31020967017 0.23097678011 
0.397969 62.72179223377 0.23120241684 
0.398475 62.64807895775 0.23237196469 
0.398981 62.35874074970 0.23085241128 
0.399488 62.77400465401 0.23077307919 
0.399994 62.40120856278 0.23800210820 
0.400500 62.68351971927 0.24058550456 
0.401007 62.78254268838 0.23434981356 
0.401513 62.32892304326 0.24232742942 
0.402020 62.24498164904 0.23912697589 
0.402526 62.47784197190 0.24899216032 
0.403032 62.15610521935 0.25318058505 
0.403539 62.13926553614 0.25347561180 
0.404045 62.59423090360 0.24801639703 
0.404551 62.33567110513 0.26619999830 
0.405058 62.10929229687 0.26874267261 
0.405564 62.26174765545 0.25879648065 
0.406071 62.49033255237 0.25472049491 
0.406577 62.57959971257 0.25630096141 
0.407083 62.21357218975 0.25736416300 
0.407590 62.12202616461 0.26113573960 
0.408096 62.28404692810 0.28043628952 
0.408602 62.46294688093 0.27765944465 
0.409109 61.85619206655 0.26335475438 
0.409615 62.80227245831 0.26767196193 
0.410121 62.18833454883 0.26845977162 
0.410628 61.56005922935 0.26775763314 
0.411134 62.03024807119 0.27318750828 
0.411641 62.08216515882 0.27634653015 
0.412147 62.22659310253 0.27259318735 
0.412653 62.26445716526 0.26909942468 
0.413160 62.06701049909 0.26443954928 
0.413666 61.97812782948 0.26393630869 
0.414172 61.88631448973 0.27908881095 
0.414679 61.87065921252 0.26917826513 
0.415185 61.67448502513 0.28672283618 
0.415691 62.17029737617 0.27409107097 
0.416198 62.15279265220 0.27615609736 
0.416704 61.92020785389 0.28491110411 
0.417210 61.96918736920 0.28775687612 
0.417717 62.07925515493 0.28788806906 
0.418223 61.48921224261 0.28165194470 
0.418729 61.89964265942 0.27714610235 
0.419236 61.41317153943 0.27347669769 
0.419742 61.94163465737 0.26736753241 
0.420248 61.68411446497 0.27463640600 
0.420755 62.16448430730 0.28312348666 
0.421261 62.02904802660 0.27547344785 
0.421767 61.39510794132 0.27602910640 
0.422274 61.63406341768 0.28100312530 
0.422780 61.65243237372 0.27994621320 
0.423286 61.42600877032 0.28898853555 
0.423793 61.53522271704 0.28243728044 
0.424299 61.87060865281 0.28966058532 
0.424805 61.65223066322 0.29071652515 
0.425312 62.21793498722 0.30014177391 
0.425818 61.60965893568 0.28303987854 
0.426324 61.77860959746 0.29621922854 
0.426831 61.36003220552 0.28390035048 
0.427337 61.92249346000 0.31087815562 
0.427843 61.34542429536 0.29855278971 
0.428350 61.70638524786 0.30916631122 
0.428856 61.32830540060 0.31066005121 
0.429362 60.79187939429 0.29735850259 
0.429869 61.30655668757 0.30683583400 
0.430375 61.62632580794 0.31298611781 
0.430881 61.55689033614 0.32080319351 
0.431388 61.73090888724 0.30755959539 
0.431894 61.75016760827 0.31406815910 
0.432400 61.73279853403 0.31687803657 
0.432907 61.37959209540 0.32270180699 
0.433413 61.32481151879 0.33994022037 
0.433919 61.67859075400 0.33016843152 
0.434425 61.36604182763 0.33139719201 
0.434932 60.72051835557 0.33643052061 
0.435438 61.69579238377 0.36539252670 
0.435944 61.42729923576 0.33721472054 
0.436451 61.32097678149 0.34344038685 
0.436957 61.40147199611 0.35425206374 
0.437463 60.91129047063 0.35218508457 
0.437970 61.02628907441 0.35041179862 
0.438476 61.09989969302 0.35942717228 
0.438982 61.45340175279 0.35999920990 
0.439489 61.37288785711 0.38286934900 
0.439995 61.23867566658 0.37382512979 
0.440501 61.98093344489 0.36692245884 
0.441007 61.16605861218 0.37753963985 
0.441514 61.66987158505 0.38250400167 
0.442020 61.54582792890 0.39090460426 
0.442526 61.87573938924 0.40210357531 
0.443033 60.85207446775 0.38845180305 
0.443539 60.89939221023 0.39587427427 
0.444045 61.08191321297 0.41023912195 
0.444551 60.46236167386 0.42080037756 
0.445058 61.12270587023 0.41126214541 
0.445564 60.68776013615 0.42198741185 
0.446070 60.40588646536 0.41457402947 
0.446577 60.53052977422 0.43980008693 
0.447083 60.27976610068 0.46050743119 
0.447589 60.36926898338 0.44838656615 
0.448095 60.66488708688 0.44522345812 
0.448602 61.12760125451 0.45785252280 
0.449108 60.64339416906 0.48451678676 
0.449614 60.83552044542 0.49801379830 
0.450121 60.18514487512 0.49022117940 
0.450627 60.13412858152 0.49547637775 
0.451133 60.71070249029 0.50854142057 
0.451639 60.52406175380 0.53102974865 
0.452146 60.53438142849 0.55392874038 
0.452652 59.49145853404 0.52417651089 
0.453158 60.74788737684 0.54989629809 
0.453664 60.38995863499 0.59200050760 
0.454171 61.27810881785 0.57754230103 
0.454677 60.60137565355 0.60666402884 
0.455183 60.10215936940 0.62219531375 
0.455689 60.80709128570 0.61972132959 
0.456196 59.69880705636 0.63749687901 
0.456702 60.89271438142 0.65387595671 
0.457208 59.49399140923 0.67684234575 
0.457714 60.06174880094 0.76226065170 
0.458221 60.04699088919 0.75199396287 
0.458727 60.57707821591 0.76761178116 
0.459233 58.58121716860 0.81525212400 
0.459740 60.33427046293 0.85863657459 
0.460246 60.46576155050 0.89167880376 
0.460752 60.74950760895 0.97993168394 
0.461258 60.92880120138 1.01868429849 
0.461765 59.86137596273 1.07261320671 
0.462271 60.28916698753 1.04013498815 
0.462777 60.41384039015 1.23367119876 
0.463283 59.59188903265 1.24330741701 
0.463789 61.63104398824 1.36992651026 
0.464296 60.11563726284 1.33917505238 
0.464802 59.36367608322 1.33823637880 
0.465308 61.06338076931 1.47981060464 
0.465814 59.88977518718 1.70795231189 
0.466321 60.64781438850 1.72589195697 
0.466827 59.34918374388 1.86751040676 
0.467333 59.60954284260 1.95003459237 
0.467839 58.21292989936 1.96038559249 
0.468346 58.80739477192 2.33614346694 
0.468852 60.20237783610 2.52131502516 
0.469358 59.76075028327 2.93755336904 
0.469864 57.12856714061 2.81462916352 
0.470371 57.11456113545 3.70850886763 
0.470877 57.98730523108 4.38319462196 
0.471383 55.38722777442 5.21925147060 
0.471889 57.66235859352 7.36285743530 
0.472395 55.07784387824 6.12397225968 
0.472902 52.99166586533 12.76161868638 
