0.010896 1348.33564342474 11.69416817544 
0.011402 1201.43958491182 12.06327374424 
0.011909 1082.56495742259 11.46877504699 
0.012416 984.53189406941 9.96808624900 
0.012923 891.43421254683 8.07997849339 
0.013430 831.37618453893 9.62091460797 
0.013936 787.32924717317 9.01093501635 
0.014443 739.05132339065 7.46138473513 
0.014950 681.88473277556 7.08687389098 
0.015457 629.62998165902 5.69925497607 
0.015963 583.57288744410 4.86292826460 
0.016470 545.86704822753 4.07185182585 
0.016977 511.60353222799 4.18213881711 
0.017484 473.75019364162 3.26470513149 
0.017990 448.81416529369 3.02535912112 
0.018497 424.20405267071 2.59486482601 
0.019004 401.98621747977 2.36706929768 
0.019511 379.99316099963 2.20950180102 
0.020018 363.05853337726 2.16207960302 
0.020524 345.41617084372 1.88407601683 
0.021031 327.93282491362 1.90296806049 
0.021538 316.04899447511 1.73559289837 
0.022045 302.55085656130 1.76386327132 
0.022551 290.97427632828 1.49431707489 
0.023058 278.92354605700 1.49213325578 
0.023565 270.06024245599 1.51657110167 
0.024072 262.12580205892 1.77457321780 
0.024579 250.01570010167 1.74428128800 
0.025085 244.56067431575 2.15376817978 
0.025592 238.57981000382 2.10161296702 
0.026099 229.98946744275 2.06301033657 
0.026606 223.40036069561 1.77151240308 
0.027112 217.74057768521 1.79172390883 
0.027619 211.45643046559 1.50496141189 
0.028126 207.46834640323 1.55306582213 
0.028633 202.88873433834 1.25227398330 
0.029139 197.67690142670 1.17081470094 
0.029646 192.78190849527 1.13394407472 
0.030153 188.93928531517 1.19475590586 
0.030660 185.82319553452 1.01792143990 
0.031167 182.63184695848 0.97337115867 
0.031673 179.22139806780 0.95909438093 
0.032180 177.15581056694 0.87500740178 
0.032687 172.53951665002 0.92342370175 
0.033194 169.58732617575 0.83748291324 
0.033700 167.76209592465 0.80730229366 
0.034207 164.55916220115 0.77103430392 
0.034714 161.70769551221 0.76019824908 
0.035221 159.86675287161 0.71677711338 
0.035727 158.32253543851 0.70966889841 
0.036234 155.73320979321 0.68165599943 
0.036741 154.32248524610 0.67568393815 
0.037248 152.80960972197 0.65001907779 
0.037755 150.55198424082 0.62002488405 
0.038261 148.87092773894 0.58045583718 
0.038768 147.22272197500 0.60594980354 
0.039275 145.30531978568 0.59948488653 
0.039782 144.67097248186 0.59021640512 
0.040288 142.80721230401 0.57738541321 
0.040795 140.67467407951 0.55017923862 
0.041302 140.69063014046 0.57152026578 
0.041809 138.50099578696 0.55478456299 
0.042315 136.76295605595 0.54654030026 
0.042822 136.42159312988 0.56212645555 
0.043329 135.73872075575 0.53515032821 
0.043836 133.86433054963 0.52999470267 
0.044343 132.81221614812 0.53452288626 
0.044849 131.58540417202 0.51896598139 
0.045356 130.17881202095 0.51008312861 
0.045863 130.03011185733 0.50003430944 
0.046370 128.39607837099 0.50371947529 
0.046876 126.80469810090 0.47508065918 
0.047383 127.12465289881 0.50027942348 
0.047890 126.34359215449 0.49493507326 
0.048397 125.72891012032 0.47859112249 
0.048903 123.58804345027 0.50939781131 
0.049410 124.41966410353 0.46715972322 
0.049917 122.85066167299 0.48431201451 
0.050424 122.49470146462 0.47056536222 
0.050931 121.37912950344 0.47575435147 
0.051437 120.96123128875 0.43554567107 
0.051944 119.88013031237 0.45410694151 
0.052451 119.56621046927 0.45047934206 
0.052958 118.44757271037 0.43704696484 
0.053464 118.01802958195 0.44705330391 
0.053971 117.18814259644 0.44449402783 
0.054478 116.49311347751 0.43468818666 
0.054985 115.92025311159 0.42381488802 
0.055491 116.20864760020 0.45163176500 
0.055998 114.72015914278 0.41595739719 
0.056505 114.13082564962 0.42387344610 
0.057012 112.83464697079 0.44018420384 
0.057519 112.78524056190 0.42300449904 
0.058025 112.81175309703 0.41513226379 
0.058532 112.46777017069 0.41995994089 
0.059039 111.01437531907 0.41516846824 
0.059546 110.55246233009 0.42123531827 
0.060052 110.00148874706 0.42347576685 
0.060559 109.66734315705 0.41154084322 
0.061066 109.42849502724 0.38443093806 
0.061573 109.26185110234 0.40980644868 
0.062079 108.29468009963 0.41177626334 
0.062586 107.80840100517 0.39550862335 
0.063093 107.56669119879 0.39259459572 
0.063600 107.11043499327 0.38977661392 
0.064106 106.63907997086 0.40134565076 
0.064613 106.36114915066 0.40583388455 
0.065120 105.57964705001 0.38193646820 
0.065627 105.78740028706 0.37759853190 
0.066134 105.09482007305 0.37734849093 
0.066640 104.87081666595 0.37008629716 
0.067147 104.21122264016 0.37351614175 
0.067654 103.97309139696 0.37568888052 
0.068161 104.39107866069 0.37064254514 
0.068667 102.69974693004 0.38103933232 
0.069174 103.13795046151 0.36560724195 
0.069681 102.46561330929 0.37413185008 
0.070188 101.78309227558 0.36707254973 
0.070694 102.02751615398 0.35086040383 
0.071201 101.94201539764 0.35408629957 
0.071708 101.71239185406 0.36319080210 
0.072215 100.41550062544 0.35048329851 
0.072721 101.13674788143 0.35229824302 
0.073228 100.43162059875 0.36002902489 
0.073735 100.06253997763 0.34742492185 
0.074242 99.61800881773 0.35907032823 
0.074748 99.13803938252 0.34213788291 
0.075255 99.75508947822 0.35003529955 
0.075762 98.83341832762 0.32666503556 
0.076269 99.07394496233 0.34476846530 
0.076776 98.88589517716 0.34236632723 
0.077282 98.48888443594 0.32609838987 
0.077789 98.29754822996 0.33172244516 
0.078296 98.06444216156 0.32891702516 
0.078803 97.63314207009 0.32010391094 
0.079309 97.68518628881 0.33047230887 
0.079816 97.33964487844 0.33111055134 
0.080323 96.95972778405 0.33871604805 
0.080830 97.10070060121 0.33704635003 
0.081336 97.08812904790 0.33542656842 
0.081843 96.31928685795 0.33510635109 
0.082350 96.11404774392 0.33538209071 
0.082857 96.21390371386 0.33412545840 
0.083363 96.37026221906 0.32820163742 
0.083870 96.17670945576 0.33885463547 
0.084377 96.26809272333 0.34112723839 
0.084884 95.75985194827 0.33423286296 
0.085390 96.24370098585 0.34031030210 
0.085897 95.66262599699 0.33382564507 
0.086404 95.01517454546 0.33023377434 
0.086911 95.43485833463 0.33593324227 
0.087417 94.67308586351 0.32093842851 
0.087924 94.99867497567 0.33203912252 
0.088431 94.87993866549 0.32705909294 
0.088938 94.43409904537 0.32782568102 
0.089444 94.44313084321 0.32040563012 
0.089951 94.08915633270 0.31570856629 
0.090458 93.84426083026 0.32114615667 
0.090965 93.89845161305 0.33150461452 
0.091471 93.59339336174 0.32958186580 
0.091978 93.70860735530 0.32387799827 
0.092485 92.42831300213 0.36425167896 
0.092992 92.97549394289 0.34482205640 
0.093498 92.41170957349 0.33910260039 
0.094005 92.06079956969 0.32673029298 
0.094512 92.79609190491 0.32418707282 
0.095019 92.73440413384 0.32911081182 
0.095525 92.74200332240 0.33534828426 
0.096032 92.68816848839 0.33744394245 
0.096539 92.13943749400 0.32644674097 
0.097046 92.05851917651 0.32210129041 
0.097552 92.03749024667 0.32639293980 
0.098059 92.10652522240 0.32223228474 
0.098566 92.45723042624 0.33514609552 
0.099073 91.61486257564 0.32605901811 
0.099579 92.16709296366 0.31793725453 
0.100086 91.81392088417 0.32156808860 
0.100593 91.44776325246 0.32467782019 
0.101100 90.97475281988 0.31505002293 
0.101606 91.04063903874 0.31543330775 
0.102113 90.07762305849 0.30737818368 
0.102620 89.39635583366 0.30331190487 
0.103127 89.50885116823 0.30437588954 
0.103633 89.16369232442 0.29568747993 
0.104140 88.65484748193 0.29876299893 
0.104647 87.92381400210 0.30064900101 
0.105154 88.15236504642 0.29929969135 
0.105660 88.75265383567 0.31870179866 
0.106167 88.11527999295 0.29901352785 
0.106674 88.38336332619 0.31519756938 
0.107181 88.21658151869 0.29881941516 
0.107687 87.92737152162 0.30185189524 
0.108194 88.23993582258 0.29210610647 
0.108701 88.14206455853 0.29870835104 
0.109208 87.70828132175 0.28542493558 
0.109714 87.75507319614 0.28965364859 
0.110221 87.94439328154 0.28775716662 
0.110728 87.63018910751 0.30222944902 
0.111235 87.39370452719 0.28004773999 
0.111741 87.40945509080 0.28790231634 
0.112248 87.45921197401 0.27745719482 
0.112755 87.24687774392 0.28695496813 
0.113262 86.71180991955 0.27989834220 
0.113768 86.76906404517 0.28009278784 
0.114275 86.73564796979 0.27576376982 
0.114782 86.87059919294 0.28402739386 
0.115289 86.80848474540 0.27676708651 
0.115795 86.67667275212 0.28549339659 
0.116302 86.37966815229 0.28043123690 
0.116809 86.50945843456 0.27641626261 
0.117316 86.98352520889 0.27755789731 
0.117822 86.58459617363 0.28042073701 
0.118329 86.33117723112 0.27330146851 
0.118836 86.33104104475 0.27152018633 
0.119342 85.63421853885 0.26912392278 
0.119849 85.89941616058 0.26922496374 
0.120356 85.89001972906 0.26254791696 
0.120863 85.73044872600 0.26885088900 
0.121369 85.95705188143 0.27104961829 
0.121876 85.41939962043 0.27377127961 
0.122383 85.37063026638 0.26490627890 
0.122890 85.51975314799 0.26734459330 
0.123396 86.01948325013 0.26568075441 
0.123903 85.26515049683 0.25871961024 
0.124410 85.44074266378 0.26569543584 
0.124917 85.04642862405 0.26798900004 
0.125423 85.17273526035 0.26656061593 
0.125930 85.05449326927 0.25960131766 
0.126437 85.01787500768 0.25168648036 
0.126944 84.86932440643 0.26252767723 
0.127450 84.93347338281 0.25105026477 
0.127957 85.12485397265 0.26154127428 
0.128464 84.91206217924 0.26159566338 
0.128970 84.89019451359 0.26119579329 
0.129477 84.02089011390 0.24604420310 
0.129984 84.55414270157 0.26156970143 
0.130491 84.14172974977 0.24718233912 
0.130997 84.15142303009 0.24748646860 
0.131504 84.45932935420 0.25524560734 
0.132011 84.28639731695 0.24875594037 
0.132518 84.13382001323 0.24914551114 
0.133024 83.89837473860 0.24794611662 
0.133531 83.59800944681 0.24309625886 
0.134038 83.74045500784 0.24254406243 
0.134545 83.90203292701 0.24623034144 
0.135051 83.49024412295 0.24591490237 
0.135558 83.93626156865 0.24325943457 
0.136065 83.69304723722 0.23779478796 
0.136571 83.62872427142 0.23519130626 
0.137078 83.51521544365 0.24559862757 
0.137585 83.33369672696 0.24980236590 
0.138092 83.49450586324 0.24280449978 
0.138598 83.06904064204 0.24128659989 
0.139105 83.26147880230 0.24121070993 
0.139612 83.39133075939 0.24816727725 
0.140119 82.63999439821 0.24574109070 
0.140625 83.54610781196 0.23947931381 
0.141132 82.72188158676 0.24091325325 
0.141639 82.92252307686 0.24186744952 
0.142145 82.55554371639 0.24857473710 
0.142652 82.89912907513 0.24943257927 
0.143159 82.62547716052 0.23787779617 
0.143666 82.86493258003 0.23870983814 
0.144172 82.17791372172 0.23995775056 
0.144679 82.36116788851 0.24962228867 
0.145186 82.31094238397 0.25339880554 
0.145692 82.20321043906 0.24031871496 
0.146199 82.14293910868 0.24222750024 
0.146706 81.89597360914 0.24580363691 
0.147213 81.93623168662 0.24444332531 
0.147719 81.77392674716 0.23947085357 
0.148226 81.57439391935 0.23260336181 
0.148733 81.91071359084 0.23657312980 
0.149240 81.45649204796 0.24017608765 
0.149746 81.60401408822 0.24772266533 
0.150253 81.47925916343 0.24512713149 
0.150760 81.20325547670 0.24408683469 
0.151266 80.99145184322 0.23823232012 
0.151773 81.49830764597 0.24163922836 
0.152280 81.42915991920 0.24029433473 
0.152787 80.96749620101 0.24170951269 
0.153293 80.80930652783 0.23606520623 
0.153800 80.91675518154 0.24326940498 
0.154307 80.66810563347 0.24140655021 
0.154813 80.74172597961 0.24511778115 
0.155320 80.40583318793 0.24306712619 
0.155827 80.64046463341 0.23718383181 
0.156334 80.54625704507 0.23844429687 
0.156840 80.69210311760 0.23644035895 
0.157347 80.21263041425 0.24047633795 
0.157854 80.33252975578 0.23966413216 
0.158360 80.33213028438 0.23254457679 
0.158867 80.16121508407 0.23936760740 
0.159374 80.09442273196 0.23751822180 
0.159881 80.16821552277 0.23269515477 
0.160387 79.94654673679 0.23005882841 
0.160894 79.82742087336 0.23355441077 
0.161401 79.76746215719 0.23332706971 
0.161907 79.84984305045 0.23731022215 
0.162414 79.88032039815 0.23668616691 
0.162921 79.64792672653 0.23329002537 
0.163427 79.47900698402 0.23341762972 
0.163934 79.24949532007 0.23820122970 
0.164441 79.72302706699 0.23113521088 
0.164948 79.16078881923 0.23304652964 
0.165454 79.15767700255 0.23469704875 
0.165961 79.44796386074 0.22347413994 
0.166468 79.13075236112 0.24115886136 
0.166974 79.16890304702 0.22716688565 
0.167481 78.89424014221 0.22832681691 
0.167988 79.37224436857 0.22943709090 
0.168495 79.05546018396 0.23367943838 
0.169001 78.99745388052 0.22939136025 
0.169508 79.15748579014 0.23041602739 
0.170015 79.39545634389 0.23281508860 
0.170521 79.24112449743 0.23099966708 
0.171028 78.96783426214 0.23048553015 
0.171535 79.28309961671 0.24062065143 
0.172041 78.96380739303 0.23535124625 
0.172548 78.99127810910 0.23523273063 
0.173055 79.20421929399 0.23134538557 
0.173562 79.12394365376 0.23838350916 
0.174068 79.08274943070 0.23911689467 
0.174575 78.62052905963 0.23497243102 
0.175082 79.05940723629 0.23349932215 
0.175588 79.04349459095 0.23857350750 
0.176095 78.79398302973 0.23283715312 
0.176602 78.66476772492 0.23705511710 
0.177108 78.85459994059 0.23670823121 
0.177615 78.30576506319 0.23621767663 
0.178122 78.87079529105 0.23947368794 
0.178629 78.83088418850 0.24051310197 
0.179135 79.12276448436 0.23806604181 
0.179642 78.57839017580 0.23883625508 
0.180149 78.42667413781 0.23657806048 
0.180655 78.70184109992 0.23841723592 
0.181162 78.81348403338 0.23932789269 
0.181669 78.85470497168 0.23349010678 
0.182175 78.66507864559 0.24295717551 
0.182682 78.94905813211 0.23734865556 
0.183189 78.85173212901 0.24463781128 
0.183695 78.99071864875 0.24442551154 
0.184202 78.14525941973 0.24468228737 
0.184709 78.24406897840 0.24769550368 
0.185216 78.63841927193 0.24589729187 
0.185722 78.41082208622 0.24322213381 
0.186229 77.99421077756 0.24719927714 
0.186736 78.39116943616 0.24443706188 
0.187242 78.07071180606 0.24691660111 
0.187749 78.11052154892 0.25026668833 
0.188256 77.76794615085 0.24268341511 
0.188762 77.59867247453 0.23687968641 
0.189269 77.77387342214 0.24535301732 
0.189776 77.65762092237 0.25662352819 
0.190282 77.77799874445 0.24284070342 
0.190789 77.64577872929 0.24775474727 
0.191296 77.07230067604 0.24852965548 
0.191802 77.54409029283 0.24753960241 
0.192309 77.17823451826 0.24193277309 
0.192816 76.95860009423 0.24188036016 
0.193323 76.81879690734 0.24016130597 
0.193829 76.79517315600 0.23593272878 
0.194336 76.83872820476 0.24268973865 
0.194843 76.36688835697 0.23681227854 
0.195349 76.52113468441 0.23270097186 
0.195856 76.57669664206 0.23422228299 
0.196363 76.59359750593 0.23061342321 
0.196869 76.23357728038 0.22980622577 
0.197376 76.25166916083 0.22847580681 
0.197883 76.05782477250 0.22974717778 
0.198389 75.88283084898 0.22904396857 
0.198896 76.21711496007 0.22621498184 
0.199403 75.94131230303 0.22243153340 
0.199909 75.94897440542 0.22275295082 
0.200416 76.06395754716 0.22479604697 
0.200923 75.82515167997 0.21831760116 
0.201429 75.95540112165 0.22726375810 
0.201936 75.94244008152 0.22073751935 
0.202443 75.81250649167 0.21524263797 
0.202949 75.57316726355 0.22345530483 
0.203456 75.84949583879 0.22294731158 
0.203963 75.66571933649 0.21633128851 
0.204469 75.17416016267 0.22386179655 
0.204976 75.66700188362 0.21791465271 
0.205483 75.43985333359 0.21932805079 
0.205989 75.56841166189 0.21894783998 
0.206496 75.31493586032 0.21595912566 
0.207003 75.57792824520 0.21328044395 
0.207509 75.44055495685 0.21241468934 
0.208016 75.41200732751 0.21224815289 
0.208523 75.26372598142 0.21212985923 
0.209029 75.67139615181 0.20741117246 
0.209536 75.34191415690 0.21275685642 
0.210043 75.20939160077 0.21308184893 
0.210549 74.92412005397 0.21411786910 
0.211056 75.38841825546 0.21483659063 
0.211563 74.68173976159 0.20853728303 
0.212069 74.99696432471 0.21434439265 
0.212576 75.05054740001 0.21252216143 
0.213083 74.92237235472 0.21056387933 
0.213589 75.02676832572 0.21225246555 
0.214096 74.90386600770 0.20754360802 
0.214603 74.81254345529 0.20785199797 
0.215109 75.15231796244 0.21183701187 
0.215616 74.78119739129 0.21250004905 
0.216123 74.38462232790 0.20953050299 
0.216629 74.35794892149 0.20318299248 
0.217136 74.28526554660 0.20831212884 
0.217643 74.27988515606 0.21245478295 
0.218149 73.98804247172 0.21002660826 
0.218656 74.43817024715 0.20496909428 
0.219163 74.17055688317 0.20405131171 
0.219669 74.00267327819 0.20595405368 
0.220176 74.30236062546 0.20670403103 
0.220683 73.89788697874 0.20876831617 
0.221189 74.18393966977 0.20183514866 
0.221696 73.98393837465 0.20835863658 
0.222203 74.25195086101 0.20645747496 
0.222709 73.83687510937 0.20441958964 
0.223216 74.07725887614 0.20154219401 
0.223722 73.75071892412 0.20757688900 
0.224229 73.39991235264 0.20418720774 
0.224736 73.70214397555 0.20457548704 
0.225242 73.53343626646 0.20350706301 
0.225749 73.87534765204 0.20794520887 
0.226256 73.39185371222 0.20387184692 
0.226762 73.73367142971 0.20358454587 
0.227269 73.48531886662 0.20138244323 
0.227776 73.56341296688 0.20329691806 
0.228282 73.30355759232 0.19949465171 
0.228789 73.35388120691 0.20077327698 
0.229296 73.34328925738 0.19888043582 
0.229802 73.37891074663 0.20023255058 
0.230309 73.09997937052 0.20161994426 
0.230816 73.16617784610 0.20217307190 
0.231322 73.10699726911 0.20496803270 
0.231829 72.99956200053 0.20418447567 
0.232335 73.10669657692 0.19725124809 
0.232842 73.08675605355 0.20026215578 
0.233349 73.00625252988 0.20170119709 
0.233855 72.59525600904 0.19690190737 
0.234362 72.82676603956 0.20300536184 
0.234869 72.72376592181 0.20296363120 
0.235375 72.72757744390 0.20066524942 
0.235882 72.85183674657 0.19738592687 
0.236389 72.69382282724 0.20199359271 
0.236895 72.64238046779 0.19937575326 
0.237402 72.36600569352 0.19847456935 
0.237908 72.54421152332 0.20066720876 
0.238415 72.10479047348 0.19832395309 
0.238922 72.30423682069 0.20017534357 
0.239428 72.38288214660 0.20260460937 
0.239935 72.10495884538 0.20008228749 
0.240442 72.21622623301 0.19786167210 
0.240948 72.25770314406 0.19828520475 
0.241455 72.36018052340 0.20272196456 
0.241962 71.80863188517 0.20160889031 
0.242468 72.04128720270 0.19914283866 
0.242975 72.11191832389 0.20244432283 
0.243481 71.94011778783 0.20123147498 
0.243988 72.21574519796 0.20066280403 
0.244495 71.86749311205 0.20356338200 
0.245001 71.88569512289 0.19859375577 
0.245508 71.77146721078 0.19802542945 
0.246015 71.85348935443 0.19678692680 
0.246521 71.70975602597 0.20047070302 
0.247028 71.44273042103 0.19787935874 
0.247534 71.50716486584 0.19663775727 
0.248041 71.25218900706 0.19547038700 
0.248548 71.80612364767 0.19905532360 
0.249054 71.59758194050 0.19720720867 
0.249561 71.28656620250 0.19681458787 
0.250068 71.20501021966 0.19822815567 
0.250574 71.49987960114 0.19723842061 
0.251081 71.23032894381 0.19903025075 
0.251587 71.30326295049 0.19883441671 
0.252094 71.14170343554 0.19622416512 
0.252601 71.23917236164 0.19718843201 
0.253107 70.87971870741 0.19838036489 
0.253614 70.98764925558 0.19518897315 
0.254120 70.76958099821 0.19448554042 
0.254627 70.94360467306 0.19543060746 
0.255134 70.88970392795 0.19539615997 
0.255640 70.83920016100 0.19725287537 
0.256147 71.00848911767 0.19869258836 
0.256654 70.84380917408 0.19980449825 
0.257160 71.22722740268 0.19490228742 
0.257667 71.23227737601 0.19336741412 
0.258173 71.16656278864 0.19425093220 
0.258680 71.43576905544 0.19595732722 
0.259187 71.58187755775 0.19416001177 
0.259693 71.52541982090 0.19366871155 
0.260200 71.65480595624 0.19594021877 
0.260706 71.71183151980 0.19452911594 
0.261213 71.82091758382 0.19487868013 
0.261720 71.51503107142 0.19443282607 
0.262226 71.66532038680 0.19314736827 
0.262733 71.81690687260 0.19475303340 
0.263239 71.66552454289 0.19456454497 
0.263746 71.82936034570 0.19374871280 
0.264253 71.60692106172 0.19638973922 
0.264759 71.91926899249 0.19184262303 
0.265266 71.61154443127 0.19314437927 
0.265772 71.96417249258 0.19289798514 
0.266279 71.91241268882 0.19431481317 
0.266786 71.61618768060 0.19377251239 
0.267292 71.67468160038 0.19084644031 
0.267799 71.74491061929 0.19269602931 
0.268305 71.70968857722 0.18910032541 
0.268812 71.90187417302 0.19214444909 
0.269319 71.67661157814 0.19152410959 
0.269825 71.84831472224 0.18834408186 
0.270332 71.66159617240 0.18801415785 
0.270838 72.00376985014 0.18753570359 
0.271345 72.16033740993 0.19276804950 
0.271852 72.05983801230 0.19245224770 
0.272358 72.24260066816 0.19150175712 
0.272865 72.40589772033 0.19282636356 
0.273371 72.73660137625 0.19287862335 
0.273878 72.16137340823 0.19064072468 
0.274385 72.45163396305 0.19295339126 
0.274891 72.54124776341 0.18953961332 
0.275398 72.26278297119 0.19023100701 
0.275904 72.37633146988 0.18398958009 
0.276411 72.27225542752 0.18453862256 
0.276917 72.11129397940 0.18564278744 
0.277424 72.08270046065 0.18510142832 
0.277931 72.35616391657 0.18570257553 
0.278437 72.28158716702 0.18209702579 
0.278944 72.37741740421 0.17994402540 
0.279450 72.38133156905 0.18484087411 
0.279957 72.29352582365 0.18413279418 
0.280464 72.28218826194 0.18308091992 
0.280970 72.14453815759 0.18366453634 
0.281477 72.14899249589 0.18090380237 
0.281983 71.96376104688 0.17980265871 
0.282490 72.25050521644 0.18172350566 
0.282996 72.04717734381 0.18277257075 
0.283503 72.00593697345 0.18064690436 
0.284010 72.01099500170 0.17817479515 
0.284516 71.94109252007 0.17655445425 
0.285023 71.68511730641 0.17681868349 
0.285529 71.93941633381 0.17628345541 
0.286036 71.65031537985 0.17327505882 
0.286542 71.59471915620 0.17418037949 
0.287049 71.69978886365 0.17610922700 
0.287556 71.51814556500 0.17681981373 
0.288062 71.55337665412 0.17398944269 
0.288569 71.46752401715 0.17560444736 
0.289075 71.71375148679 0.17341592882 
0.289582 71.24722276348 0.17146049785 
0.290088 71.33720868876 0.17036808955 
0.290595 71.31168279168 0.17193620836 
0.291102 71.08308218410 0.17171173406 
0.291608 71.12583823616 0.17177067063 
0.292115 71.13137357576 0.16873171228 
0.292621 71.18930310537 0.16957433523 
0.293128 71.08832816773 0.16735517279 
0.293634 71.40153549269 0.16872640578 
0.294141 70.94534854691 0.16570652977 
0.294647 70.89524169326 0.17128245258 
0.295154 71.02153298484 0.16659423812 
0.295661 70.74384473115 0.16874591341 
0.296167 70.82217639028 0.16332898958 
0.296674 70.84534264568 0.16661395804 
0.297180 70.76606164668 0.16475754064 
0.297687 70.77133874412 0.16867221544 
0.298193 70.70578990332 0.16668003815 
0.298700 70.86891551834 0.16454573274 
0.299207 70.49372585615 0.16513293262 
0.299713 70.69534478254 0.16313936467 
0.300220 70.42721738307 0.16762265665 
0.300726 70.55863782281 0.16148233039 
0.301233 70.44261904774 0.16345402322 
0.301739 70.26532602753 0.16470121157 
0.302246 70.36487935986 0.16206767313 
0.302752 70.22940779707 0.16190138113 
0.303259 70.41018325776 0.16197125410 
0.303765 70.27582657395 0.16375424451 
0.304272 70.15973834294 0.16313677158 
0.304779 70.09791328833 0.16060057946 
0.305285 70.30531038135 0.16089640727 
0.305792 70.00825026760 0.16240727940 
0.306298 70.14722452582 0.16131497906 
0.306805 69.96072404313 0.16467329165 
0.307311 69.78341903664 0.15947863790 
0.307818 70.08518713234 0.16026760242 
0.308324 69.77833030432 0.15449316743 
0.308831 69.40934396055 0.15503252523 
0.309337 69.44485613599 0.15644061396 
0.309844 69.10522126630 0.15628385720 
0.310350 69.49844167831 0.15758582509 
0.310857 68.81665680111 0.15155388097 
0.311364 68.47087006281 0.15232780839 
0.311870 68.49105293433 0.14968558027 
0.312377 68.41163607739 0.14902089172 
0.312883 68.33614494173 0.14711114384 
0.313390 68.03585654452 0.14867579304 
0.313896 67.65455407339 0.14851329986 
0.314403 67.84362614949 0.14414492031 
0.314909 67.52682819683 0.14425032886 
0.315416 67.65793479182 0.14245864783 
0.315922 67.41700136778 0.14288196223 
0.316429 67.06872292187 0.14405088203 
0.316935 67.37028640544 0.14121202869 
0.317442 67.14386683075 0.14381671700 
0.317948 66.90130219534 0.14211210271 
0.318455 67.00606420212 0.13959978580 
0.318961 66.78543244781 0.14015655854 
0.319468 66.88497566273 0.13972461817 
0.319975 66.76901333943 0.14565578700 
0.320481 66.64553622913 0.14274431963 
0.320988 66.89970509639 0.14606494803 
0.321494 67.06493307234 0.13835522875 
0.322001 66.64220172788 0.15011945427 
0.322507 66.66515174588 0.14029300447 
0.323014 66.50463201071 0.14088133062 
0.323520 66.73115898500 0.14423839124 
0.324027 66.41517001919 0.14199521908 
0.324533 66.44699826837 0.14179346822 
0.325040 66.33358956590 0.14101494001 
0.325546 66.37551181039 0.14259592711 
0.326053 66.23811291025 0.13853363666 
0.326559 66.35085606824 0.13877591031 
0.327066 66.33259641142 0.13827506200 
0.327572 65.99526200644 0.14004947969 
0.328079 66.08610527760 0.14083538512 
0.328585 66.24280381757 0.14077394965 
0.329092 66.08942026985 0.14040200339 
0.329598 66.25788867902 0.13709332475 
0.330105 66.06734163717 0.13916175398 
0.330611 65.94396756723 0.13729713857 
0.331118 65.95104394249 0.13734811523 
0.331624 66.18852508556 0.13951967629 
0.332131 65.63634410502 0.14021569556 
0.332637 66.08326662021 0.13744936527 
0.333144 65.85684625202 0.13999527698 
0.333650 65.83467481187 0.13874002349 
0.334157 66.05703616584 0.13754952447 
0.334663 65.61952829205 0.13864732565 
0.335170 65.95851653808 0.14151250309 
0.335676 65.63031704199 0.13492803180 
0.336183 65.63785316346 0.13755061227 
0.336689 65.44157580266 0.13989695396 
0.337196 65.48564622259 0.14063069277 
0.337702 65.78260288204 0.13990690112 
0.338209 65.31382537679 0.14074845649 
0.338715 65.63981976977 0.13918643338 
0.339222 65.52921855658 0.14182564351 
0.339728 65.54836992793 0.13988923334 
0.340235 65.36976427902 0.21496133741 
0.340741 65.43588811426 0.13947831890 
0.341248 65.21311713846 0.13750458373 
0.341754 65.31598758146 0.14133521544 
0.342261 65.24373157279 0.13767974537 
0.342767 65.14151023088 0.14110347691 
0.343274 65.04907571731 0.13694750213 
0.343780 65.17569983639 0.13924337225 
0.344287 65.23882630069 0.13786461456 
0.344793 65.30161101121 0.14015709764 
0.345300 65.19658578733 0.14118316110 
0.345806 65.18241875715 0.14264919430 
0.346313 65.11488812974 0.14570162946 
0.346819 65.35589929042 0.14596932150 
0.347325 64.88780457350 0.14154617896 
0.347832 64.86927951970 0.14201269210 
0.348338 64.83339939485 0.14296503614 
0.348845 65.02720614785 0.14448630627 
0.349351 64.80045309750 0.14782985009 
0.349858 64.76009399705 0.14981894111 
0.350364 64.79591685123 0.14767144547 
0.350871 64.72169927530 0.14761758771 
0.351377 64.66001879066 0.14724588541 
0.351884 64.59748151246 0.14708010894 
0.352390 64.52907382902 0.14719622682 
0.352897 64.57986627421 0.14871036877 
0.353403 64.23563375397 0.14755906177 
0.353910 64.20934379730 0.14629952955 
0.354416 64.15586489449 0.15504576453 
0.354923 64.21192435704 0.15225365481 
0.355429 63.99227499985 0.15363347478 
0.355935 64.08946263458 0.15047814674 
0.356442 63.93604519163 0.15364402793 
0.356948 64.10522855677 0.15342740479 
0.357455 64.00203475110 0.15533020709 
0.357961 63.84135558497 0.15471346569 
0.358468 63.85569176516 0.15539690966 
0.358974 63.59471818986 0.22107391896 
0.359481 64.11129946968 0.20333121607 
0.359987 64.03863176127 0.20088067066 
0.360494 63.88799275048 0.18997242509 
0.361000 63.80402172139 0.18971121683 
0.361506 63.85430564201 0.18200375599 
0.362013 63.75111810247 0.18614190969 
0.362519 63.66294216830 0.18436561831 
0.363026 63.74597477014 0.18557153531 
0.363532 63.65923544372 0.18812485613 
0.364039 63.56435193254 0.18313997319 
0.364545 63.74388304405 0.17791905806 
0.365052 63.81333069476 0.18390863790 
0.365558 63.66461673411 0.18060024760 
0.366064 63.59406034968 0.18289023442 
0.366571 63.63138929669 0.18174428032 
0.367077 63.61827766863 0.18481135949 
0.367584 63.87356203166 0.18792603565 
0.368090 63.90771744481 0.18752140479 
0.368597 63.81134020193 0.18444252458 
0.369103 63.65623859310 0.18864205954 
0.369610 63.49715898027 0.18701129696 
0.370116 63.86276694098 0.19450268594 
0.370622 63.68666859326 0.19274201883 
0.371129 63.80293414781 0.19144025122 
0.371635 63.49750894225 0.19226114176 
0.372142 63.67542404736 0.19219267937 
0.372648 63.73995894064 0.19171632114 
0.373155 63.39807046176 0.19651804158 
0.373661 63.58825598677 0.19743734255 
0.374167 63.67064911438 0.19787079806 
0.374674 63.52952005012 0.20045629452 
0.375180 63.29054448542 0.19538532922 
0.375687 63.30125750784 0.19841400616 
0.376193 63.07361302077 0.20027515228 
0.376700 63.66778834204 0.20281744268 
0.377206 63.22818684550 0.19597866481 
0.377712 63.47812232286 0.19732147178 
0.378219 63.64769766979 0.20150286578 
0.378725 63.51922499625 0.20638878598 
0.379232 63.66561404613 0.21032610069 
0.379738 63.46514208136 0.20194088201 
0.380245 63.07513221237 0.21194974872 
0.380751 63.40428790077 0.20743716359 
0.381257 63.50116470858 0.20698970481 
0.381764 62.83395702550 0.20705278024 
0.382270 63.28444145175 0.21069348248 
0.382777 63.55417813038 0.20751471763 
0.383283 62.89280061926 0.20995309973 
0.383789 63.36453358391 0.20861216868 
0.384296 63.15913737641 0.20772762623 
0.384802 62.88305993489 0.20970637660 
0.385309 62.99021023143 0.20773263757 
0.385815 63.31301110975 0.21331841141 
0.386321 62.86398565661 0.21159229330 
0.386828 63.08517828554 0.21060588984 
0.387334 62.83145441396 0.21620792170 
0.387841 62.81362795933 0.21973472862 
0.388347 63.00201030798 0.21176955470 
0.388853 63.14164885602 0.21240995298 
0.389360 62.82083704432 0.21688582189 
0.389866 62.63995527753 0.21105910076 
0.390373 62.96564998553 0.21817737245 
0.390879 62.76403936242 0.21924479636 
0.391385 62.75271954173 0.21974839150 
0.391892 62.66234696969 0.21947003317 
0.392398 63.07548506842 0.21763131550 
0.392905 62.61888018862 0.22085975611 
0.393411 62.78748097736 0.22763965565 
0.393917 62.59166125422 0.22408860164 
0.394424 62.57857135816 0.22583858412 
0.394930 62.81071189969 0.22970972565 
0.395437 62.59850344229 0.22421927564 
0.395943 62.63103526643 0.22726495995 
0.396449 62.65522792551 0.36201358726 
0.396956 62.48994274885 0.22410736755 
0.397462 62.86641114668 0.23023439973 
0.397969 62.58429167019 0.23667255990 
0.398475 62.57323107962 0.23560501414 
0.398981 62.70487479672 0.23518908530 
0.399488 62.50637751532 0.23536922282 
0.399994 62.25839837736 0.23651728867 
0.400500 62.59385012991 0.24098798881 
0.401007 62.57184705148 0.23984332835 
0.401513 62.26860325339 0.23643559241 
0.402020 62.59390190730 0.23978104786 
0.402526 62.24639334402 0.24853580366 
0.403032 62.42376778991 0.25342522209 
0.403539 62.51062538371 0.25348366279 
0.404045 62.37770946834 0.24634055396 
0.404551 62.39071429201 0.26245636330 
0.405058 62.53283345278 0.26894697904 
0.405564 62.28479087548 0.27104175050 
0.406071 62.39066351523 0.25215014059 
0.406577 62.17842518910 0.25646766219 
0.407083 62.02384151810 0.26304263773 
0.407590 62.33021073949 0.26346529867 
0.408096 62.08275019294 0.27450265046 
0.408602 62.43545414846 0.27475703364 
0.409109 62.39699948171 0.25635977718 
0.409615 62.15685722526 0.27020582439 
0.410121 61.95010073046 0.25305797348 
0.410628 61.91420640217 0.25630670511 
0.411134 62.15761418988 0.26666052206 
0.411641 62.14969806660 0.27139566427 
0.412147 61.83982630035 0.26380541831 
0.412653 62.32277925324 0.25964998120 
0.413160 61.92352306933 0.26462213428 
0.413666 62.68241470733 0.26782686630 
0.414172 61.58325084188 0.27477057775 
0.414679 62.00458886683 0.27474272442 
0.415185 62.07135562278 0.28382221742 
0.415691 61.98219628654 0.27174118025 
0.416198 61.81473925834 0.27924083492 
0.416704 61.72177873271 0.27820788761 
0.417210 61.69692396280 0.28008391433 
0.417717 62.17965254154 0.29061339707 
0.418223 61.70384685678 0.27517305907 
0.418729 61.92352297975 0.28182519531 
0.419236 62.01873311259 0.28194810728 
0.419742 61.66066879706 0.26856316878 
0.420248 61.60740531501 0.27952680330 
0.420755 61.69682209174 0.28610190026 
0.421261 61.32994413713 0.27249841048 
0.421767 61.54255388545 0.28055876432 
0.422274 61.48347687195 0.28007465925 
0.422780 62.14593525282 0.27800040047 
0.423286 61.59548926266 0.28816885716 
0.423793 61.64461480884 0.27549367573 
0.424299 61.31654955328 0.28994620862 
0.424805 61.98865628240 0.28904287444 
0.425312 61.62793705497 0.29276666986 
0.425818 61.55949017048 0.28652516183 
0.426324 61.48616946999 0.30293642960 
0.426831 61.67761015016 0.29686436667 
0.427337 61.89944480050 0.30694137818 
0.427843 62.04974945763 0.30200533648 
0.428350 61.40978411680 0.30555158564 
0.428856 61.76417320642 0.30773983138 
0.429362 61.32122473732 0.30587331049 
0.429869 61.63507364137 0.31836792799 
0.430375 61.63659015643 0.31699580161 
0.430881 61.53856825983 0.31541749951 
0.431388 61.25150310923 0.31696592209 
0.431894 61.39280574446 0.32249733505 
0.432400 61.40837239605 0.32648002458 
0.432907 61.18808941927 0.32433900276 
0.433413 61.44811790228 0.33722966997 
0.433919 61.56313293849 0.32970689910 
0.434425 61.75567273067 0.34153376024 
0.434932 61.39913542864 0.31967449500 
0.435438 61.55459140461 0.34816575294 
0.435944 61.10024444309 0.33857514884 
0.436451 61.70902638115 0.34393178268 
0.436957 61.38425166083 0.36101820216 
0.437463 61.08754870844 0.34081713406 
0.437970 61.31423538235 0.35825753709 
0.438476 61.10323578120 0.37095071218 
0.438982 61.35488107639 0.38221717775 
0.439489 61.21809715209 0.37848051271 
0.439995 61.10134897303 0.35663815351 
0.440501 61.32487150957 0.37477301832 
0.441007 61.32230197552 0.36693836232 
0.441514 60.81771599864 0.37579973787 
0.442020 61.07308905784 0.38392918568 
0.442526 61.20527659496 0.39260151226 
0.443033 61.20345815995 0.38421827164 
0.443539 61.36830962610 0.40781183704 
0.444045 61.22525227381 0.41646824776 
0.444551 61.12541679259 0.39609509685 
0.445058 61.35174809701 0.41044947642 
0.445564 60.71143145031 0.43285658328 
0.446070 61.54610762892 0.44157665055 
0.446577 60.66689365468 0.45358202550 
0.447083 60.45082581295 0.46435624986 
0.447589 60.47417741320 0.45629384296 
0.448095 60.92644008098 0.46054119219 
0.448602 60.83678527893 0.44782307027 
0.449108 60.57344834997 0.47193566278 
0.449614 60.31100618123 0.48038716603 
0.450121 60.62750805418 0.47883874030 
0.450627 60.15694835140 0.51337562856 
0.451133 60.73928163942 0.50851594067 
0.451639 60.16540977676 0.52386377222 
0.452146 60.24536290689 0.53517377604 
0.452652 60.19801513206 0.54186073714 
0.453158 58.72966890658 0.55452935698 
0.453664 60.64520203021 0.56065824287 
0.454171 60.04362635636 0.58604342447 
0.454677 59.71298279025 0.59186938974 
0.455183 60.43317326367 0.60302320716 
0.455689 60.27803627168 0.63916368403 
0.456196 60.19481167160 0.68036039550 
0.456702 60.12130387837 0.62294649188 
0.457208 61.31082196280 0.71308147561 
0.457714 61.17016076826 0.74801882647 
0.458221 60.02376652961 0.71623887979 
0.458727 59.55376467201 0.75876813886 
0.459233 59.48106536508 0.82536825626 
0.459740 61.15428848280 0.85967410926 
0.460246 60.17547928399 0.89675777252 
0.460752 60.09688654588 1.00278774997 
0.461258 60.15464741414 1.01877786609 
0.461765 59.59252936704 1.08396471860 
0.462271 59.45909211047 0.99335397247 
0.462777 60.26008347531 1.18852621179 
0.463283 60.21157741666 1.28685032319 
0.463789 60.38749255261 1.33762184659 
0.464296 61.17737453451 1.44704460796 
0.464802 59.81395417010 1.34931955451 
0.465308 60.94462901471 1.55029041533 
0.465814 60.05202881881 1.72603896103 
0.466321 59.07730919645 1.72291576012 
0.466827 59.91970637138 1.82677883838 
0.467333 59.40393413595 1.91154309128 
0.467839 59.39748544178 1.95504908570 
0.468346 58.93626470181 2.29500301657 
0.468852 61.20958134285 2.57591746190 
0.469358 58.36333160614 2.81790175754 
0.469864 57.49564894521 2.94244366906 
0.470371 58.02863056720 3.71401098833 
0.470877 58.05871062613 4.37100887269 
0.471383 58.52722838542 5.67967118608 
0.471889 58.15435649261 7.45086195308 
0.472395 58.21785154437 5.99328835809 
0.472902 50.48970499962 11.97084876776 
