0.010896 1325.14219627145 13.55145763084 
0.011402 1193.82110430098 12.98029082900 
0.011909 1069.19215484790 10.57833585888 
0.012416 972.63534138675 9.37427747885 
0.012923 870.36337271460 8.41203901586 
0.013430 814.73720186336 9.84194640197 
0.013936 777.16013600909 8.45897107430 
0.014443 724.73624573741 7.37185560212 
0.014950 674.94751519528 6.38402673919 
0.015457 620.90525576681 5.33110919545 
0.015963 570.41128040225 4.38789225707 
0.016470 539.63224564542 3.83417879885 
0.016977 507.34287463198 3.98177062573 
0.017484 470.40768501056 3.58832369706 
0.017990 442.10283905495 2.87086182873 
0.018497 417.45478687946 2.67062753434 
0.019004 400.83604934600 2.28591132743 
0.019511 375.41024053948 2.34223329316 
0.020018 358.52364876017 2.08802026015 
0.020524 340.12673359170 1.86628139385 
0.021031 327.40956674065 1.99126511818 
0.021538 312.64458228362 1.70581221668 
0.022045 298.51312248669 1.74221942966 
0.022551 287.39514324411 1.55571084145 
0.023058 276.57122723709 1.52372446098 
0.023565 265.63772189776 1.55661321012 
0.024072 258.15393645263 1.66574952763 
0.024579 248.21017040783 1.73580434285 
0.025085 242.62357570533 2.10113248075 
0.025592 234.60757827124 2.07603122748 
0.026099 227.79553905487 2.13901786020 
0.026606 221.23990620725 1.69637539921 
0.027112 216.64490392520 1.71715753701 
0.027619 213.14534297140 1.49437803543 
0.028126 205.61980126066 1.56283847737 
0.028633 202.01378611719 1.37054159480 
0.029139 197.84601134399 1.23612095368 
0.029646 192.93629434539 1.11698537632 
0.030153 189.70763770437 1.17954120283 
0.030660 186.34531500526 1.10534982642 
0.031167 182.49251266423 0.98354570098 
0.031673 178.78605550142 0.94425615167 
0.032180 175.21945140301 0.88450723757 
0.032687 172.87693065334 0.86909093316 
0.033194 169.88454376901 0.81970292498 
0.033700 166.71673680954 0.81522001383 
0.034207 164.13024527296 0.76943901422 
0.034714 162.17471014752 0.78218824914 
0.035221 159.03628243398 0.72888398431 
0.035727 157.11320027335 0.67363340084 
0.036234 156.01597795055 0.65669903774 
0.036741 153.88900554646 0.66622399758 
0.037248 151.65649545987 0.64370634741 
0.037755 150.77812743378 0.64960804902 
0.038261 148.72995202484 0.61582975433 
0.038768 147.61689412996 0.61724093016 
0.039275 145.93795771174 0.59323519743 
0.039782 143.66790243079 0.57493355341 
0.040288 141.33465103126 0.56979081838 
0.040795 140.94371866362 0.55465631253 
0.041302 139.74354298597 0.57979118780 
0.041809 138.21734065316 0.56511487997 
0.042315 136.81716624751 0.56125352631 
0.042822 136.36144325253 0.52681255170 
0.043329 135.27061015511 0.55205297740 
0.043836 133.76391908212 0.52947715087 
0.044343 132.79835208190 0.51894938627 
0.044849 131.17252418181 0.51742904196 
0.045356 131.71450981487 0.51448411786 
0.045863 129.83162222991 0.47368701840 
0.046370 128.92636364600 0.50470275756 
0.046876 127.72142155959 0.47541421638 
0.047383 126.71604844865 0.49263209266 
0.047890 126.37766539798 0.49502094241 
0.048397 126.06271867118 0.47451736685 
0.048903 124.30270854392 0.49019538823 
0.049410 123.61263384343 0.48290753380 
0.049917 123.09990458989 0.47937934898 
0.050424 122.06531608386 0.46791889007 
0.050931 121.31446342905 0.45409014406 
0.051437 120.34279373864 0.46202382841 
0.051944 119.65754357443 0.43999456242 
0.052451 118.81640688793 0.45931829520 
0.052958 118.09207062270 0.44417797269 
0.053464 117.29016062192 0.44622445820 
0.053971 117.25453085780 0.45047445218 
0.054478 115.74945037388 0.43542646482 
0.054985 115.49278796190 0.44559617152 
0.055491 115.76206240394 0.44956331006 
0.055998 114.91984988772 0.43723123606 
0.056505 114.01605700875 0.40230875822 
0.057012 113.85069062121 0.42789831623 
0.057519 112.51203560883 0.44922056438 
0.058025 112.01636368526 0.41430748455 
0.058532 111.95077066912 0.40967445265 
0.059039 111.52701865419 0.42378752908 
0.059546 110.36072752049 0.41718819428 
0.060052 110.23186813140 0.41863911985 
0.060559 109.60824764159 0.40361578512 
0.061066 108.74462070637 0.40402570644 
0.061573 109.15483204509 0.41491891459 
0.062079 108.41198091996 0.39258332043 
0.062586 108.10306158486 0.41216111147 
0.063093 108.14027372189 0.39044022298 
0.063600 106.88609871469 0.38902356929 
0.064106 106.33143519731 0.38969769826 
0.064613 105.71159037092 0.40781115036 
0.065120 105.61364383835 0.40165004905 
0.065627 105.06155254724 0.38535081344 
0.066134 105.66293018906 0.38437877471 
0.066640 104.86292788238 0.37482235977 
0.067147 104.48959859861 0.37613955652 
0.067654 103.97558959800 0.36581310984 
0.068161 103.50079057002 0.36388008191 
0.068667 103.16495911665 0.36369956137 
0.069174 102.86089103370 0.37462267503 
0.069681 102.59048938481 0.35858547863 
0.070188 102.39265105152 0.35675484432 
0.070694 101.37737803729 0.34548155845 
0.071201 101.44270798549 0.35875770732 
0.071708 100.97308825438 0.35944698478 
0.072215 101.35452697161 0.34955243327 
0.072721 100.44500310766 0.35560040734 
0.073228 100.65217563711 0.33881022343 
0.073735 100.25924286004 0.34644104445 
0.074242 100.04928491211 0.34884417213 
0.074748 98.82147309267 0.34171979925 
0.075255 99.54420173771 0.33738521828 
0.075762 98.97052035304 0.33461588918 
0.076269 98.51413664250 0.34060988889 
0.076776 98.53486541621 0.33818701731 
0.077282 98.28704166816 0.32604793513 
0.077789 97.76739649152 0.32766902791 
0.078296 97.66282993304 0.31783675133 
0.078803 97.74413643288 0.32995951581 
0.079309 97.47278344652 0.33040434330 
0.079816 97.40913809495 0.33417979018 
0.080323 96.62971520802 0.34027269009 
0.080830 97.07052834258 0.33412176694 
0.081336 97.68134918130 0.34659081313 
0.081843 96.95021834972 0.33858885180 
0.082350 96.81253108749 0.32486186296 
0.082857 96.59684268333 0.33053659974 
0.083363 96.22484808877 0.34035354497 
0.083870 95.97184523627 0.33934325184 
0.084377 96.06950857294 0.33096630169 
0.084884 96.06920250522 0.32526769098 
0.085390 95.64488944805 0.33471293005 
0.085897 95.28672162615 0.33502581025 
0.086404 95.41172759830 0.33441113155 
0.086911 95.49242940917 0.32467498293 
0.087417 95.55088429760 0.33025847471 
0.087924 95.07313452999 0.32004825759 
0.088431 95.41406615445 0.32978183530 
0.088938 95.02284164806 0.32647046277 
0.089444 94.26148418200 0.33098653290 
0.089951 93.77813486821 0.32662761792 
0.090458 93.93739110280 0.33334204109 
0.090965 93.87244238118 0.32718424818 
0.091471 93.73130963363 0.33285790626 
0.091978 93.13032851956 0.32672357986 
0.092485 92.86721603653 0.34111452415 
0.092992 92.85405020557 0.33317339851 
0.093498 93.00439034131 0.33558729483 
0.094005 92.80902184797 0.32742229002 
0.094512 92.90839607604 0.33041088225 
0.095019 92.51076049573 0.32678504399 
0.095525 92.21332075336 0.33863454602 
0.096032 92.23850185074 0.33967674845 
0.096539 91.97452995471 0.32406532681 
0.097046 92.49874700804 0.33041831785 
0.097552 92.05345427448 0.33505070670 
0.098059 92.11161032817 0.32097500596 
0.098566 91.83343395075 0.32272989762 
0.099073 91.53139278124 0.32576751697 
0.099579 92.12588249913 0.32320288756 
0.100086 90.80963729012 0.31391274131 
0.100593 91.67995415902 0.33408400428 
0.101100 90.91397607334 0.31666511555 
0.101606 90.74499109356 0.31700568073 
0.102113 89.94115351770 0.30104219820 
0.102620 89.60598130312 0.30418811462 
0.103127 89.16660668699 0.29094915896 
0.103633 89.31707436248 0.29399127272 
0.104140 88.44909740795 0.30171553863 
0.104647 88.73232829197 0.29991932788 
0.105154 88.63277300427 0.30279597175 
0.105660 88.34401871182 0.29671340345 
0.106167 88.05385155536 0.30418854465 
0.106674 87.98363297476 0.30112084045 
0.107181 87.89466315113 0.30281162947 
0.107687 87.76904858949 0.30226922750 
0.108194 88.02323382425 0.30486047615 
0.108701 87.91964849861 0.29371736784 
0.109208 87.67167878586 0.29097531537 
0.109714 87.61174592700 0.28719979835 
0.110221 87.54140558392 0.28499982743 
0.110728 87.47473646061 0.29588319303 
0.111235 87.17964579329 0.28311806556 
0.111741 87.04297007799 0.28214430959 
0.112248 87.94550830081 0.28308162006 
0.112755 86.72778281827 0.28707409118 
0.113262 86.62749393869 0.28036033253 
0.113768 86.71979606988 0.27429950754 
0.114275 86.78468252827 0.28051908409 
0.114782 86.89104815135 0.27941518990 
0.115289 86.56155536747 0.27175420298 
0.115795 86.20728384284 0.27735170075 
0.116302 86.37687558775 0.27842138651 
0.116809 86.18271234893 0.27582877954 
0.117316 86.39899488461 0.27944510831 
0.117822 86.17593522018 0.27435692729 
0.118329 86.18531947087 0.27180594187 
0.118836 85.84485602302 0.26442777324 
0.119342 85.94996024373 0.26827215995 
0.119849 86.09354369274 0.26684011078 
0.120356 85.76339985019 0.26740154090 
0.120863 85.70515956663 0.26801029007 
0.121369 85.68244522847 0.27042547944 
0.121876 85.19676649404 0.26802693762 
0.122383 85.69210297830 0.26181819235 
0.122890 85.52702256795 0.25728294735 
0.123396 85.50179156312 0.25867623710 
0.123903 84.79979332862 0.26748078018 
0.124410 85.31019847355 0.26353427886 
0.124917 84.61534244656 0.26061141171 
0.125423 85.05274493531 0.26716683624 
0.125930 84.96388426862 0.25940334351 
0.126437 84.96061697429 0.26427860071 
0.126944 84.44085348096 0.25892299615 
0.127450 84.95082572691 0.25878657743 
0.127957 84.35430982031 0.25764834820 
0.128464 84.81138386025 0.26630012128 
0.128970 84.37394406555 0.24911158841 
0.129477 84.71107522966 0.24339046145 
0.129984 83.78298579798 0.25804740542 
0.130491 84.05102031578 0.25076233412 
0.130997 84.19618405204 0.25407494112 
0.131504 83.73787289603 0.25261864230 
0.132011 83.85531379147 0.24306886319 
0.132518 84.05511838681 0.24396613930 
0.133024 83.83960967406 0.24366330284 
0.133531 83.81466111837 0.24899637199 
0.134038 83.60937808204 0.24725340878 
0.134545 83.61344200749 0.24627228943 
0.135051 83.05848464851 0.24677122164 
0.135558 83.67042606718 0.24419991394 
0.136065 83.57824933889 0.24244817365 
0.136571 83.45417032174 0.24197502294 
0.137078 83.31858753227 0.24817555787 
0.137585 83.05144433293 0.23830816620 
0.138092 82.66964479898 0.24499939383 
0.138598 83.20650417684 0.24413137896 
0.139105 82.84618363536 0.24570112705 
0.139612 83.14605337738 0.23632937980 
0.140119 82.83235789503 0.24097916939 
0.140625 82.39896563664 0.23904985854 
0.141132 82.55313944393 0.23832392340 
0.141639 82.59053773204 0.24274428016 
0.142145 82.67331877451 0.23964996155 
0.142652 82.47013104875 0.23996125058 
0.143159 82.38168425365 0.23733823601 
0.143666 82.44821812270 0.24100882749 
0.144172 82.17045618775 0.24149781811 
0.144679 82.34744583123 0.23970533325 
0.145186 82.03276936130 0.23751958438 
0.145692 81.78770727845 0.24589145316 
0.146199 81.64031460032 0.24762715739 
0.146706 81.76655725899 0.23750404724 
0.147213 81.99323810593 0.24431802592 
0.147719 81.47965782405 0.24128984875 
0.148226 81.72967109729 0.23909676518 
0.148733 81.44399364408 0.24433974515 
0.149240 81.53657934275 0.24073952070 
0.149746 81.56927529706 0.24442332799 
0.150253 81.21382162231 0.24164533151 
0.150760 80.76226487855 0.24204931324 
0.151266 81.16325544407 0.24074876431 
0.151773 80.85430651483 0.23874718233 
0.152280 81.07235436030 0.24005219443 
0.152787 80.34594209131 0.24083109630 
0.153293 80.63937592703 0.23927950931 
0.153800 80.30603646445 0.23844109318 
0.154307 80.42567503012 0.23712687272 
0.154813 80.60151069732 0.24165743259 
0.155320 80.32400068526 0.23703010165 
0.155827 80.20558119706 0.23896153812 
0.156334 80.26201731954 0.23211312539 
0.156840 80.27671068985 0.23928794067 
0.157347 80.46240179241 0.24128514882 
0.157854 79.96746395132 0.24065312251 
0.158360 79.91955560184 0.23729885214 
0.158867 80.26909460872 0.23880119606 
0.159374 79.59313961882 0.23201504929 
0.159881 79.88898654316 0.23647274665 
0.160387 79.33232082117 0.23324494034 
0.160894 79.95019994970 0.23402500274 
0.161401 79.62451149648 0.23689434729 
0.161907 79.59148080136 0.23801366343 
0.162414 79.26778340299 0.23334157828 
0.162921 79.31401572311 0.23167957846 
0.163427 79.38893451696 0.23323372042 
0.163934 79.09754213015 0.23658783638 
0.164441 79.65179640531 0.24188676967 
0.164948 79.25526310343 0.22786404035 
0.165454 78.99949249684 0.22343019584 
0.165961 79.05360350821 0.23231250938 
0.166468 79.13641497483 0.23083810020 
0.166974 79.05369817910 0.22824380536 
0.167481 78.98652174594 0.22618195637 
0.167988 78.87510818307 0.22739386131 
0.168495 78.86854827354 0.22984999481 
0.169001 78.98955068754 0.23118780852 
0.169508 79.18349926429 0.22833448164 
0.170015 79.06886721348 0.22729367252 
0.170521 79.11229563116 0.23170905344 
0.171028 78.87079374230 0.23361301785 
0.171535 78.68756208921 0.24000371005 
0.172041 79.06307735323 0.23546613027 
0.172548 79.02636295889 0.23472079081 
0.173055 78.65055312162 0.23352997769 
0.173562 78.77336793654 0.23287217014 
0.174068 78.87570015001 0.23942550122 
0.174575 78.61940057741 0.23553724931 
0.175082 78.94866482894 0.23656482015 
0.175588 79.01083245867 0.23471296131 
0.176095 78.53264573608 0.23840987931 
0.176602 79.03271313411 0.23508322001 
0.177108 78.82975476087 0.24071911471 
0.177615 78.55785464209 0.23851477852 
0.178122 78.73091916946 0.23032122402 
0.178629 78.48615582579 0.23728417798 
0.179135 78.46479126764 0.23510686355 
0.179642 78.31506608478 0.23614616479 
0.180149 78.42146062602 0.23675866858 
0.180655 78.42723134805 0.23931274585 
0.181162 78.31293454119 0.23389034772 
0.181669 78.30511721782 0.23727317047 
0.182175 78.54619394244 0.24742190262 
0.182682 78.79693780470 0.24027695934 
0.183189 78.41712692577 0.24755550602 
0.183695 78.43256648902 0.24009596194 
0.184202 78.20110584725 0.24145167308 
0.184709 78.16701541771 0.23928051489 
0.185216 78.32602951013 0.23411449196 
0.185722 78.17433287265 0.23982477076 
0.186229 77.46893154776 0.24081479509 
0.186736 77.56320508298 0.24456028864 
0.187242 77.51791679027 0.24123709099 
0.187749 77.82846003338 0.24580541659 
0.188256 78.06053205376 0.24192466724 
0.188762 77.58887373433 0.24904161537 
0.189269 77.67235290445 0.24779898843 
0.189776 77.37308137474 0.24588887761 
0.190282 77.66685171541 0.24880599860 
0.190789 77.63563005332 0.24704063828 
0.191296 77.16845055277 0.24205540878 
0.191802 77.32252382042 0.23267133403 
0.192309 76.79540357634 0.23693320445 
0.192816 76.95040796589 0.24089506041 
0.193323 76.74846139785 0.23443834267 
0.193829 76.54848548112 0.23520647278 
0.194336 76.53842637827 0.23308375412 
0.194843 76.25331090315 0.23513031751 
0.195349 76.04429657258 0.23543854858 
0.195856 76.51251293246 0.23091500877 
0.196363 76.30324037218 0.23666280442 
0.196869 76.21678965606 0.22709509813 
0.197376 76.14939416659 0.22882708593 
0.197883 76.15179895220 0.22421641927 
0.198389 76.13566108945 0.23290907757 
0.198896 75.73278916702 0.22440253928 
0.199403 75.97251416309 0.22381770617 
0.199909 75.38385762757 0.21936738704 
0.200416 75.83535643543 0.22426703478 
0.200923 75.77701158402 0.22333865903 
0.201429 75.94352393885 0.22335450554 
0.201936 75.30766581035 0.22476499084 
0.202443 75.79849209335 0.22598718667 
0.202949 75.45400414414 0.22158966183 
0.203456 75.28893258806 0.22284671046 
0.203963 75.37871373500 0.21767459810 
0.204469 75.80671652708 0.22027107517 
0.204976 75.34714413734 0.21979386018 
0.205483 75.03999573073 0.21527299257 
0.205989 75.00557176088 0.21591339691 
0.206496 75.17481300223 0.21161732093 
0.207003 75.44419395441 0.22156813207 
0.207509 75.34485532057 0.22070120280 
0.208016 75.32471242861 0.21710162073 
0.208523 75.49000905222 0.21181982783 
0.209029 74.97311942431 0.20865194254 
0.209536 74.98865817134 0.21042977931 
0.210043 75.08047684632 0.21448963430 
0.210549 75.36439579469 0.21343677309 
0.211056 75.01545724706 0.21379922385 
0.211563 75.19037096721 0.20817322412 
0.212069 74.75728662245 0.21178415141 
0.212576 74.67848234051 0.21162509605 
0.213083 74.57378553157 0.20563312201 
0.213589 74.69024377296 0.21129298383 
0.214096 74.74746856359 0.20416491192 
0.214603 74.69330387601 0.21000004957 
0.215109 74.44336400666 0.20839245041 
0.215616 74.50878757217 0.20498494779 
0.216123 74.18365440810 0.20866701838 
0.216629 74.25284937743 0.21089563906 
0.217136 74.31498941783 0.21406179210 
0.217643 74.09964704961 0.20837551509 
0.218149 74.13636385816 0.21030620051 
0.218656 74.09182812688 0.20837752976 
0.219163 74.31457930592 0.20907511185 
0.219669 74.17073774988 0.20212823951 
0.220176 74.13589496759 0.20667555458 
0.220683 73.89135652770 0.20663277536 
0.221189 73.98295516034 0.20520805941 
0.221696 73.94006717007 0.20417577605 
0.222203 73.83798629288 0.20386601402 
0.222709 73.99580177326 0.20484906151 
0.223216 73.43545360446 0.20358249840 
0.223722 73.86792886902 0.20311752707 
0.224229 73.71864436689 0.20789413691 
0.224736 73.46369306514 0.20528369273 
0.225242 73.56394139253 0.19872632346 
0.225749 73.32806991201 0.20036716873 
0.226256 73.51064580281 0.20069293014 
0.226762 73.63676839238 0.19991330098 
0.227269 73.38223771273 0.20220399043 
0.227776 73.23524847183 0.20202935544 
0.228282 73.12566939378 0.19907793985 
0.228789 73.24429252312 0.19746128136 
0.229296 72.98241506416 0.20197357405 
0.229802 73.46606406199 0.19867381508 
0.230309 73.17534729653 0.19680166163 
0.230816 73.03703393258 0.20247093406 
0.231322 73.01959256406 0.20061131357 
0.231829 72.90460645964 0.19849417527 
0.232335 72.84850287148 0.20362599402 
0.232842 72.81502140612 0.19921501119 
0.233349 72.92362574929 0.20651252951 
0.233855 72.82839264293 0.20122722113 
0.234362 72.87450987315 0.19730027366 
0.234869 72.81128949996 0.19937170823 
0.235375 72.65409543783 0.19840662096 
0.235882 72.59091505007 0.20030391293 
0.236389 72.41057817718 0.19986790704 
0.236895 72.33695201774 0.19745984097 
0.237402 72.30359080708 0.19852618837 
0.237908 72.27704071447 0.19880423894 
0.238415 72.37067502296 0.20109545470 
0.238922 72.15866369864 0.20061029106 
0.239428 72.16829843776 0.19842554907 
0.239935 71.84975876617 0.20130073636 
0.240442 71.97963289044 0.19425729727 
0.240948 71.92954882202 0.19708082771 
0.241455 71.91451281315 0.19824868257 
0.241962 72.12260807814 0.19719679082 
0.242468 72.10683634045 0.19966037351 
0.242975 71.68106988810 0.20008671391 
0.243481 72.05287378990 0.19920373350 
0.243988 71.66731241136 0.19854111821 
0.244495 71.77853739208 0.20061469994 
0.245001 71.70650381857 0.20019652088 
0.245508 71.79109322117 0.19735875343 
0.246015 71.59301000550 0.20051609385 
0.246521 71.50933521499 0.19677248914 
0.247028 71.49176022382 0.19736130166 
0.247534 71.66930800273 0.19321868283 
0.248041 71.47217186059 0.20054039446 
0.248548 71.26507619330 0.19753546048 
0.249054 71.63513543171 0.19573815397 
0.249561 71.29938768400 0.19463019996 
0.250068 71.19315004453 0.19746093684 
0.250574 71.21645329476 0.19694777653 
0.251081 71.38003143927 0.19848258109 
0.251587 71.31301347018 0.19640182243 
0.252094 71.20911410481 0.19754325271 
0.252601 71.22415147935 0.19621205468 
0.253107 71.02478850616 0.19394725145 
0.253614 71.23862906261 0.19340634260 
0.254120 70.90744752729 0.19657218361 
0.254627 70.70588031790 0.19422499824 
0.255134 71.10811584889 0.19373992062 
0.255640 71.09441879143 0.19611186853 
0.256147 70.82291393135 0.19503123999 
0.256654 70.84654552754 0.19689444896 
0.257160 71.20944278100 0.19927288956 
0.257667 71.07112195775 0.19325743515 
0.258173 71.28131833168 0.19436339604 
0.258680 71.39461211915 0.19622770564 
0.259187 71.68950782444 0.19477565345 
0.259693 71.21006279409 0.19526734228 
0.260200 71.31677772785 0.19486892838 
0.260706 71.73217916667 0.19223314234 
0.261213 71.53788945740 0.19434551593 
0.261720 71.66739268208 0.19419729545 
0.262226 71.48888686858 0.19275421766 
0.262733 71.82476217817 0.19313652633 
0.263239 71.71290504335 0.19645165845 
0.263746 71.65402438709 0.19217981937 
0.264253 71.62653437498 0.19262494025 
0.264759 71.68211921259 0.19213337624 
0.265266 71.74395251215 0.19222703923 
0.265772 71.57343350385 0.19293458508 
0.266279 71.97679028318 0.19065817701 
0.266786 71.96460461346 0.19215010349 
0.267292 71.85319050708 0.19026899143 
0.267799 71.64952608334 0.19284194108 
0.268305 71.82926494105 0.19344709522 
0.268812 71.86131539195 0.19100506819 
0.269319 71.59027518134 0.19002585252 
0.269825 71.82498798897 0.18861647404 
0.270332 71.73036187677 0.19131782665 
0.270838 71.84159843476 0.19045421999 
0.271345 71.97934551692 0.19216188189 
0.271852 71.91578087659 0.19361272462 
0.272358 71.81066670969 0.19352312609 
0.272865 71.91566045732 0.19456329081 
0.273371 72.44427259804 0.19194087558 
0.273878 72.36246448513 0.19393341840 
0.274385 72.32729036327 0.19120611943 
0.274891 72.47179077195 0.18973420262 
0.275398 72.36997723015 0.18749648508 
0.275904 72.07931129071 0.18231351045 
0.276411 72.19606268759 0.18544134986 
0.276917 72.21992085701 0.18611802616 
0.277424 72.13172518956 0.18740611668 
0.277931 72.42913733541 0.18301482049 
0.278437 72.29650765943 0.17958367648 
0.278944 72.08279027645 0.18520275228 
0.279450 72.37532587735 0.18258611311 
0.279957 72.22726002763 0.18174441371 
0.280464 72.20040193182 0.18175633574 
0.280970 72.22230241666 0.18556409364 
0.281477 72.06358673111 0.17929007012 
0.281983 72.01421317653 0.18172712903 
0.282490 72.15483871836 0.18157773581 
0.282996 72.15435910251 0.18135331267 
0.283503 72.08334192143 0.17913441216 
0.284010 71.96125878235 0.17808433004 
0.284516 72.01914225083 0.17832110519 
0.285023 71.70066153598 0.17843806616 
0.285529 71.83778169050 0.17391752010 
0.286036 71.23405789242 0.17502618837 
0.286542 71.81233440139 0.17201732342 
0.287049 71.76375509636 0.17762290109 
0.287556 71.49135791052 0.17363616046 
0.288062 71.37337656904 0.17324312418 
0.288569 71.39805171947 0.17237507166 
0.289075 71.43149754434 0.16713650630 
0.289582 71.27392464791 0.17122641941 
0.290088 71.29395730907 0.17114445941 
0.290595 71.13096542149 0.16811870323 
0.291102 71.06044643839 0.17027417293 
0.291608 71.14667079840 0.17006809987 
0.292115 71.33782637396 0.16556066012 
0.292621 71.03885912306 0.16798272870 
0.293128 71.27997211168 0.16879238658 
0.293634 70.83285179093 0.16579014157 
0.294141 71.05213349699 0.17014161998 
0.294647 70.99865272478 0.16881418895 
0.295154 70.72760646894 0.16708543441 
0.295661 71.08914269678 0.16643266412 
0.296167 71.05068970873 0.16642434463 
0.296674 70.87594244370 0.16760080869 
0.297180 70.99022216717 0.16295016767 
0.297687 70.54991902950 0.16435294309 
0.298193 70.80266180714 0.16358048530 
0.298700 70.70134692924 0.16412133547 
0.299207 70.64767415250 0.16602988449 
0.299713 70.63053961237 0.16721294833 
0.300220 70.43984096487 0.16208669133 
0.300726 70.01448550517 0.16294767172 
0.301233 70.74306104575 0.16410404665 
0.301739 70.01585217269 0.16059740081 
0.302246 70.20997505979 0.16353806542 
0.302752 70.31320525946 0.16444796815 
0.303259 70.33116374526 0.16338954964 
0.303765 70.17301475962 0.16164695600 
0.304272 70.07346282516 0.15717195521 
0.304779 70.12394889722 0.15881875143 
0.305285 70.05961212797 0.15804320546 
0.305792 70.00203310062 0.16182181211 
0.306298 70.11990773395 0.15700411135 
0.306805 69.95109352101 0.16288808572 
0.307311 70.06075389659 0.15591053180 
0.307818 69.74380489856 0.16057736550 
0.308324 69.68662122282 0.15594424932 
0.308831 69.42247634810 0.15612107294 
0.309337 69.46681523252 0.15132709214 
0.309844 68.95000874638 0.14972339469 
0.310350 69.04157687174 0.15209406581 
0.310857 68.85934581177 0.15265983776 
0.311364 68.71155942875 0.15126724060 
0.311870 68.60552168052 0.15016945575 
0.312377 68.34538853346 0.14891002284 
0.312883 68.30502614898 0.15061400163 
0.313390 67.98175053007 0.14643453534 
0.313896 68.00808533010 0.14720746414 
0.314403 67.62411776299 0.14568879036 
0.314909 67.64198847362 0.14646188865 
0.315416 67.13182662460 0.14621375583 
0.315922 67.51793461663 0.14060737334 
0.316429 67.23078639535 0.14056460851 
0.316935 67.35509281286 0.13974589617 
0.317442 66.94533231267 0.14323345865 
0.317948 67.14361363951 0.13916242775 
0.318455 67.04137913423 0.14313071128 
0.318961 66.83699797984 0.14149830644 
0.319468 66.97334037115 0.14055837118 
0.319975 67.03699380524 0.14121177087 
0.320481 66.76625120110 0.14074013078 
0.320988 66.76284442381 0.14224938049 
0.321494 66.71761422453 0.14161807190 
0.322001 66.84035808433 0.16618464522 
0.322507 66.74353849621 0.14192980278 
0.323014 66.63437839409 0.14473251442 
0.323520 66.29668108797 0.14240095818 
0.324027 66.50426730103 0.14193547553 
0.324533 66.42542811770 0.13931244263 
0.325040 66.25926969929 0.14000314584 
0.325546 66.17474721111 0.14182476526 
0.326053 66.29038962432 0.13846028178 
0.326559 66.17112500876 0.13731941046 
0.327066 66.16998155317 0.13878659354 
0.327572 66.18877072233 0.14202677879 
0.328079 66.31073327272 0.14093325813 
0.328585 66.10228361966 0.13718615311 
0.329092 66.13380495568 0.13877984045 
0.329598 66.20375924761 0.13685995304 
0.330105 66.09490118764 0.13783700139 
0.330611 65.85935956366 0.14055925905 
0.331118 66.19228788474 0.13798637925 
0.331624 65.67878600769 0.14039786328 
0.332131 65.98346460747 0.13974674250 
0.332637 65.90057529345 0.13597102549 
0.333144 65.70056543276 0.14003481624 
0.333650 66.05916187718 0.14062453560 
0.334157 65.85440866317 0.14092948071 
0.334663 65.76283759548 0.13850279289 
0.335170 65.79359717230 0.13738437022 
0.335676 65.69013503247 0.14047496879 
0.336183 65.58255837002 0.13719699942 
0.336689 65.69485250195 0.13704807815 
0.337196 65.55243812690 0.14053602076 
0.337702 65.51428641259 0.13699697165 
0.338209 65.85254591222 0.13890178084 
0.338715 65.61304960689 0.14022770674 
0.339222 65.83396330123 0.14524499691 
0.339728 65.34088499857 0.13842593548 
0.340235 65.18872316932 0.20349384772 
0.340741 65.09129387531 0.13913833612 
0.341248 64.96600095755 0.13749405628 
0.341754 65.32690866922 0.13847605030 
0.342261 65.33468300025 0.13912956383 
0.342767 65.27573793299 0.14051379752 
0.343274 65.17382369231 0.14142053788 
0.343780 65.24763986590 0.14247385726 
0.344287 65.16333591222 0.13926559678 
0.344793 65.18029942428 0.14214865139 
0.345300 64.85604299694 0.13918046709 
0.345806 65.16419953036 0.14154726748 
0.346313 64.95133705730 0.14282631521 
0.346819 65.02518959602 0.14509076845 
0.347325 64.60208064064 0.14536544920 
0.347832 64.68957787328 0.14221866921 
0.348338 64.82446870429 0.14617884418 
0.348845 64.64611975499 0.14543107919 
0.349351 64.81279398988 0.14638354412 
0.349858 64.97221943404 0.15338600314 
0.350364 64.73228715237 0.14835522808 
0.350871 64.61691364519 0.14978988603 
0.351377 64.61527282923 0.14842987737 
0.351884 64.56097691737 0.14828649478 
0.352390 64.49676319454 0.14942137075 
0.352897 64.37517088202 0.14767472290 
0.353403 64.54512436904 0.14801634993 
0.353910 64.28487957632 0.14829194452 
0.354416 64.45984365876 0.15355968394 
0.354923 64.18821711931 0.15253842147 
0.355429 63.99124004966 0.15227236065 
0.355935 64.21970399742 0.15133965571 
0.356442 64.06526484318 0.15433110959 
0.356948 64.26852396664 0.15640080955 
0.357455 63.64288290175 0.15638858069 
0.357961 63.68956874977 0.15510921491 
0.358468 63.77794218749 0.15460820680 
0.358974 64.04725395263 0.22353143480 
0.359481 63.52161530018 0.20534954243 
0.359987 63.58462941464 0.20306805568 
0.360494 64.09536939270 0.19146285578 
0.361000 63.73083849449 0.18828019771 
0.361506 63.60248795159 0.18270750723 
0.362013 63.72496129010 0.18584056782 
0.362519 63.51866385663 0.18513455607 
0.363026 63.82125973738 0.18115365756 
0.363532 63.78240057652 0.18717649347 
0.364039 63.74248279564 0.18024947948 
0.364545 63.73002379999 0.18062709240 
0.365052 63.87721498029 0.18649092328 
0.365558 63.82649425712 0.18075162162 
0.366064 63.65762606236 0.18196260370 
0.366571 63.67589607345 0.18649334106 
0.367077 63.71217122106 0.18568157705 
0.367584 63.56794967486 0.18618968882 
0.368090 63.43052503186 0.18514946938 
0.368597 63.62072618093 0.18801939989 
0.369103 63.49800628720 0.18541425400 
0.369610 63.83775748988 0.18730032115 
0.370116 63.47673169779 0.18925410680 
0.370622 63.47715489615 0.19323394143 
0.371129 63.54397583603 0.19062656975 
0.371635 63.46508121140 0.19033711692 
0.372142 63.56198238161 0.19439771381 
0.372648 63.26859816200 0.19335041409 
0.373155 63.63226843852 0.19650340997 
0.373661 63.67740085651 0.19839194986 
0.374167 63.51070199368 0.19459098134 
0.374674 63.61919808161 0.19930887716 
0.375180 63.50901430757 0.19631108416 
0.375687 63.23518707437 0.19663670669 
0.376193 63.34893361021 0.20392513650 
0.376700 63.57157134899 0.20491029140 
0.377206 63.50789946391 0.20343141541 
0.377712 63.54388029366 0.20197638273 
0.378219 63.59273739695 0.20442633925 
0.378725 63.28499126803 0.20208653231 
0.379232 63.15011426135 0.20636411820 
0.379738 63.69678230529 0.20860546167 
0.380245 63.62703576684 0.20689475673 
0.380751 63.20556817121 0.21085844472 
0.381257 63.27737790611 0.20814700334 
0.381764 63.33465049462 0.21160461527 
0.382270 63.01985878786 0.20709905442 
0.382777 63.25007550248 0.20774607461 
0.383283 63.19859587697 0.21285130215 
0.383789 63.34965438868 0.21699062035 
0.384296 63.23155248262 0.21315632232 
0.384802 63.00273774840 0.21244212191 
0.385309 62.90808099532 0.20752459136 
0.385815 63.13434528798 0.21504284971 
0.386321 62.86320433796 0.21080911993 
0.386828 63.28900514689 0.21699350572 
0.387334 63.12952775780 0.21480207152 
0.387841 62.81768542886 0.21020392587 
0.388347 62.83960910653 0.21524083082 
0.388853 62.82972025800 0.21067267402 
0.389360 62.93320685885 0.22026218389 
0.389866 62.67564057695 0.21342878259 
0.390373 62.98370093033 0.21541052947 
0.390879 62.74839557939 0.21407178183 
0.391385 62.75983459396 0.22022879503 
0.391892 62.53215571544 0.22123436033 
0.392398 63.02633473864 0.22628402026 
0.392905 62.88694717853 0.22126358242 
0.393411 62.86525751593 0.22021399945 
0.393917 62.76962038065 0.22781638074 
0.394424 62.86021276987 0.22748285713 
0.394930 62.25859304065 0.22639607598 
0.395437 62.90027304181 0.22665382806 
0.395943 63.25965136317 0.23161633750 
0.396449 62.14700325808 0.30932413116 
0.396956 62.90373073382 0.23163063131 
0.397462 63.01488288460 0.23734496486 
0.397969 62.69750162809 0.23202921730 
0.398475 62.59397814063 0.22518541443 
0.398981 63.02491261359 0.23556262567 
0.399488 62.92055188180 0.24042723118 
0.399994 62.62631792209 0.23844932175 
0.400500 62.25401374892 0.23925366341 
0.401007 62.56783596399 0.24037856986 
0.401513 62.07228280623 0.24796738292 
0.402020 62.23181281970 0.24161479221 
0.402526 62.69854144185 0.25078684324 
0.403032 62.35361140498 0.24694910051 
0.403539 61.90021658222 0.24957165633 
0.404045 62.06601674163 0.24545682124 
0.404551 62.11261797425 0.26837482242 
0.405058 62.29611361878 0.25699536844 
0.405564 62.54474825863 0.25930859790 
0.406071 62.36332799328 0.25255735199 
0.406577 62.11232884887 0.25699438022 
0.407083 61.72049660032 0.25721340417 
0.407590 62.11712484943 0.26627793342 
0.408096 62.29941177556 0.27640497293 
0.408602 62.30669657816 0.27301818665 
0.409109 62.31654047748 0.26769099186 
0.409615 62.27880966507 0.26620468749 
0.410121 62.63933428620 0.26852328531 
0.410628 62.25538327475 0.25933249336 
0.411134 62.54223211916 0.27438914037 
0.411641 61.87516509724 0.27995385191 
0.412147 61.96570426645 0.27096153218 
0.412653 61.71983458572 0.26772732588 
0.413160 61.91098702391 0.25681814464 
0.413666 62.15151093353 0.27066543157 
0.414172 61.69498405025 0.27829692739 
0.414679 62.03638987865 0.27452311329 
0.415185 62.23310123342 0.28892458742 
0.415691 62.13877571123 0.26069109030 
0.416198 61.95166160472 0.27257419873 
0.416704 62.15854219651 0.28774565078 
0.417210 61.80412122718 0.27928701358 
0.417717 61.61935930106 0.29226510774 
0.418223 61.51066999096 0.28313411680 
0.418729 61.62648716102 0.28165026871 
0.419236 61.57511831025 0.27501220053 
0.419742 61.56048728294 0.26674359223 
0.420248 61.96116101498 0.26732965333 
0.420755 61.68119270242 0.28013710260 
0.421261 61.38506308535 0.27439286017 
0.421767 61.53585890523 0.27706009595 
0.422274 61.84368542214 0.27984679906 
0.422780 61.54295607864 0.28238691152 
0.423286 61.82339362088 0.29406004854 
0.423793 61.89816919966 0.27985950357 
0.424299 62.06073015311 0.28928988845 
0.424805 61.67237527955 0.29105953069 
0.425312 61.15698245102 0.29457929678 
0.425818 61.60276402597 0.28864563621 
0.426324 61.99913117471 0.29555360759 
0.426831 61.90813133276 0.28518532245 
0.427337 61.78418830409 0.29736465070 
0.427843 61.23902750034 0.29446762429 
0.428350 61.44720843287 0.30783519716 
0.428856 61.67039291973 0.30778248766 
0.429362 61.42428038652 0.29046688149 
0.429869 61.61866550618 0.31575451960 
0.430375 61.45236888185 0.31960306013 
0.430881 61.76324604794 0.31961746473 
0.431388 61.62390876463 0.31464581327 
0.431894 61.57208513309 0.31591629630 
0.432400 61.20982552931 0.33436189814 
0.432907 61.40202030044 0.32115642669 
0.433413 61.57903088137 0.33746358511 
0.433919 61.44135518476 0.33556338548 
0.434425 61.62531660591 0.32782052889 
0.434932 61.51427414734 0.32421258028 
0.435438 62.33081242250 0.36017731676 
0.435944 61.54161599592 0.31987436367 
0.436451 61.00280641261 0.32189012001 
0.436957 61.06846567070 0.35797129126 
0.437463 61.71006706669 0.34364842858 
0.437970 60.68192029875 0.33811446686 
0.438476 61.37018454246 0.35187083537 
0.438982 61.56743862831 0.35854781930 
0.439489 61.14165967232 0.37029301892 
0.439995 60.98874490985 0.37430943190 
0.440501 61.77511018964 0.38091662764 
0.441007 61.60234528592 0.37640973042 
0.441514 60.88111619467 0.37353925372 
0.442020 61.37214641871 0.40270806458 
0.442526 61.83006084991 0.40125228913 
0.443033 61.62355628343 0.38226329167 
0.443539 61.17785585477 0.40430556843 
0.444045 60.94496995159 0.42056695155 
0.444551 61.45072414728 0.42250473151 
0.445058 60.51100948777 0.40833849013 
0.445564 61.50697646562 0.44542684652 
0.446070 61.16257511114 0.43953030899 
0.446577 61.30168120440 0.43979574331 
0.447083 61.02304181155 0.45046808897 
0.447589 59.89997095985 0.45554328845 
0.448095 60.73462842778 0.46830988481 
0.448602 60.30167003993 0.46427843259 
0.449108 61.00311987131 0.47830625577 
0.449614 60.52317828771 0.47406966406 
0.450121 60.60367561320 0.49561747093 
0.450627 59.82229894977 0.50500114312 
0.451133 60.23882869380 0.49218174206 
0.451639 60.10865629977 0.51762417208 
0.452146 60.91264635064 0.54738321180 
0.452652 60.05373549176 0.58833106513 
0.453158 60.00491470020 0.55370272955 
0.453664 60.74613800954 0.58477951572 
0.454171 59.79327827413 0.59215961842 
0.454677 60.18434076272 0.62072566048 
0.455183 60.89752540600 0.61797019833 
0.455689 59.98272225846 0.62220984157 
0.456196 60.55111681039 0.65342919493 
0.456702 59.68760013465 0.64922146341 
0.457208 60.43183849587 0.66371547964 
0.457714 59.57091419312 0.76303209667 
0.458221 59.39852210299 0.73075528412 
0.458727 60.03391129547 0.79488357720 
0.459233 59.81258113783 0.80558378234 
0.459740 59.42125326611 0.85720602007 
0.460246 59.45951851222 0.86650439159 
0.460752 60.62767858424 1.02093251057 
0.461258 60.86709316921 1.00105630751 
0.461765 60.43550272182 1.10321863174 
0.462271 59.70906881856 1.04499100082 
0.462777 59.14071505807 1.20504956800 
0.463283 60.20514725985 1.30688809185 
0.463789 61.22829797866 1.36007579213 
0.464296 60.00773184453 1.34177312687 
0.464802 60.73055344945 1.40572379701 
0.465308 61.32631741207 1.55183315181 
0.465814 60.35060062499 1.65934351072 
0.466321 59.75170421237 1.71631112490 
0.466827 60.13740991712 1.83570096469 
0.467333 61.41666906180 1.93636925692 
0.467839 60.48416429948 2.05994327826 
0.468346 58.75444609360 2.30186517041 
0.468852 60.46898092335 2.66893920856 
0.469358 59.46937667644 2.96626456049 
0.469864 58.94462075417 2.92139627250 
0.470371 58.39995735163 3.88361406819 
0.470877 57.43572809260 4.39893114301 
0.471383 57.39005126884 5.49269267836 
0.471889 53.74575963867 7.05825893067 
0.472395 53.84032857672 5.74577352693 
0.472902 49.35459527876 11.87826906901 
