0.010896 1345.88284370393 13.60540596394 
0.011402 1197.57186447282 10.71271102740 
0.011909 1074.52445394701 10.60530741730 
0.012416 967.38724226516 9.52468580662 
0.012923 878.76986247266 8.04162377135 
0.013430 819.34347375376 10.81459779310 
0.013936 776.09839524779 9.01930250425 
0.014443 732.04357762025 7.59199275683 
0.014950 674.10511319461 6.52363491072 
0.015457 621.04877174677 5.27964394506 
0.015963 577.30809553233 4.74714691379 
0.016470 539.29797078169 4.14328378836 
0.016977 504.11964820040 3.66088850546 
0.017484 469.16554041145 3.05724039595 
0.017990 447.21169026363 3.00172013424 
0.018497 419.66181126318 2.70092988621 
0.019004 396.78945120003 2.32458575983 
0.019511 377.38766184663 2.19276960913 
0.020018 359.28409805141 2.00391915609 
0.020524 344.89048682601 2.06586041063 
0.021031 327.55875895270 1.79843538966 
0.021538 313.06730387314 1.76288435534 
0.022045 302.44096160436 1.62286425355 
0.022551 288.52335206482 1.58738118001 
0.023058 275.93732246393 1.47166788837 
0.023565 269.37105041027 1.63327526538 
0.024072 258.16298909208 1.77449586428 
0.024579 250.28311638525 1.59158430338 
0.025085 243.26264206814 2.13063106867 
0.025592 236.83435390272 2.16293124311 
0.026099 228.60812422776 2.16436776275 
0.026606 224.13783471786 1.66686641434 
0.027112 218.06704779823 1.74779213403 
0.027619 212.16915625238 1.59591051171 
0.028126 207.64737436785 1.48306628408 
0.028633 201.16941239195 1.38261909519 
0.029139 196.50018080172 1.16274662734 
0.029646 191.49794787755 1.19979517844 
0.030153 190.18295157189 1.10843390200 
0.030660 186.04523190267 1.06863006585 
0.031167 182.22761400139 0.91087205502 
0.031673 178.26109850840 0.94851852197 
0.032180 176.80292400184 0.87925488192 
0.032687 172.65516347118 0.86224028330 
0.033194 170.20274647609 0.83060795211 
0.033700 168.24976933834 0.75956811256 
0.034207 164.24381284618 0.78031538419 
0.034714 162.29662614158 0.71230832449 
0.035221 158.97335309974 0.73761599827 
0.035727 157.20456444173 0.67623568689 
0.036234 155.46060183628 0.65387790239 
0.036741 154.18722662596 0.66604890065 
0.037248 151.89146662643 0.63594443291 
0.037755 150.10176231397 0.61019676799 
0.038261 148.04723040786 0.61377952945 
0.038768 147.09291567718 0.55658494205 
0.039275 146.14353531293 0.61419402040 
0.039782 143.17215433917 0.57598116335 
0.040288 142.39189273584 0.57735230045 
0.040795 140.67978355062 0.57133784640 
0.041302 140.44784200303 0.55768450783 
0.041809 137.46123330414 0.55811805113 
0.042315 137.60034684992 0.56227783711 
0.042822 136.22507577179 0.54392784446 
0.043329 135.63459292562 0.54273552630 
0.043836 133.72665438022 0.53060713998 
0.044343 133.04098132793 0.53538204207 
0.044849 132.22810856959 0.49678554439 
0.045356 131.26096931841 0.52993886844 
0.045863 130.03956199368 0.51032725044 
0.046370 128.33561837399 0.49263917292 
0.046876 127.53352942326 0.50768327341 
0.047383 127.14551544783 0.47789381089 
0.047890 125.82796349424 0.49716408034 
0.048397 125.71446546894 0.47953095460 
0.048903 124.36808847958 0.48587066627 
0.049410 123.66300366420 0.47174634521 
0.049917 122.75519746017 0.47038535162 
0.050424 122.54212606133 0.46495694942 
0.050931 121.91819854160 0.46202280488 
0.051437 121.31921732977 0.44861681089 
0.051944 120.04365410091 0.45420067385 
0.052451 119.67877374606 0.44005629960 
0.052958 117.98057389194 0.44859048998 
0.053464 117.29121082368 0.44444226834 
0.053971 117.24784767484 0.44230813097 
0.054478 116.74672988229 0.44208807577 
0.054985 115.85936197751 0.44059950360 
0.055491 115.23974132284 0.43897689381 
0.055998 114.14859574059 0.42723887641 
0.056505 113.91554894881 0.43289665937 
0.057012 113.46556304123 0.42937592614 
0.057519 113.48396928380 0.44506903847 
0.058025 112.80134952924 0.40119067447 
0.058532 112.17009239969 0.42676433927 
0.059039 111.04891868991 0.42071744684 
0.059546 111.52055697947 0.43077098614 
0.060052 110.32509611083 0.40077255533 
0.060559 109.82494573255 0.41283145873 
0.061066 109.37265185672 0.39762156079 
0.061573 109.47274663198 0.39187263797 
0.062079 109.04541766126 0.41349136864 
0.062586 108.53775307182 0.39150067343 
0.063093 107.71782386346 0.38288255895 
0.063600 107.40076739179 0.40252421367 
0.064106 107.27077401607 0.37918460982 
0.064613 106.11788713098 0.41069652501 
0.065120 106.53740512593 0.36625632371 
0.065627 105.34398525504 0.37984527899 
0.066134 104.80561407030 0.37571698313 
0.066640 104.52244529965 0.38931941750 
0.067147 104.72571198752 0.36974853099 
0.067654 103.84888393853 0.38330986885 
0.068161 104.00935872128 0.37799993100 
0.068667 103.50828444176 0.35984457186 
0.069174 103.30061199530 0.38306993243 
0.069681 102.84866938664 0.37024435990 
0.070188 102.30467677465 0.36196359467 
0.070694 101.47538351859 0.36624988697 
0.071201 102.10362192060 0.37112489475 
0.071708 101.48757111115 0.36782140452 
0.072215 100.92546119403 0.34673990615 
0.072721 100.78921538087 0.34896677577 
0.073228 100.32745748872 0.34865505590 
0.073735 100.13160966865 0.35851631755 
0.074242 100.18969736445 0.33063952956 
0.074748 99.36774741793 0.33646538252 
0.075255 99.27428090704 0.32931018348 
0.075762 99.14426940044 0.32814121235 
0.076269 99.08084096087 0.34204632897 
0.076776 98.45189410924 0.34373058613 
0.077282 98.26933464328 0.32465045270 
0.077789 98.28099592986 0.32850664582 
0.078296 97.89653761109 0.33091396506 
0.078803 97.52401240598 0.34050862598 
0.079309 98.09301225809 0.31235685120 
0.079816 97.21145033032 0.33303286338 
0.080323 97.54765156958 0.32978220756 
0.080830 97.90680329857 0.32603143607 
0.081336 97.26404202213 0.33038053063 
0.081843 97.12935963341 0.32482460644 
0.082350 96.56473478427 0.33039632676 
0.082857 97.13947035847 0.33434220734 
0.083363 95.85247915475 0.33495802819 
0.083870 96.03501863894 0.33144833611 
0.084377 96.33901796677 0.34092738991 
0.084884 96.42441314157 0.34113338596 
0.085390 95.42607502723 0.33606186657 
0.085897 95.45051240538 0.34459163830 
0.086404 95.32633454904 0.33157781069 
0.086911 95.17353731409 0.33826343327 
0.087417 94.58109078586 0.32674588113 
0.087924 94.89217260678 0.32846749990 
0.088431 94.81559857322 0.33421304167 
0.088938 94.33778313975 0.32767219499 
0.089444 94.98656777249 0.32841301775 
0.089951 94.04540204982 0.32464248846 
0.090458 94.01624194380 0.32468462697 
0.090965 94.04317330201 0.34114910602 
0.091471 93.77715744649 0.32735056462 
0.091978 93.16871863824 0.32246484565 
0.092485 92.91168865030 0.34413473524 
0.092992 93.26019408438 0.34069540448 
0.093498 93.38469430521 0.33118245961 
0.094005 92.75946922865 0.33472991869 
0.094512 92.71086560536 0.33442777243 
0.095019 93.07883474348 0.32569400517 
0.095525 92.66152228525 0.33000627021 
0.096032 92.67667320565 0.31947428304 
0.096539 92.13937360795 0.33785465222 
0.097046 92.11530361362 0.32718857896 
0.097552 92.34312114568 0.33383822635 
0.098059 91.94120310261 0.33699806121 
0.098566 92.21402909968 0.32930386390 
0.099073 91.57432678278 0.32306350058 
0.099579 91.43384305692 0.31958732540 
0.100086 91.58617057277 0.31751411150 
0.100593 91.38473252984 0.31826483698 
0.101100 91.34031995084 0.31878963702 
0.101606 90.79775489486 0.31137264742 
0.102113 90.08264822200 0.30228944075 
0.102620 89.94971516830 0.31279929911 
0.103127 89.51292987962 0.29035218373 
0.103633 89.51390051011 0.29424758495 
0.104140 88.61549297706 0.29988343670 
0.104647 88.93857326412 0.30438729746 
0.105154 89.01097305020 0.29556018572 
0.105660 88.51958169263 0.30036630964 
0.106167 88.36476770490 0.30158578887 
0.106674 87.90957411076 0.30548535261 
0.107181 88.18303617872 0.29902786416 
0.107687 88.51357827841 0.29559181711 
0.108194 88.05957631505 0.29994527475 
0.108701 88.39989755336 0.29691520665 
0.109208 87.87701526584 0.29292374339 
0.109714 87.77652807713 0.28346706721 
0.110221 87.53091574604 0.29631939802 
0.110728 87.64790179471 0.28866370802 
0.111235 87.07315147203 0.28982054173 
0.111741 87.29527989861 0.28382639467 
0.112248 86.85485439644 0.28534471202 
0.112755 87.14499221713 0.27879730497 
0.113262 86.87848758788 0.27744986285 
0.113768 86.91823641229 0.28885290398 
0.114275 86.60389396969 0.28149213003 
0.114782 86.83897294805 0.28180360534 
0.115289 86.79428320041 0.27510151290 
0.115795 86.52797263190 0.27996062147 
0.116302 86.69029184845 0.27892041914 
0.116809 86.67424251793 0.27666418749 
0.117316 86.83221646555 0.27526194122 
0.117822 85.98354445957 0.28157487954 
0.118329 86.10165970849 0.27198369010 
0.118836 86.02031522283 0.27110312797 
0.119342 86.09340815514 0.26895815043 
0.119849 85.88162363348 0.27207615551 
0.120356 85.91461476113 0.26698588981 
0.120863 86.23768235894 0.27164662999 
0.121369 85.23815954995 0.26299053643 
0.121876 85.91663468781 0.26741353431 
0.122383 85.79749319448 0.26919348031 
0.122890 85.39365675084 0.26472857443 
0.123396 85.00769336179 0.25793648059 
0.123903 85.44073518311 0.27032669123 
0.124410 84.91270589507 0.26195901374 
0.124917 84.98260546562 0.25614464646 
0.125423 84.75849231684 0.26339775409 
0.125930 85.05990529967 0.26295054602 
0.126437 84.96638627362 0.25774246065 
0.126944 84.76715169961 0.25817527538 
0.127450 84.30869696897 0.25632302271 
0.127957 84.63669811419 0.25124494869 
0.128464 84.91695507750 0.25973736154 
0.128970 84.23311803411 0.24807796816 
0.129477 84.54410681696 0.25387138583 
0.129984 84.72873993985 0.25921307699 
0.130491 84.29371075229 0.24914949923 
0.130997 84.45290078352 0.25200635971 
0.131504 84.54653699181 0.25035730687 
0.132011 84.13942505078 0.25207444643 
0.132518 83.93600946814 0.24811006803 
0.133024 84.01218097023 0.25572924519 
0.133531 84.43205451531 0.25360285835 
0.134038 83.57667804933 0.24197244850 
0.134545 84.10161911052 0.24365243031 
0.135051 83.53118504531 0.24825208843 
0.135558 84.04057455092 0.24623514554 
0.136065 83.54318336750 0.24407763272 
0.136571 83.47494299228 0.24401930073 
0.137078 84.12719317117 0.25080049097 
0.137585 83.37731408138 0.25007373974 
0.138092 83.19634203168 0.24452322327 
0.138598 82.82607958066 0.24497603382 
0.139105 83.21621665348 0.23949576868 
0.139612 83.02095999448 0.24122497928 
0.140119 82.88703978857 0.23740736166 
0.140625 83.33107620589 0.24078291188 
0.141132 82.65552833377 0.23907344264 
0.141639 82.80936498141 0.23959662536 
0.142145 82.64693790196 0.24329091688 
0.142652 82.85856765693 0.24269082674 
0.143159 82.32786342922 0.24143917090 
0.143666 82.76044153906 0.24324729712 
0.144172 82.52829861888 0.23846877203 
0.144679 82.16047947089 0.24670009344 
0.145186 82.06036710496 0.23981347567 
0.145692 82.24263517335 0.24187075763 
0.146199 82.11214414387 0.24538192349 
0.146706 81.93151697172 0.24083092179 
0.147213 81.75896425351 0.24232748265 
0.147719 82.22191327514 0.24219525406 
0.148226 81.86909321480 0.24182032585 
0.148733 81.62048066050 0.23915977923 
0.149240 81.39454957231 0.23909480821 
0.149746 81.56095679581 0.23843727016 
0.150253 81.17248080421 0.23931419182 
0.150760 81.45126697557 0.23341668950 
0.151266 81.25223053540 0.24257395503 
0.151773 81.16848107682 0.24302187600 
0.152280 81.15697938132 0.23969435740 
0.152787 80.96229237095 0.24201438087 
0.153293 80.63684600300 0.23881077842 
0.153800 80.84130270366 0.23847256674 
0.154307 80.81165881161 0.24168036267 
0.154813 80.43538316749 0.23812490238 
0.155320 80.80771755432 0.23706478615 
0.155827 80.60708631088 0.23782127746 
0.156334 80.60742030547 0.23498172036 
0.156840 80.72422040302 0.24018046480 
0.157347 80.46514650692 0.23854145667 
0.157854 80.00435537406 0.23916375110 
0.158360 80.07783485419 0.23134603336 
0.158867 79.97970576811 0.23465528917 
0.159374 80.04250141984 0.23198346924 
0.159881 79.77980947254 0.23012328830 
0.160387 79.68153433961 0.23110878327 
0.160894 80.27902264131 0.23746779975 
0.161401 80.07382526641 0.23328513087 
0.161907 79.81747845135 0.23671210755 
0.162414 79.34976735733 0.23216540829 
0.162921 79.58737689011 0.23497622530 
0.163427 79.16772217897 0.23230648841 
0.163934 79.69525922546 0.23596981248 
0.164441 79.31580079163 0.23528375729 
0.164948 79.11067672690 0.22753431296 
0.165454 79.28649430678 0.22422392558 
0.165961 79.25394576731 0.22911765242 
0.166468 79.14709610351 0.23535475843 
0.166974 79.13665942408 0.22975995751 
0.167481 78.81825510843 0.22091983337 
0.167988 79.18839738213 0.23189278592 
0.168495 79.07985807482 0.23035948012 
0.169001 78.92005545639 0.23052228304 
0.169508 79.29252064850 0.23969239001 
0.170015 79.07534641946 0.23329272103 
0.170521 78.97564135694 0.23377649467 
0.171028 79.20091095277 0.23941855747 
0.171535 78.68456450545 0.23494508209 
0.172041 79.10801636135 0.23467795047 
0.172548 79.04690978491 0.23499063969 
0.173055 79.20204100445 0.23308131921 
0.173562 78.97861603931 0.23744916849 
0.174068 79.48283552235 0.23689386232 
0.174575 78.83077364165 0.23520163431 
0.175082 79.30539550958 0.23603066123 
0.175588 78.94315919009 0.23897832572 
0.176095 78.75242529185 0.23309001508 
0.176602 78.84358061912 0.23776514625 
0.177108 78.92518047236 0.23903437699 
0.177615 78.85648290172 0.23566398115 
0.178122 78.81315876362 0.23795980444 
0.178629 78.57728962539 0.23518708700 
0.179135 78.72632998048 0.23552316237 
0.179642 78.54069588681 0.23173265675 
0.180149 78.76137136140 0.23206881688 
0.180655 78.74609931757 0.24051141415 
0.181162 78.37654394757 0.23636946849 
0.181669 78.43700370736 0.24165459460 
0.182175 78.72974417163 0.24115990838 
0.182682 78.73280463129 0.24097878130 
0.183189 78.86231720252 0.24669800118 
0.183695 78.77740477042 0.23644190285 
0.184202 78.57936817797 0.24365965691 
0.184709 78.47433186002 0.24648711275 
0.185216 78.07200763922 0.23856433493 
0.185722 77.92256793427 0.24728599786 
0.186229 78.39944881005 0.24204699191 
0.186736 77.93467268159 0.24241133695 
0.187242 77.86781917361 0.24274386899 
0.187749 77.55599432303 0.24343609361 
0.188256 77.88925058691 0.24655226381 
0.188762 77.68688109905 0.24606701474 
0.189269 77.64134383794 0.23987489982 
0.189776 77.62233132480 0.25003986629 
0.190282 77.51327643194 0.24705901905 
0.190789 77.71841520818 0.24344097258 
0.191296 77.24683109096 0.24680541226 
0.191802 77.19959875277 0.23460359608 
0.192309 77.05492724329 0.23925820259 
0.192816 77.08250364124 0.23830186886 
0.193323 77.23908488976 0.23514035805 
0.193829 76.79541917053 0.23760404081 
0.194336 76.81624891452 0.23825237858 
0.194843 76.58839776157 0.22912180152 
0.195349 76.69291364396 0.23327778889 
0.195856 76.37781342716 0.23209533999 
0.196363 76.49234648672 0.23398213743 
0.196869 76.00322500024 0.23220044323 
0.197376 76.21278855320 0.22648438037 
0.197883 76.07821591751 0.22850157357 
0.198389 76.08389139547 0.22100312680 
0.198896 75.95402008560 0.22708477750 
0.199403 76.20228422188 0.22250245494 
0.199909 76.05080101585 0.22706638009 
0.200416 76.03144016063 0.22606627698 
0.200923 75.74060488886 0.22278846943 
0.201429 75.63921190515 0.22236774584 
0.201936 75.88021132948 0.21983386907 
0.202443 75.71594725201 0.21823507268 
0.202949 75.56373606831 0.21898777468 
0.203456 75.31188195506 0.21793096195 
0.203963 75.57271151814 0.21761200474 
0.204469 75.39131286057 0.21876161027 
0.204976 75.64615228237 0.22262483127 
0.205483 75.27727723047 0.21448995491 
0.205989 75.47165877000 0.21638189881 
0.206496 75.21135477098 0.21627687138 
0.207003 75.49631499899 0.21351090131 
0.207509 75.38527237748 0.21421620515 
0.208016 75.19033483980 0.21583597774 
0.208523 75.35955588571 0.21088297341 
0.209029 75.21598542160 0.21074737358 
0.209536 75.31306739508 0.21300880473 
0.210043 75.40151565755 0.21248922099 
0.210549 75.03771807280 0.21040744185 
0.211056 74.92288760208 0.21176043475 
0.211563 75.11301065794 0.21366555243 
0.212069 75.04896880674 0.21191585878 
0.212576 75.26719039387 0.21247055688 
0.213083 74.80232798148 0.21005865716 
0.213589 74.99357673424 0.20896042643 
0.214096 75.05909802006 0.20581629590 
0.214603 74.80848842377 0.20780954056 
0.215109 74.89686557288 0.20704963225 
0.215616 74.69280720472 0.20911686583 
0.216123 74.50285749328 0.20750929522 
0.216629 74.72959633037 0.20447514750 
0.217136 74.51901631683 0.20849167011 
0.217643 74.56548733967 0.20754454392 
0.218149 74.08796978272 0.20964332183 
0.218656 74.08006432686 0.20557856171 
0.219163 74.07445366635 0.20957982615 
0.219669 74.13404938609 0.20642838844 
0.220176 73.99561337276 0.20460169915 
0.220683 74.17392733128 0.20881262445 
0.221189 74.19817553910 0.20317070133 
0.221696 74.13802490627 0.20790357293 
0.222203 74.22119319035 0.20849855713 
0.222709 73.98744661247 0.20229666576 
0.223216 73.85191150605 0.20305070779 
0.223722 73.62823304392 0.20291620990 
0.224229 73.80243366263 0.20328072835 
0.224736 73.61614918574 0.20131093676 
0.225242 73.84129275725 0.20143605271 
0.225749 73.53640845659 0.20056168364 
0.226256 73.63490150829 0.20117369635 
0.226762 73.49712779094 0.20485178642 
0.227269 73.63406253330 0.20116109336 
0.227776 73.61906618254 0.20446688100 
0.228282 73.45799114004 0.20127704183 
0.228789 73.50940909756 0.20118239942 
0.229296 73.26376456927 0.19980310344 
0.229802 73.29686589828 0.20003027443 
0.230309 73.24298845540 0.19859496310 
0.230816 73.28588928289 0.19939486376 
0.231322 73.33145341049 0.19749969787 
0.231829 72.99729523318 0.20076839484 
0.232335 73.30044101198 0.20096626237 
0.232842 72.96219155872 0.20098999433 
0.233349 72.84919356665 0.20040493786 
0.233855 72.98245204531 0.20107652370 
0.234362 73.24159429161 0.19699125665 
0.234869 72.74507868144 0.20051826986 
0.235375 72.53882559861 0.19793199708 
0.235882 72.68419557926 0.20025584941 
0.236389 72.62091882417 0.19902403920 
0.236895 72.50482585110 0.19816306575 
0.237402 72.68804501985 0.20025267001 
0.237908 72.58667823283 0.19695733297 
0.238415 72.53828010548 0.20298574148 
0.238922 72.39885491480 0.20019230702 
0.239428 72.41779965621 0.20212403019 
0.239935 72.23363448250 0.19964565606 
0.240442 72.37672584635 0.19857363917 
0.240948 72.17445248980 0.19869750329 
0.241455 72.08069571074 0.19745485077 
0.241962 72.38688035135 0.20060264975 
0.242468 72.08741801327 0.19669944029 
0.242975 72.12670838968 0.19456675159 
0.243481 71.82840550934 0.19771692060 
0.243988 71.97695231996 0.20001941150 
0.244495 71.57435046866 0.20202722607 
0.245001 71.72836703494 0.19702989530 
0.245508 71.69966155391 0.19632599175 
0.246015 71.85946692382 0.19419891060 
0.246521 72.02639870556 0.19615430979 
0.247028 71.66052961180 0.19895216992 
0.247534 71.64193869964 0.19776541455 
0.248041 71.54404580421 0.19782333661 
0.248548 71.82020344687 0.19948840910 
0.249054 71.71294445239 0.19871010519 
0.249561 71.53894264285 0.19365390860 
0.250068 71.32565260327 0.19607586510 
0.250574 71.54851371364 0.19903539429 
0.251081 71.03234611429 0.19745461569 
0.251587 71.28544381715 0.19909133952 
0.252094 71.34291262659 0.19635007059 
0.252601 71.15196274558 0.19784751151 
0.253107 71.24224167000 0.19682126735 
0.253614 71.04430125772 0.19648058017 
0.254120 71.06639548346 0.19647793812 
0.254627 71.13111212224 0.19677250086 
0.255134 71.13883922382 0.19344004768 
0.255640 71.14165507673 0.19917473843 
0.256147 70.68575561155 0.19471074797 
0.256654 71.22744956770 0.20224631708 
0.257160 71.35009273045 0.19903060581 
0.257667 71.50766065752 0.19409606140 
0.258173 71.43248123222 0.19840093105 
0.258680 71.42915268626 0.19320962242 
0.259187 71.58998102421 0.19546149535 
0.259693 71.56867221489 0.19381842874 
0.260200 71.58337219945 0.19724860099 
0.260706 71.62540076247 0.19677268174 
0.261213 71.74411005047 0.19402499448 
0.261720 71.65296478140 0.19358127212 
0.262226 71.77767455044 0.19322274603 
0.262733 71.78351771275 0.19359077124 
0.263239 72.00842172229 0.19336401712 
0.263746 71.77329327127 0.19598546333 
0.264253 71.91555773701 0.19200759010 
0.264759 71.61184746693 0.19345471941 
0.265266 71.93371753924 0.19894830132 
0.265772 71.55372215096 0.19075197902 
0.266279 71.80993291740 0.19241449258 
0.266786 71.61260492277 0.19023265955 
0.267292 71.57096604149 0.19112875423 
0.267799 71.47566937790 0.19031205247 
0.268305 71.81756507802 0.19016950957 
0.268812 71.82857597786 0.19282161970 
0.269319 71.73380185080 0.19082551405 
0.269825 71.93177988065 0.18805704619 
0.270332 71.79243043794 0.18951855009 
0.270838 71.94715618414 0.18811389402 
0.271345 72.18130893376 0.18971680703 
0.271852 72.40536169776 0.19084007247 
0.272358 72.34683369391 0.19367031960 
0.272865 72.38370637994 0.19080368295 
0.273371 72.38061597590 0.19130895139 
0.273878 72.29979878395 0.19495673311 
0.274385 72.53492095133 0.19066079572 
0.274891 72.50309192990 0.19349977603 
0.275398 72.57723820246 0.18712646488 
0.275904 72.36676705352 0.18450794757 
0.276411 72.19320475439 0.18470927996 
0.276917 72.32294492568 0.18267709292 
0.277424 72.30061720986 0.18613470656 
0.277931 72.23786456298 0.18490077456 
0.278437 72.52225103706 0.18018161829 
0.278944 71.99884992269 0.18272519363 
0.279450 72.49235788260 0.18512982041 
0.279957 72.34118168293 0.18464316411 
0.280464 72.18965743682 0.18421137357 
0.280970 72.09796031190 0.18111688415 
0.281477 72.21462872741 0.18015270281 
0.281983 72.13350637450 0.17907409497 
0.282490 72.39063780700 0.18623696358 
0.282996 72.10802596248 0.17993006225 
0.283503 72.22674643972 0.18109171861 
0.284010 72.38918831262 0.18037031272 
0.284516 72.00990175473 0.17900906058 
0.285023 71.87917574833 0.17389236087 
0.285529 71.90504465837 0.17627154192 
0.286036 71.97555988228 0.17157983875 
0.286542 71.79209857698 0.17816691535 
0.287049 71.67136741212 0.17096210385 
0.287556 71.68563747082 0.17016202238 
0.288062 71.74608267642 0.16986747974 
0.288569 71.32285624207 0.17026269020 
0.289075 71.34419837178 0.17305010694 
0.289582 71.58252063492 0.17220726765 
0.290088 71.56338209193 0.17203763063 
0.290595 71.45512019233 0.16729029145 
0.291102 71.49897195627 0.16696401215 
0.291608 71.15620547852 0.16865091863 
0.292115 71.42919750164 0.16605338004 
0.292621 71.24590333935 0.16633293873 
0.293128 71.22912223846 0.16712443327 
0.293634 71.14359931382 0.16769286338 
0.294141 71.17801936062 0.16706308116 
0.294647 71.20842702346 0.16609881959 
0.295154 71.15036875708 0.16655998470 
0.295661 71.02796788731 0.16525438639 
0.296167 71.10898746183 0.16525527327 
0.296674 70.75097970283 0.16618130154 
0.297180 71.02648454824 0.16697701687 
0.297687 70.87184704111 0.16759367038 
0.298193 70.75843316603 0.16511880038 
0.298700 70.91263988410 0.16601849237 
0.299207 70.48887050785 0.16376691065 
0.299713 70.66076269077 0.16393612413 
0.300220 70.65565861094 0.16620390081 
0.300726 70.80530837804 0.15927144377 
0.301233 70.60375494744 0.16313257138 
0.301739 70.32008771370 0.16358761181 
0.302246 70.27478397739 0.16406404516 
0.302752 70.49361888828 0.16270248214 
0.303259 70.51359893095 0.16396603206 
0.303765 70.37967303386 0.15844498429 
0.304272 70.11856975391 0.15945926413 
0.304779 70.34722175407 0.15993160994 
0.305285 70.17994013783 0.16226352533 
0.305792 70.26107014527 0.16128300433 
0.306298 70.18450476264 0.16049855856 
0.306805 70.16222581863 0.16664548508 
0.307311 69.90854821955 0.15909340409 
0.307818 70.01430355474 0.15750789911 
0.308324 70.27099846051 0.15444767539 
0.308831 69.56682433074 0.15793391679 
0.309337 69.52241206959 0.15479734041 
0.309844 69.65876068607 0.15248697163 
0.310350 69.30122179086 0.15431101245 
0.310857 68.93660705588 0.15461581508 
0.311364 68.97544830576 0.15256734970 
0.311870 68.93130481174 0.14825384185 
0.312377 68.15767016756 0.15110117151 
0.312883 68.50807880521 0.14818991076 
0.313390 68.41338148925 0.14492443359 
0.313896 68.03571601517 0.14811103026 
0.314403 67.87484050940 0.14453329764 
0.314909 67.66695876317 0.14611305002 
0.315416 67.66531597113 0.14347132129 
0.315922 67.78670184910 0.14508863411 
0.316429 67.33425754438 0.14436669371 
0.316935 67.50336067629 0.13850584366 
0.317442 67.06033666434 0.14210626798 
0.317948 67.20834883854 0.14186390746 
0.318455 67.03646040279 0.14412809823 
0.318961 67.24734699960 0.14369435434 
0.319468 66.94591889845 0.14137036980 
0.319975 67.14147764779 0.14219948252 
0.320481 66.93879806177 0.14219304320 
0.320988 66.60625265264 0.14529625496 
0.321494 66.95583557898 0.14056091110 
0.322001 66.76384849710 0.16229781022 
0.322507 66.86905033768 0.14003660062 
0.323014 66.78644498085 0.14334059159 
0.323520 66.65657689637 0.14712690698 
0.324027 66.52991866191 0.14145717821 
0.324533 66.69311696017 0.14272132871 
0.325040 66.60740679638 0.14269324164 
0.325546 66.18415279016 0.13930179566 
0.326053 66.32762194900 0.13738275672 
0.326559 66.42145424647 0.13845633347 
0.327066 66.51555042454 0.13580729597 
0.327572 66.33036772207 0.13750837358 
0.328079 66.11378965453 0.13930303505 
0.328585 66.21007788017 0.13853440934 
0.329092 66.31764673257 0.13856524974 
0.329598 66.36519763382 0.13765216463 
0.330105 66.17421608294 0.14059824419 
0.330611 66.02275882544 0.13927160790 
0.331118 66.35834180798 0.14100916849 
0.331624 66.05153034378 0.14250526040 
0.332131 65.88925873801 0.13963425422 
0.332637 66.11814342009 0.14116327692 
0.333144 66.01838987935 0.13764462949 
0.333650 66.05150266140 0.13972876895 
0.334157 65.77498252179 0.13813540025 
0.334663 65.60402967635 0.13900788649 
0.335170 65.82048641446 0.14113613685 
0.335676 65.85024312049 0.13756096528 
0.336183 65.74822434610 0.13825884924 
0.336689 65.57499997108 0.13712240220 
0.337196 65.63348323699 0.13943774363 
0.337702 65.85734992845 0.13993020151 
0.338209 65.67975918730 0.13818030322 
0.338715 65.69929853022 0.13938996496 
0.339222 65.48514923421 0.14048514649 
0.339728 65.71156561505 0.14112812827 
0.340235 65.74739305459 0.18917743540 
0.340741 65.39683516846 0.13983069973 
0.341248 65.38943149892 0.13955271318 
0.341754 65.90756431479 0.13997190690 
0.342261 65.09479628450 0.14060327301 
0.342767 65.16962116485 0.14031877745 
0.343274 65.36482624507 0.14086421341 
0.343780 65.31497917852 0.13840450419 
0.344287 65.42622225157 0.13800501494 
0.344793 65.47142904817 0.13778940383 
0.345300 65.36478982479 0.14077185491 
0.345806 64.89585721406 0.14032697168 
0.346313 65.14779423718 0.13838853808 
0.346819 65.02951646820 0.14474192130 
0.347325 64.97090424523 0.14633080786 
0.347832 65.20963745039 0.14720673771 
0.348338 64.95580398310 0.14558525949 
0.348845 65.26624641093 0.14655811692 
0.349351 65.08735819462 0.14832436061 
0.349858 65.11818324961 0.15142776104 
0.350364 64.71870336465 0.14911544427 
0.350871 64.48093179167 0.14548620332 
0.351377 64.74742842026 0.14727071735 
0.351884 64.74821814081 0.14927079188 
0.352390 64.74872762370 0.15009000782 
0.352897 64.84946301831 0.15060508784 
0.353403 64.41452082399 0.14678384740 
0.353910 64.41209516648 0.15028083164 
0.354416 64.27615900069 0.15241834525 
0.354923 64.30207041153 0.14909122336 
0.355429 64.41262750927 0.14900939305 
0.355935 64.04106543279 0.14965856405 
0.356442 64.09802204788 0.15119086646 
0.356948 64.20080368124 0.15234860447 
0.357455 64.11013632415 0.15457204004 
0.357961 64.07576384603 0.15647850532 
0.358468 63.73847794234 0.15541900788 
0.358974 64.10448877350 0.21983315382 
0.359481 63.70699430318 0.20326890299 
0.359987 63.92478558535 0.19880072351 
0.360494 63.99653755953 0.18957274908 
0.361000 63.78384552147 0.18845927499 
0.361506 63.92949263371 0.18506535210 
0.362013 64.02216522761 0.18693514132 
0.362519 63.82054511092 0.18316379187 
0.363026 64.05339196882 0.18740708459 
0.363532 63.82123883769 0.18640445356 
0.364039 63.79998214168 0.18416600017 
0.364545 63.78752716989 0.17874615186 
0.365052 63.88585057486 0.18592319227 
0.365558 64.01667104614 0.18546285716 
0.366064 63.87475258319 0.18111135583 
0.366571 63.84265384526 0.18907271980 
0.367077 63.92480881894 0.18716333140 
0.367584 63.69106552451 0.18511312666 
0.368090 63.63855111106 0.18784034379 
0.368597 63.88276214741 0.18572007931 
0.369103 63.82305197264 0.19215013214 
0.369610 63.79103796829 0.18717859540 
0.370116 63.85936049317 0.18944663638 
0.370622 63.80843810531 0.18764666511 
0.371129 63.60585223157 0.19536141674 
0.371635 63.74082925036 0.19476762246 
0.372142 63.84578673097 0.19210657424 
0.372648 64.06934209556 0.19536460368 
0.373155 63.57957149776 0.19605093491 
0.373661 63.50543305557 0.19818898793 
0.374167 63.64079093961 0.19579334562 
0.374674 63.92357751899 0.19811167834 
0.375180 63.64717580275 0.19490307147 
0.375687 63.25651905032 0.19962933385 
0.376193 63.61893237701 0.19912910695 
0.376700 63.65201717055 0.19714144821 
0.377206 63.56354142265 0.20064552500 
0.377712 63.60583011213 0.20809371387 
0.378219 63.32977966128 0.20269369378 
0.378725 63.49937776687 0.20439070226 
0.379232 63.38334585207 0.20472235291 
0.379738 63.69485773539 0.20616795616 
0.380245 63.43028108341 0.20616964874 
0.380751 63.20548685438 0.20573781347 
0.381257 63.46014837978 0.21178544797 
0.381764 63.05757143253 0.20760020049 
0.382270 63.49308500788 0.20352808711 
0.382777 63.06797561147 0.20830130721 
0.383283 63.23188154581 0.20977148945 
0.383789 63.25818743245 0.20854315020 
0.384296 63.50563906980 0.21451310055 
0.384802 63.25919857991 0.21587749547 
0.385309 63.28205207569 0.21055763743 
0.385815 63.16753748059 0.21769066861 
0.386321 63.02077702111 0.20844901867 
0.386828 63.18636389875 0.21709296261 
0.387334 63.21501219457 0.21269431574 
0.387841 62.94314421696 0.21452056505 
0.388347 63.15388590931 0.21422810703 
0.388853 62.84565884943 0.21655387324 
0.389360 63.17837928595 0.21683171868 
0.389866 63.10771144782 0.20909119156 
0.390373 63.01454324951 0.21936524189 
0.390879 63.31381689851 0.22001364419 
0.391385 63.09033511975 0.21676949688 
0.391892 62.90286389351 0.21497834973 
0.392398 62.60364340195 0.21580310094 
0.392905 62.91183631237 0.22781509168 
0.393411 63.07452243333 0.22721188224 
0.393917 62.68022911130 0.22663822058 
0.394424 62.58824346658 0.22277237179 
0.394930 62.67065072100 0.22337723063 
0.395437 62.92680226153 0.22886692077 
0.395943 62.67994542617 0.22037791838 
0.396449 62.79742749853 0.27278514739 
0.396956 62.85218664517 0.22701781430 
0.397462 62.68172709055 0.23726693825 
0.397969 62.93056053348 0.23554789779 
0.398475 62.42636864241 0.24091629444 
0.398981 62.51605071002 0.23423133480 
0.399488 63.00948016014 0.22823734241 
0.399994 62.56355346207 0.24253037336 
0.400500 62.85780162689 0.23836416846 
0.401007 62.49704071817 0.23667903803 
0.401513 62.67952469350 0.23958243534 
0.402020 62.40992111321 0.24702676664 
0.402526 62.59173811741 0.24171205269 
0.403032 61.94817081054 0.23802442584 
0.403539 62.20459356922 0.25333304076 
0.404045 62.24066240871 0.25009615850 
0.404551 62.36130707921 0.27100665362 
0.405058 62.29612206698 0.26733040920 
0.405564 62.08243943125 0.26307352796 
0.406071 62.66776702960 0.25570945158 
0.406577 63.00791424019 0.25571823060 
0.407083 62.06796459115 0.26061728105 
0.407590 62.33958447899 0.26401538158 
0.408096 62.45662294745 0.27060671315 
0.408602 62.33043048222 0.27359308321 
0.409109 62.03842863997 0.26341749781 
0.409615 62.29807541118 0.27217025929 
0.410121 62.20266076675 0.25450546494 
0.410628 62.44461327020 0.27139133725 
0.411134 62.42166378027 0.26242063821 
0.411641 62.31650934047 0.27508622924 
0.412147 62.11736445218 0.26264685692 
0.412653 62.25643001741 0.27475746659 
0.413160 62.30401517158 0.26034370669 
0.413666 62.44468984910 0.26045936117 
0.414172 62.26339391488 0.27748740792 
0.414679 62.29774553963 0.27622594632 
0.415185 62.23498659573 0.28259419848 
0.415691 61.93898858765 0.27216471402 
0.416198 61.96161544399 0.27390364478 
0.416704 61.99371712842 0.28683705729 
0.417210 61.95350558384 0.28290696773 
0.417717 61.84381042235 0.29018310959 
0.418223 62.08500600698 0.27360743815 
0.418729 62.19387197764 0.28410488893 
0.419236 62.05979175550 0.29057521226 
0.419742 62.07080185869 0.27496641817 
0.420248 62.21430952030 0.27963043265 
0.420755 62.11272834652 0.27093482445 
0.421261 61.53288720522 0.27982091239 
0.421767 61.81558866286 0.28894505836 
0.422274 62.08582044668 0.28634449274 
0.422780 61.90745858110 0.27293672966 
0.423286 62.12791481078 0.28869880138 
0.423793 61.56553875316 0.27559590841 
0.424299 61.93641361606 0.28971155556 
0.424805 62.47407763337 0.29183947426 
0.425312 61.76475839392 0.29217334203 
0.425818 61.72371007398 0.28614316072 
0.426324 61.91150167331 0.29977446057 
0.426831 61.64549089808 0.29240342724 
0.427337 62.02019608893 0.30570077182 
0.427843 61.90530624359 0.30248788649 
0.428350 61.57239857086 0.29884014843 
0.428856 61.74021943836 0.30301670695 
0.429362 61.89863093934 0.30100618851 
0.429869 62.19349865086 0.30923947023 
0.430375 61.69491641961 0.32319084653 
0.430881 61.58197360729 0.31786186948 
0.431388 61.99351479304 0.31571599731 
0.431894 61.79121874837 0.31760217166 
0.432400 61.59523900704 0.32791874454 
0.432907 61.46148634822 0.32033056565 
0.433413 61.39575064200 0.33925743027 
0.433919 61.53851082043 0.33627641168 
0.434425 61.11668676137 0.32156489962 
0.434932 61.34506238145 0.33494983152 
0.435438 61.86111151833 0.36265093820 
0.435944 60.99898342880 0.32406153045 
0.436451 61.59481871553 0.33747887546 
0.436957 61.57547351321 0.35764018682 
0.437463 60.97223517160 0.33871487969 
0.437970 61.38966279412 0.34741273641 
0.438476 61.89584285598 0.35688548956 
0.438982 61.60861546676 0.36220325480 
0.439489 61.16377001237 0.37051361445 
0.439995 61.33794260804 0.36176535910 
0.440501 61.67476929428 0.38937611908 
0.441007 61.58671765614 0.37825455102 
0.441514 61.95213564064 0.40831588511 
0.442020 61.70860224051 0.39985829754 
0.442526 61.31734145564 0.39157029437 
0.443033 61.30741347967 0.39291432877 
0.443539 61.66666308340 0.40398553819 
0.444045 60.74564891055 0.40647319752 
0.444551 61.16855630958 0.41661235317 
0.445058 61.37900259405 0.40960753793 
0.445564 61.65493326375 0.44381454816 
0.446070 61.03159687635 0.42311973586 
0.446577 60.92919800222 0.44604556656 
0.447083 60.95026057232 0.44340423442 
0.447589 60.80110839046 0.44557491878 
0.448095 61.38760374982 0.45970495424 
0.448602 60.88484542304 0.44667798293 
0.449108 61.13741440182 0.49307773977 
0.449614 61.17406894462 0.50021199463 
0.450121 60.39975907546 0.49422884833 
0.450627 59.80546307484 0.51514012291 
0.451133 61.01948869961 0.49807375214 
0.451639 60.43205713474 0.51670311760 
0.452146 60.84063561746 0.53933091096 
0.452652 60.97141725138 0.55033205975 
0.453158 60.42321715395 0.58749870847 
0.453664 61.51493583891 0.58061389489 
0.454171 60.59092490986 0.58550515874 
0.454677 60.06817563937 0.58448248238 
0.455183 60.25524790303 0.63006203460 
0.455689 60.74141417862 0.63381567512 
0.456196 60.93791490662 0.66025660520 
0.456702 60.23725472820 0.64916993244 
0.457208 60.13952183897 0.68504067444 
0.457714 60.58016092843 0.73100267677 
0.458221 59.95191615819 0.75405733266 
0.458727 60.65439292799 0.80005282013 
0.459233 59.81409129575 0.85665315396 
0.459740 59.99329586705 0.83212745602 
0.460246 60.47269964511 0.88281453974 
0.460752 60.85477895041 0.93420649049 
0.461258 60.29964206217 0.97121494994 
0.461765 60.08446585479 1.08056820573 
0.462271 61.09360798792 1.04595264404 
0.462777 61.35907237259 1.24006776903 
0.463283 61.27810669461 1.28492177321 
0.463789 61.02170411420 1.39848380562 
0.464296 59.91533001884 1.39544463967 
0.464802 59.36010322006 1.37585329700 
0.465308 59.76895476262 1.50435641569 
0.465814 61.99869263367 1.70626620977 
0.466321 59.26568597328 1.75197490743 
0.466827 59.98140389424 1.87013179772 
0.467333 59.46720873892 1.90266309837 
0.467839 59.73211753572 1.89501437670 
0.468346 58.82080106625 2.26912075235 
0.468852 61.19399481029 2.53112473322 
0.469358 59.67975483163 2.93077059991 
0.469864 59.73863524807 2.90250680367 
0.470371 56.23905049627 3.73195805895 
0.470877 55.42240595881 4.11107468485 
0.471383 55.87555110692 5.31263108859 
0.471889 55.65830374067 7.41346299821 
0.472395 58.62170149561 6.65368434887 
0.472902 58.09273376196 14.03859896383 
