0.010896 1353.51103357934 14.24929634569 
0.011402 1210.26794404146 12.46170484935 
0.011909 1089.34119067434 10.85638898467 
0.012416 979.84539018522 9.13960778299 
0.012923 885.40005400729 8.26998510535 
0.013430 828.09662921639 11.23091439222 
0.013936 787.04539821710 9.39652155729 
0.014443 733.69384236562 7.91892954654 
0.014950 681.96266111512 6.76054898062 
0.015457 629.15325649083 5.72706589764 
0.015963 584.76731971592 4.80610365473 
0.016470 545.73610808681 4.32714345362 
0.016977 512.98107237858 3.66880880659 
0.017484 474.37952965235 3.29974283386 
0.017990 452.32357328468 3.20758022300 
0.018497 424.60373288509 2.68385419203 
0.019004 400.82276104916 2.41600618626 
0.019511 379.04436203728 2.29063819504 
0.020018 363.28940667957 2.03121592204 
0.020524 345.37992984741 1.89016379534 
0.021031 329.89561799782 1.91745011469 
0.021538 314.61863718316 1.64271519893 
0.022045 301.92800472912 1.73678250468 
0.022551 288.03306981498 1.47464943591 
0.023058 279.48355011005 1.57916241454 
0.023565 269.47741336382 1.60478029313 
0.024072 260.67002708207 1.78930457500 
0.024579 249.65111020527 1.70664384225 
0.025085 243.57737544887 2.12635583146 
0.025592 236.15338778740 2.11270392057 
0.026099 228.98653282769 2.11370558235 
0.026606 224.49626199446 1.60723761347 
0.027112 217.78594214517 1.70513263860 
0.027619 212.01378515999 1.55110595583 
0.028126 206.50050196481 1.54942300691 
0.028633 202.31731226022 1.34203369471 
0.029139 198.34789380650 1.10133168769 
0.029646 193.66351292360 1.09484927091 
0.030153 189.26124863491 1.20195682156 
0.030660 186.04151938166 1.02014628147 
0.031167 181.01087580533 0.87766433109 
0.031673 178.72711899903 0.93630596829 
0.032180 176.85323377247 0.88747595316 
0.032687 173.68844175913 0.89880587820 
0.033194 169.32290581138 0.84353566352 
0.033700 167.15754151111 0.73459777760 
0.034207 164.69147546885 0.72099350134 
0.034714 161.94818082737 0.75566533999 
0.035221 160.26014762518 0.73620918450 
0.035727 158.68905140789 0.67605522265 
0.036234 156.56996879335 0.65020714278 
0.036741 153.83529490082 0.69744418110 
0.037248 151.53794455455 0.66105751995 
0.037755 150.50300804103 0.61904592851 
0.038261 148.66547752557 0.63457520079 
0.038768 146.58900299983 0.61630085491 
0.039275 145.25080719147 0.59355706859 
0.039782 144.59353353604 0.58419091917 
0.040288 141.70980203111 0.55776032965 
0.040795 141.30098739961 0.56601505744 
0.041302 139.61064478996 0.53962691418 
0.041809 138.87466721421 0.56213850350 
0.042315 137.64333011670 0.53117419343 
0.042822 135.80716500116 0.52950131984 
0.043329 134.21593401749 0.51818663996 
0.043836 133.69700867146 0.53752663455 
0.044343 132.83049827597 0.52633299923 
0.044849 132.13930612928 0.53193290090 
0.045356 130.72495150331 0.51528151636 
0.045863 129.25713247665 0.49063673960 
0.046370 128.55895139918 0.50214799964 
0.046876 127.05680428715 0.48704664304 
0.047383 127.12493378538 0.47962343297 
0.047890 126.54505007227 0.51082291649 
0.048397 125.30877435461 0.50552333928 
0.048903 123.91415514353 0.46188343305 
0.049410 123.75935355753 0.48172683924 
0.049917 123.20037864561 0.46971801743 
0.050424 122.32007027504 0.47310186017 
0.050931 121.09510117224 0.48347422776 
0.051437 120.98936444125 0.44982894605 
0.051944 119.76777072440 0.45068027567 
0.052451 119.48398553748 0.44942907933 
0.052958 118.69266335372 0.44694975504 
0.053464 118.43146631785 0.44581632704 
0.053971 116.28580632552 0.45591935284 
0.054478 115.91933841635 0.44732146751 
0.054985 116.05629445395 0.43145509000 
0.055491 115.21028060424 0.42522459548 
0.055998 114.59530030653 0.43140368181 
0.056505 113.71800213676 0.42362371040 
0.057012 113.70104569141 0.44178525661 
0.057519 112.58909483021 0.43875293852 
0.058025 111.95443688848 0.40264144549 
0.058532 112.05557644952 0.39918890495 
0.059039 111.03253290128 0.41294144882 
0.059546 110.39180620085 0.41698358220 
0.060052 110.41465257297 0.41283408043 
0.060559 109.28740131700 0.41546499823 
0.061066 109.27737161642 0.39441878244 
0.061573 109.10937874334 0.39195375377 
0.062079 108.22274134210 0.41373618008 
0.062586 108.22003914789 0.40059171800 
0.063093 107.37825533705 0.37837332966 
0.063600 106.56593538464 0.37679987642 
0.064106 106.67125452170 0.40040039218 
0.064613 106.09915185521 0.40534832204 
0.065120 105.81944644061 0.36318662781 
0.065627 105.29359613567 0.38550066327 
0.066134 104.98196004091 0.37059991160 
0.066640 105.03413380000 0.38224076973 
0.067147 104.32190985162 0.38304639585 
0.067654 103.49283728358 0.37669852046 
0.068161 103.57683947978 0.37721503486 
0.068667 103.47499620363 0.37301238746 
0.069174 102.72416081097 0.37788916012 
0.069681 102.59210639908 0.36135379717 
0.070188 102.77215795800 0.36628793185 
0.070694 102.00214152231 0.35279915493 
0.071201 101.46708951014 0.35291206108 
0.071708 101.35549178110 0.35877864124 
0.072215 100.99841958785 0.34672067143 
0.072721 100.38629624433 0.35282486644 
0.073228 100.73721996818 0.35288116209 
0.073735 100.11236843525 0.34594401824 
0.074242 99.70679737996 0.33537274065 
0.074748 99.29613017510 0.33860841261 
0.075255 99.12177094315 0.33375735415 
0.075762 99.05838437846 0.33606172895 
0.076269 98.98549917155 0.33977812570 
0.076776 98.14470781139 0.34227215387 
0.077282 98.11102756771 0.33057761820 
0.077789 97.64623896205 0.32701017360 
0.078296 97.92015569001 0.32930947263 
0.078803 97.92399849000 0.33416759247 
0.079309 97.10418452991 0.32895745314 
0.079816 97.16255265308 0.33425214469 
0.080323 97.18583407004 0.32829198686 
0.080830 97.88892485093 0.32652433022 
0.081336 96.48432386367 0.33399646317 
0.081843 97.64047914750 0.33026601595 
0.082350 96.57560237104 0.31576051594 
0.082857 96.72412243618 0.31970660597 
0.083363 95.93469368006 0.33347557768 
0.083870 95.65836998314 0.33824391656 
0.084377 95.70182854993 0.33223723548 
0.084884 95.38683182175 0.32654554568 
0.085390 95.52761106103 0.32412239854 
0.085897 95.26601001156 0.33009826128 
0.086404 95.37161675900 0.32806874792 
0.086911 95.27302414768 0.34008311603 
0.087417 94.60898213936 0.32188790188 
0.087924 95.35783342755 0.32842819658 
0.088431 94.98888656101 0.33156642376 
0.088938 94.38523498911 0.33321393139 
0.089444 94.42509390053 0.33811411792 
0.089951 94.45436871797 0.33087970440 
0.090458 94.33257121644 0.32354058499 
0.090965 93.69409092034 0.32356104609 
0.091471 93.82186150964 0.32801489888 
0.091978 93.63695584424 0.31787675534 
0.092485 92.77046529696 0.34593082731 
0.092992 92.66189059344 0.34038461296 
0.093498 92.78345591541 0.34415896015 
0.094005 92.67532891483 0.33881781819 
0.094512 92.59321869465 0.32921692638 
0.095019 92.36590029987 0.33436753120 
0.095525 92.59277365179 0.32576412212 
0.096032 92.81942092027 0.33691936881 
0.096539 91.49407128274 0.32092025982 
0.097046 92.36640425725 0.32000441220 
0.097552 91.57070700759 0.32935233146 
0.098059 91.63361127246 0.31891949769 
0.098566 91.85524541863 0.33578059363 
0.099073 91.34851241919 0.31329010147 
0.099579 91.41790867446 0.32945078579 
0.100086 91.35817741928 0.31865590952 
0.100593 91.81583804078 0.32350953813 
0.101100 90.77093234729 0.32655277505 
0.101606 90.77527701991 0.30628908478 
0.102113 90.34950604731 0.30809453487 
0.102620 89.14623142715 0.30479079069 
0.103127 89.52947454150 0.30524221381 
0.103633 88.97160028358 0.29176547274 
0.104140 88.75848760154 0.30399864893 
0.104647 88.55863159352 0.29407851874 
0.105154 87.84271788523 0.29703816988 
0.105660 88.41465491610 0.29808057929 
0.106167 88.55285120014 0.31094030251 
0.106674 87.99327873002 0.30895862934 
0.107181 87.95984804584 0.30266562708 
0.107687 87.83906594821 0.30372113218 
0.108194 87.89803729061 0.28966873363 
0.108701 87.95126559496 0.29465666765 
0.109208 88.24014475311 0.29793920948 
0.109714 87.75292370062 0.28754441350 
0.110221 87.69187590814 0.29462978238 
0.110728 87.27663731836 0.29111352120 
0.111235 87.61117039907 0.29371687733 
0.111741 87.12517395525 0.28824637710 
0.112248 87.69555158673 0.28064223343 
0.112755 87.15486455392 0.27937255539 
0.113262 87.05842594033 0.28312360419 
0.113768 86.90638356263 0.27810429055 
0.114275 86.82693655427 0.27672989309 
0.114782 86.39365000177 0.27925436289 
0.115289 86.51520787324 0.27150829420 
0.115795 86.78330426817 0.27885143560 
0.116302 86.16373117607 0.27639315017 
0.116809 86.51590890799 0.26691724182 
0.117316 86.92946313900 0.27258606755 
0.117822 85.95765764204 0.27022539613 
0.118329 86.42773263695 0.27198246514 
0.118836 86.41266573238 0.27217302004 
0.119342 85.67300807584 0.27211784257 
0.119849 86.00773821864 0.26929425354 
0.120356 86.00398601020 0.26801069196 
0.120863 86.01375344324 0.27022273211 
0.121369 85.57176211107 0.25998334919 
0.121876 85.61784505036 0.26604783584 
0.122383 85.30489002996 0.26292510475 
0.122890 85.89448016024 0.26087770457 
0.123396 85.36839439451 0.25652856598 
0.123903 84.99960083261 0.26579684847 
0.124410 85.38194849278 0.26138027570 
0.124917 84.89141497129 0.25998077513 
0.125423 85.13425871078 0.26239451707 
0.125930 84.88094106039 0.25441316652 
0.126437 84.73745210458 0.25702305779 
0.126944 85.16960090073 0.25904468482 
0.127450 84.37363898469 0.25682754678 
0.127957 84.42267133652 0.25717977494 
0.128464 84.23009125944 0.25011085517 
0.128970 84.50294379767 0.24985588902 
0.129477 84.28495010798 0.24924775617 
0.129984 84.37144920212 0.24791803170 
0.130491 84.29550681193 0.25430890955 
0.130997 84.27278739269 0.25306643850 
0.131504 84.12092673998 0.25226004826 
0.132011 84.25841124046 0.25280198390 
0.132518 84.19163081577 0.25102623924 
0.133024 84.19985792691 0.24778696989 
0.133531 83.52974036069 0.24680657078 
0.134038 83.96127354596 0.24010577786 
0.134545 83.85449309825 0.23899190850 
0.135051 83.63833610912 0.24923498025 
0.135558 83.50047402184 0.25106914270 
0.136065 83.34625987452 0.24520268835 
0.136571 83.47607597173 0.24280949716 
0.137078 83.13148111730 0.24616035607 
0.137585 83.47952731318 0.24258807833 
0.138092 83.29706394918 0.24523685582 
0.138598 82.64231608161 0.23831705348 
0.139105 83.41218395132 0.24029596220 
0.139612 83.23912736438 0.23659820004 
0.140119 83.01445173905 0.23925199627 
0.140625 83.07201333197 0.23790409203 
0.141132 82.98313350452 0.24080053446 
0.141639 83.02465283752 0.24953527650 
0.142145 82.80979117459 0.24616145345 
0.142652 82.64006962992 0.24149212928 
0.143159 82.34083963626 0.24368183167 
0.143666 82.31563408689 0.24179269640 
0.144172 82.29936408330 0.23731011195 
0.144679 81.91682123497 0.23848047600 
0.145186 81.69596760880 0.23796509804 
0.145692 82.07147575062 0.24577898609 
0.146199 82.23338654285 0.24804625829 
0.146706 82.15997897321 0.23857500609 
0.147213 81.63690949536 0.24420480513 
0.147719 81.58798940583 0.23843098233 
0.148226 81.72417836036 0.24138995929 
0.148733 81.92754069923 0.24001800917 
0.149240 81.49035351617 0.24432174401 
0.149746 81.67301354429 0.24479907290 
0.150253 81.57936396293 0.23605303891 
0.150760 81.27875998739 0.24215652613 
0.151266 81.21412279492 0.24063391354 
0.151773 81.40203124197 0.24003007159 
0.152280 80.88476048580 0.23620315304 
0.152787 80.89208815757 0.23858538871 
0.153293 81.19146038478 0.23810844261 
0.153800 81.22815212300 0.24574866922 
0.154307 80.58140607794 0.24125548965 
0.154813 80.65698016422 0.24148842378 
0.155320 80.79349368658 0.24189953903 
0.155827 80.67846124989 0.23844570251 
0.156334 80.58379461131 0.23928219874 
0.156840 80.67354931995 0.23982026363 
0.157347 80.31024653322 0.24073964298 
0.157854 80.30324569702 0.23220263521 
0.158360 80.31678571529 0.23504261118 
0.158867 80.22345546464 0.23435682728 
0.159374 80.02802021863 0.23183770302 
0.159881 80.11251333178 0.23826334137 
0.160387 80.10088989402 0.23360495989 
0.160894 79.90020263457 0.23389491149 
0.161401 79.71057017832 0.23196755953 
0.161907 79.64475763061 0.23407412107 
0.162414 79.67154826353 0.23446598344 
0.162921 79.49428797622 0.23637091824 
0.163427 80.06555499827 0.23274018122 
0.163934 79.91866873688 0.23399640073 
0.164441 79.47570994448 0.23480151945 
0.164948 79.35562357997 0.22655686854 
0.165454 79.19283917099 0.23057071698 
0.165961 79.30329480539 0.22976264222 
0.166468 78.84574681138 0.22730360480 
0.166974 79.41859338661 0.22621472227 
0.167481 78.68112663558 0.23287031290 
0.167988 79.07904945395 0.22347002684 
0.168495 79.16155262190 0.23124087824 
0.169001 78.76576469427 0.23803227453 
0.169508 79.28881008178 0.23598894026 
0.170015 79.23637632776 0.23306658458 
0.170521 79.16727032647 0.23053840973 
0.171028 79.19389703371 0.22823690531 
0.171535 79.12797160809 0.23527899700 
0.172041 79.18635184116 0.23929367003 
0.172548 79.19427176320 0.23613220049 
0.173055 79.18842500387 0.23936551853 
0.173562 79.15226861985 0.23723944969 
0.174068 78.61342995014 0.23626798283 
0.174575 78.91412764847 0.23327165920 
0.175082 78.76942103710 0.22696223654 
0.175588 78.76241535474 0.23919307064 
0.176095 78.87809292107 0.23452469225 
0.176602 79.18677479633 0.23818868530 
0.177108 78.82024617370 0.23182301496 
0.177615 78.43784527490 0.23764186010 
0.178122 78.64831129015 0.23220118646 
0.178629 78.67036535663 0.24161978110 
0.179135 78.71085859848 0.23575719451 
0.179642 78.41164047117 0.23539657798 
0.180149 78.73982613087 0.23853890468 
0.180655 78.32698595998 0.23479630940 
0.181162 78.67866717028 0.23639287616 
0.181669 78.77130516810 0.24245511211 
0.182175 78.49324842932 0.23418865428 
0.182682 78.50694311502 0.24459721624 
0.183189 78.73542726049 0.24285013283 
0.183695 78.69096417890 0.24297504880 
0.184202 78.12341397714 0.24360749617 
0.184709 78.30314569433 0.23839138460 
0.185216 78.15827940918 0.24314927675 
0.185722 78.39883447721 0.24430979514 
0.186229 78.06669895579 0.24274365429 
0.186736 78.12994972453 0.24723350400 
0.187242 78.07351463045 0.24214496669 
0.187749 77.90148937258 0.24786233849 
0.188256 77.70024181747 0.24735173467 
0.188762 77.97241234818 0.24385269867 
0.189269 77.62368459640 0.24551760893 
0.189776 78.03774256652 0.24493649464 
0.190282 77.28897716571 0.24668346977 
0.190789 77.76621037219 0.24511390130 
0.191296 77.40401558610 0.24706243489 
0.191802 77.39064367535 0.23764395843 
0.192309 76.70734221943 0.24162335832 
0.192816 76.88893602021 0.24232619895 
0.193323 76.75408044203 0.23978693053 
0.193829 77.17974629846 0.23342156776 
0.194336 76.64974474269 0.23513705578 
0.194843 76.61400472904 0.23340993669 
0.195349 76.52033402695 0.23025181225 
0.195856 76.20289653192 0.22891685501 
0.196363 76.02222804963 0.23115347670 
0.196869 76.41612096821 0.23211836777 
0.197376 76.13597283235 0.22712477901 
0.197883 76.31651295967 0.22816916146 
0.198389 76.00520744594 0.22994813385 
0.198896 75.74543499445 0.22840588316 
0.199403 75.92690884425 0.22718626368 
0.199909 75.86570035971 0.22473545276 
0.200416 75.97278363442 0.22346001094 
0.200923 75.74293283154 0.22191460180 
0.201429 75.86347425535 0.22122691249 
0.201936 75.71789781547 0.21871576656 
0.202443 75.43291567904 0.22059454233 
0.202949 75.88291577972 0.22250755469 
0.203456 75.69762413042 0.22291766482 
0.203963 75.75872689863 0.21605243836 
0.204469 75.53147467727 0.21724148588 
0.204976 75.47765045041 0.21887704141 
0.205483 75.47269318121 0.21694117485 
0.205989 75.07855718266 0.21394954199 
0.206496 75.44509579713 0.21638595495 
0.207003 75.41656007267 0.21525381751 
0.207509 75.23865161642 0.21661991214 
0.208016 75.15274343185 0.21214663702 
0.208523 75.16552569631 0.21178001496 
0.209029 75.40446388056 0.21332809991 
0.209536 75.33834720466 0.21666413166 
0.210043 74.96502300497 0.21434207044 
0.210549 74.90159896829 0.21470891829 
0.211056 74.83139496383 0.20887356637 
0.211563 75.32546606261 0.21323136845 
0.212069 74.93194700262 0.20810087293 
0.212576 74.98152216337 0.21546245933 
0.213083 74.93570370862 0.21206715444 
0.213589 74.65689574745 0.20845135485 
0.214096 74.75895346400 0.21054851014 
0.214603 74.82941003102 0.20949352201 
0.215109 74.63811444735 0.20810313928 
0.215616 74.74475541851 0.20797137689 
0.216123 74.50601520575 0.21065029914 
0.216629 74.29693221929 0.20801048331 
0.217136 74.15889805608 0.20683998037 
0.217643 74.22971573634 0.21127247465 
0.218149 74.18424018072 0.20667529715 
0.218656 73.98948556962 0.20544046799 
0.219163 74.26484743139 0.20269186618 
0.219669 73.97539945625 0.20488971603 
0.220176 74.15707972156 0.20387253149 
0.220683 74.24647959603 0.20728579315 
0.221189 73.70335942866 0.20461713218 
0.221696 73.95732919278 0.20165117401 
0.222203 73.86879900714 0.20424588007 
0.222709 73.90904413425 0.20285018771 
0.223216 73.77669547000 0.20103190797 
0.223722 73.53754386967 0.20535783805 
0.224229 73.85187876955 0.20549546678 
0.224736 73.36653357991 0.20417151106 
0.225242 73.60586704042 0.20492458046 
0.225749 73.51410193379 0.20441914318 
0.226256 73.47772630736 0.19809726261 
0.226762 73.77164495509 0.20107466072 
0.227269 73.35072911729 0.20235294739 
0.227776 73.48146809391 0.19768711910 
0.228282 73.39567167565 0.20035831392 
0.228789 73.27865691714 0.19831294678 
0.229296 73.32939698322 0.19981750789 
0.229802 73.30952079349 0.20110454190 
0.230309 73.18553662809 0.19825086770 
0.230816 73.34397208170 0.19848753631 
0.231322 72.88721316473 0.20309889474 
0.231829 73.09807634494 0.19902777601 
0.232335 72.93785774632 0.20316176574 
0.232842 72.55867238265 0.20023270383 
0.233349 72.75704628358 0.19743311033 
0.233855 73.04352922739 0.20153608770 
0.234362 72.90613054650 0.19972769233 
0.234869 72.62219449367 0.19920796909 
0.235375 72.64527519374 0.20053605635 
0.235882 72.69170773180 0.19726693862 
0.236389 72.67428827146 0.19885341274 
0.236895 72.56015669432 0.19668881015 
0.237402 72.20511892654 0.19812506584 
0.237908 72.39081447066 0.20245322052 
0.238415 72.03115552618 0.19578182130 
0.238922 72.39596213037 0.20140497731 
0.239428 72.11568523148 0.20134462369 
0.239935 72.30003470475 0.20010550760 
0.240442 72.47732175125 0.19763598319 
0.240948 71.93592079866 0.19902985872 
0.241455 72.03335404756 0.19949567296 
0.241962 72.12977555621 0.19869022951 
0.242468 71.95985558690 0.19974169003 
0.242975 71.86023831270 0.19940399186 
0.243481 71.91619255205 0.20024746915 
0.243988 72.06710617725 0.19560626138 
0.244495 71.63251841319 0.19856631531 
0.245001 71.58615651471 0.19623144195 
0.245508 71.74807909306 0.19784693766 
0.246015 71.78302056198 0.19877947948 
0.246521 71.78514784467 0.19739061848 
0.247028 71.56472322533 0.19877536970 
0.247534 71.34866357159 0.19829270266 
0.248041 71.50825113703 0.19809663552 
0.248548 71.47257622001 0.19337694874 
0.249054 71.44581567738 0.19464874349 
0.249561 71.44779463810 0.19835447588 
0.250068 71.36908363510 0.20116428378 
0.250574 71.58152549178 0.19734795326 
0.251081 71.16538679427 0.19775298617 
0.251587 71.27177584642 0.19543098381 
0.252094 71.02590176176 0.19601309060 
0.252601 71.12804398794 0.19706079203 
0.253107 71.22194714500 0.19629500055 
0.253614 71.27024836646 0.19461586423 
0.254120 70.89545024899 0.19535587606 
0.254627 70.76285919735 0.19470834083 
0.255134 70.95655313253 0.19697965968 
0.255640 70.93902597336 0.19689643642 
0.256147 70.75176469419 0.19674549523 
0.256654 70.85182548432 0.19540540799 
0.257160 71.07441184940 0.19741440721 
0.257667 71.20487631886 0.19585176680 
0.258173 71.28555272917 0.19571272660 
0.258680 71.28103975650 0.19500605568 
0.259187 71.38344961337 0.19858907173 
0.259693 71.40162695570 0.19644849784 
0.260200 71.49743046234 0.19605119354 
0.260706 71.49993181469 0.19706524884 
0.261213 71.32436539818 0.19647365239 
0.261720 71.39739209472 0.19329754093 
0.262226 71.43580734157 0.19509494959 
0.262733 71.69215098904 0.19246662264 
0.263239 71.72934087439 0.19263326970 
0.263746 71.42834929587 0.19370662538 
0.264253 71.69554478133 0.19170860558 
0.264759 71.63373410012 0.19120943396 
0.265266 71.84322321642 0.19494087392 
0.265772 71.43039144321 0.18929447801 
0.266279 71.68591023059 0.19625865036 
0.266786 71.56618831508 0.19171562162 
0.267292 71.80318946891 0.19402922500 
0.267799 71.78671282933 0.19434767172 
0.268305 71.77261730923 0.18957967118 
0.268812 71.69117131961 0.19232517580 
0.269319 71.64441858870 0.18869973566 
0.269825 71.69430787891 0.18762458756 
0.270332 71.81288347675 0.19162256219 
0.270838 71.82087747662 0.19113813388 
0.271345 72.04399871077 0.19862927058 
0.271852 72.31810207902 0.19281612458 
0.272358 71.95115642152 0.19273017442 
0.272865 72.15015838696 0.19234287480 
0.273371 72.35798649998 0.19390054308 
0.273878 72.30785748433 0.19225116227 
0.274385 72.73318110508 0.18830032750 
0.274891 72.50035728481 0.19421034972 
0.275398 72.35833078045 0.18701738623 
0.275904 72.12322045424 0.18497566237 
0.276411 72.26878353165 0.18439826422 
0.276917 72.11873958426 0.18219594404 
0.277424 72.16369593352 0.18530207615 
0.277931 71.95667076333 0.18236851660 
0.278437 72.17741123276 0.18139274544 
0.278944 72.15852981869 0.18027100530 
0.279450 72.08401066499 0.18380166709 
0.279957 72.09896343709 0.18198091691 
0.280464 72.41269671605 0.18181840127 
0.280970 72.37720032762 0.18212739523 
0.281477 72.08704590852 0.18191779444 
0.281983 72.15278387984 0.18065417232 
0.282490 72.01167799162 0.18488277614 
0.282996 71.95146844365 0.17933698802 
0.283503 72.01434500973 0.18079975427 
0.284010 72.03493874751 0.18105973838 
0.284516 72.02292892058 0.17717052642 
0.285023 71.84757631168 0.17649565459 
0.285529 71.63290762456 0.17783715078 
0.286036 71.41525997266 0.17928077124 
0.286542 71.58331617475 0.17766232361 
0.287049 71.50120741440 0.17344812735 
0.287556 71.49373571579 0.17435779631 
0.288062 71.23502030292 0.17338670569 
0.288569 71.26211059563 0.17002144996 
0.289075 71.54088082250 0.17445550183 
0.289582 71.29233733533 0.17193274927 
0.290088 71.20533499765 0.17096745855 
0.290595 71.26748275053 0.17065514097 
0.291102 71.49387355814 0.17162500769 
0.291608 71.17749513711 0.16601821355 
0.292115 71.20567604737 0.16514074723 
0.292621 71.32109956975 0.16842107336 
0.293128 70.81643266758 0.16734230945 
0.293634 71.02928055505 0.16602745849 
0.294141 71.04525558134 0.16626647732 
0.294647 70.79876899748 0.16588010968 
0.295154 70.89831277092 0.16951486164 
0.295661 70.83625235955 0.16656093581 
0.296167 71.01541814574 0.16184759640 
0.296674 70.85632697565 0.16733382813 
0.297180 70.88575776868 0.16792601674 
0.297687 70.68466128653 0.16388067250 
0.298193 70.61144399358 0.16391760220 
0.298700 70.57740361051 0.16981106761 
0.299207 70.41399675667 0.16333893110 
0.299713 70.37125215384 0.16687424776 
0.300220 70.57412417448 0.16512700071 
0.300726 70.41334124420 0.15977901276 
0.301233 70.57402143647 0.16227226048 
0.301739 70.42904416189 0.16514890198 
0.302246 70.31713265922 0.16137269731 
0.302752 70.36908892654 0.16410460656 
0.303259 70.25876239914 0.16379641056 
0.303765 70.08820924848 0.16227989876 
0.304272 69.86872249571 0.15880474348 
0.304779 70.15069595039 0.15695819286 
0.305285 70.02194917538 0.16121700854 
0.305792 69.90369521991 0.15913435956 
0.306298 69.97513925019 0.16074373446 
0.306805 70.06925699919 0.16190323296 
0.307311 70.00829212398 0.15843513575 
0.307818 69.83625603395 0.15774649091 
0.308324 69.43192138157 0.15670690089 
0.308831 69.40958893327 0.15424261337 
0.309337 69.25168808510 0.15588685591 
0.309844 69.12315535006 0.15370048343 
0.310350 69.26657024976 0.15515680514 
0.310857 68.62984314968 0.15071657952 
0.311364 68.35531523364 0.14716893675 
0.311870 68.56627126628 0.14968704764 
0.312377 68.22937056930 0.14939424075 
0.312883 68.08015233534 0.15005064676 
0.313390 68.21098573625 0.14962685167 
0.313896 68.04544972072 0.14586966395 
0.314403 67.61476880262 0.14375831382 
0.314909 67.68786808236 0.14338846160 
0.315416 67.65895945712 0.14616785439 
0.315922 67.29638119771 0.14339414144 
0.316429 67.46080287162 0.14332766878 
0.316935 67.50561783024 0.14252055300 
0.317442 67.22797500258 0.14688704433 
0.317948 67.20600106842 0.14403734653 
0.318455 66.94852084284 0.14423374688 
0.318961 66.99606499064 0.13981915148 
0.319468 67.06429314011 0.14057506300 
0.319975 66.85952664641 0.14343602108 
0.320481 66.57815330691 0.13946387935 
0.320988 66.67691439916 0.14559171320 
0.321494 66.69624238475 0.13864568478 
0.322001 66.90004467411 0.14965735686 
0.322507 66.76171065105 0.14029983086 
0.323014 66.57899429441 0.14465237199 
0.323520 66.48166377210 0.14064926337 
0.324027 66.47410679581 0.14117438294 
0.324533 66.39971490024 0.14274058471 
0.325040 66.48808168705 0.13965296896 
0.325546 66.44479058316 0.13930106335 
0.326053 66.32910407238 0.13487698901 
0.326559 66.15625210009 0.14153168847 
0.327066 66.43490396379 0.13583173002 
0.327572 66.10381329199 0.13935423014 
0.328079 66.18693462241 0.13887592032 
0.328585 66.25397328579 0.13650503502 
0.329092 66.22640495210 0.13806409517 
0.329598 66.10955065760 0.13883914465 
0.330105 65.96131269784 0.13915336892 
0.330611 65.82075941530 0.14115151130 
0.331118 66.09634188695 0.13862041824 
0.331624 65.96090365243 0.14090484194 
0.332131 65.93479179459 0.13642723804 
0.332637 65.78274828517 0.13792256678 
0.333144 66.01632560443 0.14222666215 
0.333650 65.58824683780 0.13905701714 
0.334157 66.00766005401 0.13767716623 
0.334663 65.54594509327 0.13801881331 
0.335170 65.61292472463 0.13903753275 
0.335676 65.67120465572 0.14229932081 
0.336183 65.61406623027 0.14006687483 
0.336689 65.43688178405 0.13739739962 
0.337196 65.68332168063 0.13745021786 
0.337702 65.64583771261 0.14064070937 
0.338209 65.63607886847 0.13871999758 
0.338715 65.54478885751 0.14214955486 
0.339222 65.46583340997 0.13688887944 
0.339728 65.62971896243 0.13832214762 
0.340235 65.28487205397 0.23269184231 
0.340741 65.39993432115 0.14227145211 
0.341248 65.54800601355 0.13872158596 
0.341754 65.38863164589 0.13796335466 
0.342261 65.42795254023 0.13986380066 
0.342767 65.46081727560 0.14197345488 
0.343274 65.13667033864 0.13877213744 
0.343780 65.13831826625 0.13847628064 
0.344287 65.30683310052 0.13985847098 
0.344793 64.98511035257 0.14066703810 
0.345300 65.07573881491 0.13973631486 
0.345806 64.97962018434 0.14023120401 
0.346313 65.01104039424 0.14666241479 
0.346819 64.61059006055 0.14437770421 
0.347325 65.06988435134 0.14592539126 
0.347832 64.99695420711 0.14466290284 
0.348338 64.98731674193 0.14469458441 
0.348845 65.08772311044 0.14690940093 
0.349351 64.67171698984 0.14472961005 
0.349858 64.91252365510 0.14914379911 
0.350364 64.68752548940 0.14514660670 
0.350871 64.46715231009 0.14831926677 
0.351377 64.60765051743 0.14790988654 
0.351884 64.75482158983 0.14755484174 
0.352390 64.25259359349 0.14755621500 
0.352897 64.61099329012 0.14766857363 
0.353403 64.61692607254 0.15023667577 
0.353910 64.27285895021 0.15048286920 
0.354416 64.37377954206 0.15404888174 
0.354923 64.10037332772 0.15484514792 
0.355429 64.16040630553 0.15472495794 
0.355935 64.33013485448 0.14882659730 
0.356442 63.89054528085 0.14993846354 
0.356948 64.08502697334 0.15455283649 
0.357455 63.93693161460 0.15754481918 
0.357961 63.60688891476 0.15853867648 
0.358468 63.78502185452 0.15669994357 
0.358974 63.84695694608 0.22178481349 
0.359481 63.96891791211 0.20380671348 
0.359987 63.70649472967 0.19742405754 
0.360494 63.67781908253 0.18923463463 
0.361000 63.94184562912 0.18736975862 
0.361506 63.59504439368 0.18677478188 
0.362013 63.90197405204 0.18368100962 
0.362519 63.68333066064 0.18444452863 
0.363026 63.74591404075 0.18253271821 
0.363532 64.23940846212 0.18936193802 
0.364039 63.89034360335 0.18106205747 
0.364545 63.53925581262 0.17996055082 
0.365052 63.73011703916 0.18705117302 
0.365558 63.86463186558 0.18581842509 
0.366064 63.74225402932 0.18409900222 
0.366571 63.73554009872 0.18555883034 
0.367077 63.89035557749 0.18806362868 
0.367584 63.69341998525 0.18674975714 
0.368090 63.62797049669 0.18462326158 
0.368597 63.69949120786 0.19106303067 
0.369103 63.65272559161 0.18783676148 
0.369610 63.45187515933 0.19120391660 
0.370116 63.72787764752 0.18845465137 
0.370622 63.47496434963 0.19420394943 
0.371129 63.81511835993 0.19236701553 
0.371635 63.76482679341 0.18747919519 
0.372142 63.38439864118 0.19160509686 
0.372648 63.42422137773 0.19189991986 
0.373155 63.61589991397 0.19710269927 
0.373661 63.60463978513 0.19587829801 
0.374167 63.50195225152 0.19664600606 
0.374674 63.51643851370 0.20126149733 
0.375180 63.54306278197 0.19449065843 
0.375687 63.54830229079 0.19808162047 
0.376193 63.48738710809 0.19867472207 
0.376700 63.36582109429 0.19818940463 
0.377206 63.27449839424 0.19948315056 
0.377712 63.28807156282 0.20250233992 
0.378219 63.04695031778 0.20092013326 
0.378725 63.14014798520 0.20456131847 
0.379232 63.23311306862 0.20831931984 
0.379738 62.96153230539 0.20651033357 
0.380245 63.21722596317 0.20536852282 
0.380751 63.62414410331 0.20943754606 
0.381257 63.24587053637 0.20994941969 
0.381764 63.30173897236 0.20975493035 
0.382270 62.90145298258 0.21179886474 
0.382777 63.16199414545 0.20730623032 
0.383283 63.20078354411 0.21143922524 
0.383789 62.85864888047 0.21174370369 
0.384296 62.97723524417 0.20772770331 
0.384802 63.20347450926 0.21237266473 
0.385309 63.19886075993 0.20864828223 
0.385815 62.77179576651 0.20888379387 
0.386321 62.70261025238 0.20913012304 
0.386828 62.85800448877 0.21394833623 
0.387334 62.99406214904 0.21758954067 
0.387841 63.17720600068 0.21396202143 
0.388347 63.12830573785 0.21437374705 
0.388853 62.75208622882 0.20724761635 
0.389360 62.82002726695 0.22280472221 
0.389866 62.82417256193 0.21615034066 
0.390373 63.16141345640 0.21586214056 
0.390879 62.63548004333 0.21458563358 
0.391385 62.96973779575 0.21893812953 
0.391892 62.69257376986 0.21584064149 
0.392398 63.31420150284 0.22096836193 
0.392905 62.90361496875 0.21806364187 
0.393411 62.91284691397 0.22227081216 
0.393917 62.95149558778 0.22731615123 
0.394424 62.68623087212 0.23312976740 
0.394930 63.07593784860 0.22520408807 
0.395437 62.59961988193 0.22301904551 
0.395943 62.74588567045 0.22214863982 
0.396449 62.93452849351 0.45651835284 
0.396956 62.80934387562 0.22314887230 
0.397462 62.36971186361 0.23432144852 
0.397969 62.25962779378 0.23633261214 
0.398475 62.46568505370 0.23848980708 
0.398981 62.65439726088 0.23726013056 
0.399488 62.61151470391 0.23488230897 
0.399994 62.71079602089 0.24536302763 
0.400500 62.14870153082 0.23460888313 
0.401007 62.65767339976 0.24347348067 
0.401513 62.31709085323 0.23410003765 
0.402020 62.29801582887 0.24376896180 
0.402526 62.63186850828 0.24943650966 
0.403032 62.48161749187 0.25174079968 
0.403539 62.09554050601 0.25656885657 
0.404045 62.26548248548 0.24643707430 
0.404551 62.61741698819 0.26410585920 
0.405058 62.48266781868 0.27348769264 
0.405564 61.96390490012 0.25879432446 
0.406071 62.49457549706 0.25032809143 
0.406577 62.34692165291 0.25316089886 
0.407083 62.38980838513 0.26304604410 
0.407590 62.32356311233 0.26426006021 
0.408096 62.33584321707 0.27003189569 
0.408602 62.38735239448 0.27807766674 
0.409109 61.43073263714 0.25954145051 
0.409615 61.85642230885 0.27223380224 
0.410121 62.14826274731 0.26167206963 
0.410628 62.03316660308 0.26399631587 
0.411134 62.29271851427 0.27223406096 
0.411641 61.86544628418 0.28391189920 
0.412147 61.92964885747 0.25708480762 
0.412653 61.83447259054 0.26961706572 
0.413160 62.53213958296 0.26772481335 
0.413666 61.86929664647 0.27186406344 
0.414172 62.07464686803 0.27953818186 
0.414679 61.89722502644 0.27102317060 
0.415185 62.17508792528 0.28359436986 
0.415691 61.57277791393 0.26657298976 
0.416198 62.07016325135 0.27517006743 
0.416704 61.97854977851 0.28661170775 
0.417210 62.20915355949 0.29003205577 
0.417717 61.84468632461 0.29230053391 
0.418223 61.63578364541 0.27719948846 
0.418729 61.93756561452 0.28604897710 
0.419236 61.80162852336 0.27875915529 
0.419742 61.80333480598 0.26877782001 
0.420248 61.75884169388 0.27194586600 
0.420755 61.43993362004 0.27382978013 
0.421261 61.64766971005 0.26767553678 
0.421767 61.73281622665 0.28915509892 
0.422274 61.52340585923 0.28062785848 
0.422780 61.87469344239 0.28860773903 
0.423286 61.52651222266 0.28622282761 
0.423793 61.87840006257 0.27838614340 
0.424299 61.61805682866 0.28145641481 
0.424805 61.73852907661 0.28068117868 
0.425312 61.69887060290 0.28938203900 
0.425818 61.75139962783 0.28293394551 
0.426324 62.14384080380 0.30812816414 
0.426831 61.41912212175 0.29066686206 
0.427337 61.54072666968 0.29827763014 
0.427843 61.44610000192 0.29833137253 
0.428350 61.88629872585 0.31047566460 
0.428856 61.36948624438 0.30681303736 
0.429362 61.57901524195 0.29462997118 
0.429869 61.43824354238 0.31542168009 
0.430375 61.95428597959 0.32184997053 
0.430881 61.75350608761 0.32358552359 
0.431388 61.65182207823 0.31575460911 
0.431894 61.46510802414 0.31162226729 
0.432400 61.00635096281 0.32992064647 
0.432907 61.35405044644 0.33250080030 
0.433413 61.37183270517 0.32681885091 
0.433919 61.37683483205 0.31727280055 
0.434425 61.62216902773 0.33340698792 
0.434932 61.49550677622 0.33799224315 
0.435438 61.67295222120 0.36071000848 
0.435944 61.24022285104 0.34872011794 
0.436451 61.52916481781 0.33916783195 
0.436957 61.09818753586 0.34385544367 
0.437463 61.25594268859 0.35079390350 
0.437970 61.42589029933 0.34303127177 
0.438476 61.69353688196 0.35418123473 
0.438982 61.27786577472 0.37223450444 
0.439489 61.47753453432 0.39202191229 
0.439995 61.13237242087 0.36371353930 
0.440501 61.47252866182 0.37530377683 
0.441007 61.46963714500 0.36163787614 
0.441514 61.53361331792 0.38843479976 
0.442020 60.90659653448 0.39251093978 
0.442526 61.01491411164 0.40289416034 
0.443033 61.50933114968 0.39528341647 
0.443539 60.70162529478 0.41146470636 
0.444045 60.79065240043 0.40374836949 
0.444551 61.36037779741 0.42682868597 
0.445058 61.05724339321 0.40544776133 
0.445564 60.85208522137 0.42774020872 
0.446070 60.83827638445 0.42976694150 
0.446577 60.92171848350 0.42905234105 
0.447083 60.24823519522 0.45106228769 
0.447589 60.76507820452 0.44768847886 
0.448095 60.63138699595 0.46275878313 
0.448602 60.90972947031 0.44091558193 
0.449108 60.87574244239 0.48546370489 
0.449614 60.57063022798 0.45886130755 
0.450121 60.26484233991 0.48595480299 
0.450627 60.56285864691 0.49202510192 
0.451133 60.86704158036 0.50158004401 
0.451639 59.55319493050 0.50502649259 
0.452146 60.56335988562 0.53687018023 
0.452652 60.48706627270 0.55444671471 
0.453158 60.48287086682 0.56933074763 
0.453664 59.72795512542 0.61157905309 
0.454171 60.60124057209 0.57263669745 
0.454677 60.34716962747 0.59180723234 
0.455183 60.97332553751 0.63012282723 
0.455689 59.61985722527 0.62186153497 
0.456196 60.10133245030 0.66737685002 
0.456702 60.38918817556 0.64654772984 
0.457208 60.47544729504 0.70635878894 
0.457714 60.07278474359 0.74457715061 
0.458221 60.25849657214 0.75210798392 
0.458727 59.53423657241 0.77529046219 
0.459233 60.19982777779 0.82409323691 
0.459740 60.31174585678 0.87892711578 
0.460246 60.75430413488 0.85244002284 
0.460752 61.27131515598 1.01494263154 
0.461258 59.58530647061 0.94754321966 
0.461765 59.38111989774 1.05576317913 
0.462271 60.17943622206 1.06368283827 
0.462777 59.72585365575 1.21797093120 
0.463283 60.90992046821 1.23359690065 
0.463789 61.72619254755 1.39742269535 
0.464296 60.48021250275 1.41234412577 
0.464802 61.64758574304 1.34355222322 
0.465308 60.49311073254 1.44372425880 
0.465814 61.09534036280 1.67248345711 
0.466321 60.65330836481 1.78107114829 
0.466827 59.06494159970 1.82164842388 
0.467333 61.71673439202 2.01866964460 
0.467839 59.28340883402 1.92346550263 
0.468346 59.13046296700 2.35538589548 
0.468852 61.48126592358 2.56377261380 
0.469358 59.92818317865 2.81961130616 
0.469864 59.25824600602 3.00300003913 
0.470371 56.09973473211 3.69149214258 
0.470877 56.02351021191 4.28311323568 
0.471383 57.33177393476 5.45118044009 
0.471889 58.64010458180 7.77702086800 
0.472395 54.90615388619 6.40098552528 
0.472902 57.14834603354 13.64365525623 
