0.010896 1348.28816512878 15.15710707416 
0.011402 1210.09546448530 11.92612311511 
0.011909 1079.98171912661 12.28258464346 
0.012416 980.04381328552 9.21206828610 
0.012923 874.32879691055 8.52107177810 
0.013430 820.27050628363 11.03329142418 
0.013936 785.17678635308 9.20943392497 
0.014443 741.01715239383 7.36493723111 
0.014950 683.12407281166 6.34906528344 
0.015457 627.31777264987 5.34568132818 
0.015963 581.34034709048 4.87160637655 
0.016470 545.45608952881 4.24607650573 
0.016977 511.23763974019 3.73357123384 
0.017484 478.45176908243 3.27186518167 
0.017990 449.30265802148 2.87935849110 
0.018497 421.32635285618 2.62303295351 
0.019004 403.42357244159 2.45790270953 
0.019511 379.53332765024 2.26001088995 
0.020018 362.08003433839 2.06416714005 
0.020524 345.16449471211 1.96268577237 
0.021031 330.94265904422 2.00003240204 
0.021538 317.27093171269 1.69485833901 
0.022045 303.61688861069 1.78864762701 
0.022551 290.89165353513 1.58433233585 
0.023058 281.40029659953 1.48792435124 
0.023565 270.12621853699 1.53732909537 
0.024072 260.67267271584 1.61223671215 
0.024579 250.81726333465 1.75690192273 
0.025085 244.62949105227 2.12600234560 
0.025592 236.61621961534 2.13325357465 
0.026099 231.04731951219 2.14247111720 
0.026606 224.21654441613 1.69214962620 
0.027112 219.57232980715 1.76876856553 
0.027619 214.03813157403 1.55087047138 
0.028126 208.04366469354 1.45329884439 
0.028633 203.71107046679 1.36192802017 
0.029139 198.75570232249 1.18377146477 
0.029646 194.63971644260 1.20793355571 
0.030153 191.26524822084 1.17284467408 
0.030660 187.14276980890 1.04947886241 
0.031167 182.92693405573 0.94303595723 
0.031673 180.10101471673 0.92095289474 
0.032180 176.21377528003 0.87583331303 
0.032687 174.51291225050 0.87674267085 
0.033194 171.78439582684 0.84043724889 
0.033700 168.36691756460 0.81236109630 
0.034207 166.48646379484 0.77772563569 
0.034714 162.89627930812 0.76761973220 
0.035221 160.81534017534 0.70377182425 
0.035727 159.01039346075 0.72159808921 
0.036234 157.22651820893 0.65210164538 
0.036741 154.66961979139 0.65941883280 
0.037248 153.67590310607 0.65184550515 
0.037755 150.94248679063 0.61628221074 
0.038261 148.51555647851 0.60758138351 
0.038768 147.42480757697 0.63916039660 
0.039275 146.76445822933 0.60021938461 
0.039782 145.50756259569 0.60487644579 
0.040288 143.22692836042 0.59687616094 
0.040795 142.01237598237 0.55217375579 
0.041302 140.88674009872 0.55293348516 
0.041809 138.43858057127 0.54000291336 
0.042315 138.85483142246 0.55088482585 
0.042822 136.73115708908 0.54285939693 
0.043329 135.83322287332 0.50876079575 
0.043836 134.32738134534 0.50267747553 
0.044343 133.61778983702 0.54758686410 
0.044849 132.88041112722 0.50436335637 
0.045356 131.06571087700 0.50399195168 
0.045863 130.45116995156 0.50541274136 
0.046370 130.01723639781 0.50837018034 
0.046876 128.18011611880 0.49716922394 
0.047383 126.84827600152 0.51237637553 
0.047890 126.79303788356 0.50791978657 
0.048397 126.04001640703 0.49846941598 
0.048903 124.62330924464 0.46979790361 
0.049410 124.95624068617 0.47455346007 
0.049917 123.30601927211 0.47762035051 
0.050424 122.14881476286 0.48045490820 
0.050931 122.28601443064 0.46944817181 
0.051437 120.48657216496 0.44210205674 
0.051944 120.40292178322 0.45810155659 
0.052451 119.41734252917 0.46073909061 
0.052958 118.61752595156 0.43357856052 
0.053464 118.56695135495 0.44667053933 
0.053971 117.43838923585 0.43883583182 
0.054478 117.07604837601 0.43584918498 
0.054985 116.16460757590 0.41776368723 
0.055491 115.59765203306 0.44770758732 
0.055998 115.33815892289 0.41623713742 
0.056505 114.54732374130 0.44087014531 
0.057012 113.68516472415 0.41623022598 
0.057519 113.14392795778 0.41925261061 
0.058025 113.06976826112 0.41989839605 
0.058532 112.30877591065 0.40286527064 
0.059039 111.59393630819 0.41005398529 
0.059546 111.66719779551 0.41048787680 
0.060052 111.06459231270 0.40707224892 
0.060559 110.04801157082 0.40905067167 
0.061066 109.54785848291 0.38193706333 
0.061573 109.07617437231 0.40144882802 
0.062079 108.98206798046 0.38822090777 
0.062586 109.06250520436 0.40794445776 
0.063093 107.71884227928 0.37274796085 
0.063600 107.48372206689 0.38245941988 
0.064106 107.49186215857 0.40041204468 
0.064613 106.72818495029 0.40269081905 
0.065120 106.12364375882 0.39273788837 
0.065627 105.99194582802 0.38011732839 
0.066134 105.57924158190 0.38176031951 
0.066640 105.30326837635 0.39113060818 
0.067147 104.70072176010 0.36897523212 
0.067654 103.98084435463 0.36512298225 
0.068161 103.67941764759 0.37550570978 
0.068667 103.64772329361 0.36764831644 
0.069174 103.30267713903 0.36452678292 
0.069681 102.83710758808 0.37431715047 
0.070188 102.87658900691 0.34881154723 
0.070694 102.40006190435 0.35769656526 
0.071201 101.77938331469 0.35612005577 
0.071708 101.95437881870 0.36407708680 
0.072215 101.64117219823 0.34250287061 
0.072721 101.31579519815 0.35416159149 
0.073228 100.79158176352 0.34431797153 
0.073735 100.53721219298 0.34724663975 
0.074242 99.86256335895 0.35592548696 
0.074748 99.70166653668 0.34443633540 
0.075255 100.09451847957 0.33877743195 
0.075762 99.14771417272 0.33926812865 
0.076269 99.69969030299 0.33134165183 
0.076776 99.31251993960 0.33753041360 
0.077282 98.33611744881 0.33368996062 
0.077789 98.56723572328 0.32210470272 
0.078296 98.20888445486 0.32295362424 
0.078803 97.63916642405 0.33075089645 
0.079309 97.50391887452 0.33074107835 
0.079816 97.02064060135 0.31841752612 
0.080323 97.40699614377 0.32398256171 
0.080830 97.42213617399 0.33013484396 
0.081336 97.30454643835 0.33537415839 
0.081843 97.29309269386 0.33583690538 
0.082350 96.47673148848 0.33708142653 
0.082857 96.92761245685 0.33943061910 
0.083363 97.01668390603 0.34067863367 
0.083870 96.68288018575 0.32984889109 
0.084377 96.17083623123 0.32892007197 
0.084884 96.14324785652 0.34186744531 
0.085390 96.13738827234 0.33412158765 
0.085897 95.91237471472 0.33804439072 
0.086404 95.41342181227 0.31781022676 
0.086911 95.23439089957 0.32758535077 
0.087417 95.31597120739 0.32670839969 
0.087924 95.65718217441 0.34094114599 
0.088431 95.25373659147 0.33536119206 
0.088938 94.92807937088 0.32639210101 
0.089444 94.36306724974 0.32786658195 
0.089951 94.41750200655 0.33085874228 
0.090458 93.89775423227 0.33684369198 
0.090965 94.33002694974 0.33459281345 
0.091471 93.79103313150 0.32545509295 
0.091978 93.60408571123 0.32468575487 
0.092485 92.91347788264 0.34438023343 
0.092992 93.23304328228 0.34843602907 
0.093498 93.00682252009 0.33839574141 
0.094005 93.04130804575 0.33011541418 
0.094512 93.10402533476 0.32550480599 
0.095019 92.61486727659 0.33486178565 
0.095525 92.53350780095 0.33802270918 
0.096032 92.57160799245 0.33768191221 
0.096539 92.63712554968 0.32780368580 
0.097046 92.82130612696 0.33616756141 
0.097552 92.43563091358 0.33530752436 
0.098059 91.99289404333 0.32970197900 
0.098566 91.55128100999 0.32929696920 
0.099073 91.80956029262 0.32258572447 
0.099579 92.10536667949 0.32090820507 
0.100086 91.18611181776 0.31817324603 
0.100593 91.18934506990 0.31783051992 
0.101100 91.12361146870 0.31934161204 
0.101606 90.96404887472 0.31266913878 
0.102113 90.38040081853 0.29654335311 
0.102620 89.46346956230 0.29502599087 
0.103127 89.43077758641 0.30187636821 
0.103633 89.58869081439 0.29728986879 
0.104140 88.71152815846 0.30426094798 
0.104647 88.80956831881 0.29717807229 
0.105154 88.68412484485 0.30545212419 
0.105660 88.69838138540 0.30904788554 
0.106167 88.73460224284 0.30344564932 
0.106674 88.23328707153 0.30861762077 
0.107181 88.44398620197 0.30288629247 
0.107687 88.27962096820 0.29238901885 
0.108194 88.09601993972 0.30145534708 
0.108701 87.75298838305 0.28753560337 
0.109208 87.74274034159 0.29368254498 
0.109714 87.86555389888 0.30736148770 
0.110221 88.11366240521 0.28210494671 
0.110728 87.03540578234 0.29094913767 
0.111235 87.69267375748 0.28446985963 
0.111741 87.42413923435 0.28025416389 
0.112248 87.65724686597 0.28229305849 
0.112755 86.95054890217 0.28486276515 
0.113262 87.08764058350 0.28513415574 
0.113768 86.98201028810 0.27280861569 
0.114275 87.23280581877 0.27982199153 
0.114782 86.69329900152 0.28024271893 
0.115289 86.98134545146 0.27914334205 
0.115795 86.79853718619 0.28277363387 
0.116302 86.76337170955 0.27096789414 
0.116809 86.33606769551 0.27032975969 
0.117316 86.44247053251 0.27904410409 
0.117822 85.97834717755 0.27656943908 
0.118329 86.37546985588 0.27233632064 
0.118836 86.16264654474 0.26574456052 
0.119342 86.09270745345 0.26262263910 
0.119849 85.85382199334 0.27292773462 
0.120356 85.90115424617 0.27086472371 
0.120863 85.50769940527 0.27562247804 
0.121369 86.03202287036 0.26943997322 
0.121876 85.89020926262 0.25765359410 
0.122383 85.41778106687 0.25960894963 
0.122890 85.44073028352 0.26637019604 
0.123396 85.78127766180 0.26963706133 
0.123903 85.33692035456 0.26989078467 
0.124410 85.41244994065 0.26066806346 
0.124917 85.11685930028 0.25971815076 
0.125423 84.78675431818 0.25449639396 
0.125930 85.22743820167 0.25725840374 
0.126437 84.84632446007 0.26548946799 
0.126944 84.80408791148 0.25372465645 
0.127450 84.67707155285 0.25331442338 
0.127957 84.77610673023 0.26033359437 
0.128464 84.70080894322 0.25467048194 
0.128970 84.64993776361 0.25828536910 
0.129477 84.54125404453 0.25698857435 
0.129984 84.61282379774 0.25394575540 
0.130491 84.63239066006 0.25004327304 
0.130997 84.12942423505 0.25186067448 
0.131504 83.99409762926 0.25315348944 
0.132011 84.30393520886 0.25441444966 
0.132518 84.13339703775 0.24490083349 
0.133024 84.13778948568 0.25168952930 
0.133531 83.78166392275 0.24612620807 
0.134038 84.03839971434 0.23899087905 
0.134545 83.92592663200 0.24242385142 
0.135051 83.72771330273 0.24858531318 
0.135558 83.48042652371 0.24454989312 
0.136065 83.56858306200 0.24750470050 
0.136571 82.90699607898 0.24522780664 
0.137078 83.30883892022 0.24479216961 
0.137585 83.13094627784 0.24418947741 
0.138092 83.57999526702 0.24676848150 
0.138598 83.12197671054 0.24417591831 
0.139105 83.21227163333 0.24488062585 
0.139612 83.10529183677 0.24405628517 
0.140119 83.06517738392 0.24223478859 
0.140625 82.64988448389 0.24002192920 
0.141132 82.84231551501 0.24311381483 
0.141639 82.84884469346 0.23691753871 
0.142145 82.45370009102 0.24013736731 
0.142652 82.10719736208 0.23943037534 
0.143159 82.41793387763 0.24507133674 
0.143666 82.49975288335 0.23790993378 
0.144172 82.11244479262 0.24071888560 
0.144679 82.22784940178 0.24188833203 
0.145186 82.10823281882 0.24276067238 
0.145692 82.18885366600 0.23887447497 
0.146199 81.72772519406 0.24157132859 
0.146706 81.60406140657 0.24226063882 
0.147213 81.97426133590 0.24222662588 
0.147719 81.57403180201 0.23955707878 
0.148226 81.64192020915 0.23721547396 
0.148733 81.42891154268 0.24019820315 
0.149240 81.63999542829 0.24132974980 
0.149746 81.61200897775 0.24662063073 
0.150253 81.36727417743 0.24219960316 
0.150760 81.29663221520 0.23723012729 
0.151266 81.07111415768 0.24465103827 
0.151773 81.37566476769 0.23976482545 
0.152280 81.20861361565 0.24095824770 
0.152787 80.62912417624 0.24023459359 
0.153293 80.85827608112 0.24103972887 
0.153800 81.09058591349 0.24036502006 
0.154307 80.85870883460 0.23930590744 
0.154813 80.85703882544 0.23669507941 
0.155320 80.55889921118 0.24189957237 
0.155827 80.34999379133 0.23964078699 
0.156334 80.63887875806 0.23955133887 
0.156840 80.20322072834 0.24006209629 
0.157347 79.96195468400 0.23742477915 
0.157854 80.08020336783 0.23749528916 
0.158360 80.37669246905 0.23806944686 
0.158867 80.10091973306 0.23587025796 
0.159374 79.88281277625 0.24011405431 
0.159881 79.90327112058 0.23742341459 
0.160387 79.54551604404 0.23682314850 
0.160894 79.92510503111 0.24168603224 
0.161401 79.81999589341 0.23276261952 
0.161907 79.64232114478 0.23817111015 
0.162414 79.49897690134 0.23736034346 
0.162921 79.43567507953 0.22964361342 
0.163427 79.66009072659 0.23148391583 
0.163934 79.45086795637 0.23114594402 
0.164441 79.28989333670 0.23869479170 
0.164948 79.15301485789 0.23021954793 
0.165454 79.31067229039 0.23067850226 
0.165961 79.26377391208 0.23391255700 
0.166468 79.16910999785 0.22871973827 
0.166974 79.13726580055 0.22632291874 
0.167481 79.00577999226 0.23271892362 
0.167988 79.31257819210 0.23317645852 
0.168495 79.15364884502 0.23181745160 
0.169001 78.89761228272 0.23372000165 
0.169508 79.11174745244 0.23731014067 
0.170015 78.71550974844 0.23469696051 
0.170521 79.06571889751 0.23222856752 
0.171028 78.94784419279 0.23320359334 
0.171535 79.03804608786 0.23142057647 
0.172041 79.10854555416 0.23290589874 
0.172548 78.99960018511 0.23627381977 
0.173055 78.85071156616 0.23375765308 
0.173562 79.05504016655 0.23562639712 
0.174068 78.95858710826 0.23902741086 
0.174575 78.79309171900 0.23460782589 
0.175082 78.69520544193 0.23563506170 
0.175588 78.67773214746 0.23895222287 
0.176095 78.51591562826 0.23888978759 
0.176602 78.76735285507 0.23757635580 
0.177108 78.65484302873 0.23841675565 
0.177615 78.48171880912 0.23008956597 
0.178122 78.44559247647 0.23519336590 
0.178629 78.54839376879 0.23807881579 
0.179135 78.40702579700 0.24056220274 
0.179642 78.53029078063 0.23593808488 
0.180149 78.57339876659 0.23948928492 
0.180655 78.41641063462 0.23714459191 
0.181162 78.49270346471 0.23724636929 
0.181669 78.66250503104 0.23469797901 
0.182175 78.82731765095 0.25051374157 
0.182682 78.67073998554 0.24473546843 
0.183189 78.92223720511 0.24673073402 
0.183695 78.54411581187 0.24405464241 
0.184202 77.78141546466 0.24222788662 
0.184709 78.04029153209 0.24341237116 
0.185216 78.22854514292 0.24474936518 
0.185722 78.07966506861 0.24586104441 
0.186229 77.85613409213 0.23815572245 
0.186736 77.70251675112 0.24654903911 
0.187242 78.05424842826 0.24333142789 
0.187749 77.87098320540 0.24584885141 
0.188256 77.57347557398 0.24457289342 
0.188762 77.54322767374 0.24727769529 
0.189269 77.36533115960 0.24785740840 
0.189776 77.60981927237 0.25143799772 
0.190282 77.69413174414 0.24377135931 
0.190789 77.31926145709 0.24348009234 
0.191296 77.26105096272 0.24238119098 
0.191802 77.17085209685 0.23731311702 
0.192309 77.23446153021 0.24153516243 
0.192816 76.94653172962 0.24447841763 
0.193323 76.84311120765 0.23040389465 
0.193829 76.79313759160 0.23692261484 
0.194336 76.44315428873 0.23523232485 
0.194843 76.44639607005 0.23462974920 
0.195349 76.35826188227 0.23597230087 
0.195856 76.39337338182 0.23805943766 
0.196363 76.13690483922 0.23319377911 
0.196869 75.90170925776 0.22921629278 
0.197376 76.41613399843 0.22955641762 
0.197883 76.42359440067 0.23304276432 
0.198389 76.28437368790 0.22840863884 
0.198896 75.75191393988 0.22448999454 
0.199403 75.56227496724 0.22326748866 
0.199909 75.96951614654 0.22525955734 
0.200416 75.86912278249 0.22840089903 
0.200923 75.65796170680 0.22098705343 
0.201429 75.65785733704 0.22409656920 
0.201936 75.57538771022 0.22048649114 
0.202443 75.57134472587 0.21771400950 
0.202949 75.46656072172 0.22393326284 
0.203456 75.57731987301 0.22209613003 
0.203963 75.26666112765 0.21584674533 
0.204469 75.67737023079 0.21864901992 
0.204976 75.47387977866 0.21732147361 
0.205483 75.55599511111 0.21628675142 
0.205989 75.63053941626 0.21622031215 
0.206496 75.18902310155 0.21943208840 
0.207003 75.24621473760 0.21402936588 
0.207509 75.42462341208 0.21300509507 
0.208016 75.09103738539 0.21255257301 
0.208523 75.22228615826 0.21508107532 
0.209029 74.88484065394 0.20943750341 
0.209536 75.20362497801 0.21324199066 
0.210043 75.22758877771 0.21377363762 
0.210549 74.74171886188 0.21027619489 
0.211056 74.90711378741 0.20929570856 
0.211563 75.05181630378 0.21069263677 
0.212069 75.19225893690 0.21490230274 
0.212576 75.04469175971 0.21536755413 
0.213083 74.52568114077 0.20903070067 
0.213589 74.69161092597 0.21024012365 
0.214096 74.77339849657 0.20943439657 
0.214603 74.59629439648 0.21113536407 
0.215109 74.52510481108 0.20316538417 
0.215616 74.54648446136 0.21133199044 
0.216123 74.51991532081 0.20956646478 
0.216629 74.17340706428 0.20777566558 
0.217136 74.36877506276 0.20452421142 
0.217643 74.13979025120 0.21118219802 
0.218149 74.22395826961 0.21005075942 
0.218656 74.15083590269 0.20836533466 
0.219163 74.00813844118 0.20427292263 
0.219669 74.16693720641 0.20615167673 
0.220176 74.12056545052 0.20438136707 
0.220683 74.03536900513 0.20586126010 
0.221189 74.12683398984 0.20490702776 
0.221696 73.93409278037 0.20512828539 
0.222203 73.88075143053 0.20342032739 
0.222709 73.97273143081 0.19958122614 
0.223216 73.82182564427 0.20354830145 
0.223722 73.80678518207 0.20537857743 
0.224229 73.53070727427 0.20265268544 
0.224736 73.59662953952 0.20179094814 
0.225242 73.72860914735 0.20384674056 
0.225749 73.56173962441 0.20189280995 
0.226256 73.71512795721 0.20227921271 
0.226762 73.41101856895 0.20473234203 
0.227269 73.16985738123 0.20359100090 
0.227776 73.41741998085 0.20229354723 
0.228282 73.46524883452 0.19939178195 
0.228789 73.32783050968 0.20386194039 
0.229296 73.22974242083 0.20277859338 
0.229802 73.43589332504 0.19970900716 
0.230309 73.25446465027 0.20316758634 
0.230816 72.95006204284 0.19553339422 
0.231322 73.06192766454 0.20288333666 
0.231829 72.89775230197 0.20029542190 
0.232335 72.95703750960 0.20296915609 
0.232842 72.94165215676 0.19976645108 
0.233349 72.89119340221 0.20034897602 
0.233855 72.88969375883 0.20212722262 
0.234362 73.00656927607 0.19727420676 
0.234869 72.72590418483 0.20171485146 
0.235375 72.82128428226 0.20225311022 
0.235882 73.05719281567 0.19935655124 
0.236389 72.40261749670 0.20305506763 
0.236895 72.67638170091 0.19885647724 
0.237402 72.42765503139 0.19967158697 
0.237908 72.52125650774 0.19710179072 
0.238415 72.47004016402 0.19909318460 
0.238922 72.44482531812 0.19903174834 
0.239428 72.13549962604 0.20126245454 
0.239935 72.05792085294 0.19962663668 
0.240442 72.27219459091 0.19709277026 
0.240948 71.94521832234 0.19928987753 
0.241455 72.13759985617 0.20081210038 
0.241962 72.10259900816 0.20069394316 
0.242468 71.97669772320 0.19770177503 
0.242975 71.83234507641 0.19861546527 
0.243481 71.76913113795 0.19974199239 
0.243988 71.78408944037 0.20002340413 
0.244495 71.83039261006 0.19670053882 
0.245001 71.75809043478 0.20052781305 
0.245508 72.09060917352 0.19605434196 
0.246015 71.49683347105 0.19512704153 
0.246521 71.65807433052 0.20000057882 
0.247028 71.36438945629 0.19966955062 
0.247534 71.46764194395 0.19563427150 
0.248041 71.52017703627 0.20025709026 
0.248548 71.38915142749 0.19666385929 
0.249054 71.37154425046 0.19891961787 
0.249561 71.28200099206 0.19654850713 
0.250068 71.15974883032 0.19806048725 
0.250574 71.24909068020 0.19870591454 
0.251081 71.03131173746 0.20105561703 
0.251587 71.30597129641 0.19649418408 
0.252094 70.95214875377 0.19589893840 
0.252601 71.06705558628 0.19494554615 
0.253107 70.96856139742 0.19689684364 
0.253614 71.08201801479 0.19498726759 
0.254120 71.15850241543 0.19263004563 
0.254627 70.91610354661 0.19398298778 
0.255134 70.97266927344 0.19396550934 
0.255640 70.63675655397 0.19356489340 
0.256147 71.00699095630 0.19493130021 
0.256654 70.86922041769 0.19545716526 
0.257160 70.96801565326 0.19461505063 
0.257667 71.15506269364 0.19665998230 
0.258173 71.30581328260 0.19577824905 
0.258680 71.40149156505 0.19656012639 
0.259187 71.40612021683 0.19687249335 
0.259693 71.47235653869 0.19301429183 
0.260200 71.45712723608 0.19595909057 
0.260706 71.64100555061 0.19319426928 
0.261213 71.56990370721 0.19874992060 
0.261720 71.64363264658 0.19746033362 
0.262226 71.77598892915 0.19414141672 
0.262733 71.73224678863 0.19588518270 
0.263239 71.57221614577 0.19498535172 
0.263746 71.54289174639 0.19446191738 
0.264253 71.46593729808 0.19871094871 
0.264759 71.62308953892 0.19181855477 
0.265266 71.51882366127 0.19218697089 
0.265772 71.77434761364 0.19253926497 
0.266279 71.59681478167 0.19303607012 
0.266786 71.59663512652 0.18814895446 
0.267292 71.65315165107 0.19347051901 
0.267799 71.69480417424 0.19122665701 
0.268305 71.52507339873 0.19266397427 
0.268812 71.57563057004 0.19179400841 
0.269319 71.71326220227 0.19384970078 
0.269825 71.81064104012 0.18973854003 
0.270332 71.68415145894 0.18929707717 
0.270838 71.72522901263 0.19454930488 
0.271345 72.12126801259 0.18925193909 
0.271852 72.31596071362 0.19100872724 
0.272358 72.26064093266 0.19357880545 
0.272865 72.10681368313 0.19323385308 
0.273371 72.38756071865 0.19318946275 
0.273878 72.13933249537 0.19323073355 
0.274385 72.47162333729 0.19094838222 
0.274891 72.46173487821 0.19108968122 
0.275398 72.11233269715 0.19070343020 
0.275904 72.10501434763 0.18436869100 
0.276411 72.27746489376 0.18857212783 
0.276917 72.39943237973 0.18734079937 
0.277424 72.23499075806 0.18458744701 
0.277931 72.14564475758 0.18202378240 
0.278437 72.09244926601 0.18107476733 
0.278944 72.12037044242 0.18452079616 
0.279450 72.45217775109 0.18440132831 
0.279957 72.22676555441 0.18627422817 
0.280464 72.07454476674 0.18132853631 
0.280970 72.18107100346 0.18326763517 
0.281477 71.91115275857 0.18404031635 
0.281983 72.20654144772 0.18418539582 
0.282490 71.95166069256 0.18563822769 
0.282996 72.15828056977 0.18468771971 
0.283503 72.04031996558 0.18299515887 
0.284010 72.01136635105 0.18068782956 
0.284516 71.83386172971 0.17710908080 
0.285023 71.95761125710 0.17890351877 
0.285529 71.81660169926 0.17790763158 
0.286036 71.90079374641 0.17905204325 
0.286542 71.58026920881 0.17457916715 
0.287049 71.55968920406 0.17327057476 
0.287556 71.42794512483 0.17080748088 
0.288062 71.33539465962 0.17253820889 
0.288569 71.27866307871 0.17239679291 
0.289075 71.46669619681 0.17100699219 
0.289582 71.11659859743 0.17180242089 
0.290088 71.26080551245 0.16622363447 
0.290595 71.13222728473 0.16926880338 
0.291102 71.38995308904 0.16943934471 
0.291608 71.23345625184 0.17059327110 
0.292115 71.37776507604 0.16769122464 
0.292621 71.33411724415 0.16934448461 
0.293128 71.27548842906 0.16767064851 
0.293634 70.95754683239 0.16704362027 
0.294141 70.99298040211 0.16699095383 
0.294647 70.97196077180 0.16746132445 
0.295154 71.00310763888 0.16816731171 
0.295661 70.57116712310 0.16434422226 
0.296167 70.95454500550 0.16493106305 
0.296674 70.82571266277 0.16544679133 
0.297180 70.83679066602 0.16252139812 
0.297687 70.55874411940 0.16598754555 
0.298193 70.73473425128 0.16021811548 
0.298700 70.67591126828 0.16698376393 
0.299207 70.54411031900 0.16432603739 
0.299713 70.68503960117 0.16523131027 
0.300220 70.48995874963 0.16669156007 
0.300726 70.49541494698 0.16196657610 
0.301233 70.56922955797 0.16265792690 
0.301739 70.45759208172 0.16283802360 
0.302246 70.32297038151 0.16329343952 
0.302752 70.03357258616 0.16276927767 
0.303259 70.44975132274 0.16241677257 
0.303765 70.12276608908 0.16231003605 
0.304272 70.25161947575 0.16180725400 
0.304779 70.19254180125 0.16056678646 
0.305285 70.16336963106 0.16163833694 
0.305792 70.26856034555 0.16190894994 
0.306298 69.92573795345 0.16319725158 
0.306805 70.19978943509 0.16463490076 
0.307311 70.04465350701 0.15796045754 
0.307818 70.06456660768 0.15852085184 
0.308324 69.86477789408 0.15490064907 
0.308831 69.61466627974 0.15517492959 
0.309337 69.51556978127 0.15688399047 
0.309844 69.23847746459 0.15541411492 
0.310350 69.19866579196 0.15484118946 
0.310857 68.87486896586 0.15082884896 
0.311364 68.33039186946 0.15303298137 
0.311870 68.42999943980 0.15015680797 
0.312377 68.45186946266 0.14688397616 
0.312883 68.05577329281 0.14836767943 
0.313390 67.81287656030 0.14808591007 
0.313896 67.94163800340 0.14978440528 
0.314403 67.77629310508 0.14566192004 
0.314909 67.70131265669 0.14457217697 
0.315416 67.39675412106 0.14472151625 
0.315922 67.36246274710 0.14348416231 
0.316429 67.39374109136 0.14187968849 
0.316935 67.45279327484 0.14393844313 
0.317442 67.15495270764 0.14593738031 
0.317948 67.25365317765 0.14221797670 
0.318455 67.01298524625 0.14239401291 
0.318961 67.13110146013 0.14069749012 
0.319468 66.95282052307 0.14338487479 
0.319975 67.19508928799 0.14225120140 
0.320481 66.64952339702 0.14049890879 
0.320988 66.65798969679 0.14348660459 
0.321494 66.55208871870 0.14062924420 
0.322001 66.82239237676 0.16008469343 
0.322507 66.80998718280 0.14032678159 
0.323014 66.64413240355 0.14135570319 
0.323520 66.83168019823 0.14297933036 
0.324027 66.60468294094 0.14486678914 
0.324533 66.31553433445 0.13980658582 
0.325040 66.42917562315 0.14227196836 
0.325546 66.63791988394 0.14349890529 
0.326053 66.20636519831 0.13954823079 
0.326559 66.12729631303 0.13799506430 
0.327066 66.22824400559 0.13899952218 
0.327572 66.41818050712 0.14027251065 
0.328079 66.13325275815 0.13955745481 
0.328585 66.10206389414 0.13647639049 
0.329092 66.17397150662 0.13795462370 
0.329598 66.05555176988 0.14005019025 
0.330105 66.20892145360 0.14143564019 
0.330611 66.17715657617 0.13759072759 
0.331118 65.94777471382 0.13818654590 
0.331624 65.95532935814 0.13914119801 
0.332131 65.84725509453 0.13661867383 
0.332637 65.67641124653 0.13703354453 
0.333144 65.83112096575 0.14070953529 
0.333650 65.92049087287 0.14182011778 
0.334157 65.74795020625 0.14089823164 
0.334663 65.50110161560 0.14039525453 
0.335170 65.85446091458 0.14139692550 
0.335676 65.58801555545 0.14087039483 
0.336183 65.63012844901 0.13608872474 
0.336689 65.46281396396 0.14008093096 
0.337196 65.53509589647 0.13843066135 
0.337702 65.37058585576 0.13892916017 
0.338209 65.48841404920 0.13715964801 
0.338715 65.53209122786 0.13588865972 
0.339222 65.52055888078 0.13849420784 
0.339728 65.27039324531 0.13577384362 
0.340235 65.29926548853 0.23970836670 
0.340741 65.42602268401 0.13940227646 
0.341248 65.11877510436 0.13648517893 
0.341754 65.39193851495 0.14099419533 
0.342261 65.09219336906 0.14123759767 
0.342767 65.17237497604 0.14100218322 
0.343274 65.18246148780 0.13827809716 
0.343780 65.26967109873 0.13842981850 
0.344287 65.11592343990 0.13861821829 
0.344793 64.97031342223 0.13756326978 
0.345300 64.99394520850 0.14186275928 
0.345806 65.11329447431 0.14234242859 
0.346313 65.08288983056 0.14440085028 
0.346819 64.97357530419 0.14231136011 
0.347325 65.03813622133 0.14542559873 
0.347832 64.86354986686 0.14471286165 
0.348338 64.73274154565 0.14279661416 
0.348845 64.68932273635 0.14395733735 
0.349351 64.56453870318 0.14810263462 
0.349858 64.88891475604 0.15047374921 
0.350364 64.60625553728 0.14524993037 
0.350871 64.51593175567 0.14699190553 
0.351377 64.65358589010 0.14929071714 
0.351884 64.69694755199 0.15142867784 
0.352390 64.23713905673 0.14697998983 
0.352897 64.35853342537 0.14963672444 
0.353403 64.45738848369 0.14796476968 
0.353910 64.31226939670 0.15063031911 
0.354416 64.20606189667 0.15034288076 
0.354923 64.44903049291 0.15329193028 
0.355429 64.09816118395 0.15450130861 
0.355935 63.96214012339 0.15177180912 
0.356442 63.76114618710 0.15015045399 
0.356948 64.21604313131 0.15578379864 
0.357455 63.62508092172 0.15753340861 
0.357961 64.09023568927 0.15403598614 
0.358468 63.69595549134 0.15720590961 
0.358974 63.90967400491 0.22177277997 
0.359481 63.74522445621 0.20301157117 
0.359987 63.82493998274 0.19837594258 
0.360494 64.07539851265 0.19094070570 
0.361000 63.71323727868 0.18928185395 
0.361506 63.86444443826 0.18436437564 
0.362013 63.91136450039 0.18499208626 
0.362519 63.65098737045 0.18169596660 
0.363026 63.77718826122 0.18301019991 
0.363532 64.11464255675 0.18770892257 
0.364039 63.61923504538 0.18359851748 
0.364545 63.75075009953 0.18214735801 
0.365052 63.75495806075 0.18599402893 
0.365558 64.04713329601 0.18194642017 
0.366064 64.00353406737 0.18414729366 
0.366571 63.67071775420 0.18450079280 
0.367077 63.44833650449 0.18343267396 
0.367584 63.56102905184 0.18584092375 
0.368090 63.70629501244 0.18892673225 
0.368597 63.76712796883 0.19172571643 
0.369103 63.74900924220 0.18837424113 
0.369610 63.82724653500 0.18982735457 
0.370116 63.77800824701 0.19078009450 
0.370622 63.79621718562 0.19022960025 
0.371129 63.77560356164 0.19428439437 
0.371635 63.54469377409 0.19143497698 
0.372142 63.78285855952 0.19647990889 
0.372648 63.73195128480 0.19388602608 
0.373155 63.25655121479 0.19582442262 
0.373661 63.46993154875 0.19525576228 
0.374167 63.31661336981 0.19640148988 
0.374674 63.60293062123 0.19970976595 
0.375180 63.11656561723 0.19602188596 
0.375687 63.55674513908 0.20370413590 
0.376193 63.37696558556 0.20104163139 
0.376700 63.18979786818 0.20051194636 
0.377206 62.96443424663 0.19952125073 
0.377712 63.22745508221 0.20372426740 
0.378219 63.21607365894 0.19972967775 
0.378725 63.12877234855 0.20322897516 
0.379232 63.59052988108 0.21162440229 
0.379738 63.50347473408 0.20126795419 
0.380245 63.08726275326 0.20721181484 
0.380751 63.57993934617 0.20661492528 
0.381257 63.13488343544 0.20931068919 
0.381764 63.11976955769 0.20767810935 
0.382270 63.07263723000 0.20872039313 
0.382777 63.06474789954 0.21058169385 
0.383283 63.17069651802 0.20670464181 
0.383789 63.32593005687 0.20759305932 
0.384296 63.06072669647 0.20834754009 
0.384802 63.10246933169 0.20963096566 
0.385309 63.24815395057 0.20942270450 
0.385815 63.04265942540 0.20960723292 
0.386321 63.13468812070 0.21241462702 
0.386828 63.33154821231 0.21644866674 
0.387334 62.93524824835 0.21026149656 
0.387841 63.04791014036 0.21275749058 
0.388347 62.96257853097 0.21229044760 
0.388853 62.96837547504 0.21923752403 
0.389360 63.18863379189 0.21991608261 
0.389866 63.05018524967 0.22228244665 
0.390373 62.56449066409 0.21586487344 
0.390879 63.18265269632 0.22131648204 
0.391385 63.06474288445 0.22140992568 
0.391892 62.76126522249 0.21646461972 
0.392398 62.68105238136 0.22790028829 
0.392905 62.68643596823 0.21785302818 
0.393411 62.81396927601 0.22978409168 
0.393917 62.73134426433 0.22537795756 
0.394424 62.64255358351 0.22639579182 
0.394930 62.67807104573 0.22628782921 
0.395437 62.91809040293 0.22614700706 
0.395943 62.99696759343 0.22754344370 
0.396449 62.66307613914 0.29731092609 
0.396956 62.31184154110 0.22674332990 
0.397462 62.64845175280 0.23478095322 
0.397969 62.95628038042 0.23129047684 
0.398475 62.63330443625 0.23034340748 
0.398981 62.57040412300 0.23017181895 
0.399488 62.83318525013 0.23598960672 
0.399994 62.45768464817 0.23715762008 
0.400500 62.33315160679 0.23807009701 
0.401007 62.24070542745 0.24469772841 
0.401513 62.30763603456 0.23891272642 
0.402020 62.38591563398 0.24454625328 
0.402526 62.44605858611 0.25357513837 
0.403032 62.25022340654 0.24040872141 
0.403539 62.42449146006 0.24848053859 
0.404045 62.29715017545 0.24950475492 
0.404551 62.37576178623 0.25628661956 
0.405058 62.30314740845 0.26577544040 
0.405564 62.28651790641 0.25830726992 
0.406071 62.30297669630 0.26086785315 
0.406577 62.52824644949 0.25304232589 
0.407083 62.36998224231 0.26213852321 
0.407590 62.38874808480 0.26400535592 
0.408096 62.14706862376 0.27310731791 
0.408602 62.42745422748 0.27894792121 
0.409109 62.36435711744 0.26229771009 
0.409615 62.15541946204 0.26888471403 
0.410121 61.85409925243 0.26088901371 
0.410628 61.85839516720 0.26769169945 
0.411134 62.21427494007 0.26999341789 
0.411641 61.85921468469 0.27248311430 
0.412147 61.87346108230 0.25935174083 
0.412653 61.97495930314 0.27374535708 
0.413160 61.70408618518 0.25834268415 
0.413666 61.89690023186 0.25965276656 
0.414172 62.10699576069 0.27525530312 
0.414679 62.16359901923 0.27261132649 
0.415185 62.03541435293 0.28255720577 
0.415691 61.91184623767 0.27521373497 
0.416198 61.59416995658 0.26853352020 
0.416704 61.97740126149 0.28078054229 
0.417210 61.43032480167 0.28254089097 
0.417717 62.15970326941 0.29642502229 
0.418223 61.86601877181 0.28424824534 
0.418729 61.54612994148 0.28115700494 
0.419236 62.03234492727 0.28651053196 
0.419742 61.58703532781 0.26600051541 
0.420248 61.46190825495 0.26049679235 
0.420755 61.60876596743 0.27147594036 
0.421261 61.25348523798 0.27670691044 
0.421767 61.55746126289 0.28191559999 
0.422274 62.02131208979 0.26980967307 
0.422780 61.71878182915 0.28188371087 
0.423286 61.49204205066 0.28857490462 
0.423793 61.84771445112 0.28900680572 
0.424299 61.38632718660 0.28854680565 
0.424805 61.46594467020 0.27800756328 
0.425312 61.72072955954 0.29102115376 
0.425818 61.41889716889 0.29217530149 
0.426324 62.20870087092 0.29719363842 
0.426831 61.53080344687 0.29006313813 
0.427337 61.81682943058 0.29170954124 
0.427843 61.52767410267 0.29731799803 
0.428350 62.16290814479 0.30685676462 
0.428856 61.33971089557 0.30703885641 
0.429362 62.04824736517 0.30232028926 
0.429869 61.74315327083 0.32439777045 
0.430375 61.33231614063 0.30112013625 
0.430881 61.39067593816 0.31453353201 
0.431388 61.43805691508 0.31435646023 
0.431894 62.21293189716 0.31262977420 
0.432400 61.65156198771 0.33317798794 
0.432907 61.51584071841 0.32399496731 
0.433413 61.24792332818 0.34179510038 
0.433919 61.37760957890 0.33042822900 
0.434425 61.63524033053 0.34050164516 
0.434932 61.36464247866 0.34734663486 
0.435438 61.38934133773 0.35041241353 
0.435944 61.49009462061 0.34527992521 
0.436451 61.63505236204 0.34559748114 
0.436957 61.69038614115 0.36168074316 
0.437463 61.58045316510 0.35861741736 
0.437970 61.57337387016 0.35175018482 
0.438476 61.40029115873 0.35028232378 
0.438982 61.73808613625 0.37029981439 
0.439489 61.54351990324 0.38535114787 
0.439995 61.24963738694 0.36437885182 
0.440501 60.89481898129 0.37105716756 
0.441007 61.18752180450 0.37328325809 
0.441514 61.30543334322 0.39551607806 
0.442020 61.81649451559 0.39660539017 
0.442526 61.20059492661 0.39823785638 
0.443033 60.97762077550 0.41333039281 
0.443539 61.33034526280 0.38993403773 
0.444045 61.46116153183 0.40851058758 
0.444551 61.01337091877 0.40987613545 
0.445058 60.34236255002 0.41403541904 
0.445564 61.50660214019 0.43162299261 
0.446070 61.52075266198 0.42853907256 
0.446577 60.96441303429 0.41966841939 
0.447083 60.85148148109 0.46656106906 
0.447589 60.82249004302 0.43910770068 
0.448095 61.48979636084 0.46013202543 
0.448602 60.64618113131 0.48994072391 
0.449108 60.63727579966 0.46281310767 
0.449614 60.79361699456 0.47786301781 
0.450121 60.79307837584 0.48723453115 
0.450627 60.08307508886 0.49426399543 
0.451133 59.91711447971 0.52321024369 
0.451639 60.38232316344 0.52274659445 
0.452146 59.94714811376 0.52462513550 
0.452652 60.35670761645 0.53396068174 
0.453158 60.29661644571 0.55285693588 
0.453664 60.16284066481 0.57974127472 
0.454171 60.53925055206 0.59532659840 
0.454677 60.28800203051 0.60343519166 
0.455183 60.23558947554 0.60940667391 
0.455689 60.09319475535 0.63084072844 
0.456196 59.62217524214 0.66049023700 
0.456702 61.04196204095 0.65023299614 
0.457208 60.26228562882 0.69277649760 
0.457714 60.66955613515 0.74220200767 
0.458221 59.73506916371 0.76601729109 
0.458727 59.75224343766 0.80242942051 
0.459233 60.24315347469 0.83375382893 
0.459740 61.18234855981 0.85068406834 
0.460246 60.77918496857 0.91667447359 
0.460752 59.63841268408 0.94376964987 
0.461258 60.33808517680 0.99963929869 
0.461765 59.95186487446 1.06110106688 
0.462271 60.51448201131 1.10504818085 
0.462777 60.88601188187 1.18570205250 
0.463283 59.83251686185 1.26265378845 
0.463789 60.81269005610 1.40364582849 
0.464296 60.14247187389 1.35416095024 
0.464802 61.20566014283 1.32285924550 
0.465308 58.54070945215 1.43445297961 
0.465814 60.14006194532 1.69512638373 
0.466321 62.16053309818 1.83888186254 
0.466827 59.51645720232 1.81956470577 
0.467333 59.91553569376 1.96086735510 
0.467839 58.46020869593 1.90462543213 
0.468346 60.17451419535 2.34978510819 
0.468852 60.14444319908 2.57252660640 
0.469358 60.80489027012 2.97772849457 
0.469864 58.30701885249 2.88270802267 
0.470371 58.29305881589 3.76805841666 
0.470877 58.09088551248 4.33769601795 
0.471383 57.56188381003 5.44906001598 
0.471889 56.97047355142 7.34285976977 
0.472395 56.62859251411 6.29762727895 
0.472902 53.04358900947 12.53343624591 
