0.010896 1333.18794899316 13.81078162234 
0.011402 1201.38888772095 12.77209249498 
0.011909 1080.75326058778 11.83947785022 
0.012416 973.75007918328 9.02451731070 
0.012923 884.98840972489 8.07572763324 
0.013430 821.66804851996 10.16747164883 
0.013936 785.82326069128 8.92376353890 
0.014443 730.14616843550 7.20824621604 
0.014950 677.20888541743 6.48408994213 
0.015457 623.89303840148 5.47207961058 
0.015963 575.98363576129 5.09098398915 
0.016470 535.98213252548 4.02079518774 
0.016977 507.56858326934 3.82726509538 
0.017484 471.18226896099 3.23760644158 
0.017990 444.49221673433 3.01609031906 
0.018497 419.55513688260 2.62853338983 
0.019004 398.09235973240 2.32369467302 
0.019511 378.41750285985 2.39224848999 
0.020018 360.44138273649 2.22647623874 
0.020524 343.79918630293 1.89834918046 
0.021031 324.49090817871 1.84766903495 
0.021538 312.88150005236 1.70998836570 
0.022045 300.21491304060 1.80638747983 
0.022551 288.55700872963 1.55515130930 
0.023058 278.48466726439 1.58515667385 
0.023565 269.23410262491 1.51507932393 
0.024072 259.87142888809 1.62590477998 
0.024579 248.27177518445 1.64072948492 
0.025085 243.07539524938 2.13252479567 
0.025592 235.23804449250 2.16436088362 
0.026099 229.30564392892 2.18767943604 
0.026606 223.41399090668 1.67717385885 
0.027112 217.06450403499 1.75929454145 
0.027619 212.01525544967 1.60134363239 
0.028126 206.47792451203 1.46295575505 
0.028633 202.18673025075 1.30906888905 
0.029139 197.51843171801 1.19532225785 
0.029646 193.21158121360 1.10149518035 
0.030153 187.41050104650 1.23443139074 
0.030660 185.64173077223 1.03412095207 
0.031167 182.37719675651 0.91799941092 
0.031673 179.07042899358 0.92849205409 
0.032180 175.71957016560 0.88749646762 
0.032687 172.77189163925 0.88714519320 
0.033194 170.27497157062 0.79310657397 
0.033700 167.23659171174 0.76275211288 
0.034207 164.62067396447 0.72500192312 
0.034714 162.66873856938 0.71643820054 
0.035221 160.93235952850 0.71627196065 
0.035727 156.99363728188 0.65970159219 
0.036234 156.52427919435 0.69372924762 
0.036741 153.99926023924 0.65443765910 
0.037248 153.10294159326 0.65812521336 
0.037755 150.45290168039 0.63043604730 
0.038261 147.43852034462 0.58131494338 
0.038768 147.03084077836 0.58971504012 
0.039275 145.03544259457 0.58958882854 
0.039782 144.04312722021 0.60863966667 
0.040288 141.41905546503 0.57059432755 
0.040795 142.34317375144 0.56409649601 
0.041302 139.87186990208 0.57575973747 
0.041809 139.33163466738 0.55861501409 
0.042315 137.59969553050 0.53190423602 
0.042822 136.81892556195 0.51212688834 
0.043329 135.10379552199 0.53252124918 
0.043836 133.16980621349 0.52799904006 
0.044343 132.25004886204 0.52767715639 
0.044849 131.81227376728 0.52106078729 
0.045356 130.94108917869 0.52975437564 
0.045863 130.07917115411 0.52507896748 
0.046370 128.64767675302 0.50215977790 
0.046876 127.87325334809 0.52391260520 
0.047383 127.33415835657 0.46514455163 
0.047890 125.59038042364 0.47666265943 
0.048397 124.92626046951 0.47394240165 
0.048903 124.14391794659 0.47489720819 
0.049410 123.61507155157 0.47107318675 
0.049917 123.11573269141 0.47283914441 
0.050424 121.49550611005 0.46179551483 
0.050931 121.01987129023 0.43988722471 
0.051437 120.54588486060 0.44723681481 
0.051944 120.01532531052 0.43903320801 
0.052451 119.07036669124 0.45924697531 
0.052958 118.36457024950 0.43172392278 
0.053464 118.48235970354 0.46093133824 
0.053971 116.14316609238 0.45709594618 
0.054478 116.07047259706 0.44814392182 
0.054985 116.82165194308 0.42788294044 
0.055491 115.45425301681 0.44740349281 
0.055998 114.71206343291 0.41552647366 
0.056505 114.69038900214 0.41530011102 
0.057012 114.03134364340 0.45594172339 
0.057519 112.54309770647 0.43520860031 
0.058025 112.27348426877 0.40399792522 
0.058532 112.13195406138 0.42165403048 
0.059039 111.52251072240 0.40616762396 
0.059546 110.27980193685 0.41974127338 
0.060052 109.63422819582 0.41408919234 
0.060559 110.15080787915 0.41203717901 
0.061066 109.82199344746 0.40539029865 
0.061573 109.22592626127 0.39609491250 
0.062079 108.01552183874 0.38703154025 
0.062586 107.87654657099 0.40638000923 
0.063093 107.66497201148 0.39934108381 
0.063600 106.84081052568 0.39503594759 
0.064106 107.37420036254 0.38873070353 
0.064613 106.15196580323 0.39213449833 
0.065120 105.76944852054 0.38639594658 
0.065627 105.14100987855 0.37858737284 
0.066134 104.69301836509 0.36935443891 
0.066640 104.63065631612 0.38217259455 
0.067147 103.89962040608 0.37886524523 
0.067654 103.89065565542 0.37330750980 
0.068161 103.82033755975 0.38830708601 
0.068667 103.46536511659 0.36585330621 
0.069174 102.71837504622 0.37139425781 
0.069681 103.22162236220 0.37322893928 
0.070188 102.36333823593 0.35381754511 
0.070694 102.16847965424 0.34478374802 
0.071201 101.28779717717 0.36662077532 
0.071708 101.43127389230 0.35696129901 
0.072215 100.70158685676 0.36430947737 
0.072721 100.61723192444 0.34480089538 
0.073228 100.53415911954 0.33841926678 
0.073735 99.65017470628 0.35027168498 
0.074242 100.24166010893 0.34706781572 
0.074748 99.63427761444 0.35090225016 
0.075255 99.65080404007 0.35339883904 
0.075762 99.77646180585 0.34628509705 
0.076269 99.06857714338 0.34398002261 
0.076776 98.21423649429 0.34080119406 
0.077282 98.45256647145 0.32609468994 
0.077789 98.05876230301 0.33684298325 
0.078296 97.88722490786 0.32020200898 
0.078803 98.33051777905 0.32622140630 
0.079309 97.55991158785 0.32196648350 
0.079816 97.29802846680 0.32776116352 
0.080323 97.65366606454 0.32807750270 
0.080830 97.45182825890 0.32172797948 
0.081336 97.37451527095 0.34424814927 
0.081843 96.92721537466 0.33601172049 
0.082350 96.66434748151 0.33917664013 
0.082857 96.83145432054 0.33163073607 
0.083363 96.59870580313 0.33176391003 
0.083870 96.37305319785 0.32892821042 
0.084377 96.02132941632 0.32837324806 
0.084884 95.93814523344 0.33481868386 
0.085390 95.65029616526 0.32738749869 
0.085897 95.90462259092 0.33619943455 
0.086404 95.64134181483 0.32538494740 
0.086911 95.26244986552 0.32093645277 
0.087417 94.85673824852 0.33331397237 
0.087924 94.73637501365 0.32252928102 
0.088431 94.60571614294 0.32455817155 
0.088938 94.56822873451 0.34610192367 
0.089444 94.88443232517 0.33898410862 
0.089951 94.11250687388 0.31680419921 
0.090458 94.23398148673 0.32091094619 
0.090965 94.21322390018 0.33057462704 
0.091471 94.06983053014 0.33092381525 
0.091978 93.67823495764 0.33028407076 
0.092485 92.81999335570 0.34466426978 
0.092992 93.08301236194 0.35160218156 
0.093498 93.19596651590 0.32839551218 
0.094005 93.14223845573 0.33562719322 
0.094512 92.66048279120 0.32217716067 
0.095019 92.88329858748 0.33474357591 
0.095525 92.65815757079 0.32918013868 
0.096032 92.33274792037 0.32744609253 
0.096539 92.08220039154 0.34051495357 
0.097046 92.29968116984 0.32860281217 
0.097552 92.24778804111 0.32844006042 
0.098059 91.69962584250 0.33027717683 
0.098566 92.19412187969 0.32944364654 
0.099073 91.21788000779 0.32235446296 
0.099579 91.80305068599 0.32717294471 
0.100086 91.62524621360 0.32520862218 
0.100593 91.69483123450 0.32658857261 
0.101100 90.68229083523 0.31460316261 
0.101606 90.80036021597 0.31826261956 
0.102113 89.89945697255 0.30608174512 
0.102620 89.69187032086 0.29660875100 
0.103127 88.98280241262 0.29355769705 
0.103633 88.94151981866 0.29108594455 
0.104140 88.51819552531 0.30191186825 
0.104647 88.41229530280 0.30110620573 
0.105154 88.11270149517 0.29936836470 
0.105660 88.86713774449 0.31004223111 
0.106167 88.28399162282 0.30147669406 
0.106674 88.15612842740 0.30489334023 
0.107181 88.45861696650 0.30365307457 
0.107687 88.01303831112 0.29225109067 
0.108194 88.06922349429 0.29915610899 
0.108701 87.64580113595 0.28784318182 
0.109208 88.01956210339 0.28493364795 
0.109714 87.94505757612 0.29635394348 
0.110221 87.38165605592 0.28985054960 
0.110728 87.82623852996 0.28635654600 
0.111235 87.30567179160 0.28393295193 
0.111741 87.28915253977 0.29275179590 
0.112248 87.52300932426 0.28792763353 
0.112755 87.22052471407 0.28566035158 
0.113262 87.00987620717 0.28168468618 
0.113768 86.76625559221 0.27942898783 
0.114275 86.36160982415 0.27240755100 
0.114782 86.35931974895 0.28155733274 
0.115289 86.58009656021 0.27932017949 
0.115795 86.58212121638 0.28062495817 
0.116302 86.66395711678 0.26906443615 
0.116809 86.30938643840 0.27389371704 
0.117316 86.43566582283 0.27591191653 
0.117822 86.01475258067 0.27052997302 
0.118329 86.08279873797 0.26916303566 
0.118836 86.19146936403 0.27646398166 
0.119342 85.97508806465 0.25973034782 
0.119849 85.61591295485 0.27437561462 
0.120356 85.53575585530 0.27196723490 
0.120863 85.68639731917 0.26664215036 
0.121369 85.68099840771 0.26319179334 
0.121876 85.50997370526 0.26362844954 
0.122383 85.19873707699 0.26567759934 
0.122890 85.51390512161 0.26141281502 
0.123396 85.14785485792 0.25969424539 
0.123903 85.03826464630 0.25927626811 
0.124410 85.53317365114 0.26493162620 
0.124917 85.31583297703 0.26691898119 
0.125423 84.75373087589 0.26241529523 
0.125930 84.94660264061 0.26021099312 
0.126437 84.75186843590 0.24849943309 
0.126944 84.66159764333 0.25456766665 
0.127450 84.66984970647 0.25054054130 
0.127957 84.36942705230 0.26396456374 
0.128464 84.58555021454 0.25602703016 
0.128970 84.11811842292 0.24742059353 
0.129477 84.35531251353 0.25261614216 
0.129984 84.16373889414 0.25275077926 
0.130491 84.25264639546 0.25537551117 
0.130997 84.34702126050 0.26004715160 
0.131504 84.29978471838 0.25710524304 
0.132011 84.67116113574 0.25560881886 
0.132518 83.64144036366 0.25101147860 
0.133024 84.06857907370 0.24900259287 
0.133531 83.68375510838 0.24912856018 
0.134038 83.99436085910 0.24464836068 
0.134545 83.78586875794 0.24111811611 
0.135051 83.64878056565 0.25304321605 
0.135558 83.17269846668 0.24401296740 
0.136065 83.44386807153 0.24242732920 
0.136571 83.87065405121 0.25049253162 
0.137078 83.32194043333 0.24657908267 
0.137585 83.51964979718 0.24519738779 
0.138092 82.93200176067 0.24146618688 
0.138598 82.97875192678 0.24884385625 
0.139105 82.76126867389 0.24020456500 
0.139612 82.96939375044 0.24110820918 
0.140119 82.81194562722 0.24176595623 
0.140625 82.91778525486 0.24500926364 
0.141132 82.95092414084 0.23797849829 
0.141639 82.82759846673 0.24109022851 
0.142145 82.50024764520 0.24811060685 
0.142652 82.49495704289 0.23923935078 
0.143159 82.37005458774 0.24399748287 
0.143666 82.66353679767 0.23995643380 
0.144172 82.45624849540 0.24271961834 
0.144679 82.09799547090 0.23735806210 
0.145186 82.20393175982 0.24741024107 
0.145692 82.02546052313 0.24013100108 
0.146199 81.89876371567 0.23744658183 
0.146706 81.87066572122 0.23888132380 
0.147213 81.87919230446 0.24383989606 
0.147719 81.47744424218 0.24445759027 
0.148226 81.81328707291 0.24309900731 
0.148733 81.44656599994 0.23683046967 
0.149240 81.63854395607 0.23934403918 
0.149746 81.54810017983 0.24588922029 
0.150253 81.51620412388 0.24496005519 
0.150760 81.09149671314 0.24379032478 
0.151266 81.14450070104 0.24388558264 
0.151773 81.15550783052 0.23614219166 
0.152280 80.92422914718 0.24015673288 
0.152787 80.96368422957 0.23864771557 
0.153293 80.60907284252 0.23505257040 
0.153800 80.75451752804 0.23667884078 
0.154307 80.64825348516 0.24560955317 
0.154813 80.62283230494 0.23802085405 
0.155320 80.15758126616 0.23638566257 
0.155827 80.64950800672 0.24046083036 
0.156334 80.52303345706 0.24002447484 
0.156840 80.20694663799 0.23626237195 
0.157347 80.05609929408 0.23517532192 
0.157854 80.19904111544 0.24072548456 
0.158360 80.42599108730 0.23711240910 
0.158867 80.10739172927 0.23817219211 
0.159374 79.89166679435 0.24029657514 
0.159881 79.75778848991 0.23254458171 
0.160387 79.77181435696 0.23507711347 
0.160894 79.72491091498 0.23704710377 
0.161401 79.70623187998 0.24149445813 
0.161907 79.87222444098 0.23995168661 
0.162414 79.61491725226 0.23458750121 
0.162921 79.78451402295 0.23556042970 
0.163427 79.58365115163 0.23057954860 
0.163934 78.93342418720 0.23379430800 
0.164441 79.23503468467 0.22905339616 
0.164948 79.03099262521 0.22933393619 
0.165454 79.26254945544 0.23425649007 
0.165961 79.26624343747 0.23346478278 
0.166468 78.98598801309 0.23115378413 
0.166974 78.87026707962 0.22841381609 
0.167481 78.28704567804 0.22656504943 
0.167988 78.78172687844 0.23342531374 
0.168495 78.79507873626 0.23299808433 
0.169001 78.85074851527 0.22957584113 
0.169508 78.99153863073 0.23691529604 
0.170015 79.23708480295 0.23657345568 
0.170521 78.95191304693 0.22940384206 
0.171028 78.81742329240 0.23423220794 
0.171535 78.94200115364 0.23684032620 
0.172041 79.30637771558 0.23632185930 
0.172548 78.80939368778 0.23772415014 
0.173055 79.12115383964 0.23330488345 
0.173562 78.65031815956 0.24085702720 
0.174068 78.94502880344 0.23963383781 
0.174575 79.19675608239 0.24039178320 
0.175082 78.62145953165 0.23594142945 
0.175588 78.73162593803 0.23549755448 
0.176095 78.81411018676 0.23820252369 
0.176602 78.81525782929 0.23409848249 
0.177108 78.74813482708 0.23614929954 
0.177615 78.87561245678 0.23670034054 
0.178122 78.55198283423 0.23695367761 
0.178629 78.62244021346 0.24149648041 
0.179135 78.40426563475 0.23689769448 
0.179642 78.53296448160 0.23858983619 
0.180149 78.53029765951 0.23700406161 
0.180655 78.45467955893 0.23740809640 
0.181162 78.44687804803 0.24120630179 
0.181669 78.38225141885 0.23267234857 
0.182175 78.94174481545 0.24097284590 
0.182682 78.81543705144 0.24223964250 
0.183189 78.88637911812 0.24176251064 
0.183695 78.32943912416 0.25028311929 
0.184202 78.34399799817 0.24149681181 
0.184709 78.26559419839 0.24488160540 
0.185216 78.25338187003 0.24205728424 
0.185722 78.06987643016 0.24790613487 
0.186229 77.67406486127 0.24252014055 
0.186736 77.90779447143 0.24149851891 
0.187242 77.92230666037 0.24091640564 
0.187749 78.11111247332 0.24384287446 
0.188256 78.22329247644 0.24732165502 
0.188762 77.53018284232 0.24104230153 
0.189269 77.62747543955 0.24910921631 
0.189776 77.40426765829 0.24743943870 
0.190282 77.53974809716 0.24502780996 
0.190789 77.60311039434 0.24944977204 
0.191296 77.44727267839 0.24915282667 
0.191802 77.59211975876 0.24685150408 
0.192309 77.00927013236 0.24121874150 
0.192816 76.66357944930 0.23706263402 
0.193323 76.57709050886 0.23608324690 
0.193829 76.73573282331 0.24239145334 
0.194336 76.80548273192 0.24090565782 
0.194843 76.59280452468 0.22955864656 
0.195349 76.66290062064 0.23464956033 
0.195856 76.14448377088 0.23554975869 
0.196363 76.18112836163 0.23613587758 
0.196869 76.36623872560 0.23359724930 
0.197376 76.17244892084 0.22954385806 
0.197883 76.22554787280 0.23001303077 
0.198389 76.06460414616 0.22296413138 
0.198896 75.77497021052 0.22179001837 
0.199403 75.84978963733 0.22349031059 
0.199909 75.99656934471 0.22526003006 
0.200416 75.73056799232 0.22286138686 
0.200923 75.72866178915 0.23032761476 
0.201429 75.67574135228 0.22249742768 
0.201936 75.98715602766 0.22403458598 
0.202443 75.68675075808 0.21479854988 
0.202949 75.63083169669 0.22030872904 
0.203456 75.44437283059 0.22209069134 
0.203963 75.53737454409 0.21752870209 
0.204469 75.72228544909 0.22169364343 
0.204976 75.31919095212 0.21561032805 
0.205483 75.65337518839 0.21977528204 
0.205989 75.23294505480 0.21284208707 
0.206496 75.42751407750 0.21835227239 
0.207003 75.19826248185 0.21284674799 
0.207509 75.36787393068 0.21960972905 
0.208016 75.40634264473 0.21774058868 
0.208523 75.25249682750 0.21274729722 
0.209029 75.02179498429 0.21151133955 
0.209536 75.15810862915 0.21442698402 
0.210043 75.36611109231 0.21280697123 
0.210549 74.90431232292 0.21228227641 
0.211056 75.10118004025 0.21031456426 
0.211563 74.86674473531 0.20641222039 
0.212069 74.95493924800 0.20507470282 
0.212576 74.94317216487 0.20747093299 
0.213083 75.13863427782 0.20803160325 
0.213589 74.76943079002 0.21076836860 
0.214096 74.85069614832 0.20768737687 
0.214603 74.47356184301 0.20763924692 
0.215109 74.77311002716 0.20891412833 
0.215616 75.09236284521 0.21224700619 
0.216123 74.15876633438 0.20684578717 
0.216629 74.39223310013 0.20794958104 
0.217136 74.03482073011 0.20953541065 
0.217643 74.25443676887 0.20858676350 
0.218149 74.12819538312 0.20668738152 
0.218656 74.14296376787 0.20885431238 
0.219163 74.18046329608 0.20701110601 
0.219669 73.97351066232 0.20771279784 
0.220176 74.45533022122 0.20533797913 
0.220683 73.88172891213 0.20504298105 
0.221189 73.69935613628 0.20363751448 
0.221696 73.73538926498 0.20184649171 
0.222203 73.92452338329 0.20694085357 
0.222709 73.88121756041 0.20129337894 
0.223216 73.70633743082 0.20146063760 
0.223722 73.54750142995 0.20422849920 
0.224229 73.66547996201 0.20308910331 
0.224736 73.67485679333 0.20469740529 
0.225242 73.48693765506 0.20256784922 
0.225749 73.48094529466 0.20169822770 
0.226256 73.66277491376 0.20247008551 
0.226762 73.37271363630 0.20128450937 
0.227269 73.52027319974 0.20835343063 
0.227776 73.28231669575 0.20086414825 
0.228282 73.55437397287 0.20139484324 
0.228789 73.17693319327 0.20322251563 
0.229296 73.17359191976 0.20311635860 
0.229802 73.24216633339 0.19835335310 
0.230309 73.10880362467 0.20189816178 
0.230816 72.87394082792 0.20424214835 
0.231322 73.20798020007 0.19826037430 
0.231829 72.99538599962 0.20265239343 
0.232335 73.05220296344 0.20092563254 
0.232842 72.82606606038 0.19774178619 
0.233349 72.90074024422 0.20031932529 
0.233855 73.00829154591 0.20207413546 
0.234362 72.90757588347 0.19958834454 
0.234869 72.66350915249 0.19976272146 
0.235375 72.57803359242 0.19463035576 
0.235882 72.51028415899 0.20149398088 
0.236389 72.51951097734 0.20237677093 
0.236895 72.39716092848 0.19993867553 
0.237402 72.58362390525 0.19721262944 
0.237908 72.18512219027 0.20090283885 
0.238415 72.36541793124 0.19957948726 
0.238922 72.41935354879 0.19903869867 
0.239428 72.13868363290 0.20013366879 
0.239935 72.21907044087 0.19943568915 
0.240442 72.08882816758 0.20192798399 
0.240948 71.75959928917 0.19834642911 
0.241455 71.94256454919 0.19876663971 
0.241962 72.09466027590 0.19908909771 
0.242468 72.03096301712 0.19491614892 
0.242975 72.08396129757 0.20161196988 
0.243481 71.70914666524 0.19375256109 
0.243988 71.87757834594 0.19760915658 
0.244495 71.68207487101 0.20108233099 
0.245001 71.66760381464 0.19739840923 
0.245508 71.74392141565 0.19778972720 
0.246015 71.41442167693 0.19721767379 
0.246521 71.49019331757 0.19747096624 
0.247028 71.88011374103 0.19839556482 
0.247534 71.54059119623 0.19787693888 
0.248041 71.55795849511 0.19637020014 
0.248548 71.40254955518 0.19764088693 
0.249054 71.43852450271 0.19668541416 
0.249561 71.39524243758 0.19738322521 
0.250068 71.25909315779 0.19749406438 
0.250574 71.58158462876 0.19986393697 
0.251081 71.24438318551 0.19817798275 
0.251587 71.45183316820 0.19475292463 
0.252094 71.15742215427 0.19470548052 
0.252601 71.02169201577 0.19485260085 
0.253107 71.23270529038 0.19818299846 
0.253614 71.04090218360 0.19864061065 
0.254120 70.89228354339 0.19415827747 
0.254627 70.92382220905 0.19387547917 
0.255134 71.00087710184 0.19531676976 
0.255640 70.82452927024 0.19722639556 
0.256147 70.75720557553 0.19802820840 
0.256654 70.93509389030 0.19590598854 
0.257160 71.00452317177 0.19771646866 
0.257667 71.17699012868 0.19608805602 
0.258173 71.28982405800 0.19929627706 
0.258680 71.60191950503 0.19588366487 
0.259187 71.30613915899 0.19558483126 
0.259693 71.21158229091 0.19655605749 
0.260200 71.28672366017 0.19453139230 
0.260706 71.55560109332 0.19616052796 
0.261213 71.62490036338 0.19417662311 
0.261720 71.72634991940 0.19623413126 
0.262226 71.55915440239 0.19183094933 
0.262733 71.70264727622 0.18966854850 
0.263239 71.58045946415 0.19212298763 
0.263746 71.75125068492 0.19297639502 
0.264253 71.61492828974 0.19053421017 
0.264759 71.73324129071 0.19302104749 
0.265266 71.65398949391 0.19271650953 
0.265772 71.61706613328 0.19200119764 
0.266279 71.75978296411 0.19338733927 
0.266786 71.83976071244 0.19296130087 
0.267292 71.77342239470 0.19276621772 
0.267799 71.67848439437 0.18947081868 
0.268305 71.39597818573 0.19169963206 
0.268812 71.72019466707 0.19322816477 
0.269319 71.69647143983 0.18909259944 
0.269825 71.68394623377 0.18792975288 
0.270332 71.53510114048 0.19236135643 
0.270838 72.13144990785 0.19021633942 
0.271345 71.96958828814 0.19168422591 
0.271852 72.20742930309 0.19070901819 
0.272358 72.12782232427 0.19194205157 
0.272865 72.24892156583 0.19331934970 
0.273371 72.13069113702 0.19268756703 
0.273878 72.17737108591 0.18918660930 
0.274385 72.29464869414 0.19251703950 
0.274891 72.38407331836 0.18877269998 
0.275398 72.19535481683 0.18692630621 
0.275904 72.29030745180 0.18609763590 
0.276411 72.42093517062 0.18644414237 
0.276917 72.11694104925 0.18533725351 
0.277424 72.19257301942 0.18256716293 
0.277931 72.32464401808 0.18591875356 
0.278437 72.22503946618 0.18402537243 
0.278944 72.40367803827 0.18243433487 
0.279450 72.25473816005 0.18325861101 
0.279957 72.21658478130 0.18145306660 
0.280464 72.33873774884 0.18579454941 
0.280970 72.06045589102 0.17996909306 
0.281477 72.09018215054 0.18478672879 
0.281983 72.31710721076 0.18363968590 
0.282490 72.26098611904 0.18258557352 
0.282996 72.14824080514 0.18191177405 
0.283503 72.08038052086 0.17810369886 
0.284010 72.21624154470 0.17760912832 
0.284516 71.82334756128 0.17930244139 
0.285023 71.89569999916 0.17293284466 
0.285529 71.74848976996 0.17682039255 
0.286036 71.42199635090 0.17583442791 
0.286542 71.73092274266 0.17474923900 
0.287049 71.48570675603 0.17044635706 
0.287556 71.50872858863 0.16872865051 
0.288062 71.72903240833 0.17177863431 
0.288569 71.38564737441 0.17165580069 
0.289075 71.52293133028 0.17098667832 
0.289582 71.21234467590 0.16998580897 
0.290088 71.24679742880 0.17283058985 
0.290595 71.29398907282 0.16826386862 
0.291102 71.30736296569 0.16962487362 
0.291608 71.26290474451 0.16705505290 
0.292115 71.32774337414 0.16706473001 
0.292621 71.12974165147 0.16842668403 
0.293128 71.34631862994 0.16825440587 
0.293634 71.01049309648 0.16529251073 
0.294141 71.31028500230 0.16468836175 
0.294647 71.05872341208 0.16749564712 
0.295154 71.36681158431 0.16915936851 
0.295661 70.98993393821 0.16106165534 
0.296167 70.77562936107 0.16608792630 
0.296674 70.75694007536 0.16603570824 
0.297180 70.81515984415 0.16790723660 
0.297687 70.70206109013 0.16287431097 
0.298193 70.68081343669 0.16584233827 
0.298700 70.57618411660 0.16472809854 
0.299207 70.76121795282 0.16545006035 
0.299713 70.76936363423 0.16389527203 
0.300220 70.45116135976 0.16439784338 
0.300726 70.50088561781 0.16562044665 
0.301233 70.51212055801 0.16289162774 
0.301739 70.46965506902 0.16534217778 
0.302246 70.14324639796 0.16217717074 
0.302752 70.05117227127 0.16325788695 
0.303259 70.32399258272 0.16268017630 
0.303765 70.21178270712 0.16292156244 
0.304272 70.09406691119 0.16181944399 
0.304779 70.27450530368 0.16048399861 
0.305285 70.12857025509 0.16094315597 
0.305792 70.04229702822 0.16065584033 
0.306298 70.21138317072 0.16157318826 
0.306805 70.04513106249 0.16265999517 
0.307311 69.75900808210 0.15921135524 
0.307818 69.86674426122 0.16036324631 
0.308324 69.91129518974 0.15459292323 
0.308831 69.51965255725 0.15308069294 
0.309337 69.54615374609 0.15469091915 
0.309844 69.38869049028 0.15620103257 
0.310350 68.86770470902 0.15282689915 
0.310857 68.69933282245 0.15291253696 
0.311364 68.72297514521 0.15319222072 
0.311870 68.52424181523 0.14951964403 
0.312377 68.13854727562 0.14956546578 
0.312883 68.23227516646 0.14696055059 
0.313390 67.80579908916 0.14793528576 
0.313896 67.93858562895 0.14521595910 
0.314403 67.85949401695 0.14647276307 
0.314909 67.61771780431 0.14569110144 
0.315416 67.46854639773 0.14481636828 
0.315922 67.45179800598 0.14640722517 
0.316429 67.38484859711 0.13972551027 
0.316935 67.19091547610 0.14059289772 
0.317442 67.18793795366 0.14231350990 
0.317948 67.03680473628 0.14004760682 
0.318455 67.16453419977 0.14203008295 
0.318961 67.28119907353 0.14199777475 
0.319468 66.69682634933 0.14015049642 
0.319975 67.17019327793 0.14450256279 
0.320481 66.76000340935 0.14193529448 
0.320988 66.51189211156 0.14337358716 
0.321494 66.85260201391 0.13991890541 
0.322001 66.60604707053 0.16352868730 
0.322507 66.64594842595 0.14200305580 
0.323014 66.63872961591 0.14074053484 
0.323520 66.55344577629 0.14344849905 
0.324027 66.61001583168 0.14316750449 
0.324533 66.54645103116 0.14279450621 
0.325040 66.33012494369 0.13805107837 
0.325546 66.31304598441 0.14318313394 
0.326053 66.33267813236 0.13720939885 
0.326559 66.25880165793 0.13709128367 
0.327066 66.10571052685 0.13741202527 
0.327572 66.62846617389 0.14008282470 
0.328079 66.07476409144 0.13801072080 
0.328585 66.15186929291 0.13664650672 
0.329092 66.10562497230 0.13814403281 
0.329598 65.95915991482 0.13851632616 
0.330105 66.15138461802 0.13851226973 
0.330611 65.73391060572 0.13856600698 
0.331118 65.67177672762 0.13718594758 
0.331624 66.18877284233 0.13985462305 
0.332131 66.08409654170 0.13766381586 
0.332637 65.88701315047 0.13600998832 
0.333144 65.85037107836 0.13743430890 
0.333650 65.78443212395 0.13987349692 
0.334157 65.87024106793 0.13868313991 
0.334663 65.78477671351 0.13796588398 
0.335170 65.86282926627 0.13769559643 
0.335676 65.81658844683 0.13908450734 
0.336183 65.69101379663 0.13946479958 
0.336689 65.65851962553 0.14163340906 
0.337196 65.75293875522 0.14083622790 
0.337702 65.49011699309 0.13981573359 
0.338209 65.63262907930 0.13767405329 
0.338715 65.60070328701 0.13927552715 
0.339222 65.34844377470 0.13857123867 
0.339728 65.36345599506 0.14009776776 
0.340235 65.27585043996 0.18925382205 
0.340741 65.41850611184 0.13606661600 
0.341248 65.40194260453 0.14072298563 
0.341754 65.23133570047 0.14019477558 
0.342261 65.35569096590 0.13794966016 
0.342767 65.39142653657 0.13878258282 
0.343274 65.35138322283 0.13914323930 
0.343780 65.22844217389 0.13872445844 
0.344287 65.02095392121 0.13569204970 
0.344793 65.29597467429 0.13878549040 
0.345300 65.09834830268 0.14145720066 
0.345806 65.03870377587 0.14172643447 
0.346313 65.16028574613 0.14444749849 
0.346819 64.95035353607 0.14189448720 
0.347325 65.12554840995 0.14476698935 
0.347832 64.77570194742 0.14798661738 
0.348338 64.79244039778 0.14277907178 
0.348845 64.95456458485 0.14849520150 
0.349351 64.89113646050 0.14971344826 
0.349858 64.77324377309 0.14921556603 
0.350364 64.92617542668 0.14850531218 
0.350871 64.52189031270 0.14500871290 
0.351377 64.67771585961 0.14827087072 
0.351884 64.66783752847 0.14874721858 
0.352390 64.53506342738 0.14713437636 
0.352897 64.67832648688 0.14617044031 
0.353403 64.35854193555 0.14783874637 
0.353910 64.25179600457 0.15034860064 
0.354416 64.09368320187 0.15139760591 
0.354923 64.18380816822 0.15005387079 
0.355429 64.19601982458 0.15129739813 
0.355935 64.12795357786 0.14904233185 
0.356442 64.23605314839 0.15146792424 
0.356948 63.56325899827 0.15414511643 
0.357455 63.81922617054 0.15767087129 
0.357961 63.87446185367 0.15955861237 
0.358468 63.67284298083 0.15375499967 
0.358974 63.87026697130 0.22229391262 
0.359481 63.93564387912 0.20308529298 
0.359987 63.67577804660 0.19935083159 
0.360494 63.69483215027 0.18898435149 
0.361000 63.65899733775 0.18543228082 
0.361506 63.64580495850 0.18782469216 
0.362013 63.74908840011 0.18442727571 
0.362519 63.81608322289 0.18167464346 
0.363026 63.43180524078 0.18216200964 
0.363532 63.71104187197 0.18564266257 
0.364039 63.88121984626 0.17908400951 
0.364545 63.46359682961 0.18480724117 
0.365052 63.70289864351 0.18550321034 
0.365558 63.75156878022 0.18387671476 
0.366064 63.64274366081 0.18332731626 
0.366571 63.71070749719 0.18621356372 
0.367077 63.70824499035 0.18744906301 
0.367584 63.79397631077 0.18806225255 
0.368090 63.86342718171 0.18548026688 
0.368597 63.69505650600 0.18860335767 
0.369103 63.67317989366 0.18736860834 
0.369610 63.79381800783 0.18951973382 
0.370116 63.41129342633 0.19066338432 
0.370622 63.82821634734 0.19250811898 
0.371129 63.36763811289 0.19041940308 
0.371635 63.44046211706 0.18878380509 
0.372142 63.56488525121 0.19392168373 
0.372648 63.65824848931 0.19535788946 
0.373155 63.90280577018 0.19980483771 
0.373661 63.57437795258 0.19526434436 
0.374167 63.10345871065 0.19846039079 
0.374674 63.28091628543 0.20051584607 
0.375180 63.65804627463 0.19928072645 
0.375687 63.40293559085 0.19539849460 
0.376193 63.64310669387 0.20222557078 
0.376700 63.50097093974 0.20109837760 
0.377206 63.30123610223 0.20357891433 
0.377712 63.38241725045 0.20302031564 
0.378219 63.33830218403 0.20429537026 
0.378725 63.53817199900 0.20249288361 
0.379232 63.08455450920 0.20576277955 
0.379738 63.36386865509 0.20161004027 
0.380245 63.41512079570 0.20877562093 
0.380751 63.58772782344 0.21161007765 
0.381257 63.52432582841 0.20963557172 
0.381764 62.93440058385 0.20559066227 
0.382270 63.29904130864 0.21225627872 
0.382777 63.19884075092 0.20670384002 
0.383283 63.14657768453 0.20777312465 
0.383789 63.02253030401 0.20771141257 
0.384296 62.94323053145 0.20572055712 
0.384802 63.06699974627 0.21251451210 
0.385309 63.15818490279 0.21412550653 
0.385815 63.13977963846 0.20653687412 
0.386321 62.75993942887 0.21358682328 
0.386828 63.04013842861 0.21479826340 
0.387334 63.16924614383 0.21020207625 
0.387841 62.86220799810 0.21401112896 
0.388347 63.21481970905 0.21327112240 
0.388853 63.01361769669 0.22023270313 
0.389360 62.89081015312 0.21368602008 
0.389866 63.23316809170 0.21861010878 
0.390373 62.78019593350 0.21623817627 
0.390879 62.95555305071 0.21728321028 
0.391385 62.82326884626 0.22205494394 
0.391892 63.03254233117 0.22684578576 
0.392398 62.71260909422 0.21753185290 
0.392905 62.64718910421 0.22138799069 
0.393411 62.82274650736 0.21837814474 
0.393917 63.23102777513 0.22301599913 
0.394424 63.14067092379 0.22588270228 
0.394930 62.48549601934 0.23091152989 
0.395437 62.75637525035 0.22843348389 
0.395943 62.32921862006 0.22639279470 
0.396449 62.59025619032 0.33571112329 
0.396956 62.52459935789 0.22810112734 
0.397462 62.81176509999 0.23539910753 
0.397969 62.65810950656 0.23970662184 
0.398475 62.63730019797 0.23181970172 
0.398981 62.07148092895 0.23219027398 
0.399488 62.54669436644 0.23668693510 
0.399994 62.06106742870 0.24040054394 
0.400500 62.14403277027 0.24348645277 
0.401007 62.35783495030 0.23520961213 
0.401513 62.35240532454 0.24514191788 
0.402020 62.04411512098 0.24195899663 
0.402526 62.24953971142 0.24517792686 
0.403032 62.74792545719 0.24548110002 
0.403539 62.63640749232 0.26452181884 
0.404045 62.49661926981 0.25039594265 
0.404551 62.73486742457 0.26582671656 
0.405058 62.25534200162 0.26391880642 
0.405564 61.91743099898 0.25656574809 
0.406071 62.90197800512 0.26604217755 
0.406577 62.60433315787 0.25999950624 
0.407083 61.75377404193 0.25945186078 
0.407590 62.50587112223 0.25928080347 
0.408096 62.72240251515 0.27840335570 
0.408602 61.89416913998 0.27599614208 
0.409109 62.18513446192 0.26145604425 
0.409615 62.11091361804 0.27174996593 
0.410121 62.12017908394 0.27016216380 
0.410628 61.97191206113 0.26893183649 
0.411134 61.96037273485 0.27019608484 
0.411641 62.14075193791 0.27424278947 
0.412147 61.92776981293 0.25846724103 
0.412653 62.04339043230 0.26414721922 
0.413160 61.85870840652 0.25874669804 
0.413666 62.01144221416 0.27247420775 
0.414172 62.13840781086 0.28048666108 
0.414679 61.88004295668 0.26819304446 
0.415185 61.94276835284 0.28298891778 
0.415691 61.98922092190 0.28273644145 
0.416198 62.02026886466 0.27060388338 
0.416704 61.81773902124 0.28436609628 
0.417210 61.88677305140 0.27336422505 
0.417717 61.99408231301 0.29407216999 
0.418223 61.43080057200 0.28001519756 
0.418729 62.02389946922 0.27534018764 
0.419236 62.52233525722 0.28029788047 
0.419742 61.80833468806 0.26662690130 
0.420248 61.77973272008 0.28133836659 
0.420755 61.94223146691 0.26351259928 
0.421261 61.94046014532 0.27709455792 
0.421767 61.38824009106 0.29115074493 
0.422274 61.70070876592 0.27863928389 
0.422780 61.88641664689 0.27681762377 
0.423286 61.05877954522 0.28073685684 
0.423793 61.58129340215 0.28858658281 
0.424299 61.86683004987 0.29774507780 
0.424805 61.65585814369 0.28395444093 
0.425312 61.71461724841 0.29470467600 
0.425818 62.06024779756 0.28910415269 
0.426324 61.85328593404 0.30162022732 
0.426831 61.43136364659 0.29561137392 
0.427337 61.46828917674 0.28972167373 
0.427843 61.91975479400 0.29915236672 
0.428350 61.38745950765 0.30798829196 
0.428856 61.69926681636 0.29937158497 
0.429362 61.70983450006 0.30148464338 
0.429869 61.85798028411 0.31923682712 
0.430375 61.54043601708 0.30690530702 
0.430881 61.48440498695 0.30486051882 
0.431388 62.22316898711 0.31844000172 
0.431894 62.36907144091 0.32029109157 
0.432400 61.52043483548 0.32287196433 
0.432907 61.81896716535 0.31806553737 
0.433413 61.36725908695 0.33597684109 
0.433919 61.72879446134 0.33621445313 
0.434425 61.29613029851 0.33037397381 
0.434932 60.76123072208 0.34424613423 
0.435438 61.51968597539 0.34595283960 
0.435944 61.67298099947 0.33540709354 
0.436451 61.59761274397 0.34854071464 
0.436957 61.37741604050 0.35308265205 
0.437463 61.26552589949 0.35460442090 
0.437970 61.47631109078 0.34595468523 
0.438476 61.09082686350 0.36865691261 
0.438982 61.56366510023 0.37313337470 
0.439489 61.34960307934 0.37613480969 
0.439995 60.84893848748 0.36056996942 
0.440501 61.40761047836 0.36667075579 
0.441007 61.47728537175 0.37755153230 
0.441514 61.36887819102 0.38862057279 
0.442020 60.84701749451 0.40500589490 
0.442526 60.75566789416 0.39635092697 
0.443033 61.38038593404 0.39804922346 
0.443539 61.34649594844 0.41344442668 
0.444045 61.07440533315 0.41044115279 
0.444551 61.37615467725 0.43848351684 
0.445058 61.26650401028 0.42043509696 
0.445564 61.10451178251 0.43775830118 
0.446070 60.70303195969 0.44299492776 
0.446577 61.41473029862 0.43778385392 
0.447083 60.22392659827 0.46504840297 
0.447589 60.58810548332 0.44821313878 
0.448095 60.09906025955 0.45102363042 
0.448602 61.71743764079 0.47755215474 
0.449108 61.35598092683 0.49545451996 
0.449614 60.54746253511 0.47272756296 
0.450121 60.74519247156 0.49390606319 
0.450627 60.89321864554 0.52102470706 
0.451133 61.22228355124 0.49703743015 
0.451639 60.60489138321 0.54462913169 
0.452146 60.57343967665 0.54183172790 
0.452652 60.81275551322 0.54209368173 
0.453158 60.04095126603 0.54814771257 
0.453664 60.14557355399 0.55464730611 
0.454171 59.82777300681 0.56289314656 
0.454677 59.94599330823 0.58797321685 
0.455183 59.69282216207 0.63365367461 
0.455689 60.56545630073 0.66810412986 
0.456196 59.45455182328 0.64664545334 
0.456702 59.64677317073 0.65648760330 
0.457208 59.98568331241 0.72023630284 
0.457714 60.43189755241 0.75881353043 
0.458221 59.96237383065 0.74315358223 
0.458727 59.24767658229 0.78427191500 
0.459233 59.37486525529 0.85888077236 
0.459740 59.21366882554 0.83927193481 
0.460246 59.31003171722 0.86313696102 
0.460752 59.83113247985 0.97724579110 
0.461258 61.55897655611 0.98752688410 
0.461765 60.49786180756 1.10011244700 
0.462271 60.19468822063 1.03248572813 
0.462777 61.13232297212 1.20700660184 
0.463283 60.11376319428 1.25622546113 
0.463789 59.94660383924 1.35468856974 
0.464296 59.53511963686 1.34447377866 
0.464802 60.01335589542 1.34076135366 
0.465308 59.95322369071 1.53989166745 
0.465814 58.79747231174 1.65178779819 
0.466321 58.33096637499 1.68357809926 
0.466827 60.29299968797 1.83055539872 
0.467333 61.34795967717 1.92669140369 
0.467839 58.32031485143 1.95553619339 
0.468346 59.31403355100 2.28678665067 
0.468852 62.37911809415 2.60794071168 
0.469358 58.73661254262 2.85344165575 
0.469864 57.25896685499 2.87877402571 
0.470371 57.41488530326 3.86140924340 
0.470877 57.44821225527 4.44729578774 
0.471383 61.12950513633 6.02514487867 
0.471889 54.17548475425 6.87406688136 
0.472395 55.51772919433 6.35222892463 
0.472902 55.58118911625 13.26597803741 
