0.010896 1350.62348101716 15.02257399355 
0.011402 1205.99645747863 11.25118665289 
0.011909 1084.10169153965 12.38151403133 
0.012416 989.82181086203 9.43403207419 
0.012923 898.31087697233 8.89216603778 
0.013430 828.59535151150 10.48216728626 
0.013936 796.30896643640 9.32894011017 
0.014443 741.01828044697 7.53735424819 
0.014950 688.38741867329 6.76584803805 
0.015457 633.89936767285 5.24458593010 
0.015963 586.82212628917 4.93849717535 
0.016470 551.50449106642 4.19974731286 
0.016977 516.90132183481 3.80073761861 
0.017484 484.82116937412 3.41657885112 
0.017990 457.75960949771 3.00817462438 
0.018497 432.16888265257 2.71138099770 
0.019004 412.28209791484 2.37995924358 
0.019511 387.21450507440 2.18912220377 
0.020018 370.08827353776 2.13737291615 
0.020524 355.95828097844 1.98211183065 
0.021031 336.49075895903 1.90773214443 
0.021538 323.77757451146 1.77024202051 
0.022045 310.18449524183 1.69522899533 
0.022551 299.69693762262 1.61351722354 
0.023058 289.43376760314 1.50508585931 
0.023565 277.30776004839 1.50108458006 
0.024072 270.72801418396 1.67537022041 
0.024579 259.30675716563 1.73197832987 
0.025085 251.39620107930 2.03513598914 
0.025592 244.59124594003 2.08957091922 
0.026099 238.60559364719 2.15093246770 
0.026606 232.62263952522 1.73541237598 
0.027112 227.12768117909 1.75152331837 
0.027619 220.61985594120 1.44025921551 
0.028126 214.48863233421 1.52665954830 
0.028633 208.53407463734 1.36089353941 
0.029139 205.53284481313 1.22354140155 
0.029646 202.21367113809 1.14748009792 
0.030153 196.23359405580 1.18268047145 
0.030660 192.70409535552 1.05490290553 
0.031167 189.83861337739 0.93035594632 
0.031673 186.61829649133 0.94012992051 
0.032180 183.96142211906 0.87468412256 
0.032687 181.06686873920 0.88500022733 
0.033194 176.83490447441 0.83984518354 
0.033700 173.76457260483 0.79380259609 
0.034207 171.07450124546 0.77368964398 
0.034714 168.75682332841 0.74330468129 
0.035221 167.82021313120 0.72633961766 
0.035727 165.18223172104 0.67694140488 
0.036234 162.48323738661 0.68657545972 
0.036741 160.29408819205 0.69473614318 
0.037248 157.61998679027 0.67150823319 
0.037755 156.89475311426 0.61186564448 
0.038261 154.82664304939 0.61253132929 
0.038768 152.81347380074 0.58411468027 
0.039275 151.82607805464 0.58219850363 
0.039782 150.65997324420 0.58661726256 
0.040288 147.74230455278 0.53383582958 
0.040795 146.80108038003 0.54140658316 
0.041302 146.63237331096 0.58236308480 
0.041809 144.22545639718 0.57569773241 
0.042315 142.05560017513 0.56760094029 
0.042822 140.92826472002 0.54775032457 
0.043329 139.54503674510 0.55105179792 
0.043836 138.34444719164 0.53427904422 
0.044343 137.17083929420 0.52758171511 
0.044849 137.14971130110 0.52373053875 
0.045356 135.62639264705 0.51704652529 
0.045863 133.71381448241 0.51430263718 
0.046370 133.75921161967 0.50984104335 
0.046876 131.42537312264 0.50121278977 
0.047383 130.63241175600 0.50961967497 
0.047890 130.36468862358 0.48900695275 
0.048397 129.66396837882 0.50756410549 
0.048903 128.09559708566 0.48468432533 
0.049410 127.93737260037 0.47711083085 
0.049917 126.54899409733 0.49423019462 
0.050424 125.69608542645 0.48485787146 
0.050931 125.76000639925 0.46410980361 
0.051437 124.00271005878 0.46453290310 
0.051944 123.04505880810 0.45208141185 
0.052451 122.59692151360 0.45786608440 
0.052958 122.38117587939 0.44727120328 
0.053464 122.13748022364 0.43979848260 
0.053971 120.34336343916 0.45095540163 
0.054478 120.28851131977 0.45858714244 
0.054985 119.31778700615 0.45787962833 
0.055491 117.45498556855 0.45080812325 
0.055998 118.03703535565 0.42009172735 
0.056505 116.90573794740 0.42315058896 
0.057012 117.02877226437 0.42673881884 
0.057519 115.77248751861 0.42428595574 
0.058025 115.86646866665 0.41231342445 
0.058532 114.57073626228 0.41126945558 
0.059039 113.77311881756 0.40619240500 
0.059546 113.45971134735 0.41306904496 
0.060052 112.70357052114 0.42444444098 
0.060559 112.22375522311 0.40989410097 
0.061066 111.73843932376 0.41931878578 
0.061573 111.54164112845 0.39385280896 
0.062079 110.94635150644 0.40698161519 
0.062586 110.09636881204 0.40076959653 
0.063093 110.25672195620 0.39926475267 
0.063600 109.53093865331 0.40942862617 
0.064106 108.46699510693 0.39932119817 
0.064613 108.75161979902 0.40061742362 
0.065120 108.50656455275 0.38193441327 
0.065627 107.93953933885 0.38748400734 
0.066134 107.35955920050 0.37036996895 
0.066640 107.39253321719 0.38283088447 
0.067147 106.64293117754 0.38717347101 
0.067654 106.05203118510 0.37852564855 
0.068161 105.76312485078 0.37561886750 
0.068667 105.53691236815 0.36399525470 
0.069174 104.45820571857 0.37615117456 
0.069681 104.54093611624 0.37413948174 
0.070188 104.79087866077 0.37318013645 
0.070694 104.17215804620 0.34731194052 
0.071201 103.75312885215 0.36083996426 
0.071708 103.43197569265 0.35961663897 
0.072215 103.18005385018 0.35498736697 
0.072721 102.71547483111 0.36210643762 
0.073228 102.23356669843 0.34416296191 
0.073735 101.96690674021 0.35763134091 
0.074242 101.86777075300 0.35639527913 
0.074748 100.97001404638 0.34684521199 
0.075255 100.70575192152 0.33508570158 
0.075762 101.12633396401 0.34119556671 
0.076269 101.02220217607 0.34222566689 
0.076776 100.02001400683 0.34327583186 
0.077282 99.57475962441 0.33617355831 
0.077789 99.62697329675 0.33653531105 
0.078296 99.12044038001 0.31875819507 
0.078803 99.19388968690 0.33008396760 
0.079309 99.10049609751 0.34224156972 
0.079816 98.44579249251 0.33700241035 
0.080323 99.10279929054 0.32531961700 
0.080830 98.44658589697 0.33036709975 
0.081336 98.41472716853 0.33037034438 
0.081843 97.74490496234 0.33139315515 
0.082350 98.48192912995 0.34805182034 
0.082857 97.72430957581 0.33880691570 
0.083363 97.56187150051 0.33337248315 
0.083870 97.37732028279 0.32840742523 
0.084377 96.57169455122 0.33361042942 
0.084884 97.30940274128 0.33688628861 
0.085390 96.46106588162 0.32776095788 
0.085897 96.36002029355 0.33030996405 
0.086404 96.68729769977 0.32689829912 
0.086911 95.57225993191 0.32005682597 
0.087417 95.91684889127 0.32835597696 
0.087924 96.20475709861 0.33843640867 
0.088431 96.06726655067 0.32712584267 
0.088938 95.17005101627 0.34184127151 
0.089444 95.17664534806 0.34629943692 
0.089951 95.38833170246 0.32864478317 
0.090458 95.03601352847 0.32780060176 
0.090965 94.75965719259 0.32267005867 
0.091471 94.61616920893 0.33411113571 
0.091978 94.15527765274 0.32202789627 
0.092485 93.96350774160 0.35895172015 
0.092992 93.29807058378 0.33898205088 
0.093498 93.39796734300 0.33066404811 
0.094005 93.81883072131 0.33357843433 
0.094512 93.91264801516 0.32409050599 
0.095019 92.99671066800 0.32800272471 
0.095525 93.07480936257 0.33031866286 
0.096032 92.68203864088 0.33175573193 
0.096539 92.84011149431 0.33546889256 
0.097046 92.28716561834 0.32906885504 
0.097552 92.60441411397 0.33900245270 
0.098059 92.80571308482 0.32356947130 
0.098566 92.50107145668 0.32520376507 
0.099073 92.27152381555 0.31620336797 
0.099579 92.65936837172 0.33272527868 
0.100086 91.74407716673 0.33278736800 
0.100593 91.77269252411 0.32215406706 
0.101100 91.72374514479 0.33045632397 
0.101606 91.32169357636 0.31467842876 
0.102113 90.78904011291 0.29877284968 
0.102620 89.64794364752 0.30141451645 
0.103127 90.20282069353 0.29727117442 
0.103633 89.50419835909 0.29795861704 
0.104140 88.90800554786 0.30049142671 
0.104647 88.91021678610 0.28853728384 
0.105154 88.99245084214 0.31466971904 
0.105660 88.58620342864 0.30282922347 
0.106167 88.19877391574 0.30851336181 
0.106674 88.80498575942 0.31544813930 
0.107181 89.08543367609 0.30193953524 
0.107687 88.39377504830 0.29891057415 
0.108194 88.67362827845 0.29620600143 
0.108701 88.20857041735 0.29006199114 
0.109208 88.39115049191 0.29771825751 
0.109714 87.61065620751 0.30062887943 
0.110221 88.17560557238 0.28424535419 
0.110728 87.81975417259 0.28937478955 
0.111235 87.14263263453 0.29186232105 
0.111741 87.81281952606 0.28537206123 
0.112248 87.46963857146 0.28017676690 
0.112755 87.52478803995 0.29259916557 
0.113262 87.21640880428 0.28423105839 
0.113768 87.57098151730 0.27904740161 
0.114275 86.67454941624 0.27681692518 
0.114782 87.25235848765 0.28291009072 
0.115289 87.23238821237 0.28116401811 
0.115795 87.24255194256 0.27340739109 
0.116302 86.32855172036 0.27445768644 
0.116809 86.55574256230 0.27536502032 
0.117316 86.64540641714 0.27321213448 
0.117822 86.59402406772 0.27423263506 
0.118329 86.17889274453 0.26093173505 
0.118836 86.17250928255 0.26762655088 
0.119342 86.18867366766 0.26901321660 
0.119849 85.80552538269 0.27200712178 
0.120356 85.99004855253 0.27105623610 
0.120863 85.74646572155 0.27138246635 
0.121369 86.39476511528 0.26486520642 
0.121876 85.53124510440 0.26271876828 
0.122383 86.29313422612 0.25842874671 
0.122890 85.59179560774 0.26234883739 
0.123396 85.73435044705 0.26079016783 
0.123903 85.49476215064 0.26735450431 
0.124410 85.11699787030 0.25699943833 
0.124917 84.85709473870 0.25702787411 
0.125423 85.19627279708 0.26231379826 
0.125930 84.92581914399 0.25364415413 
0.126437 85.10840189074 0.25376126184 
0.126944 85.00590094702 0.26277227208 
0.127450 84.95688435829 0.25543441445 
0.127957 84.81585427377 0.25389886434 
0.128464 84.71211933034 0.26000405422 
0.128970 84.69951094897 0.25391362796 
0.129477 84.77771753324 0.25710701378 
0.129984 84.72832541642 0.25901986124 
0.130491 84.64777528316 0.25423015661 
0.130997 84.69031803089 0.25773819762 
0.131504 84.09551403197 0.24814525467 
0.132011 84.07698697254 0.25148020254 
0.132518 84.39107041719 0.25182139021 
0.133024 84.32690933414 0.24667764045 
0.133531 84.22078407502 0.24851026039 
0.134038 83.45737529805 0.24505003508 
0.134545 84.05689502665 0.24711458035 
0.135051 83.81499307363 0.24828063239 
0.135558 84.07270182904 0.24533245459 
0.136065 83.48877769275 0.24160012023 
0.136571 83.73505695483 0.24627215402 
0.137078 83.70797311550 0.25218630642 
0.137585 83.39801985830 0.24080033222 
0.138092 83.27153860228 0.24360968666 
0.138598 83.20567126410 0.23877232783 
0.139105 83.27331813451 0.24131562302 
0.139612 83.08366974300 0.24121047932 
0.140119 83.24885099212 0.24609550373 
0.140625 83.31770546388 0.24419455334 
0.141132 82.87967296507 0.23980003698 
0.141639 83.29911849323 0.24274797492 
0.142145 83.06147134308 0.24224581676 
0.142652 82.57507259607 0.24249775542 
0.143159 82.55560443895 0.24095610197 
0.143666 82.84000058198 0.24561104582 
0.144172 82.37267696823 0.24785327247 
0.144679 82.28445696081 0.24736089221 
0.145186 82.61424441480 0.24281814404 
0.145692 82.26084893816 0.23798428270 
0.146199 82.03275278850 0.24331084665 
0.146706 81.93294739512 0.23683378576 
0.147213 82.06799004176 0.24381165055 
0.147719 81.87786115681 0.23376362477 
0.148226 81.91882793477 0.23941958939 
0.148733 81.86612853613 0.23921100553 
0.149240 81.70336279123 0.23949752316 
0.149746 81.46218255479 0.24318402563 
0.150253 81.44433579378 0.23383689180 
0.150760 81.62138234338 0.23662409344 
0.151266 81.22415269281 0.23671934375 
0.151773 81.33425985331 0.23813989866 
0.152280 81.41384178122 0.23822724960 
0.152787 81.37773676358 0.23646415292 
0.153293 81.18815463063 0.24072966310 
0.153800 81.00021458519 0.24364155715 
0.154307 80.81945955914 0.24496114660 
0.154813 80.46102260056 0.24021208589 
0.155320 80.66811879195 0.24034052409 
0.155827 80.73075391016 0.23974200144 
0.156334 80.45842382668 0.24994119158 
0.156840 80.47994700120 0.23972326726 
0.157347 80.60129471154 0.23693052817 
0.157854 80.32875148549 0.23877228689 
0.158360 80.27539888733 0.23089272196 
0.158867 80.14874359904 0.23413851873 
0.159374 79.80239001986 0.23998174336 
0.159881 80.06720383039 0.23359057388 
0.160387 80.04843815572 0.23706990367 
0.160894 80.08551198654 0.23910001060 
0.161401 79.53264611558 0.23683471080 
0.161907 79.65180466385 0.23359821908 
0.162414 79.65825510597 0.23007544104 
0.162921 79.66352376594 0.23266488544 
0.163427 79.42637309507 0.23212798896 
0.163934 79.32108835639 0.23413969846 
0.164441 79.54666234273 0.23544380536 
0.164948 79.55411601089 0.23465781116 
0.165454 79.39999271750 0.23533243836 
0.165961 79.43821289323 0.22853873147 
0.166468 79.31658399963 0.23378288324 
0.166974 79.51711949385 0.22831595483 
0.167481 78.95181916721 0.23324577105 
0.167988 79.47661272749 0.22923358166 
0.168495 79.09304647433 0.23081233894 
0.169001 79.27437782157 0.23698732939 
0.169508 79.21586282696 0.23186671947 
0.170015 79.12930498774 0.23573807681 
0.170521 79.14920090982 0.23208648601 
0.171028 78.97989300798 0.23916760849 
0.171535 79.05611045317 0.23834269997 
0.172041 78.99636598655 0.23286161621 
0.172548 79.06228996259 0.23777711473 
0.173055 78.79221417148 0.23162042360 
0.173562 79.12185533151 0.22816619620 
0.174068 79.22060140289 0.23407667974 
0.174575 78.85888027964 0.23391484013 
0.175082 78.87920481695 0.23754158969 
0.175588 78.84408564185 0.23671055153 
0.176095 78.93068832273 0.24141698100 
0.176602 78.96844470624 0.23660758100 
0.177108 78.88534894119 0.23461299703 
0.177615 78.84032031160 0.23504262719 
0.178122 78.79018422946 0.24152711973 
0.178629 78.41912699798 0.23296491092 
0.179135 78.63260508647 0.24327392477 
0.179642 78.79895914731 0.23654005163 
0.180149 78.86370814055 0.23613441817 
0.180655 78.59079305934 0.23719824210 
0.181162 78.64879547453 0.23421387714 
0.181669 78.73509294965 0.24128396804 
0.182175 78.96920127435 0.24509063367 
0.182682 78.57798651680 0.24182850916 
0.183189 78.75379710393 0.24330806081 
0.183695 78.62307253498 0.23988240808 
0.184202 78.53856227875 0.23730699535 
0.184709 78.30747475961 0.24858761387 
0.185216 78.28010202600 0.24493381842 
0.185722 78.44394045464 0.24063715792 
0.186229 78.59376175634 0.24332645685 
0.186736 78.30951101119 0.25034774114 
0.187242 78.19096348966 0.24550193100 
0.187749 77.89096030570 0.24698880450 
0.188256 77.82305092450 0.24831199178 
0.188762 77.72776254044 0.24556969955 
0.189269 77.77825818172 0.24345035532 
0.189776 77.54284243921 0.24441918568 
0.190282 77.49474363129 0.24572552124 
0.190789 77.59383615700 0.24638399513 
0.191296 77.53158454401 0.24475771268 
0.191802 77.46663116255 0.24684745764 
0.192309 76.82915466857 0.23827709330 
0.192816 77.01403601687 0.23446417590 
0.193323 76.82838079393 0.23665506314 
0.193829 76.81156158643 0.23449446216 
0.194336 76.53620323850 0.23493611524 
0.194843 76.70501545457 0.23720707667 
0.195349 76.64742680295 0.24030361130 
0.195856 76.41473672107 0.23527606667 
0.196363 76.33960925449 0.23004252370 
0.196869 76.07961320478 0.22706658303 
0.197376 76.17854953529 0.22710369146 
0.197883 76.10142786221 0.23017984230 
0.198389 76.05832920397 0.22801024830 
0.198896 76.06655170633 0.22791605261 
0.199403 75.79830816962 0.22619518875 
0.199909 75.81380472664 0.22182469556 
0.200416 75.89201135537 0.22430364477 
0.200923 75.68126728842 0.22323289410 
0.201429 75.73619620617 0.22378367819 
0.201936 75.65305619073 0.22337647838 
0.202443 75.97961762842 0.22173357774 
0.202949 75.65616743879 0.22232324588 
0.203456 75.70790904414 0.22165798059 
0.203963 75.49349814385 0.21895161588 
0.204469 75.48313012993 0.22358641407 
0.204976 75.25597331419 0.21591275745 
0.205483 75.64633532722 0.21609769089 
0.205989 75.56147386434 0.21824522837 
0.206496 75.17647746203 0.21353989547 
0.207003 75.36842188329 0.21047086573 
0.207509 75.39932705339 0.21616327834 
0.208016 75.39577929966 0.21217188475 
0.208523 75.37911899650 0.21003771243 
0.209029 75.46405460669 0.21728037644 
0.209536 75.24973703763 0.21391308335 
0.210043 75.19308606942 0.20864488101 
0.210549 74.97564583100 0.21021570771 
0.211056 75.09997687226 0.21033910087 
0.211563 74.99984994611 0.21081970700 
0.212069 74.96360838417 0.21008093142 
0.212576 74.82121506998 0.20797384592 
0.213083 74.91048645589 0.20989234986 
0.213589 75.07058822655 0.20819818674 
0.214096 74.55356951786 0.20749609506 
0.214603 74.46943913892 0.21084149815 
0.215109 74.53898349411 0.21144369615 
0.215616 74.63228369433 0.20645840485 
0.216123 74.34570785774 0.20427121280 
0.216629 74.30356862225 0.20587955268 
0.217136 74.60568662676 0.20438028617 
0.217643 74.23894111450 0.20792500641 
0.218149 74.05842603286 0.20756975451 
0.218656 73.97142525306 0.20623703684 
0.219163 74.04614356503 0.20582625766 
0.219669 74.09886582431 0.20903126177 
0.220176 74.37272169795 0.20338326531 
0.220683 74.08107633035 0.20555019632 
0.221189 73.93691506160 0.20493057460 
0.221696 73.95026249446 0.19826055772 
0.222203 73.88742714268 0.20383954633 
0.222709 73.81262810785 0.20508814614 
0.223216 73.83214787665 0.20030228591 
0.223722 73.81393534866 0.20643492555 
0.224229 73.63015399123 0.20286956410 
0.224736 73.45681228199 0.20200811741 
0.225242 73.34938011943 0.20259878653 
0.225749 73.43173368358 0.20277976553 
0.226256 73.55115467324 0.20087349173 
0.226762 73.61283435055 0.20125966057 
0.227269 73.40384625321 0.20402614269 
0.227776 73.52124924751 0.20421067739 
0.228282 73.57901967820 0.20497279463 
0.228789 73.27605124895 0.20121565173 
0.229296 73.22813471857 0.20035112867 
0.229802 73.32000651011 0.20065725816 
0.230309 73.28123194443 0.20366963393 
0.230816 73.07827625658 0.20245202269 
0.231322 73.14441364225 0.20614338006 
0.231829 73.13877244313 0.19921105316 
0.232335 72.95068099384 0.20104726490 
0.232842 72.89097828947 0.19942308105 
0.233349 73.02146257575 0.20137648889 
0.233855 72.79790059267 0.19964626330 
0.234362 72.74001020531 0.19979717843 
0.234869 72.80014172932 0.19970870580 
0.235375 72.59951495056 0.20034013499 
0.235882 72.61012252983 0.20113143137 
0.236389 72.35755548874 0.19621818004 
0.236895 72.53722874367 0.19955604353 
0.237402 72.52644274156 0.19997037820 
0.237908 72.22707426425 0.19702105213 
0.238415 72.42790791899 0.19786704411 
0.238922 72.39561595363 0.20298241748 
0.239428 72.04982734855 0.20170216462 
0.239935 72.30905407801 0.20091517120 
0.240442 72.15678128858 0.19967086290 
0.240948 71.84410928441 0.19914792607 
0.241455 71.96472586600 0.19742127354 
0.241962 72.28804478689 0.20202795518 
0.242468 72.08866396410 0.19969731487 
0.242975 71.85432536410 0.19783083952 
0.243481 71.75174925333 0.20011243398 
0.243988 71.98980750565 0.19759839445 
0.244495 71.68123728816 0.20234501214 
0.245001 71.51768092500 0.19896517809 
0.245508 72.02145664842 0.19758485231 
0.246015 71.75257687694 0.19200295822 
0.246521 71.74882656464 0.19803563628 
0.247028 71.91984424167 0.19882658909 
0.247534 71.27472999811 0.19815409224 
0.248041 71.40360683471 0.19323318808 
0.248548 71.76042385205 0.19737717308 
0.249054 71.70162198333 0.19514195400 
0.249561 71.35902621823 0.19754699267 
0.250068 71.34790061593 0.19663460232 
0.250574 71.11570218782 0.19616887423 
0.251081 71.27216349140 0.20028341984 
0.251587 71.18354970866 0.19473840730 
0.252094 71.27351971399 0.19588722684 
0.252601 71.28814559331 0.19779210281 
0.253107 71.05070610735 0.19707796766 
0.253614 70.93834791371 0.19642767717 
0.254120 71.03551483678 0.19619600046 
0.254627 70.91218393516 0.19726408651 
0.255134 71.15933399441 0.19320137246 
0.255640 71.31816152384 0.19424421745 
0.256147 71.02771235554 0.19695238052 
0.256654 70.80797797262 0.20215038419 
0.257160 71.15444277447 0.19501431757 
0.257667 71.53940500770 0.19458161988 
0.258173 71.37697600439 0.19694406818 
0.258680 71.48416227691 0.19697928468 
0.259187 71.38762349264 0.19935237062 
0.259693 71.32707865929 0.19562300425 
0.260200 71.45364624400 0.19609041265 
0.260706 71.56831889889 0.19297733405 
0.261213 71.73852949489 0.19466779711 
0.261720 71.51478927203 0.19497587171 
0.262226 71.44794329018 0.19439845092 
0.262733 71.20327819594 0.19331789384 
0.263239 71.75092495698 0.19342289557 
0.263746 71.85122385465 0.19530617333 
0.264253 71.68312794231 0.18955677362 
0.264759 71.79815563131 0.19355224717 
0.265266 71.81016377103 0.19301185123 
0.265772 72.00309058577 0.19473286158 
0.266279 71.77799470338 0.19649850861 
0.266786 71.82655024009 0.19230217241 
0.267292 71.91816942045 0.19621638525 
0.267799 71.49458254346 0.19161865742 
0.268305 71.64271571804 0.18999532732 
0.268812 71.76554531610 0.19158749755 
0.269319 71.79156055474 0.19221651306 
0.269825 71.74125982724 0.19027120832 
0.270332 71.85837939747 0.19125972641 
0.270838 71.95244689097 0.19263560748 
0.271345 72.43073750450 0.19498494660 
0.271852 72.31327651901 0.19373848287 
0.272358 72.18566117044 0.19154303274 
0.272865 72.20737466209 0.19452822944 
0.273371 72.54883174772 0.18901682903 
0.273878 72.32729638190 0.19160879956 
0.274385 72.20610471028 0.19087075653 
0.274891 72.41278454529 0.18869241754 
0.275398 72.26352531584 0.18783337419 
0.275904 72.42420422467 0.18739814156 
0.276411 72.28745146502 0.18481602221 
0.276917 72.39820540708 0.18585245927 
0.277424 72.18810821336 0.18777619106 
0.277931 71.89855547571 0.18202046005 
0.278437 72.12750308799 0.18372852752 
0.278944 72.27651058464 0.18411276138 
0.279450 71.96797307980 0.18421902241 
0.279957 72.24453586775 0.17779571579 
0.280464 72.11890411169 0.17922262019 
0.280970 72.19960439768 0.18212230552 
0.281477 72.28186810115 0.18487120515 
0.281983 72.13367970724 0.18488984817 
0.282490 72.23075222621 0.18481005495 
0.282996 72.00727391752 0.18384079015 
0.283503 72.22443112062 0.18206688330 
0.284010 71.98409875235 0.18288966434 
0.284516 71.89956689188 0.17997539602 
0.285023 71.71200466121 0.17497546832 
0.285529 71.88284156310 0.17805526814 
0.286036 72.01395491817 0.17588289092 
0.286542 71.82056532171 0.17211759298 
0.287049 71.69905696712 0.17570611165 
0.287556 71.78251322816 0.17571975402 
0.288062 71.46588146164 0.17178534221 
0.288569 71.20339222224 0.17375213228 
0.289075 71.37477593513 0.17208279090 
0.289582 71.48825901609 0.17208837805 
0.290088 71.58639899460 0.16998174080 
0.290595 71.22752666972 0.16832278168 
0.291102 71.32588441541 0.16675862181 
0.291608 71.70192603275 0.17041993658 
0.292115 71.36649375805 0.16931583016 
0.292621 70.90553183177 0.17048578733 
0.293128 71.09385145355 0.16699149758 
0.293634 71.03038503374 0.16720570001 
0.294141 70.94377936122 0.16871942698 
0.294647 70.94416797574 0.16595911318 
0.295154 71.19772354848 0.16896351224 
0.295661 71.13287492893 0.16546156939 
0.296167 70.94263699830 0.16386315223 
0.296674 71.10794670985 0.16747920330 
0.297180 70.87995164296 0.16591502503 
0.297687 70.65332175641 0.16795545461 
0.298193 70.61834519137 0.16477994149 
0.298700 70.67476032559 0.16343770738 
0.299207 70.71476838023 0.16241711938 
0.299713 70.71818571397 0.16516872280 
0.300220 70.60214873351 0.16470863927 
0.300726 70.30255991089 0.16323531843 
0.301233 70.44544510471 0.16435949002 
0.301739 70.41557300981 0.16044608213 
0.302246 70.26621640396 0.16367409215 
0.302752 70.30286502542 0.16545900159 
0.303259 70.49784269099 0.16367432589 
0.303765 70.44057501846 0.16212674436 
0.304272 70.01754836872 0.15907262099 
0.304779 70.10277659701 0.15829163788 
0.305285 70.22842108045 0.16085429037 
0.305792 70.29010543478 0.16213624591 
0.306298 70.03293699216 0.16049223983 
0.306805 69.97048561284 0.16547736276 
0.307311 70.05913444440 0.15942406417 
0.307818 69.75259838145 0.16080752761 
0.308324 69.81366050543 0.15495028868 
0.308831 69.34725348100 0.15816634424 
0.309337 69.56720378947 0.15224320399 
0.309844 69.25779484416 0.15416480921 
0.310350 69.36956466196 0.15620165968 
0.310857 68.84519728260 0.15133288041 
0.311364 68.66068900877 0.15301354652 
0.311870 68.34302033702 0.14996927711 
0.312377 68.47262918952 0.14980032702 
0.312883 68.13669943901 0.15004799431 
0.313390 68.56132012793 0.14379558774 
0.313896 67.88815296812 0.14757388010 
0.314403 67.94508598057 0.14245934281 
0.314909 67.66913963140 0.14255688588 
0.315416 67.45938211568 0.14136804236 
0.315922 67.49661232337 0.14451386902 
0.316429 67.22956265880 0.14310490260 
0.316935 67.40988577316 0.14185051066 
0.317442 67.23967340451 0.14285149111 
0.317948 67.24033568942 0.14103399555 
0.318455 66.94070864552 0.14037462485 
0.318961 66.92885329304 0.14202774786 
0.319468 66.87365898608 0.14317360720 
0.319975 66.74899949894 0.14383488109 
0.320481 66.92514275115 0.14337739078 
0.320988 66.78411877119 0.14274848859 
0.321494 66.86677613779 0.13903302385 
0.322001 66.93404907421 0.15089161126 
0.322507 66.59246959049 0.14030955363 
0.323014 66.58405066673 0.14148205509 
0.323520 66.25788235848 0.13986090605 
0.324027 66.40897590760 0.14152158499 
0.324533 66.52730811782 0.13944789692 
0.325040 66.29921653605 0.13850725270 
0.325546 66.44943500245 0.14086075630 
0.326053 66.24885263834 0.13579010673 
0.326559 66.16051955806 0.13662916821 
0.327066 66.41449653480 0.13888065771 
0.327572 66.11491775372 0.13810148838 
0.328079 66.22557211650 0.14059458375 
0.328585 66.15723011894 0.13903817224 
0.329092 66.18355342104 0.13645735262 
0.329598 66.09292613942 0.13916811936 
0.330105 66.14137377570 0.14106165663 
0.330611 66.12885677344 0.13888375562 
0.331118 65.89455926192 0.13953962423 
0.331624 65.97267433112 0.13910439487 
0.332131 65.84355396447 0.13951520812 
0.332637 66.22092781684 0.13774097271 
0.333144 65.99709564891 0.14041672592 
0.333650 65.57867478883 0.13904369326 
0.334157 65.86287440625 0.13746896137 
0.334663 65.89602709925 0.13927288252 
0.335170 65.95828910177 0.14100244296 
0.335676 65.77483922635 0.13963099656 
0.336183 65.57373850849 0.13767765605 
0.336689 65.50932077001 0.13949656376 
0.337196 65.70126925742 0.13829331355 
0.337702 65.42164672365 0.13928975955 
0.338209 65.50126216895 0.14176142238 
0.338715 65.41876474221 0.13908240314 
0.339222 65.38712196112 0.14025403934 
0.339728 65.49510787744 0.13756709732 
0.340235 65.36654104958 0.20532360556 
0.340741 65.47650041577 0.14030684675 
0.341248 65.56839977011 0.13905534598 
0.341754 65.47424844526 0.13934704064 
0.342261 65.48953162651 0.13727924592 
0.342767 65.35487347271 0.13676630561 
0.343274 65.31285202261 0.14161823429 
0.343780 65.12581605475 0.13979178949 
0.344287 65.44557234354 0.14197237774 
0.344793 65.12914123010 0.13825167915 
0.345300 65.26194755078 0.13995439789 
0.345806 65.21004297580 0.14162743883 
0.346313 65.05105635051 0.13892917451 
0.346819 65.12336890372 0.14458953831 
0.347325 64.69152775765 0.14487799609 
0.347832 65.10394676511 0.14528128448 
0.348338 64.76919316812 0.14406997667 
0.348845 64.58444671730 0.15102472550 
0.349351 64.47780489844 0.14966386403 
0.349858 64.78034763801 0.15064507506 
0.350364 64.70146055032 0.14493661443 
0.350871 64.64410681114 0.14722081896 
0.351377 64.66914189307 0.14568253857 
0.351884 64.34734806642 0.15033091804 
0.352390 64.55864486027 0.15013396204 
0.352897 64.65042057651 0.14999515560 
0.353403 64.41462708018 0.14976934940 
0.353910 64.34379319430 0.15207133050 
0.354416 64.53845749125 0.14941386626 
0.354923 64.42796541235 0.15152801895 
0.355429 64.18053275782 0.15242780644 
0.355935 64.36574175091 0.15142733990 
0.356442 64.07296004034 0.14979661806 
0.356948 64.07839617641 0.15352162949 
0.357455 63.93368296192 0.15516586144 
0.357961 63.95911838360 0.15341099012 
0.358468 63.71959317012 0.15531685309 
0.358974 63.98265794733 0.22146008054 
0.359481 63.76180460808 0.20316576535 
0.359987 63.78747356902 0.19958732438 
0.360494 63.99651025018 0.18931227531 
0.361000 64.04328118137 0.18645456789 
0.361506 63.98306958556 0.18573419289 
0.362013 63.59388614218 0.18424176524 
0.362519 63.78223471719 0.18483716317 
0.363026 63.83076533712 0.18983862216 
0.363532 64.07579766486 0.18610774061 
0.364039 63.71379621023 0.18195749548 
0.364545 63.49547924973 0.18468872294 
0.365052 63.73123234401 0.18319312425 
0.365558 63.81152412018 0.18628839380 
0.366064 63.91179647850 0.18387828790 
0.366571 64.10308886414 0.18831267769 
0.367077 63.66535902413 0.18732906509 
0.367584 63.63155655792 0.18707336931 
0.368090 63.67977778518 0.18440787556 
0.368597 63.65492607896 0.18789256213 
0.369103 63.83042951617 0.18690041801 
0.369610 63.73338731238 0.19143372634 
0.370116 63.44564760904 0.18784300791 
0.370622 63.41558114473 0.18851177751 
0.371129 63.60645484417 0.19488021316 
0.371635 63.54400513792 0.19490041173 
0.372142 63.43550860471 0.19420571511 
0.372648 63.40900269888 0.19099285331 
0.373155 63.52214266735 0.19773246893 
0.373661 63.45192967884 0.19486458241 
0.374167 63.39757485662 0.19946756305 
0.374674 63.69014181577 0.20223621092 
0.375180 63.70772225023 0.20015974029 
0.375687 63.32774453953 0.19991808216 
0.376193 63.47661160252 0.20202164490 
0.376700 63.30930091787 0.20155203994 
0.377206 63.27453531418 0.19782882915 
0.377712 63.55698285455 0.20448010245 
0.378219 63.61097405554 0.20154776518 
0.378725 63.42714319078 0.20619484040 
0.379232 63.38803090560 0.20714414848 
0.379738 63.44783058995 0.20647128018 
0.380245 63.43538385259 0.20470937462 
0.380751 63.10508640497 0.20191521197 
0.381257 62.97183163942 0.21028448368 
0.381764 63.18276307713 0.21250171606 
0.382270 63.27890138332 0.20822213533 
0.382777 62.90048224691 0.20915465574 
0.383283 63.15288333991 0.21046870536 
0.383789 63.27527093462 0.20721098362 
0.384296 63.30619425235 0.21129228643 
0.384802 63.20593645000 0.20932691046 
0.385309 63.08036663314 0.20764172575 
0.385815 63.26602977933 0.20999871830 
0.386321 63.17647694467 0.21431016457 
0.386828 63.07633547502 0.21057124745 
0.387334 63.03352803526 0.21154879750 
0.387841 62.86059324870 0.21102668491 
0.388347 62.87649507789 0.21620556454 
0.388853 62.96596399830 0.21439029109 
0.389360 62.81919925332 0.21986846874 
0.389866 63.06945091618 0.21013876744 
0.390373 62.53036014686 0.21160198608 
0.390879 62.49834864245 0.21261578351 
0.391385 62.77641006987 0.22143511308 
0.391892 62.84856342070 0.21549976001 
0.392398 62.83476543241 0.22153355912 
0.392905 62.71873536765 0.21958811392 
0.393411 62.79449647325 0.22408034350 
0.393917 62.56324581135 0.22517973413 
0.394424 62.63507283275 0.21709795644 
0.394930 62.78506044270 0.22467227435 
0.395437 62.69950202695 0.22456606142 
0.395943 62.93765586985 0.22331171993 
0.396449 62.65802638143 0.32231192450 
0.396956 63.02926387438 0.22883870350 
0.397462 62.27396366255 0.23380634001 
0.397969 62.63633919380 0.23135915010 
0.398475 62.62672052414 0.23494689671 
0.398981 62.59883414308 0.23523000648 
0.399488 62.64446626030 0.23368473146 
0.399994 62.44571169995 0.23837993331 
0.400500 62.47736236735 0.24289074447 
0.401007 62.51666513248 0.23656336973 
0.401513 62.23539422826 0.24426912081 
0.402020 62.48246812182 0.24384834827 
0.402526 62.26872251255 0.24458237065 
0.403032 62.44961563302 0.24837930753 
0.403539 62.45983135488 0.25789296359 
0.404045 62.41774760637 0.24337558506 
0.404551 62.15559414557 0.26183041473 
0.405058 62.27588133812 0.27436596949 
0.405564 62.39656589537 0.26269152635 
0.406071 62.22737565015 0.25469153178 
0.406577 62.19989957082 0.25203634536 
0.407083 61.85415932085 0.25713666589 
0.407590 61.89694249755 0.26777707811 
0.408096 62.40546327224 0.27256325827 
0.408602 62.05616795692 0.27971059355 
0.409109 62.22967145794 0.26188541939 
0.409615 61.82452742306 0.27137572447 
0.410121 62.14149812382 0.25775806051 
0.410628 62.34153759486 0.26970271848 
0.411134 62.08431039880 0.26555473329 
0.411641 62.16544000239 0.27835929146 
0.412147 62.43972402027 0.26687266167 
0.412653 61.97419621005 0.26793750116 
0.413160 62.09215671117 0.26152886787 
0.413666 61.85150853563 0.26673659480 
0.414172 61.51245205686 0.28062630836 
0.414679 61.73092534190 0.26831801112 
0.415185 61.85714507851 0.28947087188 
0.415691 61.59130615129 0.27660790382 
0.416198 61.62358388967 0.27751338919 
0.416704 62.00492093246 0.27589640453 
0.417210 62.23516185690 0.28250918421 
0.417717 61.73498584396 0.28960042475 
0.418223 61.73301125252 0.27849195292 
0.418729 61.91409926504 0.28107742007 
0.419236 61.47482141921 0.28142441399 
0.419742 61.58699833035 0.26290359122 
0.420248 61.93354640045 0.26921813221 
0.420755 62.32785544247 0.27984411415 
0.421261 61.89798619289 0.27431546049 
0.421767 61.81093448762 0.28048762357 
0.422274 61.70969594186 0.27591586358 
0.422780 61.77567999358 0.28546176470 
0.423286 61.85307554664 0.27846113989 
0.423793 61.55090693437 0.27677076110 
0.424299 62.02890127844 0.29355557907 
0.424805 62.04232237431 0.29423591498 
0.425312 62.02244447507 0.30001653783 
0.425818 61.63821415227 0.28570620189 
0.426324 61.40985609045 0.30499640009 
0.426831 61.04418107052 0.29353414399 
0.427337 61.58904593503 0.29545004592 
0.427843 61.72795333224 0.29938899662 
0.428350 61.33199898588 0.30745968774 
0.428856 61.58776014997 0.30594695492 
0.429362 61.82693823001 0.31026597596 
0.429869 62.02564506319 0.31477697211 
0.430375 61.06516829990 0.31729211087 
0.430881 61.44482769457 0.30994496774 
0.431388 61.68256997357 0.31513307013 
0.431894 61.84896222109 0.32343197012 
0.432400 61.73193525558 0.33165043717 
0.432907 61.40286090713 0.32303847696 
0.433413 61.10891204365 0.32356424251 
0.433919 61.23699592440 0.33131977736 
0.434425 61.59824646822 0.34233994331 
0.434932 61.11635173700 0.33779983589 
0.435438 61.16214667082 0.35799165282 
0.435944 61.29355266233 0.32512424172 
0.436451 61.70078145472 0.34845510022 
0.436957 61.74855923897 0.35270967866 
0.437463 61.26642395909 0.34662171299 
0.437970 61.65158031976 0.35143875995 
0.438476 61.11381463249 0.35320401190 
0.438982 61.50315126409 0.36473752781 
0.439489 60.84719271656 0.37825603826 
0.439995 61.36618549312 0.35742567971 
0.440501 61.37529035841 0.38227745433 
0.441007 61.29141385018 0.37282217865 
0.441514 61.18748109724 0.37990769596 
0.442020 61.13527847469 0.40391665183 
0.442526 60.96786405812 0.40121271716 
0.443033 61.42459325010 0.41110109959 
0.443539 60.94953286344 0.41873608760 
0.444045 61.30412816148 0.42125315581 
0.444551 60.95388254930 0.41242757917 
0.445058 60.52073025243 0.40168526732 
0.445564 61.11390531070 0.43106589847 
0.446070 60.48283450512 0.43600081060 
0.446577 60.80502150699 0.44083107176 
0.447083 61.01901440347 0.45481332343 
0.447589 60.84658069109 0.45255484615 
0.448095 60.42911555332 0.44420361719 
0.448602 60.48713622903 0.47801180895 
0.449108 60.22485356853 0.48047648183 
0.449614 59.91466311838 0.46751721798 
0.450121 60.24388006011 0.49689897864 
0.450627 61.06910229689 0.49889062501 
0.451133 60.84368719639 0.50994860563 
0.451639 59.94508429188 0.52894885223 
0.452146 61.03711272524 0.55511668836 
0.452652 60.95477037184 0.52828105665 
0.453158 59.17463221939 0.55872314008 
0.453664 60.08240562687 0.57401846257 
0.454171 60.71179310425 0.56413034135 
0.454677 59.80008047286 0.63018181907 
0.455183 60.35124766996 0.58613211445 
0.455689 60.03885927464 0.62751430523 
0.456196 60.59025436052 0.67369106561 
0.456702 60.71851330706 0.67310995703 
0.457208 60.33231007523 0.71199040617 
0.457714 59.85766434764 0.74840156229 
0.458221 59.82934596878 0.74657289660 
0.458727 60.14547490976 0.78411732067 
0.459233 59.83714754450 0.82015306237 
0.459740 59.51923407944 0.86818710532 
0.460246 59.57136475888 0.90048058548 
0.460752 61.29971937186 0.99018625505 
0.461258 59.86377167751 0.99303250992 
0.461765 59.30113660482 1.00815626260 
0.462271 60.01686722645 1.00255262007 
0.462777 59.52032617311 1.16844064035 
0.463283 60.37668464569 1.26228995329 
0.463789 59.83289915746 1.38653314637 
0.464296 60.71393309339 1.36509526870 
0.464802 61.37408752420 1.44959924211 
0.465308 59.39917392162 1.50506175380 
0.465814 59.24878186899 1.63725890002 
0.466321 58.01291401223 1.69423935094 
0.466827 59.18361715041 1.78964764038 
0.467333 60.45345071280 1.93739491367 
0.467839 58.69495277568 1.94967512137 
0.468346 59.36885662322 2.25798777531 
0.468852 60.38111232590 2.62159139835 
0.469358 60.31090320072 2.91248351173 
0.469864 60.29755935071 2.93943982582 
0.470371 59.36391670766 3.88681667760 
0.470877 59.98783328513 4.55816397050 
0.471383 55.34080039478 5.26532546184 
0.471889 54.00041021465 7.00550826556 
0.472395 53.15918022572 6.06000734129 
0.472902 54.47048310722 13.10418779669 
