0.010896 1353.13087588150 12.49072089293 
0.011402 1203.79477269523 11.39896172195 
0.011909 1085.37685280387 11.47759272151 
0.012416 975.63812845767 9.37152059554 
0.012923 885.62986844170 7.68806538621 
0.013430 826.92804441942 10.86230722871 
0.013936 786.29802896863 9.01550077193 
0.014443 732.59984248194 7.16874283043 
0.014950 680.44341255958 6.67365507780 
0.015457 624.05827334324 5.69928783016 
0.015963 578.90901001762 4.74528230528 
0.016470 543.19023392565 4.42966239084 
0.016977 506.44765704533 3.64010369304 
0.017484 474.84688650989 3.18646742067 
0.017990 450.44403297089 3.03460316389 
0.018497 421.25034188787 2.51428933098 
0.019004 402.85154501137 2.49537873477 
0.019511 378.49940449384 2.17649921210 
0.020018 359.08601004574 2.07449683737 
0.020524 341.67074815905 1.98543104055 
0.021031 326.00957343549 1.95895498983 
0.021538 317.27403736464 1.65784911498 
0.022045 300.60564375525 1.58463224711 
0.022551 290.44315520985 1.47086762776 
0.023058 277.62048064398 1.51832082389 
0.023565 268.47179682409 1.60207499435 
0.024072 260.03914727293 1.69172376105 
0.024579 250.81570131394 1.65941942062 
0.025085 242.97392423056 2.04214218347 
0.025592 236.66719892621 2.15901408485 
0.026099 229.17873509469 2.14000317554 
0.026606 223.99867462056 1.61823983402 
0.027112 216.24412295059 1.72709918332 
0.027619 212.83517926164 1.44440134346 
0.028126 208.19424471077 1.50503480957 
0.028633 201.27421996110 1.32355381456 
0.029139 197.61840116504 1.24135139543 
0.029646 194.05842299903 1.19951052415 
0.030153 189.83992194677 1.15530642349 
0.030660 185.70730585507 1.02193822547 
0.031167 181.99788249370 0.93020235141 
0.031673 178.90054451159 0.94801767688 
0.032180 175.68380749026 0.85637015566 
0.032687 172.55574202929 0.89635817191 
0.033194 171.31927875334 0.80045413438 
0.033700 166.53753104005 0.76552879174 
0.034207 164.82181427182 0.73848017307 
0.034714 161.65305417314 0.75964526904 
0.035221 159.58992982021 0.73231685939 
0.035727 157.90566431133 0.68138909646 
0.036234 155.61095585276 0.67773939367 
0.036741 153.96725618576 0.70739221291 
0.037248 152.65751414578 0.66363702347 
0.037755 149.83194501801 0.66743010519 
0.038261 148.92605548605 0.64309808455 
0.038768 146.91628930811 0.58088884709 
0.039275 146.01176533572 0.58311798781 
0.039782 144.68130065839 0.59443837261 
0.040288 141.57567980868 0.54440488619 
0.040795 140.89635687159 0.56831381934 
0.041302 140.11419737699 0.55347137038 
0.041809 138.93338723508 0.55741290627 
0.042315 137.47837056378 0.53119826786 
0.042822 136.87913839922 0.51142012532 
0.043329 135.93607251134 0.53842601627 
0.043836 133.87784117409 0.53973819128 
0.044343 132.35919148506 0.53302576290 
0.044849 131.78165176765 0.54713707375 
0.045356 130.80452261244 0.52585753105 
0.045863 129.84369226902 0.50691742140 
0.046370 129.15396468660 0.51388102030 
0.046876 128.70157713483 0.49821129426 
0.047383 128.38005332802 0.48514717992 
0.047890 126.70855261579 0.45988397528 
0.048397 125.84553501726 0.48080672758 
0.048903 124.84564339338 0.48200341748 
0.049410 123.46496807462 0.47233466618 
0.049917 124.13173201478 0.48488241696 
0.050424 121.61304043847 0.46117577219 
0.050931 121.80901242511 0.43517899862 
0.051437 120.73482892228 0.46077901517 
0.051944 120.36223997261 0.43941613549 
0.052451 119.49328275658 0.45640914713 
0.052958 118.12475437059 0.45337916273 
0.053464 117.58083757838 0.44766067769 
0.053971 117.73848339291 0.44529724135 
0.054478 117.72489135187 0.44994079608 
0.054985 116.54584877612 0.45340688342 
0.055491 114.96801832585 0.44150854074 
0.055998 115.61287482862 0.41842444163 
0.056505 114.74958262755 0.42961220511 
0.057012 113.32243805009 0.41900514222 
0.057519 112.57175687197 0.46172974043 
0.058025 112.56295901776 0.40116521651 
0.058532 112.32770754820 0.41711748321 
0.059039 111.34226820658 0.41787255009 
0.059546 110.34889102190 0.41008167683 
0.060052 110.72484352369 0.41241837515 
0.060559 109.66856018511 0.41081702463 
0.061066 109.01852548109 0.39026656475 
0.061573 108.40834661128 0.39979473331 
0.062079 108.40696875983 0.38425776204 
0.062586 108.14817302145 0.38493831566 
0.063093 108.07555241737 0.37876218873 
0.063600 107.07010732801 0.39390406908 
0.064106 106.97500828732 0.39867658530 
0.064613 106.62404307059 0.39179877232 
0.065120 106.45004380630 0.36731049300 
0.065627 105.56239259551 0.38269561577 
0.066134 105.34410239438 0.36920968399 
0.066640 105.42174011398 0.38295290525 
0.067147 104.45941174525 0.36971503365 
0.067654 104.38476302362 0.38719979334 
0.068161 103.71072276090 0.37848013312 
0.068667 103.54257060449 0.35987736746 
0.069174 103.17058912879 0.35986188295 
0.069681 103.30512219930 0.35255913647 
0.070188 102.32402256640 0.35134843726 
0.070694 102.48053554946 0.34523076049 
0.071201 101.96447506652 0.35181115002 
0.071708 101.62325366123 0.36349133873 
0.072215 101.32429273389 0.35490195242 
0.072721 101.05109762110 0.36445287077 
0.073228 99.94867749899 0.35518223298 
0.073735 100.63449971616 0.33793443273 
0.074242 99.65041691691 0.35979437329 
0.074748 99.64901079160 0.33908056272 
0.075255 99.64353908065 0.33473447794 
0.075762 98.88112257720 0.33731942389 
0.076269 98.61036103250 0.33772719719 
0.076776 98.50932154486 0.34051148475 
0.077282 98.46316476025 0.31792095177 
0.077789 98.22986623412 0.31899399147 
0.078296 97.37896128583 0.33489740910 
0.078803 97.88315972654 0.34015020251 
0.079309 97.79548207199 0.33678571461 
0.079816 97.45187433203 0.33286798479 
0.080323 97.45412892658 0.32856400762 
0.080830 97.65505183523 0.34265701921 
0.081336 97.28400072503 0.34601831939 
0.081843 97.42304297018 0.33795786190 
0.082350 96.22760055215 0.32793239337 
0.082857 96.69935821479 0.34091926692 
0.083363 96.27388778329 0.34473958176 
0.083870 96.74510539532 0.33547071818 
0.084377 96.18766245030 0.33258942223 
0.084884 95.95898933160 0.32877406565 
0.085390 95.88029217061 0.32697900835 
0.085897 95.92298519284 0.32872854148 
0.086404 95.67541443079 0.33739407695 
0.086911 95.02100386445 0.33429247902 
0.087417 95.32364046484 0.32976090710 
0.087924 94.56846598852 0.32834157168 
0.088431 94.44142945028 0.34546693103 
0.088938 94.79026452915 0.32973044525 
0.089444 94.24533245997 0.34189352957 
0.089951 93.92464469753 0.32361815393 
0.090458 94.02471017701 0.33546725162 
0.090965 94.13654889603 0.32887626442 
0.091471 93.37254541340 0.33713076088 
0.091978 93.76985904994 0.33900130683 
0.092485 92.73466771848 0.33877214459 
0.092992 93.12074703270 0.33376396181 
0.093498 92.81111580977 0.34946262202 
0.094005 92.41884632663 0.32979256509 
0.094512 92.55802789815 0.34103059226 
0.095019 92.51373844157 0.33168214449 
0.095525 92.65356052310 0.32742966070 
0.096032 92.87654147445 0.33351444326 
0.096539 92.53124738246 0.32610480018 
0.097046 92.19739981059 0.32765731937 
0.097552 91.89941380837 0.32596421573 
0.098059 91.82371465530 0.33071609615 
0.098566 91.70852488046 0.32542340352 
0.099073 92.05254986105 0.31590543307 
0.099579 91.41090424540 0.32327175776 
0.100086 91.53868473429 0.31727791777 
0.100593 90.64937055076 0.32354450930 
0.101100 91.68691937220 0.31669758795 
0.101606 90.99013966580 0.30379138603 
0.102113 90.11851135198 0.30546988176 
0.102620 89.59200260426 0.29452992740 
0.103127 89.39459608131 0.28707548151 
0.103633 88.56546816488 0.29125308256 
0.104140 88.45752541557 0.29828112173 
0.104647 88.38644228999 0.29810987057 
0.105154 88.57723625114 0.29827022450 
0.105660 88.95281666495 0.31014464921 
0.106167 88.24654057081 0.30671049643 
0.106674 88.16764298813 0.29509887210 
0.107181 88.22044676715 0.31144837918 
0.107687 87.88359612190 0.28530928627 
0.108194 87.63425104927 0.28825741895 
0.108701 88.13309671524 0.29656367760 
0.109208 87.86700656635 0.30175801015 
0.109714 87.95165041078 0.29097840392 
0.110221 87.17239929064 0.28904890167 
0.110728 87.74165748268 0.29459170246 
0.111235 87.67337648444 0.28890887434 
0.111741 87.40472114325 0.28437288597 
0.112248 87.42688566391 0.28660545064 
0.112755 87.05750854237 0.28648351730 
0.113262 86.61339815039 0.27896480366 
0.113768 86.81106487351 0.27274899453 
0.114275 86.95077269609 0.27757531094 
0.114782 86.34093127329 0.28180230372 
0.115289 86.81825058608 0.27080122721 
0.115795 87.18304684584 0.27509637453 
0.116302 86.09174240887 0.27714288875 
0.116809 86.57017084339 0.27426767338 
0.117316 86.07750309692 0.26865814443 
0.117822 85.90989072898 0.27459932995 
0.118329 86.34066098878 0.27005224533 
0.118836 85.67207489726 0.26751854675 
0.119342 86.02996691442 0.27290843847 
0.119849 85.87804272178 0.27382362142 
0.120356 85.92087477525 0.26210899280 
0.120863 85.79655143762 0.27008339122 
0.121369 85.09285871446 0.26533356567 
0.121876 85.09631607432 0.26266769451 
0.122383 85.45309304709 0.25963951383 
0.122890 85.24577131287 0.26193158056 
0.123396 85.47700062927 0.26833948152 
0.123903 85.20579785508 0.25631561408 
0.124410 85.08201141540 0.25877079441 
0.124917 85.08251295805 0.26140189379 
0.125423 84.62613501321 0.25773534895 
0.125930 84.78586382410 0.26360748602 
0.126437 84.99369691784 0.25765525663 
0.126944 85.02954004237 0.25418110604 
0.127450 84.88039597673 0.25323257659 
0.127957 84.74726530826 0.25304953762 
0.128464 84.36014033915 0.25875070959 
0.128970 84.40784368916 0.24595611766 
0.129477 84.34537326189 0.25593910767 
0.129984 84.60114794731 0.25840140671 
0.130491 83.98666002474 0.25304395680 
0.130997 84.31217634971 0.25579329399 
0.131504 84.60361371103 0.25203580270 
0.132011 83.95022940860 0.25438763355 
0.132518 83.87541625014 0.24239897603 
0.133024 84.18911371293 0.25007395349 
0.133531 83.61558488736 0.25117864613 
0.134038 84.14212756676 0.24996051477 
0.134545 83.81451187450 0.24418115668 
0.135051 83.80692745781 0.25167514368 
0.135558 83.47687389083 0.24871354472 
0.136065 83.44179094874 0.24646326251 
0.136571 83.84279528236 0.24602278360 
0.137078 83.56542733669 0.24981326021 
0.137585 83.40520966586 0.24631950001 
0.138092 83.20647989347 0.24847841331 
0.138598 83.07314553411 0.24281455708 
0.139105 83.11906022164 0.24447024059 
0.139612 83.48128240786 0.24233106091 
0.140119 82.88877233297 0.24109004824 
0.140625 82.89743343728 0.24380412512 
0.141132 82.47659309561 0.23904188444 
0.141639 82.94637429907 0.24177151679 
0.142145 82.64892686617 0.24828052420 
0.142652 82.73251866469 0.24212140721 
0.143159 82.52323157876 0.23790833160 
0.143666 82.04240740824 0.23529370543 
0.144172 82.46879384266 0.24456580945 
0.144679 82.60582783076 0.24428364741 
0.145186 82.28783975195 0.24250959999 
0.145692 82.03420445165 0.23949620645 
0.146199 81.73614923042 0.23161122547 
0.146706 82.17389262582 0.24388395556 
0.147213 81.97280213781 0.25063466057 
0.147719 81.86337952237 0.23248648048 
0.148226 81.81922312746 0.23623379824 
0.148733 81.87159396830 0.24580199439 
0.149240 81.69096971267 0.24328888792 
0.149746 81.83550587319 0.24002068780 
0.150253 81.22082178977 0.24555594447 
0.150760 81.29386133583 0.24173127096 
0.151266 81.41950578479 0.24321832181 
0.151773 81.51392861552 0.24310035784 
0.152280 80.84898420901 0.23945653673 
0.152787 80.78830381795 0.24217565288 
0.153293 80.89886460604 0.23456114222 
0.153800 80.88714940851 0.23797307853 
0.154307 81.09979550888 0.23437620127 
0.154813 81.01691842543 0.24051024614 
0.155320 80.67368314942 0.24348337460 
0.155827 80.40115427064 0.23732836966 
0.156334 80.47461448313 0.24185837627 
0.156840 80.12385823775 0.23896481095 
0.157347 80.14830044912 0.23355958688 
0.157854 80.20864838763 0.23904615491 
0.158360 80.02274990996 0.23725020360 
0.158867 80.12574532676 0.23391084636 
0.159374 80.22558423051 0.24151577029 
0.159881 80.08001251804 0.24286977346 
0.160387 79.97658367748 0.23693021355 
0.160894 80.05457582318 0.24085967011 
0.161401 80.01921710310 0.23859746749 
0.161907 79.45725409142 0.23437016387 
0.162414 79.55446774927 0.23935946907 
0.162921 79.46575342779 0.23021093849 
0.163427 79.63677275067 0.23478105854 
0.163934 79.25185910593 0.23250820767 
0.164441 78.87518044143 0.23246758971 
0.164948 79.46382171473 0.23003947415 
0.165454 79.37848216405 0.22923162091 
0.165961 79.19258997732 0.22814645721 
0.166468 79.23030458124 0.22900628267 
0.166974 79.27059650098 0.23386554748 
0.167481 79.09695376723 0.23096251742 
0.167988 78.97748865782 0.23098907252 
0.168495 78.68705015877 0.23412576859 
0.169001 78.92891165268 0.23117979511 
0.169508 78.54395516199 0.23323629746 
0.170015 79.20718805159 0.23406876229 
0.170521 79.16944103946 0.24018114758 
0.171028 79.07834520886 0.23385732774 
0.171535 79.26583142414 0.23195841600 
0.172041 79.15593765423 0.24006724676 
0.172548 78.88655508161 0.23796193329 
0.173055 78.93146303649 0.23287413944 
0.173562 78.86928735413 0.23577809235 
0.174068 79.12233191542 0.24071411394 
0.174575 78.85145101664 0.23718069608 
0.175082 78.92787341585 0.23725972466 
0.175588 78.44452424380 0.23738574085 
0.176095 78.51845708309 0.23633753484 
0.176602 78.76666863987 0.23335113256 
0.177108 78.59872043722 0.24050358557 
0.177615 78.15146090517 0.23642916619 
0.178122 78.80004845427 0.24291809659 
0.178629 78.79201592834 0.24005076980 
0.179135 78.83693794124 0.23544576966 
0.179642 78.45571147306 0.23748200373 
0.180149 78.55181684716 0.23484839399 
0.180655 78.75557809125 0.24297685418 
0.181162 78.59523532793 0.23869908687 
0.181669 78.70410868991 0.23403230758 
0.182175 78.84335780912 0.24285660714 
0.182682 78.69746864637 0.24278527566 
0.183189 78.82358630257 0.24096634671 
0.183695 78.64259323135 0.24139585020 
0.184202 78.49491496563 0.23875051652 
0.184709 78.27846164647 0.24843446039 
0.185216 78.32533775002 0.24643863147 
0.185722 78.14788902244 0.24357503570 
0.186229 77.89300456793 0.24406467886 
0.186736 77.89698691233 0.24092137690 
0.187242 78.13859647614 0.24359700078 
0.187749 77.95275286755 0.24517258370 
0.188256 77.81278412132 0.24607405725 
0.188762 77.77755232436 0.24712357393 
0.189269 78.34276813055 0.24527931776 
0.189776 77.47683616428 0.24493985336 
0.190282 77.54399260262 0.24546348427 
0.190789 77.52838220127 0.24254196987 
0.191296 77.47123717762 0.24683153566 
0.191802 77.15848440138 0.23592802337 
0.192309 77.10098242977 0.23666347375 
0.192816 77.10297543993 0.24373990198 
0.193323 76.86840915068 0.23940751549 
0.193829 76.39898778800 0.22961304590 
0.194336 76.66403959419 0.23656098072 
0.194843 76.42896011247 0.23886698055 
0.195349 76.24355021781 0.22966262892 
0.195856 76.46202717251 0.23626852581 
0.196363 76.18693020336 0.23120308103 
0.196869 76.17519736400 0.22955729090 
0.197376 76.02130615141 0.22997927155 
0.197883 75.97816863052 0.23194777986 
0.198389 75.89501325990 0.22355055338 
0.198896 75.71229153250 0.22907278306 
0.199403 75.77305638394 0.22358129251 
0.199909 76.14129834926 0.22836649476 
0.200416 76.17677429927 0.22542554562 
0.200923 75.93029360230 0.22869522872 
0.201429 75.37670675740 0.22121998430 
0.201936 75.64279582898 0.21901631250 
0.202443 75.69736617318 0.22087159276 
0.202949 75.73817288920 0.22527381825 
0.203456 76.06596927502 0.22078161769 
0.203963 75.55141656001 0.22214444367 
0.204469 75.44333357958 0.22172348766 
0.204976 75.67531771094 0.21630552444 
0.205483 75.33008130096 0.21725847942 
0.205989 75.40525015345 0.22426044078 
0.206496 75.54991918611 0.21539785336 
0.207003 75.21700920558 0.21121773417 
0.207509 75.36707540863 0.21721383033 
0.208016 75.20546722352 0.21628332660 
0.208523 75.25448642426 0.21432913242 
0.209029 74.79783217646 0.21173250823 
0.209536 75.10639171436 0.21427752981 
0.210043 75.30791446949 0.21387993444 
0.210549 75.04971928666 0.21467344881 
0.211056 75.33649386955 0.21424299800 
0.211563 74.89987856386 0.20766943971 
0.212069 75.00008935502 0.21213815083 
0.212576 74.70588962177 0.21079188549 
0.213083 74.94064263872 0.20950369651 
0.213589 74.80584372082 0.21287294902 
0.214096 74.66754814400 0.20790272624 
0.214603 75.12289307355 0.20817147401 
0.215109 74.59802172991 0.21014129241 
0.215616 74.86015916790 0.21367280269 
0.216123 74.39742949750 0.20767406943 
0.216629 74.55045073153 0.21001135379 
0.217136 74.73740153337 0.20865158858 
0.217643 73.74255884033 0.20900331849 
0.218149 73.99781465884 0.20829320407 
0.218656 74.27957224244 0.20695997894 
0.219163 74.36851818184 0.20677272010 
0.219669 74.12558028099 0.20945157547 
0.220176 74.15211591633 0.20751083322 
0.220683 73.81766361686 0.20540064890 
0.221189 74.05805454041 0.20415947156 
0.221696 73.70428171922 0.20743189285 
0.222203 73.91801296301 0.20575267406 
0.222709 73.83783968514 0.20444090352 
0.223216 73.62881348539 0.20224581269 
0.223722 73.99378998514 0.20925767483 
0.224229 73.89662280777 0.20305995202 
0.224736 73.72346000973 0.20357124624 
0.225242 73.55668601115 0.20361962107 
0.225749 73.41560321006 0.20413934218 
0.226256 73.27377568739 0.20315256244 
0.226762 73.55707570994 0.20104505318 
0.227269 73.76686379739 0.19903939356 
0.227776 73.66006955754 0.19873709356 
0.228282 73.39405297779 0.20274477775 
0.228789 73.32544327727 0.19925155251 
0.229296 73.43182279765 0.20374345083 
0.229802 73.20699076893 0.19999586915 
0.230309 73.33269896515 0.20136735653 
0.230816 73.14727505627 0.19959230152 
0.231322 73.28098028621 0.20381568926 
0.231829 73.11540334211 0.19946984523 
0.232335 72.88720974307 0.20160539475 
0.232842 72.96540213264 0.20222538923 
0.233349 72.84092204924 0.20239054044 
0.233855 73.01086730270 0.20144605654 
0.234362 72.95662091464 0.19951139231 
0.234869 72.60374581575 0.20227316860 
0.235375 72.64691981286 0.20112197776 
0.235882 72.43460406389 0.20069032238 
0.236389 72.62736168984 0.20322333409 
0.236895 72.53523514073 0.20096914333 
0.237402 72.77473267840 0.20200427191 
0.237908 72.62031044641 0.19916316883 
0.238415 72.45937617066 0.20045558462 
0.238922 72.66175739086 0.20215800395 
0.239428 72.16489798776 0.19964668021 
0.239935 72.54677964371 0.20433723279 
0.240442 72.07719610819 0.20157737993 
0.240948 72.22662663143 0.19691259344 
0.241455 72.26289435791 0.20089305680 
0.241962 72.04315757946 0.19879971975 
0.242468 71.96596282581 0.20074912189 
0.242975 71.77878680841 0.19640872433 
0.243481 71.65638620384 0.19925692778 
0.243988 71.94749886492 0.19848788433 
0.244495 71.58311385424 0.20029742623 
0.245001 71.67838859632 0.19462436673 
0.245508 71.71693334381 0.19627708372 
0.246015 71.61563924893 0.19746532152 
0.246521 71.73569430641 0.19788838497 
0.247028 71.37877746345 0.19597282933 
0.247534 71.50453909448 0.19307023538 
0.248041 71.45679765052 0.19675607324 
0.248548 71.33839767762 0.19715265618 
0.249054 71.70645386838 0.19707375641 
0.249561 71.40174956259 0.19867534560 
0.250068 71.07880117917 0.19858424799 
0.250574 71.29331005355 0.19893137883 
0.251081 71.07709182420 0.20044475669 
0.251587 71.32428528163 0.19993297743 
0.252094 71.00300707215 0.19852524521 
0.252601 71.03944703564 0.19515137028 
0.253107 71.27088144976 0.19926276445 
0.253614 71.08857814942 0.19545436798 
0.254120 70.82109875186 0.19787622083 
0.254627 70.97151768088 0.19896615867 
0.255134 71.03232595562 0.19231196271 
0.255640 71.19747138906 0.19713773169 
0.256147 70.81588837521 0.19688894590 
0.256654 70.86037177684 0.19689534415 
0.257160 71.11487548582 0.19499165811 
0.257667 71.34432306197 0.19679518782 
0.258173 71.47021426428 0.19837277721 
0.258680 71.50245339688 0.19576248676 
0.259187 71.38893465450 0.19607805883 
0.259693 71.36907160287 0.19541086246 
0.260200 71.41329923070 0.19475549215 
0.260706 71.76671699198 0.19637733649 
0.261213 71.86217787618 0.19786416720 
0.261720 71.60224393929 0.19565130495 
0.262226 71.73648725138 0.19585720695 
0.262733 71.58116340478 0.19538008470 
0.263239 71.45463177051 0.19652955156 
0.263746 71.85100833796 0.19386834978 
0.264253 71.70507222383 0.19615931046 
0.264759 71.92085594812 0.19461433904 
0.265266 71.70271974733 0.19382760092 
0.265772 71.63272663370 0.19450802194 
0.266279 71.82191221718 0.19146517135 
0.266786 71.73368677311 0.19327182091 
0.267292 71.71929973849 0.19138177119 
0.267799 72.01250027199 0.19339241856 
0.268305 72.08592381920 0.19045492890 
0.268812 71.67844415325 0.18873401619 
0.269319 71.66347398901 0.19144469822 
0.269825 71.70929116671 0.18790741102 
0.270332 71.84870313816 0.19315739239 
0.270838 72.07012433755 0.19221741392 
0.271345 72.06455387916 0.19475297317 
0.271852 72.24491097158 0.19377198619 
0.272358 72.29673890059 0.19229291697 
0.272865 72.24358794450 0.19091501300 
0.273371 72.52585400049 0.19395178780 
0.273878 72.15443911714 0.19669407364 
0.274385 72.60697046457 0.18974998163 
0.274891 72.21300219945 0.19234522075 
0.275398 72.34835825887 0.18651897860 
0.275904 72.39911530581 0.18405357602 
0.276411 72.05451662445 0.18787066548 
0.276917 72.04979977889 0.18324891989 
0.277424 72.07582868368 0.18611515765 
0.277931 72.20054189994 0.18178089156 
0.278437 72.17290681672 0.17853460322 
0.278944 72.11318201358 0.18340792954 
0.279450 72.35643964990 0.18416167776 
0.279957 71.93135121048 0.18225701425 
0.280464 71.91836505544 0.18526324206 
0.280970 71.95973279565 0.18284900835 
0.281477 72.13498234539 0.17946304191 
0.281983 72.15818879438 0.18276971466 
0.282490 71.70315541606 0.18235894650 
0.282996 71.84543373831 0.18326050391 
0.283503 72.01656926602 0.18068025565 
0.284010 72.02561589482 0.18027109926 
0.284516 71.85460426707 0.17618393635 
0.285023 71.48119260435 0.17571255636 
0.285529 71.66429066619 0.17639754858 
0.286036 71.65368051117 0.17412015197 
0.286542 71.48365893711 0.17124186990 
0.287049 71.65537384763 0.17669088269 
0.287556 71.56945194061 0.17391148676 
0.288062 71.52873779779 0.17604321691 
0.288569 71.82761555443 0.16941184759 
0.289075 71.34980533153 0.17097744488 
0.289582 71.52003298570 0.17106273441 
0.290088 71.31492871519 0.17117170586 
0.290595 71.51198764626 0.16912745339 
0.291102 71.33951708046 0.16842616800 
0.291608 71.18906683077 0.16945084460 
0.292115 71.43167073029 0.17078852735 
0.292621 71.12586742056 0.16740973421 
0.293128 71.13629805822 0.16970537711 
0.293634 71.04015110896 0.16634353472 
0.294141 71.17374976266 0.16716095570 
0.294647 71.19691738778 0.16805661167 
0.295154 71.06643153926 0.16624086645 
0.295661 70.94218529841 0.16483733971 
0.296167 70.80269159702 0.16590396168 
0.296674 70.63791236579 0.16557565367 
0.297180 70.84754656363 0.16505584904 
0.297687 70.70981299096 0.16707764257 
0.298193 70.55798093425 0.16466748106 
0.298700 70.49877546493 0.16341957015 
0.299207 70.50597932919 0.16454627929 
0.299713 70.60656534826 0.16604000368 
0.300220 70.47406364327 0.16686738018 
0.300726 70.64683145986 0.16237347320 
0.301233 70.62264372229 0.16254628638 
0.301739 70.62919078227 0.16490227586 
0.302246 70.32732640198 0.16244894280 
0.302752 69.99224781334 0.16068378209 
0.303259 70.34423957129 0.16280942948 
0.303765 70.34467448260 0.16298444989 
0.304272 69.97579250895 0.15787042690 
0.304779 69.95524803097 0.16027823059 
0.305285 70.06411380891 0.15977466334 
0.305792 69.86601069985 0.15875573971 
0.306298 70.21232516514 0.16135863267 
0.306805 69.87692344088 0.16156966877 
0.307311 70.01951213446 0.15998864089 
0.307818 69.78494466488 0.16111712711 
0.308324 69.60041948166 0.15954052352 
0.308831 69.44097393322 0.15485299966 
0.309337 69.47875036144 0.15480559732 
0.309844 69.29544744844 0.15606811635 
0.310350 69.41428807365 0.15410226933 
0.310857 68.90928206340 0.15298388230 
0.311364 68.65601618269 0.14727833460 
0.311870 68.57779677507 0.15020076223 
0.312377 68.49753394430 0.15236216213 
0.312883 68.38554976383 0.14804730097 
0.313390 67.85541220741 0.14550561153 
0.313896 67.96135015459 0.14842791940 
0.314403 67.61034043716 0.14460778388 
0.314909 67.55250563260 0.14287177561 
0.315416 67.76797866036 0.14520109310 
0.315922 67.28824879029 0.14459878307 
0.316429 67.34374728174 0.14300219531 
0.316935 67.22303580403 0.14300919685 
0.317442 67.31470234971 0.14311375733 
0.317948 67.08653395319 0.14178434644 
0.318455 67.02524106534 0.14346482242 
0.318961 66.94935189430 0.14531582195 
0.319468 66.91046258280 0.14232167960 
0.319975 66.91833861705 0.14334743054 
0.320481 66.94216529841 0.14283864974 
0.320988 66.97153462448 0.14575407738 
0.321494 66.47751207507 0.14098431453 
0.322001 66.59492291929 0.16781208076 
0.322507 66.45771907050 0.13881151468 
0.323014 66.72863784164 0.14170797270 
0.323520 66.49577653576 0.14075549766 
0.324027 66.23459619720 0.14353353377 
0.324533 66.49255345792 0.14211305710 
0.325040 66.55317429111 0.13849556737 
0.325546 66.60857081282 0.14211197615 
0.326053 66.07972554085 0.13747853938 
0.326559 66.28325102579 0.13939398460 
0.327066 66.20821127981 0.13711049382 
0.327572 66.24658896462 0.13797435174 
0.328079 66.26689008314 0.13492343721 
0.328585 66.32828013437 0.13690350163 
0.329092 66.15209870789 0.13699357059 
0.329598 66.14998330937 0.13879331861 
0.330105 66.16837728598 0.13886112987 
0.330611 66.15157653877 0.13996865365 
0.331118 66.01870089720 0.14063468323 
0.331624 65.80798139914 0.13709637323 
0.332131 65.66235313945 0.13723265980 
0.332637 65.83534387557 0.13793477418 
0.333144 65.97390993181 0.14169441910 
0.333650 65.66201857960 0.13861949610 
0.334157 65.53832829690 0.13889385793 
0.334663 65.81362007575 0.13939069359 
0.335170 66.05272398052 0.13919026166 
0.335676 65.37496039912 0.13925515691 
0.336183 65.50332756152 0.13961652045 
0.336689 65.39807349757 0.13927371865 
0.337196 65.78316239633 0.14046476231 
0.337702 65.32078959647 0.13951576130 
0.338209 65.53044468332 0.13736235247 
0.338715 65.58499585662 0.13934811778 
0.339222 65.42773631634 0.13915200986 
0.339728 65.32708440473 0.13780463743 
0.340235 65.35334233289 0.18431539103 
0.340741 65.10932197651 0.13851064581 
0.341248 65.44998581305 0.13816300217 
0.341754 65.34498382056 0.13689864043 
0.342261 65.18485599887 0.14069600765 
0.342767 64.95670758853 0.13845169718 
0.343274 65.17874145000 0.14052072137 
0.343780 65.52013945676 0.13761329180 
0.344287 65.35817511250 0.13781916151 
0.344793 65.09085877844 0.13729109254 
0.345300 65.20638422897 0.13915135418 
0.345806 65.01743130597 0.14253214377 
0.346313 65.05140847390 0.13981605723 
0.346819 64.97671772207 0.14314454324 
0.347325 64.85030752736 0.14584355997 
0.347832 64.85824508440 0.14390078594 
0.348338 64.68470326628 0.14394536951 
0.348845 64.57604697442 0.14607733916 
0.349351 64.79682270745 0.15085317149 
0.349858 64.86228165297 0.14827330315 
0.350364 64.65170898390 0.14851200823 
0.350871 64.80754280371 0.14684107906 
0.351377 64.54574529009 0.14306152935 
0.351884 64.54718624100 0.14766281985 
0.352390 64.61799479315 0.15120609844 
0.352897 64.62375868778 0.14849641626 
0.353403 64.55141059918 0.15035878121 
0.353910 64.45311755603 0.14695034386 
0.354416 64.36043849013 0.15178492290 
0.354923 64.17367867619 0.15045497266 
0.355429 64.29032890415 0.15480886856 
0.355935 64.06752644390 0.14619335626 
0.356442 63.98653570829 0.15144728113 
0.356948 64.01937094204 0.15186227346 
0.357455 63.78157807141 0.15516437947 
0.357961 63.71152245009 0.15544547763 
0.358468 63.88383709900 0.15500355547 
0.358974 63.76601197744 0.22130733802 
0.359481 63.65333457707 0.20254564623 
0.359987 63.78906834777 0.19913976912 
0.360494 63.81944707506 0.19161826294 
0.361000 63.93720834095 0.18494988746 
0.361506 63.94902310005 0.18578704671 
0.362013 63.94174418827 0.18728001575 
0.362519 63.62292393130 0.18479861600 
0.363026 63.83724547158 0.18442937385 
0.363532 63.75752154682 0.18488592107 
0.364039 63.76668364829 0.18337085999 
0.364545 63.74616696083 0.17997792765 
0.365052 63.95767807152 0.18768549202 
0.365558 63.68976264531 0.18146292544 
0.366064 63.63398010743 0.18326750213 
0.366571 63.52656057417 0.18341600021 
0.367077 63.69922317738 0.18737867728 
0.367584 63.56496609549 0.19057649800 
0.368090 63.96231108751 0.18274960896 
0.368597 63.83410956517 0.18645465615 
0.369103 63.41908204738 0.18637583448 
0.369610 63.38217266231 0.18755559758 
0.370116 63.45550006655 0.19070292526 
0.370622 63.60052884826 0.19061681465 
0.371129 63.62555938841 0.19628828385 
0.371635 63.81774991658 0.19119243092 
0.372142 63.60610212929 0.19416290451 
0.372648 63.41683379123 0.19067142682 
0.373155 63.35011654804 0.19544525706 
0.373661 63.61506420594 0.19738986443 
0.374167 63.32924776048 0.19535811037 
0.374674 63.44729209307 0.19671889690 
0.375180 63.61241476795 0.19221649596 
0.375687 63.77408376969 0.19857274896 
0.376193 63.42240347485 0.19343808982 
0.376700 63.40457521966 0.20319070182 
0.377206 63.24494405723 0.20322066734 
0.377712 63.19925869297 0.20208248673 
0.378219 63.56619351663 0.20550797285 
0.378725 62.99268083693 0.20382641660 
0.379232 63.34585406409 0.20656800233 
0.379738 63.38769585460 0.20500070680 
0.380245 63.49236206992 0.20376927040 
0.380751 63.30381963368 0.20980698761 
0.381257 63.35093218898 0.21085617414 
0.381764 63.38726750919 0.20992487547 
0.382270 63.40118234024 0.20742633569 
0.382777 62.90824844758 0.20941091793 
0.383283 63.01807050076 0.20491422557 
0.383789 63.07649538437 0.21021987390 
0.384296 62.98747833426 0.20752047113 
0.384802 63.27912756366 0.21176166091 
0.385309 63.04692819539 0.21034240296 
0.385815 63.05892955293 0.21363832814 
0.386321 63.49026374499 0.21469046412 
0.386828 62.87474736350 0.21156450836 
0.387334 62.60052201459 0.21148378684 
0.387841 62.92010861684 0.21287499912 
0.388347 62.78150796323 0.21543773921 
0.388853 62.85147633994 0.21407520417 
0.389360 62.79264434938 0.22189619438 
0.389866 62.74920957813 0.21179430748 
0.390373 62.92523032098 0.21454351847 
0.390879 62.70895833422 0.21848219177 
0.391385 63.15706531333 0.21839342704 
0.391892 62.78742168839 0.22031509942 
0.392398 62.75915836735 0.22120595558 
0.392905 62.52595961000 0.22074425855 
0.393411 62.93057695849 0.21942522211 
0.393917 62.73179273474 0.22369228630 
0.394424 62.48810307615 0.22135860608 
0.394930 62.60428425583 0.22684331961 
0.395437 62.83304189516 0.22912334915 
0.395943 62.42439961887 0.22649775409 
0.396449 62.57846874612 0.34117473366 
0.396956 62.69853024991 0.22565652885 
0.397462 62.84146570786 0.23351834182 
0.397969 62.60359020705 0.23219544447 
0.398475 62.70707250731 0.23368398619 
0.398981 62.55728849944 0.23659678599 
0.399488 62.89169533711 0.23283278182 
0.399994 62.07288697059 0.23823323804 
0.400500 62.68496612058 0.23973934958 
0.401007 62.34947681883 0.24171558134 
0.401513 62.21991053592 0.23815675932 
0.402020 62.32865167149 0.24428443484 
0.402526 62.26355883804 0.24956820794 
0.403032 62.15329871497 0.24329323818 
0.403539 62.38593682899 0.25852712530 
0.404045 62.57604410873 0.24844248064 
0.404551 62.62092400516 0.26707683678 
0.405058 62.02240719673 0.26777703237 
0.405564 61.60520565386 0.26153814262 
0.406071 62.20791072962 0.25445426902 
0.406577 62.58399574077 0.25538784977 
0.407083 62.07146344115 0.25352496054 
0.407590 62.25569656338 0.26334312994 
0.408096 62.22580103272 0.27300233303 
0.408602 62.22780189386 0.27735054042 
0.409109 62.33621092306 0.26146289517 
0.409615 62.38756867972 0.26408541377 
0.410121 62.08121898624 0.26237478438 
0.410628 61.87091678373 0.26887230727 
0.411134 62.02784904096 0.26631468227 
0.411641 62.22443987782 0.27928346778 
0.412147 62.44781024821 0.26115232234 
0.412653 61.67215439695 0.26593661606 
0.413160 62.25459133954 0.26529197163 
0.413666 61.81784914377 0.26511057089 
0.414172 62.07634818285 0.28204810525 
0.414679 61.95089688010 0.27011290966 
0.415185 61.72480993746 0.27920295603 
0.415691 61.78340453929 0.26755276539 
0.416198 61.23839534792 0.27356826639 
0.416704 61.81628710932 0.28173533649 
0.417210 62.00914616406 0.28127305072 
0.417717 61.91403008126 0.29940113019 
0.418223 62.13937190315 0.27497437184 
0.418729 61.56561200899 0.27833478718 
0.419236 62.21027956946 0.27524839417 
0.419742 61.94544741817 0.27500369005 
0.420248 61.70290681637 0.26572143867 
0.420755 61.99378666516 0.28135039684 
0.421261 61.66667678632 0.28345847800 
0.421767 61.66551180497 0.28527439771 
0.422274 61.77954329333 0.27876711277 
0.422780 62.02660602656 0.28283935729 
0.423286 61.43178378989 0.28778125014 
0.423793 61.66354240528 0.28004219836 
0.424299 61.65252529401 0.28894063063 
0.424805 61.98673258784 0.29135694228 
0.425312 61.87575131292 0.30513683455 
0.425818 61.95063195498 0.28785866377 
0.426324 61.52485567910 0.30080341219 
0.426831 61.99395265212 0.29157756058 
0.427337 61.93489323786 0.30838811670 
0.427843 61.78914409680 0.30351730774 
0.428350 62.07465443168 0.31021557758 
0.428856 61.45758159819 0.30989206554 
0.429362 61.56744168313 0.30952808510 
0.429869 61.23333223038 0.30757138512 
0.430375 62.00674859919 0.31983739687 
0.430881 61.82642637808 0.31775619568 
0.431388 61.45380997338 0.31202267031 
0.431894 61.96389077701 0.30768310440 
0.432400 60.89105165774 0.32414703472 
0.432907 61.51887426671 0.32370178930 
0.433413 61.74203088925 0.32397230910 
0.433919 61.36998147790 0.32620548448 
0.434425 60.78477884832 0.33915287923 
0.434932 61.87833714529 0.33745170345 
0.435438 61.38839404898 0.35743853006 
0.435944 61.39541711119 0.33232023370 
0.436451 61.31305496887 0.32752487608 
0.436957 61.22419601293 0.35370891144 
0.437463 61.58990277815 0.34534621494 
0.437970 61.13282509173 0.36222185246 
0.438476 61.29314675464 0.35647458918 
0.438982 61.78966378295 0.36270335771 
0.439489 61.33537611607 0.38459402258 
0.439995 61.38189595342 0.36913347280 
0.440501 61.29254254298 0.37499177356 
0.441007 61.41965863382 0.38483340068 
0.441514 61.28909402310 0.36232181369 
0.442020 61.07061116645 0.39559570290 
0.442526 61.04384651997 0.39819398925 
0.443033 61.10771861916 0.42191021221 
0.443539 61.09307974213 0.38569273968 
0.444045 61.13833457692 0.39941176483 
0.444551 61.77537431228 0.41516737638 
0.445058 60.79248605159 0.40277145868 
0.445564 60.65295188504 0.44372548059 
0.446070 60.95260030090 0.42789995802 
0.446577 60.29196455778 0.42410077373 
0.447083 60.86518830481 0.45847143554 
0.447589 60.46905843152 0.45425487567 
0.448095 60.28752116536 0.45166586687 
0.448602 61.66818056450 0.48741554546 
0.449108 60.34130024274 0.46504455438 
0.449614 61.06374453676 0.47448393096 
0.450121 60.21446858695 0.51024604648 
0.450627 60.95035319138 0.50401342409 
0.451133 60.14405573481 0.51497414229 
0.451639 60.41139779985 0.52647481017 
0.452146 60.36461423475 0.53030411907 
0.452652 60.77205971663 0.54273844723 
0.453158 60.35536204401 0.57729314953 
0.453664 60.23202421595 0.56985485721 
0.454171 59.79922785588 0.58397111027 
0.454677 60.93260187167 0.61182890534 
0.455183 60.05098291431 0.60501411155 
0.455689 59.39067546173 0.63619526649 
0.456196 60.87190791216 0.67691073010 
0.456702 60.12917020433 0.62935127914 
0.457208 60.37346821284 0.70630608219 
0.457714 59.82110871690 0.73195250574 
0.458221 60.09379094651 0.75019893326 
0.458727 60.35515780645 0.79017205066 
0.459233 60.35857417584 0.84999794732 
0.459740 60.80801880320 0.87334741265 
0.460246 59.77958320088 0.89782802109 
0.460752 60.12869430010 0.96932482633 
0.461258 59.36017946537 1.00288918383 
0.461765 60.51632035509 1.09756561525 
0.462271 60.00188987800 1.01660069682 
0.462777 60.31920103399 1.18470319344 
0.463283 61.13918934045 1.29251747171 
0.463789 59.69057679098 1.35400500873 
0.464296 59.92918221862 1.39719258321 
0.464802 60.99911244677 1.41333797693 
0.465308 61.37179561527 1.54229197411 
0.465814 59.17389147252 1.61938394905 
0.466321 59.32045526027 1.64743994291 
0.466827 61.05720033784 1.92292808196 
0.467333 58.51642987196 1.88812892325 
0.467839 61.47677291303 2.01385230691 
0.468346 57.45292499099 2.24676253691 
0.468852 60.38431008509 2.55857648797 
0.469358 60.71302973610 2.90710186965 
0.469864 58.30746745334 2.95002766569 
0.470371 60.47383708235 4.16918177319 
0.470877 58.40304309033 4.55991389640 
0.471383 58.55986239756 5.68339440017 
0.471889 54.94762890560 7.12770016128 
0.472395 53.95194427297 5.98093775183 
0.472902 53.26765891466 12.64057225639 
