0.010896 1352.61416763404 11.18726776648 
0.011402 1201.50274647882 11.55691521091 
0.011909 1074.29731892744 12.38421461919 
0.012416 984.50203836278 8.54654473865 
0.012923 881.58179649686 7.84785905673 
0.013430 822.54003747135 11.32773043833 
0.013936 794.66857774389 9.36099042416 
0.014443 735.22048300307 6.89638234579 
0.014950 680.47895301327 6.55202567850 
0.015457 620.46360251449 5.32167923016 
0.015963 579.87060321671 4.71671456162 
0.016470 545.27116530258 4.02212027429 
0.016977 506.25413141137 3.73554971797 
0.017484 470.52192439008 3.27833614322 
0.017990 450.27160129914 3.03708041197 
0.018497 420.87296487160 2.72796856330 
0.019004 402.07951712911 2.31453224527 
0.019511 379.49921831829 2.11082276910 
0.020018 361.18255713799 2.13888284020 
0.020524 343.26520983436 2.03559241626 
0.021031 328.47678588259 1.88377049586 
0.021538 315.87801555969 1.66043508644 
0.022045 300.97291885454 1.72467378392 
0.022551 287.32575242735 1.53721197282 
0.023058 277.98456396508 1.43123489578 
0.023565 270.11841418270 1.54786082486 
0.024072 259.00723119108 1.71362700903 
0.024579 250.41426215015 1.71254852717 
0.025085 244.16437535841 2.15656301757 
0.025592 236.73128611818 2.19630941963 
0.026099 230.27334251828 2.15912797718 
0.026606 223.98802410026 1.69059962402 
0.027112 217.93878028226 1.70805554076 
0.027619 211.68914093806 1.57565907002 
0.028126 207.02858688638 1.46596614929 
0.028633 202.67975882152 1.32650969832 
0.029139 197.00079866083 1.14544016665 
0.029646 193.88036398195 1.16349286868 
0.030153 189.29397676947 1.12986426836 
0.030660 184.56082951132 1.04802209179 
0.031167 182.24663081559 0.93113721869 
0.031673 179.62476334525 0.94812998388 
0.032180 175.44988876775 0.93914493798 
0.032687 173.49566438678 0.89660448066 
0.033194 169.01646099650 0.82894503609 
0.033700 166.27640235972 0.77533951843 
0.034207 164.93058572364 0.75768802284 
0.034714 161.85263617655 0.80962440534 
0.035221 159.45709416489 0.71987876486 
0.035727 157.78682099678 0.68178930658 
0.036234 155.43132212796 0.68474213791 
0.036741 152.67068782884 0.69361937620 
0.037248 152.79035954376 0.68392384533 
0.037755 150.70018965953 0.61485484316 
0.038261 148.15307934501 0.59692296486 
0.038768 147.53422625810 0.58712709158 
0.039275 145.37615026331 0.59105717303 
0.039782 144.43041129969 0.58458755718 
0.040288 142.11739834193 0.58122242476 
0.040795 141.23746972545 0.56153994712 
0.041302 140.43657898353 0.57072379709 
0.041809 138.40938914159 0.54609056960 
0.042315 137.60826508382 0.57586061409 
0.042822 136.56003577900 0.50846094165 
0.043329 135.40569247349 0.53940255105 
0.043836 134.38270652844 0.53320932339 
0.044343 132.69081412197 0.53182589476 
0.044849 131.37440362726 0.54089410045 
0.045356 129.94323511199 0.50496202609 
0.045863 128.85549603526 0.51007892464 
0.046370 129.09006189357 0.49543702863 
0.046876 126.62409081095 0.49525132981 
0.047383 127.46760288595 0.51678013422 
0.047890 125.40381751274 0.50050548448 
0.048397 124.85684598354 0.49516878717 
0.048903 124.26157458894 0.48641363922 
0.049410 123.61684920535 0.45806920562 
0.049917 122.43112560215 0.45024041189 
0.050424 122.34815373663 0.46131419382 
0.050931 121.67185597513 0.45930107465 
0.051437 120.98654441032 0.46762576544 
0.051944 120.25622894896 0.44868349996 
0.052451 119.57686826226 0.44979233938 
0.052958 118.31355485242 0.43612326127 
0.053464 118.31513787536 0.43940590223 
0.053971 117.04367243660 0.45407155250 
0.054478 116.25056462122 0.45744885381 
0.054985 115.58840082257 0.42711151224 
0.055491 115.49141558799 0.43511123202 
0.055998 115.60583066071 0.41907714077 
0.056505 113.60332812871 0.41955213973 
0.057012 113.09244628736 0.43342530019 
0.057519 112.95016745423 0.43081530207 
0.058025 111.83589962387 0.37441314892 
0.058532 112.25459786188 0.42710665187 
0.059039 111.53358335986 0.40199006003 
0.059546 110.63504363452 0.40471466335 
0.060052 110.50846097907 0.39929206347 
0.060559 109.72248455422 0.41302886283 
0.061066 109.17093615887 0.40332972352 
0.061573 109.11628554011 0.38620908232 
0.062079 108.13480238203 0.39927515022 
0.062586 107.85766511249 0.40221351413 
0.063093 107.59630324776 0.38917584541 
0.063600 107.21863695442 0.39701839804 
0.064106 106.94737406749 0.38860548184 
0.064613 105.68987971509 0.39637385976 
0.065120 105.89653440579 0.37292812892 
0.065627 105.21378941268 0.39485287454 
0.066134 104.99792611073 0.38415904314 
0.066640 104.55650506982 0.37220195724 
0.067147 104.87735958839 0.37237220894 
0.067654 103.34362286267 0.38172515276 
0.068161 103.56004531774 0.37323280175 
0.068667 102.73032049064 0.37291924934 
0.069174 103.30340911758 0.37883320407 
0.069681 102.29250340777 0.36636594933 
0.070188 101.77086258357 0.35000796492 
0.070694 102.35758508007 0.35108257420 
0.071201 101.13678481820 0.35503847314 
0.071708 101.77450715116 0.37148357499 
0.072215 101.57999565200 0.35364614351 
0.072721 100.58597605544 0.35271745652 
0.073228 100.15845751579 0.34401095401 
0.073735 99.98940093807 0.34272169760 
0.074242 99.75911494859 0.34622849437 
0.074748 99.41376746091 0.33798596499 
0.075255 98.96972606317 0.33309927863 
0.075762 98.63138354062 0.33714999261 
0.076269 98.56750568490 0.33118063650 
0.076776 98.46643878218 0.34204609485 
0.077282 98.39403615740 0.32042184879 
0.077789 98.29732121944 0.31794325844 
0.078296 97.68543869223 0.32207637462 
0.078803 97.60043319848 0.33808572729 
0.079309 97.24635143504 0.33928381824 
0.079816 97.54595554883 0.32972810632 
0.080323 97.19370577851 0.32750883588 
0.080830 97.73930284023 0.34229572223 
0.081336 96.61216660496 0.32671759434 
0.081843 96.85640059963 0.33789436696 
0.082350 96.60877315443 0.32038468320 
0.082857 96.35335901837 0.32916683663 
0.083363 96.39638354843 0.33808554066 
0.083870 96.36095783921 0.33422658369 
0.084377 95.51074617906 0.33547566158 
0.084884 95.60730004103 0.33926174306 
0.085390 95.97321187161 0.32771990088 
0.085897 95.58673037195 0.34619471167 
0.086404 95.31812310528 0.32466867225 
0.086911 95.12299397811 0.33825152134 
0.087417 94.71522468327 0.32248456301 
0.087924 94.99101349716 0.32963299832 
0.088431 94.46783522755 0.33889515069 
0.088938 94.85356338584 0.33691377697 
0.089444 94.85237390894 0.33566792654 
0.089951 94.50686836303 0.33272783049 
0.090458 93.94926864523 0.33629932355 
0.090965 93.77070033960 0.33203202700 
0.091471 94.21618000700 0.34093859757 
0.091978 93.42307625072 0.32671842575 
0.092485 92.73125849324 0.34883032725 
0.092992 93.02139577547 0.34108232945 
0.093498 93.21897377995 0.33887819136 
0.094005 92.71674080722 0.33468570814 
0.094512 92.87803713599 0.33177940843 
0.095019 93.29538784737 0.33834962393 
0.095525 92.64371736880 0.32518049112 
0.096032 92.39629121963 0.31788762295 
0.096539 92.30194012543 0.33189540261 
0.097046 91.90060163842 0.33157210096 
0.097552 92.17201771406 0.32861232001 
0.098059 91.91712119079 0.32500506899 
0.098566 92.02991392053 0.32883425858 
0.099073 91.83195336102 0.33945681958 
0.099579 91.40634888160 0.32639055201 
0.100086 91.79497080674 0.32408613692 
0.100593 91.40020060230 0.31981353215 
0.101100 91.55964694862 0.30720508650 
0.101606 90.51888178533 0.31370001685 
0.102113 89.82014310773 0.29881844020 
0.102620 89.72078224372 0.29136458066 
0.103127 89.00533805380 0.30673862202 
0.103633 89.61754717778 0.30238994939 
0.104140 88.33423562272 0.28720578809 
0.104647 88.43176123781 0.29545417533 
0.105154 88.85983551603 0.31133995101 
0.105660 89.17667436993 0.30553448712 
0.106167 88.46856272246 0.29856964324 
0.106674 88.51076596798 0.30447880091 
0.107181 88.00723508802 0.29394328044 
0.107687 87.68590821003 0.28958094752 
0.108194 87.96595765058 0.29943415541 
0.108701 87.83513911810 0.28599337024 
0.109208 88.23829469832 0.30360246129 
0.109714 87.93343354804 0.28291478976 
0.110221 87.64469128568 0.28100657219 
0.110728 87.70492322033 0.29033691551 
0.111235 87.63328962779 0.29086874836 
0.111741 87.23206431047 0.27917676006 
0.112248 87.14494956447 0.29179856777 
0.112755 86.66712571498 0.28183159361 
0.113262 87.10503844509 0.28378693927 
0.113768 87.14140628968 0.27641200771 
0.114275 86.69086670498 0.27658139273 
0.114782 87.12746292327 0.27135979131 
0.115289 86.52092959559 0.28293252036 
0.115795 86.42814347534 0.27255956292 
0.116302 86.82753652043 0.27463947490 
0.116809 86.32100197652 0.27137795306 
0.117316 86.15202096853 0.27431505667 
0.117822 85.95941836599 0.27919425631 
0.118329 85.91282965715 0.26544779133 
0.118836 86.08104960707 0.26477239168 
0.119342 85.70487920583 0.26296438667 
0.119849 85.95045686462 0.26968851040 
0.120356 85.49750886118 0.26293000319 
0.120863 85.58356920952 0.26339370479 
0.121369 85.64810337022 0.26860843133 
0.121876 85.56115411434 0.26598747403 
0.122383 85.21704791749 0.25700420531 
0.122890 85.60652973027 0.27231383245 
0.123396 85.21367372671 0.26076923943 
0.123903 85.26682129641 0.26114095479 
0.124410 85.13759280042 0.25940203567 
0.124917 85.29198796844 0.26189215265 
0.125423 84.99630565267 0.25844561818 
0.125930 85.02188506543 0.25984289795 
0.126437 85.01021290865 0.26021255798 
0.126944 84.79419073874 0.25320498760 
0.127450 84.69612783919 0.25667935742 
0.127957 84.80118925966 0.25229263145 
0.128464 84.86482743851 0.25715072156 
0.128970 84.76685199767 0.25071642491 
0.129477 84.38519204996 0.25341273012 
0.129984 84.53120121665 0.25706890992 
0.130491 84.26922389972 0.24638596815 
0.130997 84.20156612240 0.25507726350 
0.131504 84.05962414119 0.24567412302 
0.132011 84.18288983422 0.25037884078 
0.132518 84.17012648113 0.25058800160 
0.133024 84.53103591779 0.24018308902 
0.133531 83.48630453940 0.25015523596 
0.134038 83.98049905924 0.24282224184 
0.134545 83.99430845692 0.24736935408 
0.135051 83.82586679580 0.24740141384 
0.135558 83.44012900913 0.24075880327 
0.136065 83.83914730075 0.24549139691 
0.136571 83.32911502669 0.24729388207 
0.137078 83.41448689069 0.24921944891 
0.137585 83.16581931078 0.24220902757 
0.138092 83.65542383571 0.25366965324 
0.138598 83.24669527238 0.24310695935 
0.139105 83.24639841033 0.23702414961 
0.139612 82.80071244345 0.24620146751 
0.140119 83.09572135043 0.24756042433 
0.140625 82.98619188835 0.24816525226 
0.141132 83.25549578334 0.23793018284 
0.141639 82.84733683774 0.24339345815 
0.142145 82.64104332978 0.24034112234 
0.142652 82.88576105698 0.24502512280 
0.143159 82.37393695145 0.23827885288 
0.143666 82.34591071626 0.24264064721 
0.144172 82.06197679517 0.24230309192 
0.144679 82.03833273581 0.24671265711 
0.145186 82.02493755321 0.24711338280 
0.145692 82.34987376725 0.24136748344 
0.146199 82.11322849695 0.23814533261 
0.146706 81.89169895184 0.23461264241 
0.147213 81.66448613278 0.24397007941 
0.147719 82.18866473776 0.24190949581 
0.148226 81.93262855735 0.24031183336 
0.148733 81.77859223253 0.24353477466 
0.149240 81.73411871340 0.24356798973 
0.149746 81.41061863276 0.24600241406 
0.150253 80.85426608337 0.23634346812 
0.150760 81.37104826251 0.23856098571 
0.151266 81.12230289821 0.24132051173 
0.151773 80.91585758911 0.24239228739 
0.152280 81.26221110943 0.24262199035 
0.152787 80.84397832041 0.24178586676 
0.153293 81.05982060317 0.24351909874 
0.153800 80.62909718085 0.23721922881 
0.154307 80.73729433152 0.24243664873 
0.154813 80.53778740771 0.23896846901 
0.155320 80.35062030463 0.23908041235 
0.155827 80.39258894567 0.23607750109 
0.156334 80.53859567683 0.24016982107 
0.156840 80.64921404040 0.23459877174 
0.157347 80.15627516073 0.24028560800 
0.157854 80.21738543000 0.24048103753 
0.158360 80.06077551275 0.24054192363 
0.158867 80.36246357673 0.23739374511 
0.159374 79.69784774864 0.23470531741 
0.159881 79.99781498663 0.23612245226 
0.160387 79.82685099601 0.23578937300 
0.160894 79.77436971327 0.23859442274 
0.161401 79.77334092319 0.23464782790 
0.161907 79.52303120811 0.23427684321 
0.162414 79.65402441116 0.23305657261 
0.162921 79.90617409405 0.22981240078 
0.163427 79.67620384855 0.23796252142 
0.163934 79.17863611394 0.23414099437 
0.164441 79.48100029175 0.23167422456 
0.164948 79.34568153100 0.23170381535 
0.165454 79.22132730244 0.23608211812 
0.165961 79.33011480260 0.22930300004 
0.166468 78.99147867696 0.23243446121 
0.166974 78.89741250183 0.23582932030 
0.167481 78.89837506913 0.22620401685 
0.167988 79.11876138468 0.22816641910 
0.168495 78.92073240341 0.23189386234 
0.169001 79.22053368758 0.23198807290 
0.169508 79.16459091489 0.23717537495 
0.170015 79.21790810866 0.23198776936 
0.170521 78.90137422673 0.23422201706 
0.171028 79.15900576765 0.23317438109 
0.171535 79.37829089889 0.23162028106 
0.172041 79.45679314554 0.23855946047 
0.172548 79.12238135080 0.23608705668 
0.173055 79.11338201012 0.23774236304 
0.173562 78.96759461587 0.23280038397 
0.174068 78.99860563665 0.23759783693 
0.174575 78.62356706836 0.23661657004 
0.175082 78.59528738456 0.23380947417 
0.175588 78.87079903802 0.24255494088 
0.176095 78.92352661698 0.23557302951 
0.176602 78.79712503882 0.24177253286 
0.177108 78.84649675724 0.24415781527 
0.177615 78.68565376571 0.24230816695 
0.178122 78.81833460698 0.23436933291 
0.178629 78.62985585781 0.23417450159 
0.179135 78.36708262912 0.23764712123 
0.179642 78.50947859673 0.23556671410 
0.180149 78.34502225695 0.23873575268 
0.180655 78.48980983681 0.23505140708 
0.181162 78.41157073128 0.23706940846 
0.181669 78.80970475290 0.23810203380 
0.182175 78.75079911408 0.24336300959 
0.182682 78.88646792416 0.24850333664 
0.183189 79.06656322220 0.24337149491 
0.183695 78.79145932064 0.24604313053 
0.184202 78.38069409413 0.24244331382 
0.184709 77.95056573096 0.24592603190 
0.185216 78.21588978772 0.24541570058 
0.185722 78.17601201911 0.24870237478 
0.186229 78.47316677298 0.24563601299 
0.186736 77.53136507169 0.24588665534 
0.187242 78.23910191488 0.24023047085 
0.187749 78.18876360954 0.24833024905 
0.188256 77.33625121630 0.24820395771 
0.188762 77.42925085822 0.24373091130 
0.189269 77.65927742750 0.24434798033 
0.189776 77.54663516946 0.24497768840 
0.190282 77.65856208480 0.24409739917 
0.190789 77.90493185255 0.24658692753 
0.191296 77.28860447918 0.24815211201 
0.191802 77.42934861269 0.24281609821 
0.192309 77.13348497207 0.23731388339 
0.192816 77.28185316573 0.24323418172 
0.193323 76.71772960336 0.23393465249 
0.193829 77.01194366084 0.24061662067 
0.194336 76.73874834330 0.23453620890 
0.194843 76.41142235550 0.23351096792 
0.195349 76.45423236690 0.22892198455 
0.195856 76.47859651575 0.23366286789 
0.196363 76.34699478814 0.23287170722 
0.196869 76.04364743269 0.22801333185 
0.197376 76.39398965639 0.22884769366 
0.197883 76.38016141740 0.22859669535 
0.198389 75.88158406012 0.22566238933 
0.198896 75.99578778617 0.22294075100 
0.199403 76.07333469782 0.22598675941 
0.199909 76.11536228356 0.22609763514 
0.200416 75.84417411100 0.22710928539 
0.200923 75.52729364522 0.22395205289 
0.201429 75.92599173219 0.21903073366 
0.201936 75.75119136020 0.21856392866 
0.202443 75.61067273482 0.22334453022 
0.202949 75.59430033696 0.21881574882 
0.203456 75.36527366627 0.21964095772 
0.203963 75.54759542267 0.22429283993 
0.204469 75.66451966157 0.21236586775 
0.204976 75.41945066283 0.21623756037 
0.205483 75.37997182521 0.21699877835 
0.205989 75.58113034595 0.21665407134 
0.206496 75.21049555802 0.21210379708 
0.207003 75.30917228459 0.21506651281 
0.207509 75.36717238504 0.21701374674 
0.208016 75.19375323032 0.21023303231 
0.208523 75.35891501444 0.21289509097 
0.209029 75.44946227676 0.21511361495 
0.209536 75.20917859836 0.20911431470 
0.210043 75.12690042829 0.21006868366 
0.210549 75.09957025854 0.21134206560 
0.211056 75.21352931910 0.20994653067 
0.211563 75.04313963188 0.20922770347 
0.212069 74.99364376892 0.20815615648 
0.212576 74.91137707848 0.20847224169 
0.213083 75.01396099928 0.21020213551 
0.213589 74.67728525831 0.20669634757 
0.214096 74.64173207213 0.20730778950 
0.214603 74.39637086136 0.21208474810 
0.215109 74.87995064276 0.20505456530 
0.215616 74.82074124851 0.20902983213 
0.216123 74.38009179904 0.20749380201 
0.216629 74.44436810598 0.20660179406 
0.217136 74.10430676108 0.20971271279 
0.217643 74.32415072944 0.20834185423 
0.218149 74.13510313968 0.20725865578 
0.218656 74.11014397011 0.20608069662 
0.219163 74.06193937158 0.20778856489 
0.219669 74.03183061810 0.20592755525 
0.220176 74.33261041625 0.20822225457 
0.220683 74.13556029910 0.20247600336 
0.221189 73.83811143795 0.20593491939 
0.221696 73.81319822149 0.20343615135 
0.222203 73.90564273972 0.20665042275 
0.222709 73.77213722460 0.20509128096 
0.223216 73.91589691775 0.20164102824 
0.223722 73.66447193888 0.20698465100 
0.224229 73.80390631289 0.20321467072 
0.224736 73.63958290409 0.20258727154 
0.225242 73.21428532023 0.20306855077 
0.225749 73.39060065164 0.20154781730 
0.226256 73.57947028603 0.19909794052 
0.226762 73.66081441203 0.20213677343 
0.227269 73.30991352953 0.19865126368 
0.227776 73.47363019556 0.20378588390 
0.228282 73.25651023501 0.20270336796 
0.228789 73.57121860555 0.19839573934 
0.229296 73.21803668993 0.19645475536 
0.229802 73.43196671955 0.20175821163 
0.230309 73.37125054797 0.19975105255 
0.230816 73.10347183922 0.20075221236 
0.231322 73.27427123892 0.20397663276 
0.231829 73.11817602699 0.19945215833 
0.232335 73.27641419099 0.19938926257 
0.232842 73.09189109510 0.20027691650 
0.233349 72.90718934763 0.19633578890 
0.233855 72.93161086834 0.19973346696 
0.234362 72.94776197327 0.20373580886 
0.234869 72.69512658925 0.20066186845 
0.235375 72.55231456965 0.20123107942 
0.235882 72.61256725590 0.20114636067 
0.236389 72.86161022984 0.20102063929 
0.236895 72.53762769948 0.20051120850 
0.237402 72.53383063953 0.20108559199 
0.237908 72.48942402714 0.20068401639 
0.238415 72.43284398500 0.20202728733 
0.238922 72.25846258180 0.19702250251 
0.239428 72.23957288275 0.20029581546 
0.239935 71.97130241985 0.19930875969 
0.240442 72.01418116748 0.19923637911 
0.240948 72.10771174002 0.19839037105 
0.241455 71.92170548347 0.20045762500 
0.241962 71.88226420494 0.20002674976 
0.242468 72.01442850270 0.20085640192 
0.242975 71.75154429714 0.19977605971 
0.243481 71.77500506149 0.19682600568 
0.243988 71.66355620817 0.19421020982 
0.244495 71.68595818649 0.20121969277 
0.245001 71.88949236620 0.19766398303 
0.245508 71.77744335874 0.19735734322 
0.246015 72.04362285450 0.19964657625 
0.246521 71.75227348250 0.19603301247 
0.247028 71.51448135927 0.19886785439 
0.247534 71.45500861369 0.19923081850 
0.248041 71.63001403869 0.19744437402 
0.248548 71.48845473567 0.19708589048 
0.249054 71.62370873363 0.19809674368 
0.249561 71.40207527269 0.19555116856 
0.250068 71.33089324234 0.19869573848 
0.250574 71.37408549341 0.20000301810 
0.251081 71.27808586051 0.19734012143 
0.251587 71.19777751490 0.19865513759 
0.252094 71.12139421518 0.19550792942 
0.252601 71.28810748559 0.19849571186 
0.253107 71.10452455682 0.19769181610 
0.253614 71.15794475140 0.19640313470 
0.254120 71.25871994411 0.19556168207 
0.254627 70.93059785473 0.19635445377 
0.255134 70.93653366291 0.19537751535 
0.255640 71.04599765651 0.19173130367 
0.256147 70.86958931000 0.19406710489 
0.256654 70.65143093832 0.19810690660 
0.257160 71.37088255703 0.19895635920 
0.257667 70.99007726436 0.19630588633 
0.258173 71.36989447067 0.19944620164 
0.258680 71.29329331699 0.19503529152 
0.259187 71.28142507920 0.19904659383 
0.259693 71.54086018443 0.19685681597 
0.260200 71.49611113338 0.19588994349 
0.260706 71.90524316363 0.19516370379 
0.261213 71.62753394243 0.19450967963 
0.261720 71.83450781097 0.19688571297 
0.262226 71.74362249753 0.19218379162 
0.262733 71.71382511114 0.19700736191 
0.263239 71.67768121780 0.19695564425 
0.263746 71.53144081586 0.19488592071 
0.264253 71.79447173716 0.19030209709 
0.264759 71.78104703866 0.19513145997 
0.265266 71.48923057550 0.19127465913 
0.265772 71.46645051314 0.18763602036 
0.266279 71.47171749088 0.19097761424 
0.266786 71.59784667158 0.19022146046 
0.267292 71.78694933517 0.19332679067 
0.267799 71.56810690740 0.18733655551 
0.268305 71.54003947787 0.18994425722 
0.268812 71.84482400019 0.19172149767 
0.269319 72.00277310310 0.18901842846 
0.269825 71.83177551461 0.19088133558 
0.270332 71.84316786773 0.19138241500 
0.270838 71.94820285161 0.19115352922 
0.271345 72.08413841162 0.18791109883 
0.271852 72.16079319657 0.18742168492 
0.272358 72.36916123581 0.19195769529 
0.272865 71.96155216014 0.19238278731 
0.273371 72.09387340153 0.19565292839 
0.273878 72.36447544515 0.19046788048 
0.274385 72.61067592094 0.18696731795 
0.274891 72.34156848343 0.19341702936 
0.275398 72.33329789119 0.18913884129 
0.275904 72.13751379292 0.18526933192 
0.276411 72.70507548410 0.18516896003 
0.276917 72.31189428817 0.18369850551 
0.277424 72.18921796013 0.18381867476 
0.277931 72.46023595876 0.18010392479 
0.278437 72.27610520161 0.18275341882 
0.278944 72.10095567889 0.18542794429 
0.279450 71.87521087916 0.18624472047 
0.279957 71.78384157087 0.18303992606 
0.280464 72.01363083882 0.18375264481 
0.280970 71.99425785792 0.18021909597 
0.281477 72.00654123178 0.18235219269 
0.281983 72.01070623307 0.18397533572 
0.282490 72.19377423648 0.18314787668 
0.282996 72.10974001771 0.17984119829 
0.283503 71.91990180543 0.17908875286 
0.284010 72.23960580645 0.17976224034 
0.284516 71.97303073915 0.17929229564 
0.285023 71.63682223750 0.17661904052 
0.285529 71.86553994214 0.17849206068 
0.286036 71.65904971949 0.17544036578 
0.286542 71.68973070642 0.17465234988 
0.287049 71.84111019235 0.17326626211 
0.287556 71.57223264060 0.17318413740 
0.288062 71.45928889466 0.17316622300 
0.288569 71.55022885367 0.16835950724 
0.289075 71.55653619121 0.17084018715 
0.289582 71.21874597929 0.17037035796 
0.290088 71.31278003849 0.17061551976 
0.290595 71.36843468373 0.16905608752 
0.291102 71.08498023888 0.16695642320 
0.291608 71.36463345881 0.17094885031 
0.292115 71.16592221379 0.16700785364 
0.292621 71.19434284248 0.16994477776 
0.293128 71.28443145300 0.16391699270 
0.293634 71.15112304412 0.16876100782 
0.294141 71.14144370537 0.16506230289 
0.294647 70.97202390385 0.16614130412 
0.295154 70.84163349926 0.16854973779 
0.295661 71.01045061303 0.16850890478 
0.296167 70.90348028993 0.16373824801 
0.296674 70.85803530529 0.16445675273 
0.297180 70.71026508372 0.16573369103 
0.297687 70.74176844476 0.16529729650 
0.298193 70.77468829524 0.16519877699 
0.298700 70.71498451417 0.16437937812 
0.299207 70.52349971483 0.16783905145 
0.299713 70.44184315674 0.16659220702 
0.300220 70.36447161574 0.16346990043 
0.300726 70.12279708329 0.16390810875 
0.301233 70.58945650717 0.16373224699 
0.301739 70.69941237523 0.16451447626 
0.302246 69.99311343983 0.16370913462 
0.302752 70.27936447282 0.16593270132 
0.303259 70.26706941329 0.16117320802 
0.303765 70.00197514524 0.16427924626 
0.304272 70.05726084098 0.16221234900 
0.304779 70.23825519272 0.16194670918 
0.305285 70.11490023071 0.15969807183 
0.305792 70.11300506085 0.16023522470 
0.306298 69.71918823626 0.15929380995 
0.306805 70.00847744776 0.16253264958 
0.307311 69.89448927568 0.15970151154 
0.307818 69.77338306174 0.15969192840 
0.308324 69.77953383625 0.15753778142 
0.308831 69.39591572682 0.15474977695 
0.309337 69.57096533145 0.15654964612 
0.309844 69.61948605938 0.15480961105 
0.310350 69.30480305895 0.15629718678 
0.310857 68.85085963379 0.15406496606 
0.311364 68.80419705741 0.14992682669 
0.311870 68.58725567031 0.15023193627 
0.312377 68.19841630382 0.15116979075 
0.312883 68.55208131515 0.15122170485 
0.313390 68.05972948312 0.14775747531 
0.313896 68.08178977446 0.15002194550 
0.314403 67.50665233267 0.14443667192 
0.314909 67.98643781924 0.14172782448 
0.315416 67.50391209303 0.14560382907 
0.315922 67.38230145147 0.14343862104 
0.316429 67.60262915736 0.14153990002 
0.316935 67.33954220910 0.14026494244 
0.317442 67.24714645887 0.14304596493 
0.317948 67.20291918977 0.14172974137 
0.318455 67.22374562691 0.14167144851 
0.318961 67.01845702109 0.14131668578 
0.319468 66.84397000256 0.14216109927 
0.319975 66.69960962595 0.14516978201 
0.320481 66.80479098116 0.14202727346 
0.320988 66.75268249027 0.14419129463 
0.321494 66.87929946606 0.14040387904 
0.322001 66.71725542148 0.16036617612 
0.322507 66.56469459355 0.13949972063 
0.323014 66.80198908587 0.13956567841 
0.323520 66.65391129800 0.14100718031 
0.324027 66.60375075996 0.14202146098 
0.324533 66.27618984888 0.14117446502 
0.325040 66.39806814908 0.13972342875 
0.325546 66.40635315722 0.14339800377 
0.326053 66.08890015103 0.13669872409 
0.326559 66.52845898609 0.13813474997 
0.327066 66.11881036420 0.13884205055 
0.327572 66.08988774141 0.13715793585 
0.328079 65.97290956717 0.13718438409 
0.328585 66.25638536542 0.13901313503 
0.329092 66.01536583140 0.13739730990 
0.329598 66.16200617601 0.13712062766 
0.330105 66.11652529963 0.13856858558 
0.330611 65.87678568503 0.13963130559 
0.331118 65.93394100623 0.13983832038 
0.331624 66.09996388198 0.13993625681 
0.332131 66.12499672651 0.13613869723 
0.332637 65.84303207028 0.14073852261 
0.333144 65.88958488457 0.13803941822 
0.333650 66.12873269051 0.14050082745 
0.334157 65.60409293211 0.13885955570 
0.334663 65.73860012525 0.13929421152 
0.335170 65.69708792649 0.13896947368 
0.335676 65.54236116685 0.13576399773 
0.336183 65.71667867110 0.13980199940 
0.336689 65.57896643923 0.13883624026 
0.337196 65.62753762308 0.13941471342 
0.337702 65.39668121743 0.13650867596 
0.338209 65.59803040351 0.13973681373 
0.338715 65.38342158540 0.13955629160 
0.339222 65.40400477730 0.13837532384 
0.339728 65.47131964238 0.13668358646 
0.340235 65.34917600987 0.21705147259 
0.340741 65.33212216908 0.13841242840 
0.341248 65.54141055444 0.13707967408 
0.341754 65.10844719145 0.13947303216 
0.342261 65.09412689351 0.13779416103 
0.342767 65.16276211262 0.13946935839 
0.343274 65.11209430081 0.13806713848 
0.343780 65.36635003900 0.14121337739 
0.344287 64.92045487043 0.13718097009 
0.344793 65.21040930040 0.13988329586 
0.345300 65.12538682747 0.13862365986 
0.345806 64.92032613248 0.14281015333 
0.346313 65.03740268929 0.14334729287 
0.346819 65.00030700714 0.13921798873 
0.347325 65.17451515373 0.14317555097 
0.347832 65.00662201016 0.14475985609 
0.348338 64.97469472137 0.14357176928 
0.348845 64.68448096958 0.14434302126 
0.349351 64.83840501750 0.14996162568 
0.349858 64.70596605484 0.14843724267 
0.350364 64.83537768558 0.14776068715 
0.350871 64.61392277564 0.14365767006 
0.351377 64.56012393854 0.14673388551 
0.351884 64.61091992239 0.14789617638 
0.352390 64.61041989811 0.14668476896 
0.352897 64.35794498285 0.14831771947 
0.353403 64.40903198762 0.14968732080 
0.353910 64.08014908567 0.15099556462 
0.354416 64.23339699385 0.15369023102 
0.354923 64.22435025258 0.14992559485 
0.355429 64.36199976025 0.15248747843 
0.355935 64.09520565041 0.15015080830 
0.356442 63.83270726860 0.15422718157 
0.356948 63.68793168707 0.15304644646 
0.357455 63.62392005625 0.15666779502 
0.357961 64.02654144028 0.16049461824 
0.358468 63.55605831850 0.15234180968 
0.358974 63.83293489763 0.22184232477 
0.359481 63.90093506251 0.20361399305 
0.359987 63.69886381500 0.20236978441 
0.360494 64.01945295969 0.19232753742 
0.361000 63.54556517270 0.18679302869 
0.361506 63.91927473342 0.18426982049 
0.362013 64.02677860093 0.18435952858 
0.362519 63.52090214060 0.18393920858 
0.363026 63.57347645833 0.18406708869 
0.363532 63.91851963767 0.18688983417 
0.364039 63.94450593741 0.18543343333 
0.364545 63.42246017248 0.18136657531 
0.365052 63.66043942622 0.18437378820 
0.365558 63.65595956922 0.18268625520 
0.366064 63.61324185879 0.18003318211 
0.366571 63.68594739266 0.18521251176 
0.367077 63.80467370083 0.18694198946 
0.367584 63.80513674718 0.18802682400 
0.368090 63.57895451751 0.18587458621 
0.368597 63.60278580512 0.18802586217 
0.369103 63.81757133889 0.18767339856 
0.369610 63.81980683429 0.19161775471 
0.370116 63.50300564941 0.18978628216 
0.370622 63.74565900207 0.19101010538 
0.371129 63.59789466904 0.18936158737 
0.371635 63.76356607062 0.18993496374 
0.372142 63.53904061300 0.19046889281 
0.372648 63.76076968260 0.19096802810 
0.373155 63.55781296513 0.19751311534 
0.373661 63.64917687396 0.19233866806 
0.374167 63.61730580870 0.19403777123 
0.374674 63.45511059620 0.19787465581 
0.375180 63.13053142286 0.19301839017 
0.375687 63.46373143672 0.19838667570 
0.376193 63.37371466172 0.20108135519 
0.376700 63.30356358477 0.19604057089 
0.377206 63.28941199297 0.19653058380 
0.377712 63.37004379364 0.20014469192 
0.378219 63.67834119366 0.20397195618 
0.378725 63.36360104947 0.20270650442 
0.379232 63.44936721012 0.20530722124 
0.379738 63.23412693378 0.20520935053 
0.380245 63.57130177511 0.20723235543 
0.380751 63.08820268372 0.20728688290 
0.381257 63.37153869752 0.21161880230 
0.381764 62.94067780281 0.20343492368 
0.382270 63.01455458220 0.20342469946 
0.382777 62.99109863951 0.20623367122 
0.383283 62.72265865133 0.20713050348 
0.383789 63.26973268744 0.21166258050 
0.384296 62.65620181194 0.20970225344 
0.384802 63.28719528110 0.21110723209 
0.385309 62.74880842284 0.20730681880 
0.385815 63.28016837651 0.20718285637 
0.386321 63.16198088260 0.21004003918 
0.386828 62.96273370517 0.21643188428 
0.387334 63.06780756632 0.21791479757 
0.387841 62.72187553352 0.21178887088 
0.388347 62.75521809781 0.21428591678 
0.388853 62.76914627021 0.21297493031 
0.389360 62.45762010552 0.21231238623 
0.389866 62.88040364189 0.21287620444 
0.390373 62.82699928850 0.21611333360 
0.390879 62.71392386633 0.21635540567 
0.391385 62.73558455823 0.21365275508 
0.391892 62.89546603979 0.21757304977 
0.392398 62.75252985913 0.22497604862 
0.392905 62.71653362610 0.22113760464 
0.393411 62.85567821381 0.22361061143 
0.393917 62.58448740183 0.22120922403 
0.394424 62.52327332727 0.22335965870 
0.394930 62.77392573608 0.22514246373 
0.395437 62.85385485838 0.22841539778 
0.395943 62.65949295041 0.23144629935 
0.396449 62.38911709712 0.34303997352 
0.396956 62.72821437735 0.23268720031 
0.397462 62.67641884498 0.23451538497 
0.397969 62.51345059705 0.23182462728 
0.398475 62.20526202262 0.23596424595 
0.398981 62.46508801604 0.23287888060 
0.399488 62.85357290716 0.23377103289 
0.399994 62.57206822510 0.24325793503 
0.400500 62.76000023189 0.23945909450 
0.401007 62.59147571641 0.23321933158 
0.401513 62.31778120335 0.24456861949 
0.402020 62.16646326130 0.24112311721 
0.402526 62.29141144743 0.25177317383 
0.403032 62.75373894433 0.24632842692 
0.403539 62.39136607019 0.25736748783 
0.404045 62.57793424808 0.24527480696 
0.404551 62.48644141240 0.26153453293 
0.405058 62.58030655637 0.27030690940 
0.405564 62.08429965257 0.25594297222 
0.406071 62.66736439997 0.25980113184 
0.406577 62.32202782091 0.25567543777 
0.407083 61.93396007295 0.26163343709 
0.407590 62.12016989715 0.26538034969 
0.408096 62.04147289837 0.27790089302 
0.408602 62.17918122642 0.27268018565 
0.409109 61.85843974748 0.25394422346 
0.409615 62.18610548044 0.26881532277 
0.410121 61.53164186161 0.26419704104 
0.410628 62.21472798584 0.26339231291 
0.411134 61.99869381553 0.26707387669 
0.411641 62.48268893640 0.27655524588 
0.412147 62.50984196810 0.26300558428 
0.412653 61.76844702870 0.26373527676 
0.413160 61.81466538454 0.26445505863 
0.413666 62.13360352082 0.26779373901 
0.414172 62.00589766496 0.27984959133 
0.414679 62.31438641682 0.26831790889 
0.415185 61.65031301773 0.27840417492 
0.415691 61.78573209391 0.26865274620 
0.416198 62.01810796818 0.28100102699 
0.416704 62.05303452668 0.28062291671 
0.417210 61.85715803295 0.28004008545 
0.417717 61.93550248600 0.29263148675 
0.418223 61.71744884614 0.27263224989 
0.418729 61.69364931611 0.28302820817 
0.419236 61.59211768892 0.28699616519 
0.419742 61.36676582871 0.26261406450 
0.420248 61.82552725548 0.28343411533 
0.420755 62.14867374164 0.28772713396 
0.421261 61.94668598663 0.27627768866 
0.421767 61.83950914420 0.27870208646 
0.422274 62.03733194956 0.28064952880 
0.422780 62.08341523310 0.27957799533 
0.423286 61.55723677825 0.28788706226 
0.423793 61.44247207509 0.28229921803 
0.424299 61.65388726487 0.29411238080 
0.424805 61.32175904100 0.27901886971 
0.425312 61.53549010627 0.29730416420 
0.425818 61.46973184656 0.28975229003 
0.426324 61.66518005386 0.29330486838 
0.426831 61.52170007466 0.29424933646 
0.427337 61.48447576509 0.30468936539 
0.427843 62.06802176115 0.30154069365 
0.428350 61.98657347039 0.31646276333 
0.428856 61.45207890799 0.29604888422 
0.429362 61.73702770580 0.30772648996 
0.429869 61.91917760366 0.32508235474 
0.430375 61.82330091484 0.31441291102 
0.430881 61.58739720139 0.31687131155 
0.431388 61.70969406092 0.31769016282 
0.431894 61.36522928773 0.30837576829 
0.432400 60.97958737231 0.31803235022 
0.432907 61.77571956124 0.32478728944 
0.433413 61.01398517895 0.33317672568 
0.433919 61.21146606645 0.32586578897 
0.434425 61.13724377489 0.32110340582 
0.434932 61.65911784213 0.33501455848 
0.435438 62.00872248340 0.35408525111 
0.435944 61.32480488944 0.33898917636 
0.436451 61.83000252898 0.34365806843 
0.436957 61.53722623063 0.36489716766 
0.437463 61.04119920066 0.34423632892 
0.437970 61.21436436993 0.34817584476 
0.438476 61.49498630033 0.34863211718 
0.438982 61.35917551520 0.36993747788 
0.439489 61.09210089949 0.37736942913 
0.439995 61.19887318044 0.35789631489 
0.440501 61.17220198998 0.38244356717 
0.441007 61.43090330063 0.38532843831 
0.441514 61.43383789461 0.37970717158 
0.442020 61.09387064304 0.38926338892 
0.442526 60.83758942642 0.39513032172 
0.443033 61.67847663494 0.39749617471 
0.443539 61.13928284729 0.38871527788 
0.444045 60.86386380874 0.41625329536 
0.444551 60.62491186843 0.41238512938 
0.445058 61.33040163983 0.42088842564 
0.445564 60.85361471158 0.44143292503 
0.446070 61.32036316967 0.42747801820 
0.446577 61.16602129351 0.43823192592 
0.447083 60.61862158185 0.45812702894 
0.447589 60.23872571414 0.46376306038 
0.448095 61.33807358236 0.48138010129 
0.448602 60.23103224448 0.48006002449 
0.449108 60.31038507130 0.46709528817 
0.449614 60.47230303308 0.48665661357 
0.450121 60.47653260229 0.49125051389 
0.450627 59.76946151961 0.50957947499 
0.451133 60.27908209627 0.51051343292 
0.451639 59.94466753632 0.52465530423 
0.452146 60.71677530128 0.51382889682 
0.452652 59.86923617027 0.52613972070 
0.453158 60.04855192386 0.54574836081 
0.453664 60.22817007471 0.56134538693 
0.454171 60.64399681526 0.58926525782 
0.454677 60.32664104138 0.60014339605 
0.455183 61.23021874469 0.63418590570 
0.455689 60.02584860992 0.64554334779 
0.456196 60.64195186905 0.68445497521 
0.456702 60.22529719940 0.65194700126 
0.457208 59.97251866071 0.68396246879 
0.457714 59.98957689107 0.71293587818 
0.458221 59.83719662837 0.76963088685 
0.458727 59.65126975333 0.79429598642 
0.459233 59.78940388512 0.86684868260 
0.459740 60.13853471465 0.82970954155 
0.460246 59.57584296824 0.94102349621 
0.460752 60.38341907857 0.99211665278 
0.461258 60.80775115351 1.02731179807 
0.461765 61.14024541959 1.07444160334 
0.462271 60.48640013984 1.01595684816 
0.462777 58.52652271676 1.16296795028 
0.463283 60.46881897966 1.27894600979 
0.463789 61.00052333598 1.34979163821 
0.464296 60.02328838434 1.39779119506 
0.464802 60.44036722018 1.35513268484 
0.465308 59.61894271750 1.54769235438 
0.465814 59.32973925689 1.66316397696 
0.466321 59.98660981587 1.69935366290 
0.466827 58.55343581415 1.85978118566 
0.467333 59.39295557717 1.91762963078 
0.467839 59.63365525844 2.03740969706 
0.468346 58.96693524245 2.43573248369 
0.468852 59.09523677349 2.52024894477 
0.469358 59.31005415634 2.85940007775 
0.469864 59.13635297548 2.98699016285 
0.470371 59.37166993728 3.84449882133 
0.470877 57.34692646762 4.37869684099 
0.471383 58.39180124666 5.54573826013 
0.471889 58.42404830886 7.66250131367 
0.472395 54.21860986548 5.61690835494 
0.472902 46.83455279382 11.48764429089 
