0.010896 1347.67190611704 13.73344539946 
0.011402 1200.05623279932 13.34512538561 
0.011909 1078.05297012236 12.11235701717 
0.012416 986.45104178095 9.87297184278 
0.012923 891.38238797136 7.48298551837 
0.013430 826.23491192124 11.14036886726 
0.013936 781.21295800843 9.19203534553 
0.014443 738.07707343317 6.80931276411 
0.014950 678.44450531953 6.39383844267 
0.015457 622.72906374792 5.52637759623 
0.015963 578.28807103522 4.78021752678 
0.016470 541.52727474031 3.86050042399 
0.016977 507.90370695918 3.86785480662 
0.017484 475.01886502924 3.32205641672 
0.017990 452.13990504577 3.15296760254 
0.018497 424.98543240061 2.74257553104 
0.019004 399.56592797468 2.27787747782 
0.019511 378.47609021145 2.19513510825 
0.020018 361.14773857796 2.16248689415 
0.020524 345.58212332072 1.77742765091 
0.021031 328.25467908378 2.06958970487 
0.021538 317.08351500297 1.61494670595 
0.022045 300.77586877342 1.59464504949 
0.022551 290.37692508534 1.64487659103 
0.023058 278.99155520536 1.47867896138 
0.023565 268.94715301875 1.52843386758 
0.024072 262.44766365533 1.60566887241 
0.024579 251.00555951312 1.69623695286 
0.025085 244.28508515208 2.08607076890 
0.025592 236.69678511895 2.06622119670 
0.026099 231.90002545071 2.08544561221 
0.026606 224.20198807324 1.67017927461 
0.027112 218.97843257951 1.74935981260 
0.027619 212.42790883612 1.59403092473 
0.028126 207.28881653402 1.55531925022 
0.028633 202.53951546193 1.37668817999 
0.029139 199.31634847374 1.11844136015 
0.029646 193.50380106180 1.17825052030 
0.030153 190.65903694830 1.08669708075 
0.030660 187.51016546349 1.01092308363 
0.031167 183.48398275441 0.90122294890 
0.031673 179.02603413238 0.93118590413 
0.032180 175.95517250026 0.90482639096 
0.032687 173.03566652984 0.88640651259 
0.033194 170.64062951606 0.83419512223 
0.033700 168.82710706672 0.75369038381 
0.034207 165.63412816012 0.78668658069 
0.034714 162.29276034763 0.80171522970 
0.035221 160.90811382254 0.75083549853 
0.035727 158.28405355652 0.70002783050 
0.036234 156.30968105055 0.66987745032 
0.036741 155.46600216970 0.67206101072 
0.037248 152.83104092968 0.63242493127 
0.037755 150.19761647053 0.64970006712 
0.038261 147.97113173025 0.60449016295 
0.038768 146.99912226645 0.58094204592 
0.039275 146.43112001122 0.58394852855 
0.039782 145.70078017595 0.58158773709 
0.040288 143.22624085680 0.55937217408 
0.040795 142.89939821147 0.56119844375 
0.041302 140.32738311001 0.54556864786 
0.041809 138.27797647222 0.55966097602 
0.042315 138.47005199676 0.55496082659 
0.042822 136.47802662568 0.53260418835 
0.043329 135.86467390773 0.54264019563 
0.043836 134.40710227785 0.53411098309 
0.044343 133.80623047039 0.50832598666 
0.044849 132.82115594593 0.52718035963 
0.045356 132.14267518722 0.52490422417 
0.045863 130.11220650637 0.51055101426 
0.046370 129.62265785308 0.49091181378 
0.046876 128.08182804851 0.51546351735 
0.047383 126.59037532301 0.49714158012 
0.047890 126.50412917441 0.50186034234 
0.048397 126.40480995484 0.48934299957 
0.048903 124.52338336247 0.50335262146 
0.049410 124.38015656457 0.46097232393 
0.049917 123.54431711715 0.47710740053 
0.050424 123.21346355566 0.47408088802 
0.050931 122.12987840195 0.44799656653 
0.051437 121.25968075004 0.43590734115 
0.051944 120.62010671614 0.43093244879 
0.052451 119.68744095198 0.46245431187 
0.052958 118.50287587606 0.43629239726 
0.053464 117.84627725145 0.43681354508 
0.053971 117.84526532168 0.43445709711 
0.054478 116.50105782448 0.44508097333 
0.054985 116.46416163198 0.42952285614 
0.055491 115.89469213633 0.44260401498 
0.055998 115.02291603428 0.42251364275 
0.056505 113.90530410621 0.43744607832 
0.057012 113.80304188713 0.43067793680 
0.057519 112.96757354777 0.42347615301 
0.058025 112.70940449806 0.42625309500 
0.058532 112.27938461635 0.41953675462 
0.059039 111.67091360810 0.41502895440 
0.059546 111.60037541797 0.42085739142 
0.060052 110.89156634099 0.40812799145 
0.060559 109.54910420996 0.40442171969 
0.061066 109.35179731881 0.40792537897 
0.061573 109.41464522352 0.39835761529 
0.062079 108.92301006619 0.39338951752 
0.062586 108.53409363969 0.40879212722 
0.063093 108.14322309362 0.37662059755 
0.063600 107.77911970708 0.39730396663 
0.064106 106.91657769548 0.39767395452 
0.064613 106.83519057070 0.38967340902 
0.065120 106.87113581633 0.37866473851 
0.065627 106.04307664526 0.37602892504 
0.066134 105.24396862028 0.37203503693 
0.066640 105.17092374545 0.37480813597 
0.067147 105.17023823063 0.39903278441 
0.067654 104.44069122915 0.38038894516 
0.068161 104.45554534192 0.36891073511 
0.068667 103.78880557627 0.37513559362 
0.069174 103.55170867407 0.38748621040 
0.069681 103.32987224839 0.36113799932 
0.070188 102.73476596153 0.36093528969 
0.070694 102.79212186625 0.36263200520 
0.071201 102.15810281826 0.36912968372 
0.071708 102.03967232352 0.35599202612 
0.072215 101.40121005290 0.36392097825 
0.072721 101.35371637163 0.36013571366 
0.073228 100.69999417169 0.34937599991 
0.073735 100.64723725395 0.36105106677 
0.074242 100.43371166830 0.35389372548 
0.074748 100.41048507600 0.34008850126 
0.075255 99.78800584633 0.33184160812 
0.075762 99.52146176914 0.34025181673 
0.076269 99.41298905328 0.34364436847 
0.076776 99.13682782526 0.34104154847 
0.077282 98.65788352183 0.33840834081 
0.077789 97.93494138568 0.32601067770 
0.078296 98.21839931738 0.32846593050 
0.078803 97.91671744007 0.32099055684 
0.079309 97.76524164690 0.33519480347 
0.079816 98.05399460038 0.34591925005 
0.080323 97.85050483265 0.33076640811 
0.080830 98.16386195139 0.32284069972 
0.081336 97.32036776646 0.33723018732 
0.081843 96.84074145062 0.33034333504 
0.082350 96.62076791969 0.32542706381 
0.082857 96.62952759594 0.33338398864 
0.083363 96.52167987697 0.34059346554 
0.083870 96.99230944038 0.33153304361 
0.084377 96.26923066673 0.32575792032 
0.084884 95.93117612649 0.34448276700 
0.085390 95.63466915044 0.32815711445 
0.085897 96.06145837216 0.33748894177 
0.086404 95.44403294663 0.33621145335 
0.086911 95.58467176402 0.34366370808 
0.087417 95.41478434756 0.32336794294 
0.087924 95.62147963639 0.33018848676 
0.088431 95.23466984367 0.34105577337 
0.088938 94.45049346231 0.32303807246 
0.089444 95.18007427584 0.33809451554 
0.089951 93.84742087114 0.33157908605 
0.090458 94.41354953949 0.32275550308 
0.090965 94.13919080026 0.33041225722 
0.091471 94.04349510211 0.33325273006 
0.091978 94.10337358961 0.32740249817 
0.092485 93.05925082979 0.35586742103 
0.092992 93.28804216284 0.34809478482 
0.093498 93.21430612369 0.34104293440 
0.094005 93.16416217522 0.32532166240 
0.094512 92.89922791662 0.33191981085 
0.095019 93.49231285648 0.31658733400 
0.095525 92.94306607350 0.32038197100 
0.096032 92.47874306233 0.33019093411 
0.096539 92.82898963992 0.33041014192 
0.097046 92.50468015385 0.33198217463 
0.097552 92.27396446296 0.34309850020 
0.098059 92.95663791508 0.32974856193 
0.098566 92.14904138910 0.34392028010 
0.099073 92.27253711277 0.32516555069 
0.099579 91.62904061573 0.33162318510 
0.100086 92.19104566024 0.32201466845 
0.100593 91.45451358616 0.31937312084 
0.101100 92.02662802276 0.31462447565 
0.101606 91.48966530045 0.31758126498 
0.102113 90.86436392985 0.30481908073 
0.102620 90.35344356221 0.30129766887 
0.103127 89.77606971823 0.29365923248 
0.103633 89.24501917098 0.30803192790 
0.104140 89.30955404585 0.29366376592 
0.104647 89.12585292420 0.30283960079 
0.105154 88.99776330104 0.30192448939 
0.105660 88.80475788709 0.31704666808 
0.106167 88.54821308213 0.29104021227 
0.106674 88.47254838987 0.30835854032 
0.107181 88.64334829192 0.30006675965 
0.107687 88.45540153714 0.31221421518 
0.108194 88.28737706340 0.29711641222 
0.108701 88.42528224871 0.28404912700 
0.109208 87.65752838696 0.29624377364 
0.109714 87.83846885198 0.29105858458 
0.110221 87.68713389641 0.29248727725 
0.110728 88.06039879727 0.29222493094 
0.111235 87.36649270834 0.28470561343 
0.111741 87.87304375990 0.29064001637 
0.112248 87.38533453135 0.28496639039 
0.112755 87.27989007529 0.28031091913 
0.113262 87.17380407843 0.28500028259 
0.113768 87.24009002824 0.27882397007 
0.114275 86.98296575440 0.27918832344 
0.114782 86.94040024731 0.27500384636 
0.115289 86.80295558012 0.28509824860 
0.115795 87.54331779663 0.28750243278 
0.116302 86.35085802597 0.27423430276 
0.116809 86.55109710463 0.26418428239 
0.117316 86.58664816797 0.27229522020 
0.117822 86.48289822772 0.27093072106 
0.118329 86.37764481714 0.27243634790 
0.118836 86.07647230476 0.26813511324 
0.119342 85.91589906622 0.27514247829 
0.119849 86.33778136251 0.27341661343 
0.120356 86.36327421605 0.27095470232 
0.120863 86.05960095174 0.26949448903 
0.121369 85.46094915978 0.26559447274 
0.121876 85.76908384578 0.26917708390 
0.122383 85.57411892978 0.25918434760 
0.122890 85.92562172917 0.26638143645 
0.123396 85.50338133256 0.26145665833 
0.123903 85.50597496275 0.26380626123 
0.124410 85.26352110409 0.26330646107 
0.124917 85.14152534467 0.26483866860 
0.125423 85.23561908509 0.25311770743 
0.125930 85.40375294087 0.26248167721 
0.126437 85.27886578892 0.25774405894 
0.126944 85.14756958784 0.25351629693 
0.127450 85.34276632620 0.25536847019 
0.127957 84.85670808622 0.25430007805 
0.128464 84.60665649107 0.25713874552 
0.128970 84.57930857092 0.25161946264 
0.129477 84.40239346544 0.25333820552 
0.129984 84.08155062648 0.25501170692 
0.130491 84.60260953447 0.25044256329 
0.130997 84.38159235871 0.25461573583 
0.131504 84.36031520412 0.25560462018 
0.132011 84.32389272992 0.24905778159 
0.132518 84.27658957057 0.24442530730 
0.133024 84.48617087201 0.24281184340 
0.133531 84.11824861556 0.25080305948 
0.134038 84.22649877060 0.24810171753 
0.134545 83.59262001262 0.25080782041 
0.135051 83.85504249016 0.25030690460 
0.135558 83.65420529705 0.24697075053 
0.136065 83.78518256083 0.24230792285 
0.136571 83.85311781658 0.24529229913 
0.137078 83.46632556644 0.24199081505 
0.137585 83.39782703542 0.24934145404 
0.138092 83.57179202047 0.24302980906 
0.138598 83.13618561814 0.24645975644 
0.139105 83.39048013507 0.24309670685 
0.139612 83.46216171318 0.24320383274 
0.140119 83.44661236066 0.24345762434 
0.140625 83.23003854972 0.24364272717 
0.141132 83.43799486497 0.24295702062 
0.141639 83.41605294032 0.23954220064 
0.142145 82.81996366693 0.24178738822 
0.142652 82.51005193208 0.24816930336 
0.143159 83.10124079487 0.24176376138 
0.143666 82.38254474975 0.24042761275 
0.144172 82.41496770766 0.23833130642 
0.144679 82.81273907480 0.24178657945 
0.145186 82.36563153761 0.24594330312 
0.145692 82.15020507041 0.24196938917 
0.146199 81.81675460400 0.23952662301 
0.146706 82.11130564634 0.24143912121 
0.147213 81.85337371501 0.24116870387 
0.147719 82.04807183132 0.24417574517 
0.148226 81.71203289949 0.23847849366 
0.148733 82.25930136171 0.24594925441 
0.149240 81.66351551477 0.24607994808 
0.149746 81.46353175786 0.24533376333 
0.150253 81.50218246939 0.23658055182 
0.150760 81.66721437372 0.24168909162 
0.151266 81.11705557020 0.24186839466 
0.151773 81.60628056167 0.24292742756 
0.152280 80.93963820445 0.23980776185 
0.152787 81.25147765924 0.23778351260 
0.153293 81.38729994582 0.23797337574 
0.153800 81.06808584491 0.24106409148 
0.154307 81.05875025516 0.24093294933 
0.154813 80.63557669428 0.23531591062 
0.155320 80.51218889985 0.24043004745 
0.155827 80.55387924642 0.24248549023 
0.156334 80.66297381667 0.24169912246 
0.156840 80.56721713392 0.23356002938 
0.157347 80.18442940524 0.23360124208 
0.157854 80.67448665017 0.23224567901 
0.158360 80.64233589839 0.23605776904 
0.158867 80.02332253314 0.23456156078 
0.159374 80.59417764120 0.23419749614 
0.159881 80.15729626225 0.23944737034 
0.160387 79.81215845337 0.23311857438 
0.160894 80.45940243220 0.23723814120 
0.161401 80.30165197148 0.23827941212 
0.161907 80.11769985508 0.23844478714 
0.162414 79.69283616331 0.23117336797 
0.162921 79.55197626645 0.23550107872 
0.163427 79.63047207605 0.23488842417 
0.163934 79.96378958114 0.23484054108 
0.164441 79.65463192652 0.23238083059 
0.164948 79.36763271365 0.22954679510 
0.165454 79.05378819054 0.23115467523 
0.165961 79.44865200899 0.23230952072 
0.166468 79.16414918378 0.22859130282 
0.166974 79.07310726117 0.22757302709 
0.167481 79.10101283700 0.22792993764 
0.167988 79.05702906587 0.23271086870 
0.168495 79.16658634458 0.22981113574 
0.169001 79.24135620994 0.23185410363 
0.169508 79.16610365697 0.23831092161 
0.170015 79.42466057659 0.23572331369 
0.170521 78.78359031667 0.23198144260 
0.171028 79.51393102625 0.23985363959 
0.171535 79.28520162866 0.22808140625 
0.172041 79.37106927335 0.23923280530 
0.172548 79.19901177102 0.23397359698 
0.173055 79.25050902600 0.23722099810 
0.173562 79.21345704984 0.23955453657 
0.174068 79.32691907148 0.24010998508 
0.174575 79.07886950527 0.23464030291 
0.175082 78.80907363025 0.23272031420 
0.175588 78.83612804860 0.23706798734 
0.176095 79.15385879712 0.24203569211 
0.176602 78.95609708209 0.23730493530 
0.177108 78.85888622958 0.23723965789 
0.177615 78.90497404424 0.23587400464 
0.178122 79.03473743839 0.23730725778 
0.178629 78.97204868387 0.24628513759 
0.179135 78.66410951070 0.23936604439 
0.179642 78.82750903712 0.23179993387 
0.180149 78.66643353286 0.23798762472 
0.180655 79.03851595269 0.23374164117 
0.181162 78.79755244710 0.23960796021 
0.181669 78.84998349596 0.24100672559 
0.182175 79.34143941801 0.24218153229 
0.182682 78.67154740959 0.24629846010 
0.183189 78.92317532317 0.24232988131 
0.183695 78.55387849953 0.24876973948 
0.184202 78.76461662674 0.24169654045 
0.184709 78.54495878673 0.24791602432 
0.185216 78.43651262677 0.24212510460 
0.185722 78.18927862065 0.23986454108 
0.186229 78.39492963099 0.24489604483 
0.186736 78.23059457333 0.24758683094 
0.187242 77.92600885397 0.24098721067 
0.187749 78.33753805743 0.25183312828 
0.188256 78.10557983731 0.24586979462 
0.188762 77.83182168605 0.24402426519 
0.189269 77.81196177797 0.24868856767 
0.189776 77.47620288806 0.24775054266 
0.190282 77.93995766991 0.24513334172 
0.190789 77.74889231885 0.24101353516 
0.191296 77.71396011732 0.24652378532 
0.191802 77.54209248671 0.24519094187 
0.192309 76.93461679613 0.24588611883 
0.192816 76.95719899871 0.24184866890 
0.193323 76.73837426957 0.23608106006 
0.193829 77.09638842130 0.23549598971 
0.194336 76.96584576507 0.23762253655 
0.194843 76.58295521852 0.23678891565 
0.195349 76.79500592858 0.23527556431 
0.195856 76.48374695702 0.23226835697 
0.196363 76.37671624406 0.23230840840 
0.196869 76.65544826339 0.22984462428 
0.197376 76.34670762405 0.23043660257 
0.197883 75.80479218649 0.22427644233 
0.198389 76.04952004179 0.22374526062 
0.198896 75.71017203089 0.22894517687 
0.199403 75.89073438777 0.22392818227 
0.199909 75.84472106206 0.22577370644 
0.200416 75.76332031807 0.22311480136 
0.200923 76.25497302187 0.22798701247 
0.201429 76.13231748955 0.22130334987 
0.201936 76.07192463753 0.22071364932 
0.202443 75.85241985391 0.21912305898 
0.202949 75.63150047825 0.22401870929 
0.203456 75.83599514059 0.22323240856 
0.203963 75.80339538291 0.21960842098 
0.204469 75.62536482687 0.21751627260 
0.204976 75.92721155687 0.22188623294 
0.205483 75.58303865416 0.21947495076 
0.205989 75.81780109151 0.21482760497 
0.206496 75.70507452794 0.22345481165 
0.207003 75.40676234442 0.21704531131 
0.207509 75.35758875741 0.21239255810 
0.208016 75.58174195212 0.21698617176 
0.208523 75.52777605178 0.21817623355 
0.209029 75.20131953785 0.21004606166 
0.209536 75.19646737706 0.21205315482 
0.210043 75.10348257064 0.20993663761 
0.210549 75.18215301084 0.21125964781 
0.211056 75.36461460840 0.21199817920 
0.211563 75.12446428911 0.20639012559 
0.212069 74.98381833458 0.20960217203 
0.212576 74.93950985840 0.21115919165 
0.213083 74.84667459765 0.21004170779 
0.213589 75.05608981500 0.21002954194 
0.214096 74.93143652921 0.21145968397 
0.214603 75.10707734160 0.20691796119 
0.215109 75.10348493315 0.21049317990 
0.215616 74.73327648188 0.20623671515 
0.216123 74.32081735493 0.20855751036 
0.216629 74.83197682401 0.20879213701 
0.217136 74.51825088631 0.20477575521 
0.217643 74.29603015533 0.20769542750 
0.218149 74.45987943419 0.20806318709 
0.218656 74.41816438011 0.21086515685 
0.219163 74.16251283317 0.20915362211 
0.219669 74.24114312941 0.20824078527 
0.220176 74.23934201257 0.21283105785 
0.220683 74.17817918772 0.20813782909 
0.221189 74.47485967569 0.20429727716 
0.221696 74.30390982200 0.20677739994 
0.222203 74.07771001123 0.20579983131 
0.222709 74.23536227222 0.20651038280 
0.223216 74.18442156621 0.20397414127 
0.223722 73.57723462549 0.20354318368 
0.224229 73.79401141244 0.20160717659 
0.224736 73.86455131065 0.19994969830 
0.225242 73.74391670802 0.20513561033 
0.225749 73.65955720065 0.19926317394 
0.226256 73.54778420703 0.19847955967 
0.226762 73.60806797167 0.20359613209 
0.227269 73.68243696517 0.20110082895 
0.227776 73.34788224883 0.20673603674 
0.228282 73.43667728408 0.20105949096 
0.228789 73.52912919749 0.20310849281 
0.229296 73.67624559192 0.20329661980 
0.229802 73.47328628715 0.20325610110 
0.230309 73.28897984643 0.19995559452 
0.230816 73.53234715014 0.20392545471 
0.231322 73.29019551665 0.19930631664 
0.231829 73.18632377891 0.19896770116 
0.232335 72.94227359402 0.19985299668 
0.232842 72.88895327576 0.20228509828 
0.233349 72.99590978349 0.19880246229 
0.233855 72.97213681876 0.19917752827 
0.234362 72.88368429347 0.20312736141 
0.234869 72.82854354453 0.20151348174 
0.235375 72.69061029387 0.19827653790 
0.235882 72.62568858933 0.20293128520 
0.236389 72.94746781670 0.19827248915 
0.236895 72.90231558719 0.20214498911 
0.237402 72.72297542070 0.19594255632 
0.237908 72.30090323862 0.19973247263 
0.238415 72.34608298724 0.19822261703 
0.238922 72.33500516853 0.19619669044 
0.239428 72.33289008082 0.20181848426 
0.239935 72.42831715865 0.19980171046 
0.240442 72.26652872060 0.19802583083 
0.240948 72.27813065334 0.19597444257 
0.241455 72.00785035271 0.20054246854 
0.241962 72.52250471187 0.19842667516 
0.242468 72.11645097714 0.20053127838 
0.242975 72.15864303073 0.19900111093 
0.243481 72.36347987899 0.20119982107 
0.243988 72.11769569193 0.19785201357 
0.244495 71.84330129972 0.19717468645 
0.245001 71.75083228383 0.19890518543 
0.245508 71.91091146592 0.19794707654 
0.246015 71.93591037525 0.19805081138 
0.246521 71.98468720696 0.19676606285 
0.247028 71.74631335468 0.20019497834 
0.247534 71.35295782377 0.19942171502 
0.248041 71.88878792425 0.19953765203 
0.248548 71.45153093473 0.19707214784 
0.249054 71.63787392901 0.19462727590 
0.249561 71.53584719644 0.20094492303 
0.250068 71.47130077452 0.19519149254 
0.250574 71.39450940768 0.19335084676 
0.251081 71.33900755891 0.19652116656 
0.251587 71.53867971306 0.19749187205 
0.252094 71.26303952777 0.19748626820 
0.252601 71.36547627645 0.19615673014 
0.253107 71.29900884926 0.19616989942 
0.253614 71.36496096289 0.20099684561 
0.254120 71.40178100525 0.19597236137 
0.254627 71.15169291986 0.19464751635 
0.255134 71.03207095953 0.19541454398 
0.255640 70.92644271906 0.19242531047 
0.256147 71.42769360814 0.19549766710 
0.256654 70.91021563808 0.19863853733 
0.257160 71.05070496339 0.19543554598 
0.257667 71.43606809733 0.19644758863 
0.258173 71.41284783398 0.19740185760 
0.258680 71.64075754921 0.19456033124 
0.259187 71.88196643293 0.19655818359 
0.259693 71.54154103488 0.19679416077 
0.260200 71.80641043198 0.19513056886 
0.260706 71.74649749674 0.19506165834 
0.261213 71.77602363196 0.19396166375 
0.261720 71.89672922675 0.19709080416 
0.262226 71.67882769397 0.19130596261 
0.262733 71.90917861457 0.19242743260 
0.263239 71.68090872950 0.19674255168 
0.263746 71.74938664016 0.19305707255 
0.264253 71.78708044299 0.19551539613 
0.264759 71.73237585940 0.19388137558 
0.265266 71.99091388019 0.19567543308 
0.265772 71.69943082136 0.19229586009 
0.266279 71.79758570357 0.19372845897 
0.266786 71.83729038816 0.19109383405 
0.267292 71.96165944881 0.19242428893 
0.267799 72.07644861183 0.19241576474 
0.268305 71.82530127656 0.19011285655 
0.268812 72.07825648876 0.19407880364 
0.269319 71.84805615809 0.19132251506 
0.269825 71.89635837770 0.18833426219 
0.270332 72.00803081697 0.19315136975 
0.270838 72.12255876733 0.19619458729 
0.271345 71.96990473888 0.19165016709 
0.271852 72.46459585787 0.19422505578 
0.272358 72.44644414042 0.19566943178 
0.272865 72.34452497961 0.19220853506 
0.273371 72.45660385019 0.19123718867 
0.273878 72.67680518361 0.19443175642 
0.274385 72.65413564322 0.19119091737 
0.274891 72.38532796970 0.18917810048 
0.275398 72.26424513556 0.19115350004 
0.275904 72.58830139020 0.18736794055 
0.276411 72.64842977240 0.18503914005 
0.276917 72.61133251440 0.18297428107 
0.277424 72.59598196298 0.18701241740 
0.277931 72.11389162237 0.18371778741 
0.278437 72.43955037888 0.18545565872 
0.278944 72.25417774135 0.18449977387 
0.279450 72.54588886670 0.18462542326 
0.279957 72.52263871680 0.18763593807 
0.280464 72.45902684929 0.18037963187 
0.280970 72.35569931153 0.18129395271 
0.281477 72.06812461830 0.18374041627 
0.281983 72.32736322991 0.18177119556 
0.282490 72.19080974956 0.18292080388 
0.282996 72.21012410760 0.18141446692 
0.283503 72.42455472682 0.17876334515 
0.284010 72.36892224409 0.17818928163 
0.284516 72.15126447776 0.17818566807 
0.285023 72.07145102893 0.17262833046 
0.285529 71.64265374752 0.17576806146 
0.286036 71.67766107964 0.17780571419 
0.286542 71.84951371798 0.17314798920 
0.287049 71.84750875435 0.17483883969 
0.287556 71.82220475403 0.17350074805 
0.288062 71.71562936872 0.17277580797 
0.288569 71.73120257078 0.17240839172 
0.289075 71.84512405301 0.17103812884 
0.289582 71.56121501763 0.16995689734 
0.290088 71.56782742631 0.17138146824 
0.290595 71.36837054114 0.16654100761 
0.291102 71.51373346291 0.17143283311 
0.291608 71.44680952630 0.16893852729 
0.292115 71.47561430265 0.16823209302 
0.292621 71.17898990515 0.16839764775 
0.293128 71.31845110205 0.17046496700 
0.293634 71.48208351098 0.16906790096 
0.294141 71.16466930497 0.16679446462 
0.294647 71.10359319194 0.16672495545 
0.295154 70.92678675563 0.16560996044 
0.295661 71.14640901031 0.16489280257 
0.296167 71.09125588958 0.16474521333 
0.296674 71.11173474484 0.16830088662 
0.297180 70.88848230972 0.16939586931 
0.297687 71.02980782519 0.16307115567 
0.298193 70.95400655945 0.16583599399 
0.298700 70.74536250109 0.16810259407 
0.299207 70.88122224539 0.16335627017 
0.299713 70.79814794207 0.16643350546 
0.300220 70.56087988988 0.16244674176 
0.300726 70.46470327552 0.16330109204 
0.301233 70.79163991009 0.16530313328 
0.301739 70.74880853086 0.16610114820 
0.302246 70.54059620173 0.16293215337 
0.302752 70.32991321465 0.16172020820 
0.303259 70.37833040680 0.16299820602 
0.303765 70.34827538228 0.16013668725 
0.304272 70.13637155473 0.15848393836 
0.304779 70.53027767370 0.15797526664 
0.305285 70.28135949339 0.15892540682 
0.305792 70.10567705335 0.16053892206 
0.306298 70.27600981739 0.16177838092 
0.306805 70.09569441681 0.16233340652 
0.307311 69.99478678965 0.16069952489 
0.307818 70.02022634841 0.15957403854 
0.308324 69.98786258941 0.15725489827 
0.308831 69.72749931216 0.15705037236 
0.309337 69.56086907049 0.15681886454 
0.309844 69.57601413392 0.15363748466 
0.310350 69.17085481225 0.15478357190 
0.310857 68.87246581785 0.14865755294 
0.311364 68.59206290578 0.15407607858 
0.311870 68.66530246365 0.15015471936 
0.312377 68.32649502058 0.14616751975 
0.312883 68.57858011709 0.14757231696 
0.313390 68.17910338609 0.14737465852 
0.313896 67.90632337917 0.14753124544 
0.314403 67.93886294879 0.14544687493 
0.314909 67.90341652989 0.14741250518 
0.315416 67.51614824419 0.14351634093 
0.315922 67.68050204385 0.14585688597 
0.316429 67.52879367656 0.14276277775 
0.316935 67.52785712069 0.14316517349 
0.317442 67.54528926861 0.14238524625 
0.317948 67.25550126971 0.13939848553 
0.318455 67.37489988558 0.14152608957 
0.318961 67.26580941658 0.14250957589 
0.319468 67.19996196905 0.14170958311 
0.319975 66.97502215180 0.14322056017 
0.320481 66.88498257486 0.14191031224 
0.320988 66.80625801016 0.14356019935 
0.321494 67.13638639897 0.14200787145 
0.322001 66.92946037564 0.15934267513 
0.322507 66.77111837895 0.14088399041 
0.323014 66.78637326560 0.14089657299 
0.323520 66.41496156278 0.14313997910 
0.324027 66.69409257045 0.14345812266 
0.324533 66.58066910773 0.13904612420 
0.325040 66.47357617891 0.13902339591 
0.325546 66.27852619906 0.14278993828 
0.326053 66.53322928278 0.13884624414 
0.326559 66.35699727331 0.13912991532 
0.327066 66.42308230894 0.13839318006 
0.327572 66.33141443001 0.13860781624 
0.328079 66.26453044789 0.13930018095 
0.328585 66.29001020209 0.13884257537 
0.329092 66.41770885131 0.13700179453 
0.329598 66.22224924391 0.13665328478 
0.330105 66.10580808754 0.14002356734 
0.330611 66.19753995744 0.13905393900 
0.331118 66.28161241041 0.13868166167 
0.331624 65.95383289864 0.14049129629 
0.332131 65.94467464987 0.13704256235 
0.332637 65.95359147242 0.13830078019 
0.333144 65.97971297034 0.14104069579 
0.333650 65.76014548738 0.13717241114 
0.334157 65.83349462357 0.14078523422 
0.334663 65.94757150781 0.14254940589 
0.335170 65.84638663961 0.14071684010 
0.335676 65.95521484239 0.13702805277 
0.336183 66.00524104185 0.13921205535 
0.336689 65.61713206448 0.13843061137 
0.337196 65.65348801146 0.13979105376 
0.337702 65.55998682812 0.14046483417 
0.338209 65.66045443715 0.14032202414 
0.338715 65.47966162577 0.13740735349 
0.339222 65.50064825480 0.14103809171 
0.339728 65.38209547611 0.14073366745 
0.340235 65.46199916496 0.19541800875 
0.340741 65.10377476350 0.14050302564 
0.341248 65.35710213191 0.13762330300 
0.341754 65.33477034849 0.14013547009 
0.342261 65.38163541417 0.14074980637 
0.342767 65.29888701132 0.14074845531 
0.343274 65.42391391899 0.14026799980 
0.343780 65.39506680021 0.13843917848 
0.344287 65.35079984532 0.13798482475 
0.344793 65.08597379147 0.13896933600 
0.345300 65.24667701027 0.14148157593 
0.345806 64.92979231544 0.14626344889 
0.346313 65.17246392938 0.14498615973 
0.346819 65.01586372213 0.14290650090 
0.347325 65.26793134560 0.14677689186 
0.347832 65.06040643154 0.14504044318 
0.348338 65.08348014669 0.14414583751 
0.348845 65.20861845132 0.14771182269 
0.349351 64.94892724049 0.15120856725 
0.349858 64.76853030980 0.14978920359 
0.350364 64.80249536539 0.14733050547 
0.350871 64.48786812120 0.14702593692 
0.351377 64.82412764585 0.14508429106 
0.351884 64.54238752047 0.14732500188 
0.352390 64.68878558554 0.14829394248 
0.352897 64.49514367127 0.14887717519 
0.353403 64.64024485179 0.14641453364 
0.353910 64.47780862412 0.15135942479 
0.354416 64.45393087763 0.15223343857 
0.354923 64.27661424586 0.15104420385 
0.355429 64.35560593100 0.15551927994 
0.355935 64.16913538838 0.15150928356 
0.356442 63.90688035747 0.14879019327 
0.356948 64.38217407955 0.15336339200 
0.357455 64.20230434474 0.15544659273 
0.357961 63.75134376641 0.15920946900 
0.358468 63.90040753788 0.15554299068 
0.358974 63.91252898541 0.22192367251 
0.359481 64.08586895448 0.20360233946 
0.359987 63.87624171923 0.20141854540 
0.360494 64.16896490536 0.19194697726 
0.361000 64.02743167919 0.18873136747 
0.361506 64.01735195943 0.18659142426 
0.362013 63.86590756496 0.18548036023 
0.362519 63.66154196678 0.18538166712 
0.363026 63.86266964522 0.18521082564 
0.363532 63.97966509429 0.18682236298 
0.364039 63.74954789683 0.18364547352 
0.364545 63.96043789232 0.18181505160 
0.365052 64.14009718148 0.18617820864 
0.365558 64.05098988308 0.18402049790 
0.366064 63.55739576084 0.18053141850 
0.366571 63.97749465270 0.18511635922 
0.367077 63.84260376800 0.18836637367 
0.367584 63.71357465925 0.18658485480 
0.368090 63.75775599642 0.18736381393 
0.368597 63.77920277862 0.18873712664 
0.369103 63.61836311670 0.19233458022 
0.369610 63.94215371641 0.19014524600 
0.370116 63.72082416711 0.19326911201 
0.370622 63.64904424943 0.19512227751 
0.371129 63.58130462648 0.19386764145 
0.371635 63.83738917269 0.19210135445 
0.372142 63.59806488637 0.19353023349 
0.372648 63.50012347187 0.19460277156 
0.373155 63.71471565991 0.19493392310 
0.373661 63.45273080461 0.19784013169 
0.374167 63.57412441011 0.19313981226 
0.374674 63.61483545821 0.19924422162 
0.375180 63.51811969951 0.19766900992 
0.375687 63.58682385822 0.20268407921 
0.376193 63.77960486438 0.20681915677 
0.376700 63.18356145451 0.20104602028 
0.377206 63.35462643785 0.19856832768 
0.377712 63.54141606923 0.20298206474 
0.378219 63.33187457244 0.20587798640 
0.378725 63.52108840305 0.20462882626 
0.379232 63.59251613115 0.21135478279 
0.379738 63.33705721454 0.20299359008 
0.380245 63.33225349454 0.20634780492 
0.380751 63.58736744740 0.20373096868 
0.381257 63.24131222944 0.20933829749 
0.381764 63.30711810231 0.21007181549 
0.382270 63.40135914989 0.20709744028 
0.382777 63.47477466949 0.21057035160 
0.383283 63.23588516082 0.20556247066 
0.383789 63.19968797544 0.20877600105 
0.384296 63.43564710385 0.20969405003 
0.384802 63.31902659429 0.21204218422 
0.385309 63.34963632556 0.21711475182 
0.385815 63.38358547723 0.20878525212 
0.386321 63.38834876534 0.21533094295 
0.386828 63.35903567095 0.21571775851 
0.387334 63.64557328638 0.20863650554 
0.387841 62.89747491744 0.21648654125 
0.388347 63.17365171063 0.21061529834 
0.388853 63.20210686259 0.22164289047 
0.389360 63.13630327739 0.21690537814 
0.389866 62.92650272571 0.21486188168 
0.390373 62.81372782076 0.21317040783 
0.390879 62.96208759362 0.21210275591 
0.391385 62.84951519549 0.21934101213 
0.391892 62.53959502546 0.21976159383 
0.392398 62.98525920746 0.22689000526 
0.392905 62.55459209809 0.21647489401 
0.393411 62.78044608244 0.22275356449 
0.393917 63.54076976233 0.22486886426 
0.394424 62.97734404286 0.22792090152 
0.394930 62.82845203572 0.22979050848 
0.395437 62.54450516151 0.22958301060 
0.395943 62.44507501694 0.22636223704 
0.396449 62.91824704656 0.38732871697 
0.396956 62.63908189981 0.23214245077 
0.397462 63.28799928152 0.23553878846 
0.397969 62.92870720760 0.23154330746 
0.398475 62.70675693334 0.22941236489 
0.398981 62.96131570094 0.23317712375 
0.399488 62.68486708126 0.23100150131 
0.399994 62.79074585122 0.24218055277 
0.400500 62.71092574335 0.24141447001 
0.401007 62.65115629250 0.23581334651 
0.401513 62.64737907775 0.24057700524 
0.402020 62.80114971321 0.25007622882 
0.402526 62.47811738136 0.25334865401 
0.403032 62.98954453424 0.24569893756 
0.403539 62.56187341074 0.25533901432 
0.404045 62.36007131265 0.24579014557 
0.404551 62.96317331767 0.26536919795 
0.405058 62.31333726406 0.26473266231 
0.405564 62.49192943637 0.25705100509 
0.406071 62.53211565909 0.25812350770 
0.406577 62.67679766910 0.25777486421 
0.407083 61.66265953793 0.25681722976 
0.407590 62.32498222446 0.26790946428 
0.408096 62.32773175901 0.27264218984 
0.408602 62.29166169282 0.27083411422 
0.409109 62.48438134674 0.26622190346 
0.409615 62.34948376281 0.27129485219 
0.410121 62.08183903974 0.26635998363 
0.410628 62.13490028348 0.26527247030 
0.411134 62.18314234061 0.26256515740 
0.411641 61.91882180792 0.27469344883 
0.412147 62.04977195950 0.26341191235 
0.412653 62.43637466669 0.27595169652 
0.413160 62.02084715555 0.26786722241 
0.413666 62.32701309521 0.27244863954 
0.414172 62.01942513154 0.27810400442 
0.414679 62.04111982199 0.27275307468 
0.415185 62.00321021400 0.28227404437 
0.415691 62.19118805091 0.26824831446 
0.416198 62.00332257564 0.27960832074 
0.416704 62.23748154349 0.29069252745 
0.417210 62.02118904295 0.28551008402 
0.417717 62.00317572387 0.29212333902 
0.418223 61.85405159810 0.28235301220 
0.418729 62.05399360115 0.28479182556 
0.419236 61.70901535133 0.28635768273 
0.419742 61.91325777776 0.27230883464 
0.420248 62.16837315927 0.27467840315 
0.420755 62.09683927839 0.28220881528 
0.421261 61.91349059236 0.28828822950 
0.421767 61.89861155036 0.28299560543 
0.422274 61.72888203071 0.28210685162 
0.422780 62.23377443755 0.27646320043 
0.423286 61.91083414911 0.28820742434 
0.423793 62.10947703009 0.28533799539 
0.424299 61.91521304263 0.29229091912 
0.424805 61.91532028415 0.29034406354 
0.425312 61.78671046062 0.29512861167 
0.425818 61.36401353606 0.28550480817 
0.426324 62.27137130657 0.29946043070 
0.426831 61.73345601633 0.29058635872 
0.427337 61.95499663077 0.29850008058 
0.427843 62.06394324766 0.30594911648 
0.428350 61.29381397666 0.31315771693 
0.428856 61.51999112886 0.31116508913 
0.429362 61.89059986942 0.30457498813 
0.429869 61.66563330216 0.30604793670 
0.430375 61.46616434249 0.30975941522 
0.430881 61.58952676618 0.31811887485 
0.431388 61.69142382094 0.31820740810 
0.431894 61.63723490042 0.32353622947 
0.432400 61.61472457530 0.33082425485 
0.432907 61.59026610636 0.30567607391 
0.433413 61.85622124329 0.32197927352 
0.433919 61.65175111518 0.33556711710 
0.434425 61.57070185520 0.32783449482 
0.434932 61.77678190713 0.33769829048 
0.435438 61.82668269465 0.35557095665 
0.435944 61.43470445031 0.33693088263 
0.436451 61.47112285893 0.33667481017 
0.436957 61.69054431152 0.35719807950 
0.437463 61.28172312308 0.35551743563 
0.437970 61.79495642871 0.34077927131 
0.438476 61.25385721444 0.35194020817 
0.438982 61.50431100035 0.35827808600 
0.439489 61.95445206822 0.38308042217 
0.439995 61.72861851587 0.38443664849 
0.440501 61.16520953568 0.39221914296 
0.441007 61.91247833645 0.39676156157 
0.441514 62.00019554505 0.38316542355 
0.442020 61.53753394282 0.38665117809 
0.442526 61.73838817102 0.40753295502 
0.443033 60.66530563396 0.39452575689 
0.443539 60.99129987671 0.40111708127 
0.444045 61.78966040052 0.41699246315 
0.444551 60.91957519736 0.40452048755 
0.445058 61.60357585472 0.41707050527 
0.445564 61.34678715483 0.42728549902 
0.446070 60.94275157103 0.43114997986 
0.446577 60.74225955977 0.42928983789 
0.447083 60.65781879208 0.46596602164 
0.447589 60.81821841413 0.45811711682 
0.448095 60.07011876124 0.44538376815 
0.448602 61.42557284064 0.47816186549 
0.449108 60.58025833291 0.49154127158 
0.449614 60.38289955518 0.47255473304 
0.450121 60.25800443701 0.50677046658 
0.450627 60.74742126003 0.52481867875 
0.451133 60.43927756347 0.51189064896 
0.451639 60.37091325926 0.52266444555 
0.452146 61.59752095230 0.54213148298 
0.452652 60.75958308945 0.53823447515 
0.453158 61.03058279765 0.55186550092 
0.453664 60.21803164449 0.57048958906 
0.454171 60.15460241541 0.55998712092 
0.454677 59.77287619597 0.59878855975 
0.455183 60.93333351134 0.61876863887 
0.455689 61.14400389803 0.66749495543 
0.456196 60.00980859494 0.64595419591 
0.456702 60.52228623858 0.63985001217 
0.457208 61.38323969872 0.70021916165 
0.457714 60.42624697880 0.72059039733 
0.458221 59.75186961501 0.73591343877 
0.458727 60.16806807389 0.76074719745 
0.459233 61.11733216395 0.86279370256 
0.459740 60.54848716466 0.86579389701 
0.460246 61.42394269406 0.89429106289 
0.460752 61.32441862451 1.01926097793 
0.461258 59.29604975166 0.98980532518 
0.461765 60.98848152058 1.09504644113 
0.462271 60.84168059022 1.10487986127 
0.462777 59.83988962924 1.20019429348 
0.463283 59.80244348974 1.27004845456 
0.463789 60.19479695724 1.30247366600 
0.464296 61.68543153607 1.42167671403 
0.464802 60.20791114781 1.31884932061 
0.465308 60.37311991239 1.49415164185 
0.465814 60.00103441855 1.63864505581 
0.466321 59.22097318871 1.63950617105 
0.466827 61.51574446837 1.82267446557 
0.467333 59.08101020197 1.97552305515 
0.467839 61.24912938421 2.06114025340 
0.468346 57.51525867395 2.26768331034 
0.468852 59.81097002437 2.61947040664 
0.469358 58.04398171451 2.81811122996 
0.469864 59.48685041610 3.02680517607 
0.470371 57.64240227014 3.64292333025 
0.470877 56.78496481123 4.38843291504 
0.471383 59.80092574262 5.71443088169 
0.471889 58.55876708384 7.55943702465 
0.472395 52.59206352003 5.48959734038 
0.472902 49.79557294495 11.75691557771 
