0.010896 1337.59914039119 14.07241849799 
0.011402 1204.17929106277 13.80144986685 
0.011909 1086.64164846673 10.79587227131 
0.012416 986.87830881395 7.91647393545 
0.012923 888.52083559236 7.30686657818 
0.013430 821.50128775050 10.97107580234 
0.013936 783.48120720019 9.26093955599 
0.014443 735.75678719926 7.69975264074 
0.014950 679.16895621388 6.08662416265 
0.015457 625.32713513817 5.28831322601 
0.015963 578.01155672443 4.79993090058 
0.016470 542.84534693345 3.95067809212 
0.016977 503.96397989765 3.73591715884 
0.017484 475.93190373735 3.14579696540 
0.017990 451.40205908034 3.08948253516 
0.018497 418.82857190425 2.51615056846 
0.019004 399.04725100239 2.40461495642 
0.019511 376.72438487240 2.30499337458 
0.020018 361.85162049404 2.29464604392 
0.020524 346.24969715722 1.85136366652 
0.021031 327.63519237980 1.96629080074 
0.021538 314.44533054620 1.78816390934 
0.022045 301.82718142556 1.67489699803 
0.022551 290.08722494754 1.63424396059 
0.023058 278.04992791560 1.45475397521 
0.023565 268.92239397859 1.46959196121 
0.024072 260.17376819834 1.73140880099 
0.024579 250.52022499042 1.65535012770 
0.025085 244.12510280124 2.11073282816 
0.025592 235.92931618174 2.13522077622 
0.026099 230.16890136700 2.24656388928 
0.026606 221.82634889587 1.69574322953 
0.027112 218.70421601257 1.78736356461 
0.027619 211.05504666658 1.51544627770 
0.028126 206.50684233197 1.51337088152 
0.028633 201.97686365303 1.29235881768 
0.029139 198.51118430935 1.23721221183 
0.029646 194.04524179110 1.14798103165 
0.030153 189.10405313903 1.13532754402 
0.030660 186.47272088587 0.99309120377 
0.031167 183.05336758815 0.91542363892 
0.031673 179.61639192616 0.91752044948 
0.032180 176.46614348121 0.87765904033 
0.032687 173.79375603818 0.86890515479 
0.033194 170.37140273940 0.81334588706 
0.033700 168.01454239009 0.78279193015 
0.034207 164.85584550799 0.71954257910 
0.034714 160.98840045077 0.75427671472 
0.035221 160.37704017390 0.70100388187 
0.035727 157.34830201670 0.67525166300 
0.036234 156.16801675144 0.65294496183 
0.036741 153.12286849012 0.62834131463 
0.037248 152.13234235312 0.65929634658 
0.037755 151.39781660582 0.62142709566 
0.038261 149.33245199118 0.60227254004 
0.038768 148.40166696789 0.60261812954 
0.039275 145.43719635528 0.59337864523 
0.039782 144.65211020248 0.57727044845 
0.040288 142.90530309178 0.56682061275 
0.040795 141.43666351605 0.54284509009 
0.041302 140.97111695153 0.57768637233 
0.041809 139.34506627635 0.52377670526 
0.042315 138.21549879703 0.57523329426 
0.042822 136.17145736516 0.52985277121 
0.043329 135.21196712072 0.52138441161 
0.043836 134.77987395499 0.52958021276 
0.044343 132.67908681124 0.51822807867 
0.044849 132.40025146392 0.52729572534 
0.045356 131.06572644545 0.49660505903 
0.045863 130.01305043317 0.52785251690 
0.046370 129.96639347985 0.51761771450 
0.046876 127.32797046221 0.49570927313 
0.047383 127.21735814105 0.48779544383 
0.047890 126.26276852327 0.47334336416 
0.048397 125.54249500783 0.49657348740 
0.048903 124.95154432796 0.49511916654 
0.049410 123.85142911257 0.46836397071 
0.049917 123.02779265096 0.47297984958 
0.050424 122.44551987867 0.46267274240 
0.050931 121.81843894650 0.44880912544 
0.051437 120.81040872227 0.46839878811 
0.051944 120.00342485360 0.43822993945 
0.052451 119.39040666203 0.45167946430 
0.052958 118.47117426981 0.42210974548 
0.053464 117.81207897671 0.45134814543 
0.053971 117.35162177890 0.45157513411 
0.054478 117.01850760142 0.44909783637 
0.054985 116.40018054912 0.43915090262 
0.055491 114.94347157909 0.42979219302 
0.055998 115.16102654225 0.43435528787 
0.056505 113.62777532170 0.41904699098 
0.057012 113.02394232878 0.42939415538 
0.057519 113.00253942121 0.42493530019 
0.058025 112.39127902486 0.40641980839 
0.058532 112.02267377738 0.42382448539 
0.059039 111.18171582868 0.40197415858 
0.059546 110.98783614611 0.42422167742 
0.060052 110.50949530848 0.42605585052 
0.060559 109.64169606494 0.39395266022 
0.061066 109.11250654549 0.39970623429 
0.061573 109.19462162405 0.39264041978 
0.062079 108.41196045911 0.39323491257 
0.062586 108.68327438620 0.38231749208 
0.063093 108.27349612157 0.39135579970 
0.063600 107.48796973291 0.37716181643 
0.064106 107.18867647730 0.39050370389 
0.064613 106.53217707727 0.38286937052 
0.065120 107.22216384249 0.38381519031 
0.065627 105.63993721277 0.38970577415 
0.066134 104.94534003560 0.36992773758 
0.066640 105.01057850303 0.36639305283 
0.067147 104.21459692726 0.37584293348 
0.067654 103.45147442362 0.35565801734 
0.068161 103.45161940601 0.36826855872 
0.068667 103.29229412280 0.35605518585 
0.069174 102.91726267763 0.37240951091 
0.069681 102.73158515950 0.35695213231 
0.070188 103.09833646800 0.35210719057 
0.070694 102.54888187752 0.36218196541 
0.071201 101.63088454567 0.36308196604 
0.071708 101.73677879481 0.36930320584 
0.072215 100.69827369373 0.36108677472 
0.072721 101.28085572414 0.34818497732 
0.073228 100.74615793210 0.34888087748 
0.073735 100.41412468996 0.33982269826 
0.074242 100.10005504305 0.33864129151 
0.074748 99.95086212233 0.33937832083 
0.075255 99.31526171780 0.33990183786 
0.075762 99.30333014061 0.33907696360 
0.076269 99.11169674277 0.34459967653 
0.076776 98.67760437069 0.33212875585 
0.077282 98.93930073512 0.33054760592 
0.077789 98.43072315970 0.32670642329 
0.078296 98.19815483023 0.32467391368 
0.078803 96.97880024369 0.32164030876 
0.079309 98.39866151255 0.33331966112 
0.079816 97.19028056888 0.34670779522 
0.080323 97.89792792116 0.32330431247 
0.080830 97.35484621113 0.32110360723 
0.081336 97.69854720696 0.33943265163 
0.081843 97.04329461885 0.32054711723 
0.082350 97.24043682006 0.32419316233 
0.082857 96.54903340623 0.32250777618 
0.083363 96.82876228627 0.33209553950 
0.083870 96.93134084747 0.34215248821 
0.084377 96.05293317254 0.33635040936 
0.084884 95.93563584232 0.32798788393 
0.085390 96.04913436823 0.32682133920 
0.085897 95.53170106415 0.32388547629 
0.086404 95.82119022733 0.33096258031 
0.086911 95.00698644987 0.33248634664 
0.087417 95.12919163206 0.33558196660 
0.087924 94.92279163512 0.33710356615 
0.088431 95.16646482888 0.33029148041 
0.088938 94.48351862104 0.34289132970 
0.089444 94.51078398921 0.32448699901 
0.089951 94.01470965397 0.32261230085 
0.090458 94.37321591508 0.33079971526 
0.090965 94.17947086320 0.33609071036 
0.091471 93.82027048029 0.33878778575 
0.091978 93.41079279654 0.32094767878 
0.092485 92.75587920722 0.35219600901 
0.092992 93.43334926601 0.34322134781 
0.093498 92.75337172276 0.32782930931 
0.094005 93.03812853590 0.33063050472 
0.094512 92.55779497151 0.32462670798 
0.095019 92.68792040878 0.32541373665 
0.095525 93.08803934971 0.32986103347 
0.096032 92.44759491737 0.33344197617 
0.096539 92.16535470258 0.32500605922 
0.097046 92.39742009815 0.32308570086 
0.097552 91.91866429880 0.32978058441 
0.098059 92.31034751112 0.32497693210 
0.098566 91.46957282179 0.33415120714 
0.099073 91.63013409060 0.33159008010 
0.099579 91.76023136471 0.32452126902 
0.100086 91.92096354737 0.31848442162 
0.100593 91.28094669589 0.31558340671 
0.101100 91.07733365978 0.32314460015 
0.101606 90.47723758330 0.31177998795 
0.102113 90.70745418187 0.31144234753 
0.102620 89.70629432641 0.30646567916 
0.103127 89.38735064520 0.28995412447 
0.103633 89.17037409485 0.28509074283 
0.104140 89.16226389637 0.30509855848 
0.104647 88.29509338699 0.29271659769 
0.105154 88.78479108145 0.30015514528 
0.105660 89.06360830706 0.30722572577 
0.106167 88.68480487764 0.30174490720 
0.106674 88.22781374030 0.30263001902 
0.107181 88.44104155645 0.29945573461 
0.107687 87.86261478553 0.29440341245 
0.108194 87.49821185290 0.29493797897 
0.108701 87.96261202453 0.29243417926 
0.109208 88.13145493481 0.29817133020 
0.109714 87.73624817431 0.28374468626 
0.110221 87.89552468548 0.28713253418 
0.110728 87.75151711407 0.29376439286 
0.111235 87.25997026033 0.28525992250 
0.111741 87.52332580552 0.28820539589 
0.112248 87.36910633700 0.28842146393 
0.112755 86.88063848678 0.28541036779 
0.113262 86.85150020355 0.27698915792 
0.113768 86.91990206342 0.28189288031 
0.114275 86.95956347088 0.27400232493 
0.114782 86.47835364276 0.27384886600 
0.115289 87.06935452535 0.28038696192 
0.115795 86.51606289473 0.27532702909 
0.116302 86.46634319338 0.27850751235 
0.116809 86.24667095268 0.28016531191 
0.117316 86.25871987010 0.26252200372 
0.117822 86.17623395999 0.27850498657 
0.118329 86.22400788092 0.26723249374 
0.118836 85.76105149873 0.27536670910 
0.119342 85.81727710853 0.26641259928 
0.119849 85.98317310975 0.26508166926 
0.120356 85.51215028601 0.26421829944 
0.120863 86.21317685428 0.26978324289 
0.121369 85.54432477386 0.26137946904 
0.121876 85.91264640868 0.26810814382 
0.122383 85.36019358628 0.26953949278 
0.122890 85.40898907113 0.25926393459 
0.123396 85.17234330656 0.25949478945 
0.123903 85.46633902950 0.25499072349 
0.124410 85.35369443255 0.26170792940 
0.124917 84.99726759720 0.26702243836 
0.125423 85.07048808048 0.26105726212 
0.125930 84.47763236300 0.25940995989 
0.126437 84.67374406456 0.25793214794 
0.126944 85.11381971615 0.25432841970 
0.127450 84.72765874447 0.25325835564 
0.127957 84.37245868728 0.25498824024 
0.128464 84.82722741933 0.25306311936 
0.128970 84.87356325209 0.24624989356 
0.129477 84.42369063276 0.25318541750 
0.129984 84.16883042994 0.25263175996 
0.130491 84.30734894772 0.25403445263 
0.130997 84.41129645332 0.24644503127 
0.131504 84.59851490642 0.25006413681 
0.132011 84.14101630381 0.25185901757 
0.132518 83.76462440826 0.24653111584 
0.133024 83.98287280669 0.25436025710 
0.133531 83.39908511818 0.24604105895 
0.134038 83.82983079175 0.25212571406 
0.134545 83.37982424411 0.25047706251 
0.135051 83.59036040693 0.25181514011 
0.135558 83.62523080700 0.25304211665 
0.136065 83.79491515217 0.24521284343 
0.136571 83.68952902780 0.24816482888 
0.137078 83.60133880499 0.24035985772 
0.137585 83.36935103229 0.24262100696 
0.138092 82.69775125194 0.23985954360 
0.138598 83.16885634200 0.24291548285 
0.139105 83.39948447883 0.24311588595 
0.139612 83.11422960815 0.24365821897 
0.140119 82.80248116837 0.24056203286 
0.140625 83.36279204146 0.24384738377 
0.141132 82.94018931097 0.24205654861 
0.141639 82.50340856698 0.23792905191 
0.142145 82.79941287653 0.24170405259 
0.142652 82.62671235026 0.23654346261 
0.143159 82.51410037134 0.24630066505 
0.143666 82.50219401358 0.24537607288 
0.144172 82.58689213046 0.24411298516 
0.144679 82.47739379674 0.23955640823 
0.145186 81.88893459858 0.24189815652 
0.145692 81.91280172982 0.24669903320 
0.146199 82.21576117514 0.23584872210 
0.146706 81.81534993909 0.24092694452 
0.147213 81.83783878612 0.24389576493 
0.147719 81.72472854943 0.23735092118 
0.148226 81.82050204765 0.24124749449 
0.148733 81.75484935400 0.23955230553 
0.149240 81.34587746322 0.23972446826 
0.149746 81.57989720557 0.24114692953 
0.150253 81.06637571680 0.23850828038 
0.150760 81.51524004786 0.23802864953 
0.151266 81.34936867405 0.24701832766 
0.151773 80.79771036398 0.23901525735 
0.152280 81.18942295906 0.24143169077 
0.152787 81.10921294256 0.24324854758 
0.153293 80.84961792515 0.24099632181 
0.153800 80.65316357206 0.23970150891 
0.154307 81.03508290656 0.23920512095 
0.154813 80.52933313603 0.23774601883 
0.155320 80.57758095592 0.23862054321 
0.155827 80.63178627431 0.23437972002 
0.156334 80.46974904768 0.23623339610 
0.156840 80.28089383026 0.23735337897 
0.157347 80.38426774915 0.23418948940 
0.157854 80.65291406064 0.23676499142 
0.158360 80.38089554693 0.23830511358 
0.158867 80.06527471310 0.23689688637 
0.159374 80.22384715674 0.23748794690 
0.159881 79.71681646589 0.23605989019 
0.160387 79.77553568964 0.23687534911 
0.160894 79.80158139315 0.23877457125 
0.161401 79.54083838913 0.22969681654 
0.161907 79.58956456931 0.23380247478 
0.162414 79.45027329782 0.23755431022 
0.162921 79.80136083705 0.23909813835 
0.163427 79.55790222552 0.23790031595 
0.163934 79.65834613243 0.24262902260 
0.164441 79.35240223384 0.22998361013 
0.164948 79.26291403192 0.22651521442 
0.165454 79.52694660352 0.23063748419 
0.165961 79.18361626121 0.23419334714 
0.166468 79.20491445483 0.22627339539 
0.166974 79.13157912561 0.23368791957 
0.167481 78.92108031629 0.22681908480 
0.167988 79.04625668851 0.23427716551 
0.168495 79.12684364222 0.23587002459 
0.169001 79.31421075048 0.23790605704 
0.169508 79.45726657599 0.23242515968 
0.170015 79.08684202960 0.23255966557 
0.170521 79.28100605285 0.23537362749 
0.171028 79.06034255455 0.23631605318 
0.171535 78.81889536435 0.23830403654 
0.172041 78.66789182844 0.23921539778 
0.172548 78.86715604046 0.23834011705 
0.173055 79.24938658089 0.23622594605 
0.173562 79.22247559517 0.24025547879 
0.174068 79.28280114609 0.23561492464 
0.174575 78.89557137542 0.23139040957 
0.175082 78.77946697141 0.23939927142 
0.175588 78.71533178928 0.23920025548 
0.176095 78.83803036286 0.23587713108 
0.176602 79.03006440299 0.23800687661 
0.177108 78.55631439365 0.23931333182 
0.177615 78.75823404091 0.23190320558 
0.178122 78.36179961537 0.24341790606 
0.178629 78.92589702693 0.23955118292 
0.179135 78.76222812028 0.23178461634 
0.179642 78.50799585499 0.23413563366 
0.180149 78.85628563039 0.24007042852 
0.180655 78.44979334264 0.23360982147 
0.181162 78.57918958158 0.23178527523 
0.181669 78.64843022970 0.23776476835 
0.182175 78.80219845134 0.24735778547 
0.182682 78.73679859469 0.24563386872 
0.183189 78.94958515804 0.24250758510 
0.183695 78.42733479729 0.24284422742 
0.184202 78.14862239974 0.24283093108 
0.184709 78.39167006465 0.24424907169 
0.185216 78.18681399039 0.24559140207 
0.185722 78.29650168200 0.24079415082 
0.186229 77.74611540390 0.23936106598 
0.186736 77.91076381491 0.24540179563 
0.187242 77.85867515874 0.24410639212 
0.187749 77.79481443551 0.24322891409 
0.188256 77.68393966819 0.25212825044 
0.188762 77.91290605793 0.24296302516 
0.189269 77.49395161350 0.24193158081 
0.189776 77.60303124709 0.23914549317 
0.190282 77.48333696634 0.25037208446 
0.190789 77.74656458151 0.23963368469 
0.191296 77.61437465263 0.24143659216 
0.191802 77.58322937802 0.24725600040 
0.192309 76.98496597468 0.23753219642 
0.192816 77.04537527855 0.24268487106 
0.193323 76.82546817023 0.23560520314 
0.193829 76.58434560266 0.23658533936 
0.194336 76.39627106753 0.23936088413 
0.194843 76.29702338403 0.23425087211 
0.195349 76.87369376635 0.23110504287 
0.195856 76.41003286029 0.23674884853 
0.196363 76.11046014720 0.22987467431 
0.196869 76.15806630513 0.23036648311 
0.197376 76.23295488374 0.23239847115 
0.197883 75.99070721981 0.22850335107 
0.198389 76.07211031211 0.22401682834 
0.198896 76.15793976778 0.22769107197 
0.199403 75.95464461516 0.21845260869 
0.199909 76.16117243000 0.22467145681 
0.200416 75.55558512697 0.22391421369 
0.200923 75.83190956068 0.22576606558 
0.201429 75.65885856455 0.21913436510 
0.201936 75.56290892277 0.21576756199 
0.202443 75.63367589442 0.22123843891 
0.202949 75.69602744191 0.22433807224 
0.203456 75.75663809587 0.22198240768 
0.203963 75.38401779759 0.22274078612 
0.204469 75.36399520548 0.22019503340 
0.204976 75.66535264233 0.22120826485 
0.205483 75.45295784758 0.22157394878 
0.205989 75.15805985240 0.21775970632 
0.206496 75.06236166266 0.21346788789 
0.207003 75.38578259501 0.21496808900 
0.207509 75.40768781682 0.21415701439 
0.208016 75.44678987639 0.21238762460 
0.208523 75.08387169858 0.21401396893 
0.209029 75.17709709389 0.21217679159 
0.209536 75.29599735565 0.21343572129 
0.210043 75.12936324891 0.20845024704 
0.210549 75.03481276421 0.21273880914 
0.211056 75.18967064061 0.21206434336 
0.211563 75.23416052851 0.21003588567 
0.212069 74.60746163323 0.21389943645 
0.212576 74.88961379250 0.20710213580 
0.213083 74.74889644748 0.20817078307 
0.213589 74.74992675259 0.20802789957 
0.214096 74.72112692977 0.20758494274 
0.214603 74.62103361334 0.21208243072 
0.215109 74.74249927052 0.21134795142 
0.215616 74.52352201548 0.20385842908 
0.216123 74.21336614667 0.20922833958 
0.216629 74.81198401507 0.20421331035 
0.217136 74.11795082191 0.20691876014 
0.217643 74.09878391050 0.20914702248 
0.218149 74.09479378486 0.20695966890 
0.218656 74.06975763781 0.20698202860 
0.219163 74.21733137460 0.20411020418 
0.219669 73.81070239137 0.21062018655 
0.220176 74.07453220748 0.20310927091 
0.220683 73.78747236606 0.20695209865 
0.221189 74.01057933957 0.20744774872 
0.221696 73.86190134840 0.20289094906 
0.222203 73.65721961865 0.20311840523 
0.222709 73.69982436815 0.20610318800 
0.223216 74.01299595949 0.20242378119 
0.223722 73.86580266742 0.20433570280 
0.224229 73.74168963689 0.20537457147 
0.224736 73.53485073648 0.20143476042 
0.225242 73.77663963837 0.20637375260 
0.225749 73.78400639119 0.20597288692 
0.226256 73.54664615101 0.20627970789 
0.226762 73.45182276163 0.20069439833 
0.227269 73.73053339341 0.19857628810 
0.227776 73.60286089742 0.20372456716 
0.228282 73.48904143333 0.20142794901 
0.228789 73.42940191230 0.20469300718 
0.229296 73.12742842983 0.20079665655 
0.229802 73.16712097365 0.20234855943 
0.230309 73.25272061052 0.19966196160 
0.230816 73.28571978865 0.20169526703 
0.231322 72.98159213387 0.20492666199 
0.231829 72.97632992947 0.20111994448 
0.232335 72.79374098582 0.19787475523 
0.232842 73.00928736840 0.20297043392 
0.233349 73.00370571758 0.19858450009 
0.233855 72.83642090011 0.20014237450 
0.234362 72.83735232930 0.20217855006 
0.234869 72.88700810060 0.19958232877 
0.235375 72.45312794142 0.19750127224 
0.235882 72.59920951119 0.19890142619 
0.236389 72.22763898240 0.20239855613 
0.236895 72.46997124625 0.19501981244 
0.237402 72.16514270692 0.20149838993 
0.237908 72.31192879892 0.19933093183 
0.238415 72.17760707593 0.20130181745 
0.238922 72.05605379614 0.20420579665 
0.239428 72.39390922545 0.20446641068 
0.239935 72.22283141772 0.19829648925 
0.240442 72.04573437999 0.19678811174 
0.240948 71.84007897472 0.20036635450 
0.241455 72.18796463904 0.19547210060 
0.241962 71.92843232548 0.19484606714 
0.242468 71.94377940939 0.19946138752 
0.242975 72.03514225260 0.19768958411 
0.243481 71.92758918797 0.19769527493 
0.243988 71.96360714454 0.19743865737 
0.244495 71.85945466618 0.19715707244 
0.245001 71.69622694461 0.19744031673 
0.245508 71.78250601127 0.19590651656 
0.246015 71.87246338646 0.19912640897 
0.246521 71.62909813928 0.20063443456 
0.247028 71.50252497210 0.19849997771 
0.247534 71.78291090027 0.19680637097 
0.248041 71.59615236436 0.19477188984 
0.248548 71.48527599435 0.19327859938 
0.249054 71.90467260195 0.19449330411 
0.249561 71.28666027027 0.19668941295 
0.250068 71.50117833830 0.20027576546 
0.250574 71.33576097034 0.19838097654 
0.251081 71.05848220482 0.19559143100 
0.251587 71.22936686339 0.19824047495 
0.252094 71.25326166693 0.19531768290 
0.252601 70.80153314800 0.19610488880 
0.253107 71.29767364580 0.19961960735 
0.253614 71.30640468039 0.19660382499 
0.254120 71.24696731947 0.19665991106 
0.254627 71.06886673089 0.19821969704 
0.255134 70.95700757078 0.19756044684 
0.255640 71.26597326724 0.19547724073 
0.256147 70.86240008018 0.19815975740 
0.256654 70.83748771504 0.19761116865 
0.257160 71.29290561888 0.19811124679 
0.257667 71.28940772983 0.19082580443 
0.258173 71.28237495384 0.19775649375 
0.258680 71.69351360521 0.19828194902 
0.259187 71.22535549384 0.19721125710 
0.259693 71.56018643822 0.19578499478 
0.260200 71.49336388795 0.19630244444 
0.260706 71.40202170115 0.19182591403 
0.261213 71.98911324693 0.19574183128 
0.261720 71.62698384006 0.19912937982 
0.262226 71.58122497932 0.19331881507 
0.262733 71.55161477812 0.19479871076 
0.263239 71.78039237962 0.19398206633 
0.263746 71.54740160886 0.19213371588 
0.264253 71.62639917024 0.19124889754 
0.264759 71.73840488041 0.18950880102 
0.265266 72.03221490515 0.19502597842 
0.265772 71.75738216787 0.19090737296 
0.266279 71.65843910048 0.19391255654 
0.266786 71.97792027456 0.19273059136 
0.267292 71.65988528644 0.19163633679 
0.267799 71.50986752643 0.19129997831 
0.268305 71.54652542414 0.18920178049 
0.268812 71.80309553512 0.19137474773 
0.269319 71.71521977851 0.18856996841 
0.269825 71.82564574831 0.18971462760 
0.270332 71.81291697689 0.19110544803 
0.270838 71.77215658812 0.19110557664 
0.271345 72.25617857739 0.19220879700 
0.271852 72.10886172488 0.18851509080 
0.272358 72.12476030148 0.19213653830 
0.272865 72.52847431363 0.18725847793 
0.273371 72.47623707240 0.19061083433 
0.273878 72.23512142806 0.19422623515 
0.274385 72.62459513475 0.19247668701 
0.274891 72.52722020128 0.18926321205 
0.275398 72.41433463843 0.19011436031 
0.275904 72.33240598366 0.18537788150 
0.276411 72.73003650978 0.18795122830 
0.276917 72.15169861520 0.18616636423 
0.277424 71.99511276294 0.18332068426 
0.277931 72.16251417930 0.18466333040 
0.278437 72.23660576231 0.18115041027 
0.278944 72.02895444956 0.18378494290 
0.279450 72.40558015695 0.18321663155 
0.279957 72.05104447896 0.18328898863 
0.280464 72.09250290703 0.18357136443 
0.280970 72.28262034876 0.18041644080 
0.281477 72.12333156034 0.17847499101 
0.281983 72.01858643594 0.18400802120 
0.282490 71.96401043825 0.18257423502 
0.282996 72.27030385712 0.18010126064 
0.283503 72.00196448731 0.18229092842 
0.284010 71.94480260558 0.17976083438 
0.284516 71.86828032957 0.17675956945 
0.285023 72.08981186190 0.17553322804 
0.285529 72.01998706185 0.17773931991 
0.286036 71.73801409444 0.17265153455 
0.286542 71.81113013858 0.17467734525 
0.287049 71.54467754364 0.17362401804 
0.287556 71.50635488910 0.17420117024 
0.288062 71.23583974129 0.17354047491 
0.288569 71.73594249639 0.16983496328 
0.289075 71.48403965970 0.17300481262 
0.289582 71.43313891327 0.17113157448 
0.290088 71.38594103223 0.16895285727 
0.290595 71.01332551408 0.16674860144 
0.291102 71.41037795541 0.16562223117 
0.291608 71.53103631506 0.17183174797 
0.292115 71.26621089998 0.17029637192 
0.292621 71.29670087392 0.16935144706 
0.293128 70.88679805904 0.16538531172 
0.293634 71.36010817984 0.17053602651 
0.294141 71.07537857317 0.16197745890 
0.294647 71.24947141475 0.16685490172 
0.295154 70.91762337544 0.16629356164 
0.295661 70.85135770003 0.16475584966 
0.296167 71.07462523661 0.16492056545 
0.296674 70.73722636234 0.16538708250 
0.297180 70.65805368875 0.16742940005 
0.297687 70.52298729273 0.16404557854 
0.298193 70.67652381604 0.16475305711 
0.298700 70.55553260755 0.16577960470 
0.299207 70.56595597124 0.16405439327 
0.299713 70.42947668336 0.16499808060 
0.300220 70.40499923898 0.16430576409 
0.300726 70.35259875768 0.16169675356 
0.301233 70.73145751125 0.16282890969 
0.301739 70.30136058539 0.16537962355 
0.302246 70.07391601248 0.16184128310 
0.302752 70.53925706220 0.16246922740 
0.303259 70.43506125792 0.16312148192 
0.303765 70.34070130328 0.16281057304 
0.304272 69.85348039429 0.16086538417 
0.304779 70.07531594459 0.16210050899 
0.305285 70.12772958719 0.16232108970 
0.305792 70.13533762377 0.15972055009 
0.306298 69.76772279069 0.16166611141 
0.306805 69.84190876535 0.16303206034 
0.307311 69.88183213969 0.15896445815 
0.307818 69.81095202473 0.15727262269 
0.308324 69.73622763667 0.15482356369 
0.308831 69.59123725794 0.15586999771 
0.309337 69.47497190919 0.15345645602 
0.309844 69.04630314243 0.15328240060 
0.310350 69.23137972365 0.15226546423 
0.310857 68.83237880810 0.15108781551 
0.311364 68.82336030896 0.14938298769 
0.311870 68.43085742275 0.14979324191 
0.312377 68.31355279774 0.14871215638 
0.312883 68.06293276554 0.14554660186 
0.313390 68.19090876429 0.14610102258 
0.313896 67.95129478251 0.14486225471 
0.314403 67.96355785676 0.14325678585 
0.314909 67.58419434238 0.14859274337 
0.315416 67.58406347195 0.14410753712 
0.315922 67.53740463800 0.14642113622 
0.316429 66.90669826034 0.14052422168 
0.316935 67.22117229669 0.14234752143 
0.317442 67.06959824645 0.13994704914 
0.317948 67.39279996746 0.14233587434 
0.318455 67.06274094276 0.14204704797 
0.318961 66.83873096361 0.14122270668 
0.319468 66.82698687089 0.14263593041 
0.319975 66.76556349731 0.14156918355 
0.320481 66.75676385969 0.14109856547 
0.320988 66.86412726538 0.14323993345 
0.321494 66.77512481957 0.13674975683 
0.322001 66.49407057990 0.15736655596 
0.322507 66.68037007725 0.14169406210 
0.323014 66.41745576813 0.14312651947 
0.323520 66.66871826058 0.14109437142 
0.324027 66.47674823389 0.14202805025 
0.324533 66.46709390064 0.14091936078 
0.325040 66.37042041699 0.13996882582 
0.325546 66.48663249147 0.14617188639 
0.326053 66.28935419598 0.14118288822 
0.326559 66.21619896902 0.13471833087 
0.327066 66.44716793757 0.13624820296 
0.327572 66.13961361538 0.13522910322 
0.328079 66.36941946790 0.13701705104 
0.328585 66.48880774724 0.13788038222 
0.329092 66.11043509635 0.13695770714 
0.329598 66.20714717185 0.14036567447 
0.330105 66.20378736996 0.13815731722 
0.330611 66.22532700312 0.13827759735 
0.331118 66.17604358162 0.13791288394 
0.331624 65.89831507576 0.13811693432 
0.332131 65.91054244048 0.13671286185 
0.332637 66.12888688561 0.13709706534 
0.333144 65.89913857165 0.14014684098 
0.333650 65.90369294892 0.13817468671 
0.334157 65.63875719194 0.13966484709 
0.334663 65.77960223074 0.13974427562 
0.335170 65.81967690985 0.13804102183 
0.335676 65.46202413378 0.13974215652 
0.336183 65.58654090549 0.14037971516 
0.336689 65.62633527505 0.14002528329 
0.337196 65.50474134991 0.13930122498 
0.337702 65.67897211180 0.13704466842 
0.338209 65.42919631324 0.14063103520 
0.338715 65.57281027945 0.13911753421 
0.339222 65.37862284378 0.13651224243 
0.339728 65.25002565665 0.13874746731 
0.340235 65.45536287598 0.21050876697 
0.340741 65.32674508931 0.14221783269 
0.341248 65.38624101749 0.13847484545 
0.341754 65.30492807970 0.14009452299 
0.342261 65.12852053376 0.13640200656 
0.342767 65.39937256611 0.14043858123 
0.343274 65.22394474528 0.13616842931 
0.343780 64.92715204028 0.13928475966 
0.344287 65.35520664703 0.13774502695 
0.344793 65.22320618288 0.14029269750 
0.345300 65.24305429787 0.14245333635 
0.345806 65.09288462839 0.14025931159 
0.346313 65.38553778349 0.14013958604 
0.346819 64.61360667528 0.13982482503 
0.347325 65.30843491731 0.14555287630 
0.347832 65.12061473152 0.14640779361 
0.348338 64.79889991694 0.14577311090 
0.348845 64.95111915314 0.14707414133 
0.349351 64.76645927951 0.14711446041 
0.349858 65.05800684502 0.14980515926 
0.350364 64.62747836147 0.14921311951 
0.350871 64.80432895146 0.14919493037 
0.351377 64.68781519414 0.14923953062 
0.351884 64.38873546095 0.14689193536 
0.352390 64.43374908771 0.14982657970 
0.352897 64.27406939406 0.14979468379 
0.353403 64.73174487230 0.14959131275 
0.353910 64.42479661445 0.15056546549 
0.354416 64.16298909076 0.15289649109 
0.354923 64.37162731111 0.15075268860 
0.355429 64.03629632977 0.15343971491 
0.355935 64.11734095621 0.15252045998 
0.356442 63.82037416038 0.15290213675 
0.356948 64.08710460209 0.15731838864 
0.357455 64.03217069361 0.15298838982 
0.357961 63.65163364163 0.15396825890 
0.358468 63.60297953494 0.15434220142 
0.358974 63.61188370825 0.22022293095 
0.359481 63.83766387972 0.20751751036 
0.359987 63.58747177795 0.20026375158 
0.360494 63.87919393582 0.18824470248 
0.361000 63.73207578623 0.18927782312 
0.361506 63.99259714471 0.18576987622 
0.362013 63.90719401478 0.18509858416 
0.362519 63.58350500536 0.18067433283 
0.363026 63.76449969013 0.18348915104 
0.363532 63.69263415337 0.18528202665 
0.364039 63.59722458874 0.18194302315 
0.364545 63.81588178480 0.18174392596 
0.365052 63.87490236101 0.18200527158 
0.365558 63.58075081113 0.17925072908 
0.366064 63.87333435344 0.18298398737 
0.366571 63.83189853906 0.18551726477 
0.367077 63.57336812020 0.18452067354 
0.367584 63.81562323467 0.18894379743 
0.368090 63.70294972073 0.18793333452 
0.368597 63.64055965873 0.19024300971 
0.369103 63.47317412528 0.18974262465 
0.369610 63.56211089709 0.18823500209 
0.370116 63.55938665391 0.19135539863 
0.370622 63.74890436457 0.18839312415 
0.371129 63.49199011883 0.19285881348 
0.371635 63.75566995420 0.19415603539 
0.372142 63.52754250141 0.19206895887 
0.372648 63.63821026931 0.19129442678 
0.373155 63.67265877161 0.19122843773 
0.373661 63.31408579619 0.19499639529 
0.374167 63.68601990048 0.19426453741 
0.374674 63.54054156626 0.20033698982 
0.375180 63.43718907870 0.19603606621 
0.375687 63.68904131428 0.20435428190 
0.376193 63.37582504062 0.19980431177 
0.376700 63.31753777083 0.20547964844 
0.377206 63.32919910805 0.19922903826 
0.377712 63.24396814756 0.20041736980 
0.378219 63.30317970303 0.20998011844 
0.378725 63.68334255508 0.20494611227 
0.379232 63.69360346085 0.20716881464 
0.379738 63.54407973057 0.20929030587 
0.380245 63.52388331959 0.20941012480 
0.380751 63.16023652065 0.20435047478 
0.381257 63.36403487312 0.20591257999 
0.381764 63.17845053948 0.20868238726 
0.382270 63.29773053094 0.20734458386 
0.382777 63.18935357047 0.20782284271 
0.383283 62.99718930443 0.20451745595 
0.383789 63.11202497320 0.20746527793 
0.384296 63.09688125788 0.21192282002 
0.384802 62.94814457497 0.21517575738 
0.385309 63.07064708896 0.21101404478 
0.385815 63.05491220840 0.20886130453 
0.386321 63.00305839602 0.20719820487 
0.386828 63.12654550418 0.21178825374 
0.387334 63.28259514047 0.21520669991 
0.387841 63.12541572304 0.21806306110 
0.388347 62.94099724518 0.21102995506 
0.388853 63.44809045440 0.21514363432 
0.389360 62.83090805770 0.21606390528 
0.389866 62.79410112551 0.21302621347 
0.390373 62.84488214279 0.21445843026 
0.390879 62.95385214060 0.22373159898 
0.391385 62.65624842603 0.21336942212 
0.391892 62.89474081292 0.21526646776 
0.392398 62.68972813054 0.23067083950 
0.392905 62.81187788071 0.21993152139 
0.393411 62.85951636646 0.22539932278 
0.393917 62.86809485695 0.22050117956 
0.394424 62.75404924977 0.22555524937 
0.394930 62.87510560748 0.22571997357 
0.395437 62.51763065407 0.22954297827 
0.395943 62.62362764564 0.22447894494 
0.396449 62.52441796794 0.38349613120 
0.396956 62.43655160090 0.22713021719 
0.397462 62.49984892228 0.23328799102 
0.397969 62.15604739450 0.23207631943 
0.398475 62.36768783278 0.23144115280 
0.398981 62.67068543425 0.23749137596 
0.399488 62.78816460441 0.23404373153 
0.399994 62.27275819242 0.23678478384 
0.400500 62.10981027529 0.23674224457 
0.401007 62.63329247532 0.23766116877 
0.401513 62.39257312435 0.24183399596 
0.402020 62.61268717643 0.24443446274 
0.402526 62.54852949427 0.24673032135 
0.403032 62.30280358817 0.25091739446 
0.403539 62.42115942784 0.25769349618 
0.404045 62.34114049951 0.24388938493 
0.404551 62.47269057033 0.26551467635 
0.405058 62.29963981755 0.26615658742 
0.405564 62.19525320935 0.26562543119 
0.406071 62.34166138493 0.26339067591 
0.406577 62.25344209830 0.25977541212 
0.407083 62.43521857194 0.25609335161 
0.407590 62.34969279089 0.26404002921 
0.408096 62.30565071307 0.27290214172 
0.408602 62.27999208438 0.27694003913 
0.409109 61.97688237742 0.26532370867 
0.409615 61.88327336828 0.26796581238 
0.410121 61.95993022136 0.26178611315 
0.410628 62.13973582798 0.26675947084 
0.411134 61.95057219814 0.27431834790 
0.411641 62.29094622791 0.26894359186 
0.412147 62.15032827264 0.27086058411 
0.412653 62.18375975165 0.27029393434 
0.413160 62.49496103548 0.26053807455 
0.413666 62.25754775851 0.26504513757 
0.414172 61.65174135320 0.27999620891 
0.414679 62.12067147024 0.27314857115 
0.415185 62.51459139350 0.28237514886 
0.415691 61.99481312356 0.26318191290 
0.416198 62.03926289421 0.27015270849 
0.416704 61.99725406990 0.27832514840 
0.417210 62.22483886799 0.29441773293 
0.417717 62.23754116304 0.29767431571 
0.418223 62.05887796931 0.28505586066 
0.418729 61.92821255228 0.28890232544 
0.419236 61.84595426676 0.28094042278 
0.419742 61.40017184408 0.26874671307 
0.420248 62.23440648759 0.27119166148 
0.420755 61.51645303168 0.27849377682 
0.421261 61.45141565512 0.27148730871 
0.421767 61.91317564310 0.28155142737 
0.422274 61.97783693114 0.28322194346 
0.422780 61.69963539505 0.28377492610 
0.423286 61.86330987537 0.27974326963 
0.423793 61.58903340023 0.26664638121 
0.424299 62.07723976182 0.29029423912 
0.424805 61.83517451648 0.28411968417 
0.425312 61.75896605615 0.29063822139 
0.425818 61.77406707209 0.28974826621 
0.426324 62.00352067341 0.29547308604 
0.426831 61.87239975885 0.29024495204 
0.427337 61.67702581210 0.29716538961 
0.427843 61.47187438803 0.29489038299 
0.428350 62.10465146944 0.30645768083 
0.428856 61.36126556372 0.30844153033 
0.429362 61.39790772225 0.29984543855 
0.429869 61.89661522627 0.31618816017 
0.430375 61.74958749860 0.31742547312 
0.430881 61.53450765809 0.31799574840 
0.431388 61.95338865117 0.31436350705 
0.431894 61.98459546435 0.30896162753 
0.432400 61.51641891669 0.32281867417 
0.432907 61.29943437116 0.32223240669 
0.433413 61.29818508921 0.33254744750 
0.433919 61.02221693115 0.33590820177 
0.434425 61.44138834426 0.32780364964 
0.434932 61.48998968812 0.33792442969 
0.435438 61.04597484655 0.35859515889 
0.435944 61.29371999299 0.33654285190 
0.436451 60.88854962160 0.34001608600 
0.436957 61.41546950146 0.34971876165 
0.437463 61.93539563132 0.34059904962 
0.437970 61.12223094218 0.36437793221 
0.438476 60.95818914976 0.35733710323 
0.438982 61.07533247414 0.35934082211 
0.439489 61.19647955258 0.37586137987 
0.439995 61.41130040877 0.34932502864 
0.440501 61.53173735340 0.37213657858 
0.441007 61.31412876811 0.37508243567 
0.441514 60.77187207619 0.37854051846 
0.442020 61.11608755679 0.39249604955 
0.442526 61.42992816715 0.38861584775 
0.443033 61.54316431622 0.39004653243 
0.443539 60.41067116561 0.40137161705 
0.444045 61.29140845829 0.42157707202 
0.444551 60.64615471367 0.39811927904 
0.445058 61.25066145527 0.43017618411 
0.445564 61.62061292397 0.43973940563 
0.446070 61.42239489099 0.41457123859 
0.446577 61.00239459907 0.44285145965 
0.447083 60.73777645085 0.44914405188 
0.447589 61.37910416158 0.44627236356 
0.448095 61.37195329184 0.46941703944 
0.448602 60.34034770659 0.47818392393 
0.449108 60.75463064678 0.49185108668 
0.449614 60.30538068616 0.50516685440 
0.450121 60.28227666466 0.49414875722 
0.450627 60.82448950718 0.52336882356 
0.451133 60.77083990834 0.51293893525 
0.451639 60.63792207443 0.53961234821 
0.452146 59.87189391410 0.50435634672 
0.452652 60.61882079141 0.54332348551 
0.453158 60.85546605681 0.55094683499 
0.453664 60.76080400133 0.56000022055 
0.454171 60.47825554299 0.56109206925 
0.454677 60.12042086321 0.59071689420 
0.455183 60.19875995934 0.63147946628 
0.455689 60.04941925748 0.64139462948 
0.456196 60.76934670536 0.67310113112 
0.456702 58.99126988452 0.62756350099 
0.457208 60.77581641035 0.70524491456 
0.457714 59.87308741942 0.74055507017 
0.458221 59.69219148916 0.74264457552 
0.458727 59.43940647169 0.79699637976 
0.459233 60.15834652326 0.82190044088 
0.459740 60.05596119850 0.82930660351 
0.460246 60.15943239970 0.91419504977 
0.460752 60.69775109896 0.99337143558 
0.461258 60.45158248390 1.01415714205 
0.461765 60.12430801904 1.08928763105 
0.462271 59.85581282144 1.03002331560 
0.462777 60.11679848714 1.20148372154 
0.463283 60.38457952650 1.23797029253 
0.463789 60.39326022007 1.34236488571 
0.464296 59.86140341775 1.33719093589 
0.464802 59.65108442077 1.41518046589 
0.465308 61.87341167195 1.56038534798 
0.465814 60.09134908953 1.64923854675 
0.466321 59.64529153652 1.73306141061 
0.466827 60.71629119551 1.83966755529 
0.467333 59.94496185653 1.94063074770 
0.467839 58.77329685760 1.94151135194 
0.468346 61.39832373970 2.40337139801 
0.468852 61.24144985592 2.69583625000 
0.469358 57.67004471701 2.94095567443 
0.469864 59.30870036233 2.97791279613 
0.470371 60.12013863010 3.78833593792 
0.470877 56.00028159862 4.20554467733 
0.471383 58.87677385004 5.81795937394 
0.471889 56.32879673787 7.40446493202 
0.472395 56.20557867307 5.94257426665 
0.472902 52.88027144339 13.09045381577 
