0.010896 1383.81810194258 13.12635003218 
0.011402 1228.49380807531 10.51114608301 
0.011909 1109.47798903813 11.13401809562 
0.012416 992.93562423120 8.80963301394 
0.012923 903.31140247358 8.73821466954 
0.013430 854.40316330428 11.26105230462 
0.013936 812.45955961472 8.80316517844 
0.014443 766.03658886295 7.26666959730 
0.014950 702.85295240526 6.48939631763 
0.015457 652.18599296461 5.30046319588 
0.015963 605.82898555391 4.70509944373 
0.016470 566.75584343739 4.11355762715 
0.016977 530.30207349868 3.93215552846 
0.017484 501.63839723712 3.36098784172 
0.017990 474.17693462774 3.13190676107 
0.018497 448.29508895278 2.84828601814 
0.019004 423.64647165370 2.50244046724 
0.019511 405.15213183022 2.36513060431 
0.020018 384.88656460314 2.17766504788 
0.020524 367.18755248999 2.00353683834 
0.021031 351.16677627594 1.96773864110 
0.021538 337.90518569775 1.73207340754 
0.022045 326.08322836583 1.76680016813 
0.022551 312.65388320179 1.60706759035 
0.023058 300.77581249890 1.51541029541 
0.023565 291.05699249239 1.64403245983 
0.024072 283.08206404816 1.79326731878 
0.024579 273.44840174235 1.67670606585 
0.025085 266.34233590883 2.17656332968 
0.025592 256.81801326475 2.13013025016 
0.026099 249.42193015625 2.16944416976 
0.026606 243.66854564561 1.65656072257 
0.027112 239.16266272776 1.79680384369 
0.027619 232.31553266072 1.53725513217 
0.028126 226.07441132021 1.48340458278 
0.028633 220.81057316522 1.31680626801 
0.029139 217.73146344710 1.23745665467 
0.029646 212.47560917953 1.13766065868 
0.030153 207.67059349252 1.16509828098 
0.030660 204.66461806677 1.05623309912 
0.031167 200.85316390666 0.93828735148 
0.031673 196.72546487542 1.03952665080 
0.032180 193.23279376217 0.94578034360 
0.032687 189.29000579011 0.90139327085 
0.033194 188.44675996824 0.88012701770 
0.033700 183.72204396027 0.80860965559 
0.034207 180.95340133901 0.80666495404 
0.034714 177.81287423398 0.77091496339 
0.035221 177.11934538061 0.79880584322 
0.035727 173.41140842982 0.72569680945 
0.036234 170.64550349652 0.67515723860 
0.036741 169.76120824680 0.66102945811 
0.037248 166.14361574154 0.64662588317 
0.037755 163.91088390468 0.64501435011 
0.038261 163.14760512863 0.69068787152 
0.038768 161.13168136336 0.61271828236 
0.039275 159.17569820822 0.62995432549 
0.039782 157.25140100940 0.62885165914 
0.040288 155.72055427486 0.58524912295 
0.040795 154.18841646108 0.56123240461 
0.041302 152.41216775832 0.57629232055 
0.041809 150.33810076347 0.58294569632 
0.042315 148.38888650414 0.57583690798 
0.042822 148.96591153591 0.57908692904 
0.043329 147.02308136678 0.54814620022 
0.043836 146.41295265126 0.55715985794 
0.044343 143.97261923215 0.55224067437 
0.044849 143.33914797675 0.53932134421 
0.045356 141.32585204235 0.53307194835 
0.045863 140.45906541472 0.53998737780 
0.046370 139.07289050889 0.53997595096 
0.046876 137.41301721190 0.50471946994 
0.047383 136.45381491685 0.52969259574 
0.047890 135.24157487138 0.50555815921 
0.048397 135.49785155430 0.48217370536 
0.048903 132.60437137781 0.50314098875 
0.049410 132.59535360605 0.47833561536 
0.049917 131.98627871604 0.48906248084 
0.050424 130.84656833682 0.48534855622 
0.050931 129.24661080900 0.47569080742 
0.051437 129.33037093950 0.46098561036 
0.051944 128.16750074926 0.46310758463 
0.052451 127.47826091692 0.46278551003 
0.052958 126.78433618242 0.45413362999 
0.053464 124.99325432513 0.46616626747 
0.053971 125.91960666457 0.47160499362 
0.054478 124.03648834686 0.46387513931 
0.054985 124.34411492575 0.46033022341 
0.055491 122.68393359030 0.45123088832 
0.055998 121.81965459482 0.42250209040 
0.056505 121.40376392601 0.44528320493 
0.057012 120.18864771547 0.43326976100 
0.057519 119.31655449328 0.44135602528 
0.058025 119.16184734804 0.44022664085 
0.058532 119.22086566945 0.43709644679 
0.059039 117.76760032850 0.42133858612 
0.059546 116.80147708457 0.44673307137 
0.060052 116.33696016753 0.42746941564 
0.060559 116.24108090692 0.40959071837 
0.061066 115.47361998799 0.42002878005 
0.061573 114.38621687324 0.40950103110 
0.062079 114.20236593202 0.41502684310 
0.062586 113.60712579703 0.40261095851 
0.063093 113.06656249633 0.38261455246 
0.063600 112.43262731400 0.40548565571 
0.064106 111.79817624296 0.40229015221 
0.064613 111.84612905860 0.38696225221 
0.065120 111.37193684129 0.38539137036 
0.065627 110.18513651103 0.39034106738 
0.066134 110.44237000405 0.37610099796 
0.066640 109.73800989617 0.38183665917 
0.067147 109.28288291731 0.38383299074 
0.067654 108.86803681101 0.37343057761 
0.068161 108.13559890295 0.37137203180 
0.068667 107.96945787084 0.36888154812 
0.069174 108.29162413837 0.38668341440 
0.069681 107.04560188729 0.36090246467 
0.070188 106.33252753271 0.35105856418 
0.070694 105.95703770762 0.36762594927 
0.071201 106.09914613244 0.35693452663 
0.071708 105.81890516693 0.36983413494 
0.072215 104.78122691055 0.35334001247 
0.072721 105.20049900231 0.34521810698 
0.073228 104.35478510016 0.35220589166 
0.073735 104.02508886242 0.37393054765 
0.074242 103.93082035269 0.35842682786 
0.074748 103.27842038255 0.35498185755 
0.075255 102.56361253079 0.34819290481 
0.075762 102.92628598715 0.35352028219 
0.076269 102.13069514440 0.34836433338 
0.076776 102.18891523368 0.34065607313 
0.077282 101.80692155716 0.33082814287 
0.077789 101.16572320641 0.33345697023 
0.078296 101.37888872933 0.33581426135 
0.078803 101.16122818840 0.33085709961 
0.079309 100.67887509520 0.32778261437 
0.079816 101.10750047177 0.32886204643 
0.080323 99.80392294103 0.32479684978 
0.080830 100.83324966975 0.33841262028 
0.081336 100.51249206050 0.33348877173 
0.081843 99.97915426811 0.33234213404 
0.082350 99.75884215683 0.33956289359 
0.082857 99.56193904082 0.32611131303 
0.083363 99.30974595865 0.33341131706 
0.083870 99.25966413694 0.34597101705 
0.084377 99.47288437013 0.33687128512 
0.084884 98.32475025425 0.33036249170 
0.085390 97.43836540544 0.34012483512 
0.085897 98.29070121904 0.33692259329 
0.086404 97.61797455513 0.33756218061 
0.086911 97.68071794075 0.34264915915 
0.087417 97.45282893927 0.33981550163 
0.087924 97.12908669360 0.32613970257 
0.088431 96.88750912846 0.33887752064 
0.088938 96.89665273398 0.33369845045 
0.089444 96.77104117525 0.32543300402 
0.089951 95.66311335912 0.33431841554 
0.090458 96.65255524799 0.33566836143 
0.090965 95.76087399791 0.32570649333 
0.091471 95.38339283786 0.32665514912 
0.091978 95.34981337403 0.33559896382 
0.092485 94.54524001856 0.35366862517 
0.092992 95.01252928745 0.34272830775 
0.093498 95.48295836610 0.35157650201 
0.094005 94.55427527117 0.33406616228 
0.094512 94.85533953815 0.32792455936 
0.095019 94.29877234388 0.32957960353 
0.095525 94.45454896972 0.32844512094 
0.096032 94.01539553998 0.33467252653 
0.096539 93.87627476060 0.33452082017 
0.097046 93.43323771971 0.32186902398 
0.097552 93.09984324473 0.33072347352 
0.098059 93.19548735410 0.32403830331 
0.098566 93.72813012547 0.33210632140 
0.099073 93.08986613125 0.32370087997 
0.099579 92.49238378240 0.31901567631 
0.100086 92.78318745077 0.32186389181 
0.100593 92.80820407816 0.32396383810 
0.101100 91.76165110442 0.32626832510 
0.101606 92.65387021998 0.31203550333 
0.102113 90.60490683914 0.29660649640 
0.102620 91.30066908791 0.30053332763 
0.103127 90.41744701264 0.30059836835 
0.103633 90.33345681755 0.29551616561 
0.104140 90.01615321719 0.29964911347 
0.104647 89.47695006855 0.30155206735 
0.105154 90.01711859164 0.30453497790 
0.105660 90.30638427666 0.30451825148 
0.106167 89.56286810416 0.30328899777 
0.106674 88.86702101387 0.30146058467 
0.107181 89.13474808998 0.29582001327 
0.107687 88.89860509313 0.31048383613 
0.108194 88.83789054642 0.29946403317 
0.108701 89.19722640183 0.29538656954 
0.109208 88.37874035437 0.29504050699 
0.109714 88.61535907035 0.30256769141 
0.110221 89.11859568242 0.28821617404 
0.110728 88.53156726011 0.28994798975 
0.111235 88.01990217008 0.28735551558 
0.111741 87.95474734014 0.28119864460 
0.112248 88.14672106764 0.28615833617 
0.112755 88.08925618119 0.28843590743 
0.113262 87.31891240203 0.28312959591 
0.113768 87.46171905515 0.28074617940 
0.114275 87.78637470945 0.28166244698 
0.114782 87.22630061698 0.27928479208 
0.115289 86.87509663467 0.27753181808 
0.115795 87.11952942150 0.27241362391 
0.116302 87.08670313501 0.27565194008 
0.116809 87.43268506408 0.27491033698 
0.117316 86.61857056240 0.27455765766 
0.117822 86.79567519016 0.27446244532 
0.118329 86.76923511238 0.27214449222 
0.118836 86.90009696461 0.27003286560 
0.119342 86.47590184553 0.27079694809 
0.119849 86.34803138464 0.26373971695 
0.120356 86.44617848398 0.26511813139 
0.120863 86.18505748914 0.26524559288 
0.121369 86.23461963109 0.26197291392 
0.121876 86.37014924089 0.26817689196 
0.122383 85.90862437125 0.25912115554 
0.122890 85.91866060069 0.26759779928 
0.123396 85.16952804597 0.26674984905 
0.123903 85.58668854909 0.26644071054 
0.124410 85.69154646075 0.27131719262 
0.124917 85.86654934898 0.26199670753 
0.125423 85.11777727623 0.26402121406 
0.125930 85.41647814438 0.26066387039 
0.126437 85.13670771953 0.25950853189 
0.126944 85.11802326894 0.25250409574 
0.127450 85.35262643311 0.25521158211 
0.127957 85.30368184399 0.26160148568 
0.128464 84.95367295363 0.25105594531 
0.128970 84.69670943340 0.25647637872 
0.129477 84.70893321663 0.25620142687 
0.129984 84.74351781559 0.25865709301 
0.130491 84.79894786260 0.24893190926 
0.130997 84.43524709862 0.25137339474 
0.131504 84.65316079628 0.24806722477 
0.132011 84.33768589402 0.25306803236 
0.132518 84.19759513270 0.24886830132 
0.133024 84.53080538351 0.25468278821 
0.133531 84.26950897866 0.24737090880 
0.134038 84.17061216841 0.24303760970 
0.134545 84.13393314080 0.24796539528 
0.135051 84.07775678884 0.25578879513 
0.135558 83.87659371351 0.24069534784 
0.136065 84.31122377715 0.24787419223 
0.136571 84.09885134246 0.23744162537 
0.137078 83.70605138122 0.24356329440 
0.137585 83.66777977632 0.23926070859 
0.138092 83.42766473127 0.24462376663 
0.138598 83.28718689188 0.24677028621 
0.139105 83.74622512605 0.24899131702 
0.139612 83.12760524518 0.23783877586 
0.140119 83.23828306060 0.24655576092 
0.140625 83.42104247926 0.24374915932 
0.141132 82.84489361194 0.24161189748 
0.141639 83.04373174823 0.24521020735 
0.142145 83.11077033829 0.24613074132 
0.142652 83.04966308214 0.24342790878 
0.143159 82.73654658345 0.24279864148 
0.143666 82.56059800380 0.24042739951 
0.144172 82.48768633260 0.24435601746 
0.144679 82.74142769250 0.23890441932 
0.145186 82.33621847674 0.24294078893 
0.145692 82.17154789835 0.24250535367 
0.146199 82.31838503218 0.24113031089 
0.146706 81.92595488257 0.24122783095 
0.147213 81.83140010623 0.24451840319 
0.147719 82.11886779126 0.24798188911 
0.148226 81.76098444211 0.24299419336 
0.148733 81.77499562751 0.24124525085 
0.149240 81.75597666083 0.24465305930 
0.149746 81.57822303854 0.24339852812 
0.150253 81.32669621686 0.23715208585 
0.150760 81.81945046254 0.23880610033 
0.151266 81.51753966918 0.24303160699 
0.151773 81.29395241543 0.23467556468 
0.152280 81.39579036439 0.23340309648 
0.152787 81.23864798282 0.23868537645 
0.153293 81.00484026905 0.24131168116 
0.153800 81.03061353932 0.24272292124 
0.154307 81.10080220246 0.24120589494 
0.154813 80.98393717062 0.24901097185 
0.155320 80.71254604612 0.23117331566 
0.155827 81.09524145897 0.23361697599 
0.156334 80.48910433711 0.24075245309 
0.156840 80.52922358578 0.24206340657 
0.157347 80.56796576324 0.23857062189 
0.157854 80.67137965635 0.23809589244 
0.158360 80.62917731789 0.23598647183 
0.158867 80.47203553600 0.23480995618 
0.159374 80.47410631090 0.23559153001 
0.159881 80.31690881743 0.23619359418 
0.160387 80.02328531220 0.23273214973 
0.160894 80.08541861751 0.22880557149 
0.161401 80.35195329356 0.22982324442 
0.161907 79.99137989574 0.23470563632 
0.162414 79.96815047075 0.23680078400 
0.162921 79.84084812171 0.22879239672 
0.163427 79.70638111538 0.23284041298 
0.163934 79.50089516751 0.23216467656 
0.164441 79.86728544692 0.23078302327 
0.164948 79.45417764774 0.22575488209 
0.165454 79.50106489730 0.23384250938 
0.165961 79.79356111574 0.23058027235 
0.166468 79.22472158267 0.23269786098 
0.166974 79.03254658235 0.22793054168 
0.167481 79.35259460584 0.22713994425 
0.167988 79.54792370274 0.23080217463 
0.168495 79.48648393801 0.23069827474 
0.169001 79.09906472304 0.24207035413 
0.169508 79.33915513893 0.23251568991 
0.170015 79.56347419851 0.24055134252 
0.170521 79.17815486050 0.23120543187 
0.171028 79.40425153308 0.24160234603 
0.171535 79.01055287929 0.23900626136 
0.172041 79.37563872853 0.23644759048 
0.172548 79.12808895922 0.23379232198 
0.173055 78.97426299003 0.23359023238 
0.173562 79.30827029229 0.23558719720 
0.174068 78.85499311913 0.23401976981 
0.174575 79.15087064183 0.24298615497 
0.175082 78.93614951871 0.23666475805 
0.175588 78.78871731437 0.23904050841 
0.176095 78.90307295567 0.23404935967 
0.176602 78.81589876533 0.23856357911 
0.177108 78.77996172533 0.23600203508 
0.177615 78.64350477619 0.24167059883 
0.178122 78.80216014432 0.23532141833 
0.178629 79.06661768269 0.24131960621 
0.179135 78.84509419699 0.24182164479 
0.179642 78.71078493432 0.23697005354 
0.180149 78.62996979999 0.23957306194 
0.180655 78.65130241722 0.24092645611 
0.181162 79.01742804184 0.23934332952 
0.181669 78.60966390709 0.23742988740 
0.182175 78.78693208093 0.24474518400 
0.182682 79.01990904022 0.24053888904 
0.183189 78.94279752493 0.24459067931 
0.183695 78.55222970578 0.24828879206 
0.184202 78.33981155180 0.25099000084 
0.184709 78.27581617206 0.23683195127 
0.185216 78.20197946282 0.23499789452 
0.185722 78.25586453339 0.24440558849 
0.186229 77.84040314034 0.24134361514 
0.186736 78.19678225581 0.24599601863 
0.187242 77.96365672052 0.24631971700 
0.187749 78.09579640253 0.24934082954 
0.188256 77.90267681793 0.24939215140 
0.188762 77.92769565608 0.25076395834 
0.189269 77.87401545998 0.24331801254 
0.189776 77.72490745619 0.24444103495 
0.190282 77.79665748757 0.24824747776 
0.190789 77.61139085384 0.24450833461 
0.191296 77.65555908149 0.24684238594 
0.191802 77.50080433182 0.25029342823 
0.192309 77.35578680338 0.24131578910 
0.192816 77.32039950307 0.24291733422 
0.193323 76.85319217079 0.23444464523 
0.193829 77.03234453026 0.23836158525 
0.194336 76.58829521734 0.23371590912 
0.194843 76.90724431756 0.23493837680 
0.195349 76.45975338013 0.23595220057 
0.195856 76.34124669152 0.23382373172 
0.196363 76.17296316376 0.22894693810 
0.196869 76.25386148364 0.23164494507 
0.197376 75.99959525775 0.23004609207 
0.197883 76.44795727097 0.23171521173 
0.198389 76.02520460886 0.22707279264 
0.198896 76.07040711825 0.22767306731 
0.199403 75.74535712659 0.23066634072 
0.199909 75.73458244889 0.23022627233 
0.200416 75.89328244541 0.22694680990 
0.200923 76.09660509272 0.22133847642 
0.201429 75.48643456556 0.21996669084 
0.201936 75.53495588162 0.21759562331 
0.202443 75.84091963639 0.22035094270 
0.202949 75.72374433547 0.22329128814 
0.203456 75.53627616297 0.22255717246 
0.203963 75.55510225069 0.22009952165 
0.204469 75.45715125977 0.21927283285 
0.204976 75.46003686645 0.21628202186 
0.205483 75.33289481307 0.22410571161 
0.205989 75.37067954516 0.21674321885 
0.206496 75.26122284251 0.21598624014 
0.207003 75.66354098540 0.21481358169 
0.207509 75.35419571257 0.21626295451 
0.208016 75.63937394282 0.21678629645 
0.208523 74.99972815082 0.21214785664 
0.209029 75.40744298658 0.21356905100 
0.209536 75.38953884528 0.21733726282 
0.210043 75.17989369968 0.21610387483 
0.210549 75.21817828102 0.21021835356 
0.211056 75.13479854191 0.21222572610 
0.211563 75.32248935048 0.21313581864 
0.212069 75.18704251652 0.21026095908 
0.212576 74.99533014125 0.21157473567 
0.213083 74.90581557108 0.20675801166 
0.213589 75.08193391250 0.21048807656 
0.214096 75.10771468360 0.20759521392 
0.214603 75.06795950210 0.21344834586 
0.215109 74.66461046600 0.20879594818 
0.215616 74.84620660502 0.20911454751 
0.216123 74.48231703580 0.20522009447 
0.216629 74.66769584188 0.20554953451 
0.217136 74.33072400441 0.20407566707 
0.217643 74.29977257628 0.20900418422 
0.218149 74.19788132327 0.20676192921 
0.218656 73.92503330181 0.20359707794 
0.219163 74.22478549642 0.20644023327 
0.219669 74.53910816817 0.20382179144 
0.220176 74.27452022979 0.20282564338 
0.220683 74.05140517834 0.20649269369 
0.221189 73.91664508869 0.20437964061 
0.221696 74.28499313763 0.20610465222 
0.222203 73.98103977470 0.20255291402 
0.222709 73.99608910722 0.20159806650 
0.223216 73.79130503180 0.20328480927 
0.223722 73.84955377839 0.20429846451 
0.224229 73.89248892724 0.20589554391 
0.224736 73.46677592458 0.20061437843 
0.225242 73.49292243027 0.20469288319 
0.225749 73.52588670689 0.20171280601 
0.226256 73.70933749857 0.20438142802 
0.226762 73.73790013214 0.20279993923 
0.227269 73.59665947737 0.20179942175 
0.227776 73.50392144808 0.20330990447 
0.228282 73.37905562450 0.20148404491 
0.228789 73.08548402600 0.19926799302 
0.229296 73.33103203988 0.20228156452 
0.229802 73.63113816961 0.19943571090 
0.230309 73.49284910187 0.19669234577 
0.230816 73.03367943043 0.20017414698 
0.231322 72.97826689484 0.20176932917 
0.231829 72.96329782474 0.19565583628 
0.232335 73.08249089388 0.20061619942 
0.232842 73.11015232785 0.20226923984 
0.233349 72.83247612263 0.19942255294 
0.233855 73.02164480733 0.20037765973 
0.234362 72.65689135196 0.19840866441 
0.234869 72.89730986571 0.19979465985 
0.235375 72.72718797759 0.19757309229 
0.235882 72.43090801856 0.19982639675 
0.236389 72.63748886924 0.19779686833 
0.236895 72.77231735308 0.19890242989 
0.237402 72.80026561751 0.19755558200 
0.237908 72.40438016789 0.19869593256 
0.238415 72.57254940693 0.19660561187 
0.238922 72.11107333002 0.20019077381 
0.239428 72.14577057734 0.20232024457 
0.239935 72.13248179754 0.19987238708 
0.240442 72.04462760561 0.20033963496 
0.240948 72.24479922815 0.19965567472 
0.241455 71.97667065241 0.19940015699 
0.241962 72.05506305899 0.19672095286 
0.242468 71.99297460603 0.19920527285 
0.242975 71.97859056853 0.19970434871 
0.243481 72.27501847714 0.19788346831 
0.243988 71.99019101190 0.19820435896 
0.244495 71.81372082761 0.19688401659 
0.245001 71.55019521423 0.20043486359 
0.245508 71.77247791479 0.19682102230 
0.246015 71.70953210596 0.19828081961 
0.246521 71.68975013452 0.19004319321 
0.247028 71.59078837443 0.20002151545 
0.247534 71.55419664148 0.19326499493 
0.248041 71.64034354388 0.19837769962 
0.248548 71.62213721303 0.19886957709 
0.249054 71.25305608932 0.19434106719 
0.249561 71.27048392246 0.19723391757 
0.250068 71.31810001011 0.19605851537 
0.250574 71.33097590097 0.19804739498 
0.251081 71.39360012779 0.19665147231 
0.251587 71.01832854979 0.19818423180 
0.252094 71.29617896297 0.19749631658 
0.252601 71.27319294205 0.19787216661 
0.253107 71.00411880480 0.19524461837 
0.253614 71.09262991957 0.19786262738 
0.254120 71.08369223693 0.19581251810 
0.254627 71.08967098155 0.19589718510 
0.255134 71.05953251083 0.19443019622 
0.255640 70.92990383626 0.19685488429 
0.256147 71.04346580367 0.19603301965 
0.256654 70.86755268058 0.19875034304 
0.257160 71.17580963616 0.19811829519 
0.257667 71.43176560565 0.19932225228 
0.258173 71.33848233888 0.19943285291 
0.258680 71.37849871309 0.19515086544 
0.259187 71.24018489564 0.19361531405 
0.259693 71.23084747557 0.19690036391 
0.260200 71.51548837356 0.19532287827 
0.260706 71.53674382396 0.19428267669 
0.261213 71.48954349704 0.19475640106 
0.261720 71.54713256545 0.19556953972 
0.262226 71.67149927389 0.19445436607 
0.262733 71.72384790338 0.19439149411 
0.263239 71.92195975119 0.19408362299 
0.263746 71.40288113494 0.19378727072 
0.264253 71.97814634830 0.19093291320 
0.264759 71.98280837526 0.18992256799 
0.265266 72.11605228321 0.19585958739 
0.265772 71.62124790906 0.19266490712 
0.266279 71.84879334938 0.19104568783 
0.266786 71.78186727770 0.18791319117 
0.267292 71.95893935306 0.19221550008 
0.267799 71.82493292793 0.19253925907 
0.268305 71.85450346082 0.18920015024 
0.268812 72.04614219612 0.19406104604 
0.269319 71.69929937222 0.18738306724 
0.269825 71.74203609882 0.18726737834 
0.270332 71.79412251809 0.18940552246 
0.270838 71.67251953981 0.18827892277 
0.271345 72.11713666179 0.18998149972 
0.271852 72.11274975934 0.19266439140 
0.272358 72.37878955805 0.19290886796 
0.272865 72.41918603503 0.19216238856 
0.273371 72.21681814301 0.19036340655 
0.273878 72.53007380440 0.19079666654 
0.274385 72.42485159924 0.19059780049 
0.274891 72.50561247954 0.18619653328 
0.275398 72.17609213439 0.18857371669 
0.275904 72.23751543723 0.18705896411 
0.276411 72.15798922586 0.18441172731 
0.276917 72.51536954375 0.18343467472 
0.277424 72.59041866651 0.18287472558 
0.277931 72.28825983547 0.18584641420 
0.278437 72.03665254211 0.18195416390 
0.278944 72.16288797568 0.18434054177 
0.279450 72.25244470899 0.18532527648 
0.279957 72.04361521840 0.18323433092 
0.280464 72.10773293136 0.18160087441 
0.280970 72.09311591096 0.17842421498 
0.281477 72.18004164628 0.18106993630 
0.281983 72.29127614616 0.18409586715 
0.282490 72.22473980442 0.18517184992 
0.282996 72.11946101974 0.18306182998 
0.283503 72.31279797300 0.18083198404 
0.284010 72.14627116903 0.18292942885 
0.284516 71.71167601760 0.17802375591 
0.285023 71.87285672674 0.17687606049 
0.285529 71.95029183122 0.17766271271 
0.286036 71.80059374494 0.17874071070 
0.286542 71.64857075099 0.17440340528 
0.287049 71.89762089575 0.17520625666 
0.287556 71.50934707952 0.17428536851 
0.288062 71.79382715972 0.17745641513 
0.288569 71.73045764335 0.16980889140 
0.289075 71.66894224948 0.17378096567 
0.289582 71.42051598515 0.17236459296 
0.290088 71.44208981455 0.17325072180 
0.290595 71.40078123014 0.16710196751 
0.291102 71.32998849775 0.16774622306 
0.291608 71.47647312820 0.16923832548 
0.292115 71.21977462884 0.16880314535 
0.292621 71.15204540017 0.16949802048 
0.293128 71.06106050997 0.16803496644 
0.293634 71.14572841573 0.16522018629 
0.294141 71.11921944897 0.16568603501 
0.294647 71.25496519686 0.16456933795 
0.295154 71.04293942263 0.16514629810 
0.295661 70.99197545624 0.16681462561 
0.296167 71.01415448836 0.16202982130 
0.296674 71.01000733483 0.16570435208 
0.297180 70.96577645183 0.16446814508 
0.297687 70.67628877478 0.16546332677 
0.298193 70.87650016287 0.16309249842 
0.298700 70.67396202286 0.16472059813 
0.299207 70.71865836184 0.16404448893 
0.299713 70.56541504056 0.16216155906 
0.300220 70.60365047538 0.16372688264 
0.300726 70.45709165707 0.16466156513 
0.301233 70.46353585481 0.16112665803 
0.301739 70.57795721631 0.16533784782 
0.302246 70.40848670161 0.16056162391 
0.302752 70.22675913015 0.16303327707 
0.303259 70.10871828096 0.16197551667 
0.303765 70.26694165059 0.16121105221 
0.304272 70.01081572212 0.16309390222 
0.304779 70.13097921748 0.15817166532 
0.305285 70.02829614941 0.15964350317 
0.305792 70.15347075732 0.16003669080 
0.306298 70.10888696400 0.15963076090 
0.306805 70.26891324726 0.16566312202 
0.307311 69.72425588341 0.15583115819 
0.307818 69.87396834150 0.15877188841 
0.308324 69.49703663992 0.15756237391 
0.308831 69.72851142771 0.15452087759 
0.309337 69.47647487805 0.15308706723 
0.309844 69.18935558222 0.15400541928 
0.310350 69.54426797507 0.15475464605 
0.310857 68.83675040755 0.14936697183 
0.311364 68.63125201834 0.15071107356 
0.311870 68.59906453991 0.14992062960 
0.312377 68.25827805559 0.14985984597 
0.312883 68.40279773021 0.14691594890 
0.313390 68.06540596367 0.14717407093 
0.313896 68.21513704233 0.14724260926 
0.314403 67.66950895912 0.14619267211 
0.314909 67.87907784097 0.14128979745 
0.315416 67.65643941065 0.14366162444 
0.315922 67.31634026283 0.14443501839 
0.316429 67.16747873881 0.14228033458 
0.316935 67.42539973656 0.14309708693 
0.317442 67.49630302780 0.14465527582 
0.317948 67.14684495584 0.13886652161 
0.318455 67.03117604409 0.14005068163 
0.318961 67.11705738083 0.14342522995 
0.319468 66.97259946556 0.14130052366 
0.319975 66.96711945576 0.14135368425 
0.320481 66.94501885387 0.14274304613 
0.320988 66.93560544054 0.14523872448 
0.321494 66.66065840584 0.13979436111 
0.322001 66.59634056867 0.14775264913 
0.322507 66.72626627329 0.14018785088 
0.323014 66.64039701616 0.14326554567 
0.323520 66.56072746757 0.14099028931 
0.324027 66.43214955239 0.14159070377 
0.324533 66.45610404512 0.14174935151 
0.325040 66.63511450838 0.14114624900 
0.325546 66.47530213013 0.14001579413 
0.326053 66.46978596032 0.13701404471 
0.326559 66.64168431280 0.13657065210 
0.327066 66.26716875132 0.14091547661 
0.327572 66.21375464306 0.14097439786 
0.328079 66.24111121885 0.14078967167 
0.328585 66.40480025006 0.13695750862 
0.329092 66.23858757505 0.13620191627 
0.329598 66.16352836866 0.13774273066 
0.330105 66.01866654484 0.14103985353 
0.330611 65.88284215674 0.13739018763 
0.331118 66.08219226240 0.13807015769 
0.331624 66.03249749748 0.13736844280 
0.332131 65.98450096893 0.14016318820 
0.332637 65.91038972951 0.13995342200 
0.333144 65.84097698474 0.14162568066 
0.333650 65.84470275167 0.13759275899 
0.334157 65.75113851670 0.13615276273 
0.334663 65.89965927985 0.14032765299 
0.335170 65.75711992476 0.13759779708 
0.335676 65.80268056505 0.13850764321 
0.336183 65.68058446912 0.14035495235 
0.336689 65.52431481450 0.14115140117 
0.337196 65.53159404698 0.13854601545 
0.337702 65.75562051256 0.13872642819 
0.338209 65.74967740524 0.13957687940 
0.338715 65.60542512156 0.13897305742 
0.339222 65.63549585164 0.14110194045 
0.339728 65.47460621496 0.14090585823 
0.340235 65.35346134541 0.23060806481 
0.340741 65.34857734331 0.13851672384 
0.341248 65.15823691578 0.14046785009 
0.341754 65.31852747351 0.13901353849 
0.342261 65.08164297579 0.13671445577 
0.342767 65.19063453022 0.13840621993 
0.343274 65.30369680081 0.14077310968 
0.343780 65.29176756828 0.13840695536 
0.344287 65.53677476314 0.13672458460 
0.344793 65.04238822412 0.13801503845 
0.345300 65.05313867050 0.14009815899 
0.345806 65.11615023090 0.14318219524 
0.346313 65.24931671482 0.14451042668 
0.346819 64.85348513738 0.14206777788 
0.347325 64.91531832253 0.14245270329 
0.347832 64.88703752609 0.14496118415 
0.348338 64.92367400463 0.14344265126 
0.348845 64.96386552390 0.14553112078 
0.349351 64.83920475221 0.14980056558 
0.349858 64.80169086782 0.15168908209 
0.350364 65.13503598806 0.14862532804 
0.350871 64.69204970127 0.14662019657 
0.351377 64.66536801854 0.15075035959 
0.351884 64.49564567356 0.14995607826 
0.352390 64.61962965787 0.14793140466 
0.352897 64.42864191763 0.14511448295 
0.353403 64.43342485722 0.14804176898 
0.353910 64.34801879927 0.14823518415 
0.354416 64.00538741252 0.15431395974 
0.354923 64.34515514348 0.15120982753 
0.355429 64.04615871264 0.15310422863 
0.355935 64.06116909233 0.15293405832 
0.356442 63.96542699321 0.15282897410 
0.356948 64.17506306796 0.15598394025 
0.357455 63.58959099723 0.15604555463 
0.357961 63.91602117890 0.15835009015 
0.358468 63.82796980922 0.15726190070 
0.358974 63.87765410523 0.22308258392 
0.359481 63.98196493672 0.20677540910 
0.359987 63.84155192742 0.19986695705 
0.360494 63.53440673375 0.18882814477 
0.361000 64.02076882653 0.18802153848 
0.361506 63.89846429227 0.18580889069 
0.362013 63.79985648368 0.18767016080 
0.362519 63.94370447106 0.18535541404 
0.363026 63.88606986170 0.18188738744 
0.363532 63.79293313771 0.18648956832 
0.364039 63.67797802106 0.18372434331 
0.364545 63.94813655407 0.18419958753 
0.365052 63.72500980132 0.18551864134 
0.365558 63.75088419635 0.18842425150 
0.366064 64.01587289970 0.17990467330 
0.366571 63.94263285515 0.18611415820 
0.367077 64.03985978269 0.18698841825 
0.367584 64.00937720167 0.19208937807 
0.368090 63.85271664694 0.18981497291 
0.368597 63.67544711824 0.18693342729 
0.369103 63.70230597273 0.18640799945 
0.369610 63.62979829334 0.18964560607 
0.370116 64.10437379507 0.18794066505 
0.370622 63.60300100020 0.18677767921 
0.371129 63.59694751784 0.19354830865 
0.371635 64.13759563841 0.19290134003 
0.372142 63.38954040787 0.19552547007 
0.372648 63.58322471479 0.18967720607 
0.373155 63.50752384191 0.19321252768 
0.373661 63.55415628926 0.19599964916 
0.374167 63.63930608461 0.19673558456 
0.374674 63.52657747735 0.19842150514 
0.375180 63.74423415663 0.20195948136 
0.375687 63.22621855959 0.19903400073 
0.376193 63.56786116011 0.20290468545 
0.376700 63.49217256850 0.20071112930 
0.377206 63.33209395367 0.19831179739 
0.377712 63.26058000800 0.20278034073 
0.378219 63.39945782366 0.20872347424 
0.378725 63.30128493606 0.20647742331 
0.379232 63.55295444274 0.20795646809 
0.379738 63.42776694824 0.20703191867 
0.380245 63.12786685361 0.20971119561 
0.380751 63.36125099041 0.20945298058 
0.381257 63.53863921664 0.20765428308 
0.381764 63.33033702347 0.20747498422 
0.382270 62.87743573337 0.20886388685 
0.382777 63.45019892484 0.21250292396 
0.383283 63.04953590474 0.20509390120 
0.383789 63.14577993833 0.21170852722 
0.384296 62.86560628892 0.20826822049 
0.384802 63.42208212690 0.21007870738 
0.385309 63.42331772286 0.21351247812 
0.385815 62.90994531320 0.21063656162 
0.386321 62.85295706281 0.20940151796 
0.386828 62.83418504684 0.21282007588 
0.387334 63.04185795875 0.20821321469 
0.387841 62.91549405189 0.21434224785 
0.388347 63.04528574932 0.21638276692 
0.388853 62.78986975226 0.21306171250 
0.389360 62.87473949474 0.21614592077 
0.389866 62.77590450695 0.21331912107 
0.390373 63.22554964461 0.22030356138 
0.390879 63.05172861242 0.21696193004 
0.391385 62.72883637976 0.22090886566 
0.391892 62.82291878235 0.21673076852 
0.392398 62.80498291194 0.21981323094 
0.392905 62.76807178856 0.22048493541 
0.393411 63.00510768970 0.22620671141 
0.393917 62.53699463963 0.22728022913 
0.394424 62.71967908960 0.22597100260 
0.394930 62.96164001306 0.22740028379 
0.395437 62.70966585110 0.22801072568 
0.395943 62.43285354470 0.22682711596 
0.396449 62.59783535770 0.31749669982 
0.396956 62.60234624147 0.23119234612 
0.397462 62.64349499165 0.22848586702 
0.397969 62.99446059325 0.22975335844 
0.398475 62.58971105490 0.23180403167 
0.398981 62.56808028919 0.23944483394 
0.399488 62.93338380168 0.23147340504 
0.399994 62.23788499056 0.24130085988 
0.400500 62.35524967198 0.24278866120 
0.401007 62.85491874801 0.24323987866 
0.401513 62.82224934853 0.24992197496 
0.402020 62.34272496101 0.24044328227 
0.402526 62.54353647663 0.25190991226 
0.403032 62.79158379605 0.25925305404 
0.403539 62.56825499971 0.25793968868 
0.404045 61.89130029932 0.25140331632 
0.404551 62.27677205612 0.25920840948 
0.405058 62.41111979985 0.26776421719 
0.405564 62.26060298001 0.26219427415 
0.406071 62.57692786141 0.25776612811 
0.406577 62.44128831276 0.26017966322 
0.407083 62.36485954768 0.26154252674 
0.407590 62.27544521157 0.26846751059 
0.408096 62.37381493291 0.26577712254 
0.408602 62.36661246579 0.27037744057 
0.409109 62.35015881884 0.26131490927 
0.409615 62.24481181237 0.27045835154 
0.410121 62.30451590221 0.25790003536 
0.410628 62.20636497405 0.25846095110 
0.411134 62.03867199460 0.26795888527 
0.411641 62.40000294418 0.27750964462 
0.412147 61.91804051638 0.26441325981 
0.412653 61.93206136361 0.27438571251 
0.413160 62.21569988370 0.27332482726 
0.413666 62.21149924242 0.26095163128 
0.414172 61.98680176038 0.27397531747 
0.414679 61.86401998263 0.27371522627 
0.415185 62.01903525125 0.28663288218 
0.415691 62.26864720442 0.27012952623 
0.416198 61.85615008253 0.27184762190 
0.416704 61.73473318061 0.28497209729 
0.417210 61.73470218044 0.28153902558 
0.417717 61.85440319971 0.29333120725 
0.418223 61.82640287850 0.28362320024 
0.418729 62.07539404173 0.28331674095 
0.419236 61.61352951134 0.28425776186 
0.419742 61.52047664485 0.27386719160 
0.420248 61.79065929292 0.26719273394 
0.420755 61.74263282798 0.27511507470 
0.421261 61.76301911685 0.27991084731 
0.421767 61.60159118482 0.28049987248 
0.422274 61.96933994459 0.28122870173 
0.422780 61.80010773675 0.27553962835 
0.423286 61.77244629112 0.28433159102 
0.423793 61.44965545992 0.27702425911 
0.424299 62.08087986560 0.29481474067 
0.424805 61.74942475343 0.29722984634 
0.425312 61.64053654256 0.29151918945 
0.425818 61.70173661291 0.29402705991 
0.426324 62.10740410402 0.29865335514 
0.426831 61.57194540508 0.29196612295 
0.427337 61.66046555454 0.30636780938 
0.427843 62.07090896407 0.29768054916 
0.428350 61.49115284365 0.30725014225 
0.428856 61.59280723271 0.31128125969 
0.429362 61.05143238288 0.30077522499 
0.429869 61.67844002452 0.30868391461 
0.430375 61.38587143554 0.30741962911 
0.430881 61.72521903770 0.32063990836 
0.431388 61.67194386195 0.32931545643 
0.431894 62.19616494089 0.32173467780 
0.432400 61.11902801508 0.33211665805 
0.432907 61.65175497308 0.32104398282 
0.433413 61.25479656665 0.32652878082 
0.433919 61.39082232282 0.33235260416 
0.434425 61.76066563162 0.32632906653 
0.434932 61.15471235049 0.33906731088 
0.435438 61.23313399392 0.35564572277 
0.435944 61.00281311431 0.34619026513 
0.436451 61.21938937421 0.34545125742 
0.436957 61.34916678784 0.35466844778 
0.437463 60.73058258581 0.37029414680 
0.437970 61.55838418370 0.34803273331 
0.438476 61.06616203715 0.35865650684 
0.438982 61.07024475811 0.36141620851 
0.439489 61.54511617073 0.37636305420 
0.439995 60.99103645127 0.37337134565 
0.440501 61.33442306665 0.36675556729 
0.441007 61.19038430402 0.37538185425 
0.441514 61.46753901861 0.36619173914 
0.442020 61.05478565291 0.39629577063 
0.442526 60.98619434371 0.39608981163 
0.443033 61.07799661980 0.39621548136 
0.443539 61.54276555313 0.39126684650 
0.444045 61.32783330241 0.40355602357 
0.444551 60.47636359430 0.40476375956 
0.445058 61.54904692318 0.41908042407 
0.445564 61.46808342292 0.43022888071 
0.446070 60.71103558824 0.42824212682 
0.446577 60.77342146865 0.43610271469 
0.447083 60.40206454835 0.45077091381 
0.447589 61.22822537172 0.46522853015 
0.448095 60.77753979356 0.44743079365 
0.448602 60.81576386935 0.46007217144 
0.449108 60.68328640665 0.49735538533 
0.449614 60.68499520623 0.49308632667 
0.450121 60.03243273779 0.49834193304 
0.450627 61.38528756528 0.50621690556 
0.451133 60.37542396575 0.51950456403 
0.451639 60.60705024308 0.52211128903 
0.452146 61.28357074158 0.53573879236 
0.452652 59.72917045007 0.53408901500 
0.453158 60.00358890725 0.54862130070 
0.453664 61.14917821254 0.58508956971 
0.454171 60.85586728884 0.56840568885 
0.454677 59.78012451519 0.58595455617 
0.455183 59.80136731658 0.60819597561 
0.455689 59.69246834833 0.63622706837 
0.456196 60.18329433955 0.67320668950 
0.456702 59.88507595986 0.62687843017 
0.457208 60.55476944560 0.70400737547 
0.457714 59.68359127009 0.71141548071 
0.458221 60.88772154125 0.76446818612 
0.458727 59.40031694042 0.75921431615 
0.459233 60.85869851635 0.83499592649 
0.459740 60.94024161065 0.87639807778 
0.460246 59.65273875732 0.87266771665 
0.460752 60.89223323370 1.00123325105 
0.461258 60.35163066646 0.98460757656 
0.461765 59.22405464121 1.09877952674 
0.462271 59.75360435790 1.04087699375 
0.462777 59.67653537273 1.21586723742 
0.463283 59.00867577819 1.27554906382 
0.463789 60.17690891806 1.29262699881 
0.464296 60.27000488831 1.35683897263 
0.464802 59.98581584121 1.30719101868 
0.465308 59.35753195733 1.51156301027 
0.465814 59.59934293120 1.68424279032 
0.466321 59.14471666843 1.63353678134 
0.466827 60.62841631486 1.83997040728 
0.467333 59.20958604230 1.84504748750 
0.467839 58.44218726068 1.90601599316 
0.468346 58.96836686899 2.27530262780 
0.468852 60.32881164561 2.54911097792 
0.469358 58.19661909025 2.80036845564 
0.469864 59.79299685027 2.79437106065 
0.470371 58.62279802465 3.86970047669 
0.470877 60.87130785143 4.67124261715 
0.471383 58.76694560635 5.66304170943 
0.471889 53.62115360851 6.99619041445 
0.472395 56.39848884725 5.93705779145 
0.472902 53.34253395007 12.65835213476 
