0.010896 1338.17149476052 11.45516025144 
0.011402 1188.47470935027 11.00982510464 
0.011909 1072.66979916374 10.22133797597 
0.012416 971.01875288447 9.02513556261 
0.012923 876.49812380428 8.57066644890 
0.013430 815.42431470708 11.13664199453 
0.013936 774.03817653686 9.16541328733 
0.014443 734.76761385798 7.70080979470 
0.014950 676.25784223875 6.42902245111 
0.015457 624.72173881184 5.19132123160 
0.015963 573.27397127942 4.97068132467 
0.016470 535.51033293313 4.19613321674 
0.016977 506.63042785394 3.77904867433 
0.017484 469.73990245500 3.08826997827 
0.017990 444.21940093064 3.13426933736 
0.018497 419.41120670617 2.57453671858 
0.019004 398.86382768705 2.45668364067 
0.019511 376.59348623607 2.33655488183 
0.020018 358.07806882715 2.06024681828 
0.020524 342.39217321454 1.95522363821 
0.021031 326.40530499014 1.92751217136 
0.021538 311.72838460923 1.70871888404 
0.022045 298.97068206910 1.64268608231 
0.022551 289.05172966757 1.62393069841 
0.023058 277.44479535412 1.42955451414 
0.023565 268.15412300272 1.46959267848 
0.024072 259.53396315690 1.78107925846 
0.024579 249.49716840289 1.68895852341 
0.025085 241.50433986609 2.07729978843 
0.025592 235.36006584121 2.14268586024 
0.026099 228.36832030269 2.19423536694 
0.026606 221.59329766499 1.66097031721 
0.027112 216.49869616768 1.80400403810 
0.027619 211.93470726444 1.53907786325 
0.028126 206.08723500742 1.56617497455 
0.028633 201.83870678325 1.39782754424 
0.029139 197.17728042864 1.16617783824 
0.029646 193.69254179825 1.12666369680 
0.030153 190.20838175916 1.15543171966 
0.030660 186.65120867219 1.05622319134 
0.031167 182.85877168115 0.92816022637 
0.031673 178.03491284695 0.93777982337 
0.032180 175.40214997398 0.90392094942 
0.032687 171.07456308384 0.88498919383 
0.033194 169.96039811167 0.82231440025 
0.033700 166.55097407945 0.76484133075 
0.034207 163.96433986778 0.77263208459 
0.034714 162.58117543911 0.77433965652 
0.035221 158.95604136042 0.76556167292 
0.035727 157.60469207364 0.69036140795 
0.036234 155.74762141993 0.66186175194 
0.036741 153.69908602969 0.65860000559 
0.037248 151.39783252303 0.65218734553 
0.037755 149.84907581566 0.62971315539 
0.038261 149.40495924236 0.59878776890 
0.038768 146.86836597169 0.56664796262 
0.039275 145.80789607227 0.59380966461 
0.039782 143.81593521749 0.57363842503 
0.040288 142.05462995218 0.57381314836 
0.040795 140.83766767542 0.56718524140 
0.041302 139.99579713395 0.57223906718 
0.041809 138.84734943848 0.55101802761 
0.042315 137.22433193644 0.55498339236 
0.042822 135.98154391296 0.52305009456 
0.043329 134.67621241511 0.55745997216 
0.043836 133.90801367366 0.53627308906 
0.044343 133.18843613167 0.54293013074 
0.044849 131.89027426807 0.52474579252 
0.045356 130.66959682310 0.52800826878 
0.045863 129.79283971543 0.51652028031 
0.046370 129.28908221892 0.50451745679 
0.046876 127.42708465061 0.49856663797 
0.047383 126.99727078744 0.50319024168 
0.047890 126.65560618777 0.49176641970 
0.048397 125.39044233191 0.49436028516 
0.048903 124.42376890162 0.48601236287 
0.049410 124.03561600476 0.48869832002 
0.049917 123.11957880317 0.47043932740 
0.050424 121.65976322193 0.47804437052 
0.050931 121.04395213165 0.45403376798 
0.051437 120.81740255760 0.44848287239 
0.051944 120.27960527850 0.46091980214 
0.052451 118.97940681861 0.44957343707 
0.052958 118.26619447736 0.43987630798 
0.053464 117.65528582122 0.45945832664 
0.053971 117.07867137075 0.44343147769 
0.054478 116.14071812784 0.42652727322 
0.054985 115.87174892254 0.42640592003 
0.055491 115.16134403724 0.42644623516 
0.055998 114.84543797460 0.43485015071 
0.056505 113.80432635267 0.40933186822 
0.057012 113.43129622964 0.44357041749 
0.057519 112.92426257202 0.46168144293 
0.058025 111.92603789546 0.41973200437 
0.058532 112.44168439860 0.42642272493 
0.059039 111.77585090520 0.42221060182 
0.059546 110.12089043515 0.41664028784 
0.060052 110.47476404309 0.42390002124 
0.060559 111.06069589252 0.40585891638 
0.061066 108.54160653173 0.41211084502 
0.061573 109.16209506715 0.39445456235 
0.062079 108.34975485707 0.40240934045 
0.062586 108.59002636892 0.40365471572 
0.063093 107.60784902081 0.37960630791 
0.063600 107.38846868359 0.38530932834 
0.064106 106.58888208528 0.38930503433 
0.064613 105.89197227199 0.37736856641 
0.065120 106.21275303852 0.39525195835 
0.065627 105.23225554975 0.38373809600 
0.066134 104.54242735012 0.37652613958 
0.066640 104.86375395340 0.38296047796 
0.067147 104.51220215592 0.35988462852 
0.067654 103.95642519931 0.38595771063 
0.068161 103.26737780909 0.35429923848 
0.068667 103.11993656664 0.36034417692 
0.069174 102.69256968174 0.37227496309 
0.069681 101.91345245687 0.36559384411 
0.070188 103.06211088365 0.36279501369 
0.070694 102.14141149045 0.34602442769 
0.071201 101.99354493858 0.34737419578 
0.071708 101.58385636558 0.35414803775 
0.072215 100.88878029206 0.34528485916 
0.072721 100.36278377054 0.34886901267 
0.073228 100.13894431208 0.34083090980 
0.073735 100.42249641148 0.34246394026 
0.074242 99.25673932830 0.35018921885 
0.074748 99.78726990720 0.33312541102 
0.075255 99.46706703168 0.32606219722 
0.075762 99.53105500787 0.33962080561 
0.076269 98.72790989817 0.33397528805 
0.076776 98.83250067386 0.32320527811 
0.077282 98.55484857915 0.32759359444 
0.077789 98.01509686319 0.34091734745 
0.078296 98.15767571697 0.31589453231 
0.078803 97.74670350069 0.32749606655 
0.079309 97.48730933499 0.34106759968 
0.079816 98.01016503018 0.33043295073 
0.080323 97.38873044813 0.33375570285 
0.080830 97.53821128119 0.32296901509 
0.081336 97.22902138322 0.33573195520 
0.081843 96.69173073313 0.33185608377 
0.082350 96.88101426789 0.33472464390 
0.082857 97.15098557550 0.33335494954 
0.083363 96.52925322744 0.32435330767 
0.083870 96.33920657110 0.33754547944 
0.084377 96.21683967505 0.33092958503 
0.084884 95.91720142228 0.33435206312 
0.085390 95.99221910203 0.33611151417 
0.085897 95.58273837407 0.34812518808 
0.086404 94.88550601928 0.32341724557 
0.086911 95.46289910554 0.33727088674 
0.087417 95.06014486743 0.33083034626 
0.087924 94.55108331951 0.34308486607 
0.088431 94.33059933985 0.33727954174 
0.088938 94.39874111307 0.31864779762 
0.089444 94.49048738758 0.33591482784 
0.089951 94.08191638690 0.33042621281 
0.090458 93.76965969918 0.33035540213 
0.090965 93.95049691443 0.34127628170 
0.091471 93.48612594818 0.33877936075 
0.091978 93.64293249890 0.32983520038 
0.092485 93.00991353766 0.33435814042 
0.092992 93.53598246420 0.34241325258 
0.093498 92.89200825270 0.35238583239 
0.094005 92.58300105784 0.33918705660 
0.094512 93.05251809489 0.32916760021 
0.095019 92.65881539369 0.32954666035 
0.095525 92.72328496589 0.33547485170 
0.096032 92.62816706431 0.33529628597 
0.096539 92.27652783082 0.31626026660 
0.097046 92.01172177766 0.33008055975 
0.097552 91.46179739370 0.33011003513 
0.098059 92.37374216346 0.32022909876 
0.098566 91.80137710987 0.32105828810 
0.099073 91.86355026853 0.32870101494 
0.099579 91.43679213971 0.30910996316 
0.100086 92.03995788018 0.32540532157 
0.100593 91.64335485954 0.31452399769 
0.101100 91.24094564503 0.32531147793 
0.101606 90.57402645964 0.31646815189 
0.102113 89.52165127271 0.29944729924 
0.102620 89.45041742520 0.31047721909 
0.103127 89.19327073404 0.29495641771 
0.103633 89.04531969999 0.30667993456 
0.104140 88.65644596818 0.29396173108 
0.104647 88.51175956378 0.29367556899 
0.105154 89.07647146134 0.30081225927 
0.105660 89.17461121784 0.30869335909 
0.106167 88.48735310710 0.29272160915 
0.106674 88.56884263450 0.31366767303 
0.107181 87.52696439604 0.30896331916 
0.107687 88.43872962570 0.30407168299 
0.108194 87.95775233742 0.30649312230 
0.108701 88.18600343818 0.29570662072 
0.109208 87.97369814055 0.29190442681 
0.109714 87.54818352905 0.29104593401 
0.110221 87.74474633945 0.28735423060 
0.110728 87.06515552244 0.29074812279 
0.111235 87.50692483142 0.28453743905 
0.111741 87.18873051562 0.28590848886 
0.112248 87.66233742836 0.27982652190 
0.112755 87.29255181331 0.29126286985 
0.113262 87.01836438739 0.28626424024 
0.113768 86.92646524084 0.27973615681 
0.114275 86.62331040804 0.27794786404 
0.114782 86.58485625256 0.28216285909 
0.115289 86.35570696789 0.27410146754 
0.115795 86.51140426599 0.27357971717 
0.116302 86.33408848901 0.27810782267 
0.116809 85.99340658388 0.27474539194 
0.117316 86.49761364308 0.27176896855 
0.117822 86.40777013198 0.27650631471 
0.118329 85.90034681986 0.27364423692 
0.118836 86.03769046794 0.26825165956 
0.119342 85.88080798037 0.26199506333 
0.119849 86.09094910752 0.26606874895 
0.120356 85.66132742192 0.26794848544 
0.120863 85.31244395899 0.26888743133 
0.121369 85.18030244001 0.25923783723 
0.121876 85.33559494415 0.27060857242 
0.122383 85.27866521278 0.26786815969 
0.122890 85.20596010078 0.25550575439 
0.123396 85.42538625455 0.26226127371 
0.123903 84.94556150865 0.25597653629 
0.124410 84.99748413708 0.26176734039 
0.124917 84.90107491310 0.26835131442 
0.125423 84.89693265594 0.25569402203 
0.125930 85.10976459363 0.26306325433 
0.126437 85.03585279730 0.26584457123 
0.126944 84.59674842208 0.26035635542 
0.127450 84.76002867887 0.25690630462 
0.127957 84.56427711906 0.26114035038 
0.128464 84.52783970269 0.25298909353 
0.128970 84.63257759259 0.24830937086 
0.129477 84.71024612433 0.25212840946 
0.129984 84.14089191234 0.24991358155 
0.130491 84.01803146859 0.25581544500 
0.130997 83.77182397534 0.25571694949 
0.131504 84.56586291091 0.24553199869 
0.132011 84.17261558963 0.24776979329 
0.132518 84.24476362673 0.25251754368 
0.133024 84.21174664253 0.25279739242 
0.133531 83.95236156873 0.24505689777 
0.134038 84.11136730646 0.24917595868 
0.134545 83.62718136189 0.24262154184 
0.135051 83.54765942923 0.24519527870 
0.135558 83.26118180190 0.24762252679 
0.136065 83.44552931656 0.24462038596 
0.136571 83.35383833867 0.24929593243 
0.137078 83.16206639004 0.24691741288 
0.137585 83.10617838694 0.24527208634 
0.138092 83.46840693456 0.24106205780 
0.138598 82.78269365309 0.24092224067 
0.139105 83.22016609702 0.24481069163 
0.139612 83.50844563522 0.24290038003 
0.140119 82.76647015666 0.24372478149 
0.140625 83.13169165415 0.24827617743 
0.141132 82.38067502417 0.24738945366 
0.141639 82.73073869446 0.24698669077 
0.142145 82.59034878370 0.23536814533 
0.142652 82.55151465516 0.24377018820 
0.143159 82.58485884204 0.24470104019 
0.143666 82.34329693948 0.24852865732 
0.144172 82.36741132393 0.24714413935 
0.144679 82.01161654812 0.24085126739 
0.145186 82.17753463990 0.23867553375 
0.145692 81.93223852425 0.23546819083 
0.146199 81.91173704669 0.23957674570 
0.146706 81.54389362699 0.24271176821 
0.147213 81.64364038187 0.24367832392 
0.147719 81.90566613313 0.24345703629 
0.148226 81.48015800478 0.24592441092 
0.148733 81.43498640007 0.24335481983 
0.149240 81.07164920234 0.23989560547 
0.149746 81.52435583398 0.23905871501 
0.150253 81.08572031820 0.24116434836 
0.150760 81.59199245539 0.23540470129 
0.151266 81.10154698091 0.23464228583 
0.151773 81.25355325085 0.24189080530 
0.152280 80.66200747824 0.23855964100 
0.152787 80.75884051153 0.24229217271 
0.153293 81.13161091679 0.24449661911 
0.153800 80.87200813189 0.23726365148 
0.154307 80.59446325389 0.23607631343 
0.154813 80.78107673408 0.23899017752 
0.155320 80.67434380100 0.23666769115 
0.155827 80.48478012348 0.23866034738 
0.156334 80.82708235627 0.24317249159 
0.156840 80.57637785451 0.23659195422 
0.157347 79.94994252635 0.24137509093 
0.157854 80.11068370599 0.23911953832 
0.158360 80.06570477991 0.23693256784 
0.158867 80.13639424862 0.23529611958 
0.159374 80.02717123673 0.24074077219 
0.159881 80.12371723086 0.23729045037 
0.160387 79.65332538130 0.23495032543 
0.160894 80.13278793905 0.23599782102 
0.161401 79.79971696103 0.23386447910 
0.161907 79.80078277338 0.23786026082 
0.162414 79.32045835029 0.23643770979 
0.162921 79.18424060388 0.23658435774 
0.163427 79.27884730110 0.22865761679 
0.163934 79.30142480432 0.23230749090 
0.164441 79.24582520908 0.23036183669 
0.164948 79.14376641508 0.23227119882 
0.165454 79.06330167921 0.23129942371 
0.165961 79.28507604192 0.23144993847 
0.166468 78.90821445482 0.22834224272 
0.166974 78.88452224073 0.23212420647 
0.167481 78.52179593825 0.22528565755 
0.167988 78.90488332198 0.23561032195 
0.168495 79.18960701509 0.23227065048 
0.169001 78.55029070573 0.23138526519 
0.169508 79.44829336129 0.23193642741 
0.170015 79.10292490019 0.23511538639 
0.170521 79.19865857316 0.23332381420 
0.171028 79.11895968957 0.23342341574 
0.171535 78.81215215140 0.23741809172 
0.172041 78.87061974758 0.23321154842 
0.172548 78.93281256564 0.23456820307 
0.173055 78.61614252954 0.23487936527 
0.173562 78.99556024831 0.23558504479 
0.174068 78.95031918439 0.23254041029 
0.174575 78.84613311031 0.23832240182 
0.175082 78.66251890658 0.23663679398 
0.175588 78.51820758010 0.23559201016 
0.176095 78.59150688603 0.23762082189 
0.176602 78.29996361794 0.23750376147 
0.177108 78.97334608007 0.23266336832 
0.177615 78.42976585553 0.23335252463 
0.178122 78.63241656822 0.23599708024 
0.178629 78.54856412668 0.23348171719 
0.179135 78.66113949892 0.24112103646 
0.179642 78.40814382087 0.23099005929 
0.180149 78.72197607674 0.23337024057 
0.180655 78.45293153546 0.23696039143 
0.181162 78.30791903309 0.23714221235 
0.181669 78.48218247855 0.24232861864 
0.182175 78.32301012434 0.24403312714 
0.182682 78.33421380834 0.24117636976 
0.183189 78.70943739297 0.25051519169 
0.183695 78.53454674166 0.24657058107 
0.184202 78.37251549828 0.24669020620 
0.184709 78.52059892499 0.24741687148 
0.185216 78.39897814117 0.23764352446 
0.185722 78.15506381085 0.24318297817 
0.186229 78.10723327232 0.24714524419 
0.186736 77.67029209494 0.24131769384 
0.187242 77.69844411009 0.24030163105 
0.187749 77.79399996954 0.24503884277 
0.188256 77.82514912397 0.24658058250 
0.188762 77.62652703775 0.24274412592 
0.189269 77.44180544558 0.24681066419 
0.189776 77.52260077094 0.24649332497 
0.190282 77.66252918697 0.24429756142 
0.190789 77.09294481858 0.24623626536 
0.191296 77.48099526158 0.24521286862 
0.191802 77.30300905926 0.24271616739 
0.192309 77.06109001994 0.23854955517 
0.192816 77.03781603038 0.24127977417 
0.193323 76.61335445761 0.23633800882 
0.193829 76.85448792744 0.23403802059 
0.194336 76.74101633629 0.23576556328 
0.194843 76.26654980458 0.23615543004 
0.195349 76.32614738538 0.22683911560 
0.195856 76.25730281755 0.23258798610 
0.196363 76.23083736514 0.23170081516 
0.196869 75.92087034027 0.23103409839 
0.197376 76.35045754842 0.22698141407 
0.197883 76.15056665429 0.22561517558 
0.198389 75.79602246976 0.22659917028 
0.198896 75.79615757048 0.22501994480 
0.199403 75.55583207699 0.22621083664 
0.199909 76.03133651032 0.22577868908 
0.200416 75.59868575234 0.22400375279 
0.200923 75.73215644499 0.21843476790 
0.201429 75.69431203252 0.22375762364 
0.201936 75.83325802363 0.22380157305 
0.202443 75.81554819614 0.22098153922 
0.202949 75.61804112538 0.22611221547 
0.203456 75.55061552983 0.22002793650 
0.203963 75.66613560961 0.22184840861 
0.204469 75.18164489635 0.21820112707 
0.204976 75.28850210549 0.21624752911 
0.205483 75.44435258391 0.22234616409 
0.205989 75.20263030405 0.21285258193 
0.206496 75.35066038442 0.21481277143 
0.207003 75.52861239174 0.21707042460 
0.207509 74.99229811431 0.21790569742 
0.208016 75.22389250312 0.21292178180 
0.208523 75.00861345014 0.21346072664 
0.209029 75.34445822433 0.20995940097 
0.209536 75.44555006014 0.20945385688 
0.210043 74.99589993251 0.21825098393 
0.210549 75.11415448633 0.21419708369 
0.211056 74.99907112070 0.21109111775 
0.211563 75.07607806035 0.21252951864 
0.212069 74.88228425093 0.21060787419 
0.212576 74.85518612925 0.21119970292 
0.213083 74.91215041369 0.21292611446 
0.213589 74.82988358570 0.21405325081 
0.214096 74.90491863558 0.20825260910 
0.214603 74.71665457341 0.20905585455 
0.215109 74.86121247781 0.21173658671 
0.215616 74.76954625814 0.20691274182 
0.216123 74.45469803675 0.20455848380 
0.216629 74.24320064704 0.20462299869 
0.217136 74.20301927930 0.21138846590 
0.217643 74.29226550997 0.21032217675 
0.218149 73.97533236089 0.21031230982 
0.218656 74.10939431310 0.20402389191 
0.219163 73.87150633557 0.20879814877 
0.219669 74.05201615273 0.20363114728 
0.220176 73.93166964965 0.20632399265 
0.220683 73.80159531901 0.20324247349 
0.221189 74.03359003495 0.20566153292 
0.221696 74.01429555178 0.20527287132 
0.222203 74.10125604085 0.20419544400 
0.222709 73.72067891711 0.20598857347 
0.223216 73.82809895089 0.20589290479 
0.223722 74.00997953446 0.20329873861 
0.224229 73.61170295242 0.20136490136 
0.224736 73.82861445732 0.20514534474 
0.225242 73.62891654189 0.20638789600 
0.225749 73.37266141567 0.20134204767 
0.226256 73.50680878468 0.20497385899 
0.226762 73.03281107853 0.20282949329 
0.227269 73.45710708504 0.20183722673 
0.227776 73.21929678384 0.20561958654 
0.228282 73.33416373749 0.20021255832 
0.228789 73.11261386981 0.19943546533 
0.229296 73.41687335225 0.20645152919 
0.229802 73.11115573298 0.20193557441 
0.230309 73.34994339237 0.19991698616 
0.230816 73.31286844458 0.20157632833 
0.231322 73.14167429916 0.20192491812 
0.231829 73.13882070519 0.20053705123 
0.232335 73.03640226053 0.20069780048 
0.232842 72.83539511344 0.20450611167 
0.233349 72.82441002870 0.20008865296 
0.233855 72.68756655045 0.20009506120 
0.234362 72.96072469009 0.19893460413 
0.234869 72.91902483369 0.19971093905 
0.235375 72.46173663855 0.19841527350 
0.235882 72.41816551522 0.19664061044 
0.236389 72.62263829693 0.20325795984 
0.236895 72.40356773313 0.20162832069 
0.237402 72.60428809010 0.20111875694 
0.237908 72.15424150264 0.19855160765 
0.238415 72.20586119869 0.19906773608 
0.238922 72.23127259476 0.20106908053 
0.239428 72.02225431227 0.19825841101 
0.239935 72.13997636636 0.19820909678 
0.240442 72.40267280769 0.19889844304 
0.240948 72.02321888739 0.19851501646 
0.241455 71.89858844890 0.19973899606 
0.241962 71.78768887362 0.19450772746 
0.242468 72.03188658781 0.19671525665 
0.242975 71.80519538966 0.19729579627 
0.243481 71.83318330332 0.19846977210 
0.243988 71.80477117232 0.19912107303 
0.244495 71.91184180393 0.19933753448 
0.245001 71.76897330828 0.20061377619 
0.245508 71.72762842666 0.20047982011 
0.246015 71.78727844214 0.19996263306 
0.246521 72.04999494004 0.20235691812 
0.247028 71.59153823953 0.19920693688 
0.247534 71.09469502399 0.19322081965 
0.248041 71.54426563608 0.19335207095 
0.248548 71.56891139622 0.19830436400 
0.249054 71.78713361991 0.19725763545 
0.249561 71.14020273260 0.19934508756 
0.250068 71.52906885850 0.19619053284 
0.250574 71.48870609016 0.19769557306 
0.251081 71.30067678941 0.19487362909 
0.251587 71.19049126828 0.19631704125 
0.252094 71.07767939625 0.19705134579 
0.252601 71.26255962724 0.19688032572 
0.253107 71.27871560427 0.19848279744 
0.253614 71.23031328196 0.19805050279 
0.254120 71.09710567083 0.19693665322 
0.254627 71.02015403297 0.19793255328 
0.255134 70.82788015429 0.19371435731 
0.255640 70.97845954745 0.19633853158 
0.256147 71.07427095058 0.19624515690 
0.256654 70.88055183935 0.20010647880 
0.257160 71.13674402840 0.19622419441 
0.257667 71.06937388135 0.19533732982 
0.258173 71.19251092197 0.19757963863 
0.258680 71.34825728825 0.19635550261 
0.259187 71.42364485940 0.19763255032 
0.259693 71.33325930894 0.19476087599 
0.260200 71.55225490724 0.19638387078 
0.260706 71.57600043123 0.19809155122 
0.261213 71.42526666810 0.19566796068 
0.261720 71.69338790430 0.19436968933 
0.262226 71.74191846313 0.19648259980 
0.262733 71.81583842073 0.19411864294 
0.263239 71.70945325775 0.19550562650 
0.263746 71.64654550554 0.19382266602 
0.264253 71.62750405032 0.19287974685 
0.264759 71.52929853013 0.19321098450 
0.265266 71.77384231689 0.19534279009 
0.265772 71.55791606977 0.19085223387 
0.266279 71.80450336517 0.19386327468 
0.266786 71.66549545159 0.19275298982 
0.267292 71.94952830009 0.19133171845 
0.267799 71.66272920682 0.18977918439 
0.268305 71.78773527224 0.19293337365 
0.268812 71.87726055976 0.19307433011 
0.269319 71.57521944574 0.19255038798 
0.269825 71.71007584392 0.19186162480 
0.270332 71.74174245834 0.19102674728 
0.270838 71.85676177080 0.19039633017 
0.271345 72.03535678224 0.19413444004 
0.271852 72.05765019142 0.19511174180 
0.272358 72.24524497561 0.19021884034 
0.272865 72.15643847727 0.19310890027 
0.273371 72.23679110507 0.19542514326 
0.273878 72.22231829946 0.19359754068 
0.274385 72.39701406854 0.18930667192 
0.274891 72.39864313941 0.19260084048 
0.275398 72.30254388573 0.19142077813 
0.275904 72.29554814344 0.19041686287 
0.276411 72.13340692668 0.18836500928 
0.276917 72.23426930354 0.18896848455 
0.277424 72.16386364828 0.18805181524 
0.277931 72.00474692846 0.18413914915 
0.278437 72.02156143491 0.18329377442 
0.278944 72.06559406229 0.17985220838 
0.279450 72.31593416202 0.18458283760 
0.279957 72.07991400728 0.18231493440 
0.280464 72.06703511526 0.18364270292 
0.280970 71.99900983256 0.17936008817 
0.281477 72.07941583526 0.18103850187 
0.281983 72.12892274577 0.18577170954 
0.282490 72.52878833927 0.18325203486 
0.282996 72.17155920819 0.18153181881 
0.283503 71.86415107299 0.17825106964 
0.284010 72.40403304229 0.18047838207 
0.284516 71.90018533820 0.17897398830 
0.285023 71.94431635706 0.17542911128 
0.285529 71.83037828450 0.17700425391 
0.286036 71.45797882533 0.17409448791 
0.286542 71.55393007355 0.17425580684 
0.287049 71.55680827970 0.17088770026 
0.287556 71.46009862208 0.17577452400 
0.288062 71.32247643272 0.17669225298 
0.288569 71.61198392909 0.17223468362 
0.289075 71.30943423513 0.17123211447 
0.289582 71.40873544000 0.17079649298 
0.290088 71.12657251387 0.17139995214 
0.290595 71.26002198566 0.16671876182 
0.291102 71.04910114769 0.16980774176 
0.291608 71.10600419717 0.17206368335 
0.292115 71.63809208871 0.16786883640 
0.292621 71.32958976578 0.16690012966 
0.293128 71.14835719416 0.16426061701 
0.293634 71.04570092228 0.17005757360 
0.294141 70.96015855053 0.16667192115 
0.294647 71.18506239152 0.16785662600 
0.295154 70.79889194663 0.16591720491 
0.295661 70.94876803668 0.16378869418 
0.296167 70.85793265616 0.16865474004 
0.296674 70.94638947347 0.16661620717 
0.297180 70.91240442805 0.16510247464 
0.297687 70.71943344779 0.16567750061 
0.298193 70.62745826410 0.16413111209 
0.298700 70.76758955644 0.16367719180 
0.299207 70.59042918818 0.16121084523 
0.299713 70.59768284955 0.16542220571 
0.300220 70.51831985284 0.16473453776 
0.300726 70.53922451828 0.16235249375 
0.301233 70.32486214683 0.16311974894 
0.301739 70.33651265983 0.16589456571 
0.302246 70.51838684179 0.16655060086 
0.302752 70.05519060308 0.16468959766 
0.303259 70.35296889821 0.16026853599 
0.303765 70.26624622540 0.15953790146 
0.304272 70.52152996738 0.16179620663 
0.304779 70.05475998004 0.15887626637 
0.305285 70.32379139479 0.16051933318 
0.305792 69.97614461184 0.16022155471 
0.306298 70.28363421603 0.16013981251 
0.306805 69.91540308552 0.16356332187 
0.307311 69.65101571212 0.15670345907 
0.307818 69.98902819796 0.16129192403 
0.308324 69.78122212968 0.15741893195 
0.308831 69.61454719510 0.15760119512 
0.309337 69.41412706960 0.15350414690 
0.309844 69.43111385255 0.15299122927 
0.310350 69.23583573187 0.15350246976 
0.310857 69.06845243801 0.15212771463 
0.311364 68.79826250224 0.15268382213 
0.311870 68.39264873080 0.14799497621 
0.312377 68.24322778598 0.14836049833 
0.312883 67.87259067372 0.14882317635 
0.313390 68.10680734308 0.14902930320 
0.313896 67.78727033021 0.14772547655 
0.314403 67.89405455607 0.14331099701 
0.314909 67.56556363313 0.14434010161 
0.315416 67.48770512451 0.14539673985 
0.315922 67.44668549408 0.14269700131 
0.316429 67.41540548666 0.14238827499 
0.316935 67.26902303839 0.13977876418 
0.317442 67.07161828467 0.14178117456 
0.317948 67.04533561591 0.14260032496 
0.318455 66.92787665972 0.14371808209 
0.318961 67.03052577345 0.14283005204 
0.319468 66.70372884362 0.14123479990 
0.319975 66.70555953802 0.14352105466 
0.320481 66.69068392933 0.14141278973 
0.320988 66.63606560178 0.14306958044 
0.321494 66.80885835105 0.13996042775 
0.322001 66.68373621269 0.16404298735 
0.322507 66.49971955266 0.14309786203 
0.323014 66.81001223460 0.14144525907 
0.323520 66.72896322331 0.14221704686 
0.324027 66.32714508602 0.14194814006 
0.324533 66.25290851577 0.14219048552 
0.325040 66.51911391657 0.13980705361 
0.325546 66.36712017046 0.14325058736 
0.326053 66.59687228820 0.13939347917 
0.326559 66.10024775991 0.13678787769 
0.327066 66.14326622153 0.13717970132 
0.327572 66.36869626670 0.13925891086 
0.328079 66.11197293598 0.13698550456 
0.328585 65.93793981727 0.14130267789 
0.329092 65.97598202767 0.13883364682 
0.329598 66.22225596085 0.13847933743 
0.330105 65.96858215724 0.13785386986 
0.330611 66.02012944014 0.13868405764 
0.331118 66.13605652621 0.13925464046 
0.331624 65.79397191847 0.13823074943 
0.332131 66.10747087525 0.13944319436 
0.332637 66.00254595570 0.13882992815 
0.333144 65.72745105855 0.14126483389 
0.333650 65.65215581394 0.13735549645 
0.334157 65.75753785641 0.13534487031 
0.334663 65.82209435184 0.13982137414 
0.335170 65.78390296890 0.14090909954 
0.335676 65.88980370373 0.13840369217 
0.336183 65.73501037972 0.13966362323 
0.336689 65.66492599907 0.13893365129 
0.337196 65.74873215680 0.14004338821 
0.337702 65.60970103535 0.13856049635 
0.338209 65.25088221758 0.14117249221 
0.338715 65.56791287582 0.13675990168 
0.339222 65.66306948316 0.13936967075 
0.339728 65.27676499689 0.14061399160 
0.340235 65.41908072704 0.22140727041 
0.340741 65.48523251590 0.13903102896 
0.341248 65.10826101950 0.13869817941 
0.341754 65.20011918693 0.14013579312 
0.342261 65.10772401495 0.14276539318 
0.342767 65.20293382996 0.13904582826 
0.343274 65.04408544379 0.14118993809 
0.343780 65.16799237722 0.13957507686 
0.344287 65.11376576475 0.13821543397 
0.344793 65.34670665870 0.14119133138 
0.345300 65.04260877163 0.14178057755 
0.345806 65.05939380828 0.14450590742 
0.346313 65.23430942807 0.14402431841 
0.346819 64.90608543740 0.14291665362 
0.347325 64.93040000960 0.14580701843 
0.347832 65.10499741441 0.14475213475 
0.348338 64.82221117965 0.14412988626 
0.348845 64.77297784223 0.15086587787 
0.349351 64.85638856072 0.14535149618 
0.349858 64.73893873580 0.14986821586 
0.350364 64.69461396761 0.14705109882 
0.350871 64.57449976783 0.14531200334 
0.351377 64.88196459907 0.15121438478 
0.351884 64.35092273765 0.14847724637 
0.352390 64.29847413209 0.14856753339 
0.352897 64.29832426034 0.15013919930 
0.353403 64.46084094053 0.14956733476 
0.353910 64.18524893447 0.14906973992 
0.354416 64.29992189756 0.15077705468 
0.354923 64.20158861588 0.15574450218 
0.355429 63.89698756773 0.15261058695 
0.355935 64.05900347109 0.15053517168 
0.356442 63.89438136023 0.14955872142 
0.356948 64.10111129576 0.15404077082 
0.357455 63.86225261898 0.15655079770 
0.357961 63.69824360708 0.15790889719 
0.358468 63.65705493671 0.15512736534 
0.358974 63.72639209321 0.21867384867 
0.359481 63.69512348070 0.20460587485 
0.359987 63.99636426339 0.19994980087 
0.360494 63.73596772087 0.19185472470 
0.361000 63.76710268920 0.18815281055 
0.361506 63.89346103868 0.18392615114 
0.362013 63.66563042406 0.18501022726 
0.362519 63.97445128688 0.18542293179 
0.363026 63.78181619301 0.18500412639 
0.363532 63.78483518841 0.18818956712 
0.364039 64.01640445180 0.18037004090 
0.364545 64.03709770864 0.18317073776 
0.365052 63.48995841601 0.18549888160 
0.365558 63.84150685538 0.18335231094 
0.366064 63.90272126085 0.18064484405 
0.366571 63.68299040142 0.18242517289 
0.367077 63.82146092583 0.18497407694 
0.367584 63.72603041915 0.18884107571 
0.368090 63.67116795636 0.18870087486 
0.368597 63.51922300597 0.19216826791 
0.369103 63.50972479371 0.18659702263 
0.369610 63.55408489556 0.18433646005 
0.370116 63.79016070969 0.18941172842 
0.370622 63.35035353779 0.18577664348 
0.371129 63.74196249273 0.19508714191 
0.371635 63.44023502488 0.19054263135 
0.372142 63.55663917480 0.18964048537 
0.372648 63.53977904773 0.19194920865 
0.373155 63.22716251714 0.19709946883 
0.373661 63.42869242657 0.19545783028 
0.374167 63.50240022882 0.19410863497 
0.374674 63.56166940679 0.19856490408 
0.375180 63.29508181750 0.19511621787 
0.375687 63.46498939490 0.19983480119 
0.376193 63.48007940000 0.19856630121 
0.376700 63.27644414502 0.20458197706 
0.377206 63.63110878616 0.19903545478 
0.377712 63.49973821977 0.20351524115 
0.378219 62.97195466046 0.20229882316 
0.378725 63.51324459261 0.20195002817 
0.379232 63.51100409012 0.20874853213 
0.379738 63.84625723888 0.21235636347 
0.380245 63.49175844442 0.21281649650 
0.380751 63.40908101245 0.20820765497 
0.381257 63.31466749218 0.20407668779 
0.381764 63.06867129536 0.20750671157 
0.382270 63.29457803659 0.21193703248 
0.382777 63.25257331988 0.20932638821 
0.383283 62.96878004829 0.21038084381 
0.383789 63.11900601582 0.21033160808 
0.384296 63.04009082120 0.20798198870 
0.384802 63.52651561241 0.21556517680 
0.385309 63.08276639345 0.21175612383 
0.385815 63.04157402365 0.21335716458 
0.386321 63.02672322594 0.21538772328 
0.386828 62.94789919577 0.21509754760 
0.387334 63.00134254431 0.21060595993 
0.387841 62.75795322396 0.21682544591 
0.388347 62.89956007396 0.21070057797 
0.388853 62.68337693401 0.21400617148 
0.389360 62.64856889893 0.21731206303 
0.389866 63.01709209233 0.21583220184 
0.390373 62.91915982352 0.21864753625 
0.390879 62.70031503755 0.21620144539 
0.391385 62.61470638260 0.22009224430 
0.391892 62.61960510077 0.21555374424 
0.392398 62.75330115969 0.22417142723 
0.392905 62.75682689049 0.22223797422 
0.393411 62.88866124915 0.22222866356 
0.393917 62.65799947238 0.21970173576 
0.394424 62.46832460028 0.22112823061 
0.394930 62.05072996636 0.22343319537 
0.395437 62.75746496626 0.23129369539 
0.395943 62.65499943639 0.23114699906 
0.396449 62.78121576518 0.28220869612 
0.396956 62.53577797476 0.22834660718 
0.397462 62.55388103113 0.23124669400 
0.397969 62.55321804339 0.23345999719 
0.398475 62.48408811334 0.23652791237 
0.398981 62.84257168798 0.23942693651 
0.399488 62.78776125857 0.23594844455 
0.399994 62.42644343426 0.23468582453 
0.400500 62.62364488727 0.24137265873 
0.401007 62.38259575332 0.23322717719 
0.401513 62.23715203143 0.24601458135 
0.402020 62.52130416191 0.24827277944 
0.402526 62.42819583199 0.24954131707 
0.403032 62.56254523154 0.24923771837 
0.403539 62.73936226257 0.26112676453 
0.404045 61.70558367793 0.24779097859 
0.404551 62.85082916036 0.26381360792 
0.405058 62.49205974236 0.26702936094 
0.405564 62.11509648751 0.25917515066 
0.406071 62.51514839246 0.25629924077 
0.406577 62.40362884060 0.26129755728 
0.407083 62.07845702765 0.25331514346 
0.407590 62.70104006126 0.26896888671 
0.408096 62.22006616808 0.27452621897 
0.408602 62.27402407225 0.26858874939 
0.409109 61.60178129674 0.25344371396 
0.409615 62.18713912710 0.26420069342 
0.410121 62.17296729411 0.26788803945 
0.410628 61.86753952766 0.26418775253 
0.411134 62.62914498483 0.26473323982 
0.411641 62.38744429017 0.27799842897 
0.412147 62.06038392021 0.25983490286 
0.412653 61.93042265171 0.27304153785 
0.413160 62.19033950257 0.25488538819 
0.413666 61.86954521827 0.26492042207 
0.414172 62.17318239003 0.28171642927 
0.414679 61.80082899174 0.27329174101 
0.415185 61.83443405405 0.27898431648 
0.415691 62.18000197454 0.27015963909 
0.416198 61.49621952484 0.28011714463 
0.416704 62.01509558261 0.28161222835 
0.417210 61.85593724819 0.28734955496 
0.417717 62.14216609138 0.29150249036 
0.418223 61.13059534677 0.28301340051 
0.418729 62.00998685832 0.28543981182 
0.419236 61.71291222335 0.27491998239 
0.419742 62.23350183032 0.27229818057 
0.420248 61.92575490645 0.27593044084 
0.420755 62.24333159241 0.28460322627 
0.421261 61.98854500743 0.28030286012 
0.421767 61.50999222997 0.27117479434 
0.422274 61.60630797293 0.27020698212 
0.422780 62.14246575221 0.27672228345 
0.423286 61.13641156033 0.28644818640 
0.423793 61.68318402455 0.28113146081 
0.424299 61.32265353972 0.29004953023 
0.424805 61.54172714772 0.29143818917 
0.425312 61.31439217431 0.29910869611 
0.425818 61.42298442478 0.29676972034 
0.426324 62.18131363402 0.29758135628 
0.426831 61.90214154657 0.29647237109 
0.427337 61.84309170182 0.30678590988 
0.427843 61.87524867088 0.29556406967 
0.428350 62.03817344179 0.30346600882 
0.428856 61.75034843287 0.30491797364 
0.429362 61.35897343174 0.30492139918 
0.429869 61.65899892791 0.31845160561 
0.430375 61.48296601629 0.31517894898 
0.430881 61.54138047658 0.30537670293 
0.431388 61.39483364536 0.32216159907 
0.431894 61.22256448480 0.32727845264 
0.432400 61.52954901076 0.32111812247 
0.432907 61.22668151958 0.31478799824 
0.433413 61.28286645956 0.34511446219 
0.433919 61.49818203583 0.34007181492 
0.434425 61.90735671661 0.32971109777 
0.434932 61.63227508680 0.34126826124 
0.435438 62.37777436678 0.35505265431 
0.435944 61.26741285519 0.33110397178 
0.436451 61.52689856577 0.35488251859 
0.436957 62.05143174083 0.35398293172 
0.437463 61.25932082737 0.36452808278 
0.437970 61.77704869495 0.36219859227 
0.438476 60.83771893806 0.35531733412 
0.438982 61.17222986215 0.37655228554 
0.439489 60.64932454356 0.37400418375 
0.439995 61.47661100032 0.36747497403 
0.440501 61.21618256486 0.36806353939 
0.441007 61.19116724748 0.36575115739 
0.441514 60.92630937183 0.38616571137 
0.442020 61.11199963262 0.39436453994 
0.442526 61.67928573272 0.38686505086 
0.443033 61.93530312724 0.40958273301 
0.443539 61.66523263994 0.40638228108 
0.444045 61.03130869489 0.40149653217 
0.444551 60.89845855834 0.43378042335 
0.445058 61.70964630041 0.42370677540 
0.445564 60.84982194142 0.44230329783 
0.446070 61.07234814050 0.42725634178 
0.446577 60.38404031574 0.44600719276 
0.447083 61.11249222780 0.46155953717 
0.447589 60.53983403073 0.44607326856 
0.448095 60.43927227637 0.44745590182 
0.448602 61.51259634386 0.47681512436 
0.449108 60.22774631925 0.49022418193 
0.449614 59.84027518137 0.47643335356 
0.450121 60.24377416824 0.47957537798 
0.450627 59.78950099477 0.50030107231 
0.451133 60.53000052527 0.50634262091 
0.451639 60.06919207219 0.51509776479 
0.452146 60.70557983272 0.53173933358 
0.452652 59.85206072899 0.54578180986 
0.453158 59.93018450938 0.58235777654 
0.453664 59.95294464134 0.57473894858 
0.454171 60.66450552820 0.56170194471 
0.454677 60.97647231017 0.61038366704 
0.455183 59.74263759648 0.62982268913 
0.455689 60.53587356459 0.61299600112 
0.456196 61.28909469640 0.66798267218 
0.456702 61.02786234015 0.65801340784 
0.457208 60.23315693880 0.74355269829 
0.457714 59.90660672805 0.72786047534 
0.458221 60.80623474110 0.74884017458 
0.458727 59.69028165081 0.79492925155 
0.459233 60.27979007869 0.82123393417 
0.459740 59.93306247511 0.85377201074 
0.460246 58.96759287880 0.87377574727 
0.460752 60.66580604108 1.00382487519 
0.461258 59.80980384000 0.94166296332 
0.461765 59.64590013552 1.03325549502 
0.462271 60.63445934537 1.02762347244 
0.462777 59.78218803972 1.15920759889 
0.463283 59.74414155037 1.22002802063 
0.463789 60.79671147692 1.31498597504 
0.464296 60.72448154240 1.40745485041 
0.464802 59.78895509081 1.39219707165 
0.465308 59.24044877692 1.46209025376 
0.465814 59.35493085626 1.60589318056 
0.466321 61.39206645126 1.77021266620 
0.466827 59.77101057464 1.75536005622 
0.467333 61.27321449665 1.99734449414 
0.467839 58.51478712796 1.97907994142 
0.468346 59.71193573968 2.36162556947 
0.468852 59.99384162782 2.54687147363 
0.469358 59.63653936272 2.89955941074 
0.469864 57.31291700989 2.82397652467 
0.470371 59.41295535912 3.82804376483 
0.470877 58.03262950872 4.30282662522 
0.471383 56.47365035557 5.23158943208 
0.471889 55.60105482204 7.38960514770 
0.472395 53.91726133349 6.06013813960 
0.472902 51.67171152976 12.32929674468 
