0.010896 1330.21068718757 13.29552498076 
0.011402 1189.29874294752 11.85730191845 
0.011909 1073.20524109750 10.54651974699 
0.012416 973.33201430349 8.32839434520 
0.012923 875.55830501477 9.24628390146 
0.013430 820.15011088220 10.33265881024 
0.013936 788.60745000457 9.36817952018 
0.014443 735.45950412007 7.49413405998 
0.014950 674.34581082722 6.39255645966 
0.015457 623.68587427489 5.55168013881 
0.015963 576.57275709148 4.90377171221 
0.016470 534.84560485926 4.11001166693 
0.016977 503.31074857576 3.76466600094 
0.017484 469.73297509565 3.32782380900 
0.017990 445.40883891044 3.22554693670 
0.018497 421.01859728537 2.59814072970 
0.019004 398.01747984657 2.37151176935 
0.019511 377.20323576947 2.26746516242 
0.020018 358.60932595065 1.99461945803 
0.020524 342.55301012498 1.95669677841 
0.021031 326.64090389812 2.00608701824 
0.021538 312.08779127312 1.63685436108 
0.022045 300.07116336410 1.67641097372 
0.022551 287.70119436682 1.60205977442 
0.023058 276.42009648926 1.48061460080 
0.023565 268.88983335536 1.56233388878 
0.024072 259.75337010908 1.67564757751 
0.024579 251.07648701632 1.57143027631 
0.025085 241.05724388815 2.03654863185 
0.025592 235.88409360940 2.19263503859 
0.026099 229.25049082374 2.09577234605 
0.026606 222.89681802810 1.65465644380 
0.027112 218.85947972911 1.67343415694 
0.027619 211.15312877665 1.58444609003 
0.028126 207.02060359709 1.42596314661 
0.028633 202.93027619077 1.34790557684 
0.029139 196.50212223398 1.14000914281 
0.029646 192.33899449384 1.21793580023 
0.030153 189.83511089273 1.11394989250 
0.030660 185.54044637797 1.02630792503 
0.031167 181.34251050991 0.95791682348 
0.031673 178.95554599350 0.96865287610 
0.032180 175.63013955250 0.87694221750 
0.032687 171.92848069031 0.85928636320 
0.033194 169.29230637828 0.82843507024 
0.033700 166.84224524797 0.77153472209 
0.034207 164.75418214675 0.76770040387 
0.034714 162.11399049116 0.79865490158 
0.035221 161.08665529672 0.73125327517 
0.035727 158.82300144828 0.67703657492 
0.036234 155.62387590252 0.64393127797 
0.036741 153.35564714185 0.67068121629 
0.037248 152.27047506480 0.65205668737 
0.037755 151.20078104428 0.64921231001 
0.038261 148.53218440741 0.63200707219 
0.038768 147.45330526360 0.61532148041 
0.039275 145.25809511950 0.60485151440 
0.039782 143.08228312510 0.56054020391 
0.040288 142.02811295699 0.56904094293 
0.040795 140.56122101409 0.56254110573 
0.041302 141.03903644329 0.59928050738 
0.041809 138.74002599665 0.54582550073 
0.042315 138.10141556065 0.53566217859 
0.042822 136.04257937293 0.51062855365 
0.043329 134.60745129350 0.54766454300 
0.043836 134.44746292822 0.52996586853 
0.044343 133.42141596542 0.52306534034 
0.044849 131.68495878757 0.48217784513 
0.045356 130.89627221199 0.53332285214 
0.045863 129.75664949021 0.50116971432 
0.046370 128.58693746932 0.49906759799 
0.046876 127.92409480374 0.49155787619 
0.047383 126.86576804801 0.49508763310 
0.047890 125.75693614168 0.50708957812 
0.048397 125.61625796776 0.48163487089 
0.048903 124.34703089033 0.47046212667 
0.049410 122.17194697627 0.49747011311 
0.049917 122.53378859930 0.43907272799 
0.050424 122.21490770222 0.44990726319 
0.050931 121.06152672592 0.45823530099 
0.051437 121.15756766141 0.45366318078 
0.051944 119.75467752476 0.45669777219 
0.052451 119.87331286028 0.43990148588 
0.052958 118.30057186398 0.41450731543 
0.053464 117.96528550244 0.43116508614 
0.053971 118.22513774889 0.43032207938 
0.054478 116.68024135080 0.43973012713 
0.054985 116.02341442351 0.43022349507 
0.055491 115.25916004449 0.43116228695 
0.055998 114.48737428431 0.43333137355 
0.056505 114.07891281223 0.42758910788 
0.057012 114.03296546623 0.42994394663 
0.057519 112.68201731175 0.42296937506 
0.058025 111.74857817529 0.40623146138 
0.058532 112.88212102952 0.41734092368 
0.059039 110.79656444690 0.41742833616 
0.059546 110.50285126143 0.41846023174 
0.060052 111.21877624579 0.40301476096 
0.060559 109.80173910726 0.37990194271 
0.061066 109.43370256846 0.40578519910 
0.061573 108.67873435715 0.40188488240 
0.062079 108.09523964309 0.39103531814 
0.062586 108.02203675400 0.40353860266 
0.063093 107.32182722207 0.38711028387 
0.063600 107.21257467040 0.39159483284 
0.064106 106.01829386931 0.40185697417 
0.064613 106.27191443303 0.38334636858 
0.065120 105.59939486065 0.38141049025 
0.065627 104.83864310609 0.40080351808 
0.066134 104.66580940604 0.37698528715 
0.066640 103.86974135536 0.37733066808 
0.067147 104.03026229170 0.38198328569 
0.067654 103.87349349148 0.36998279041 
0.068161 103.70892221876 0.38927644349 
0.068667 103.34124056627 0.37138862908 
0.069174 103.27669930717 0.38903060437 
0.069681 102.51595513521 0.36828911704 
0.070188 101.70869269076 0.36667238262 
0.070694 101.97989322586 0.36547909922 
0.071201 101.46135965654 0.35640242655 
0.071708 101.39387157496 0.35548757690 
0.072215 101.12737120536 0.35071046397 
0.072721 100.93774889963 0.34648848402 
0.073228 100.72569104749 0.35105501368 
0.073735 99.93837712447 0.34688400293 
0.074242 99.75268055824 0.34959492008 
0.074748 99.38466985908 0.34553241321 
0.075255 99.40769504692 0.33167731331 
0.075762 99.37871652255 0.33949089952 
0.076269 98.75102041747 0.33756374835 
0.076776 98.76343414296 0.32646713344 
0.077282 98.38247187978 0.32665424785 
0.077789 97.55779975998 0.32842191804 
0.078296 98.06777480284 0.33091205332 
0.078803 97.99934841749 0.32663957748 
0.079309 97.23653302488 0.31736960784 
0.079816 97.44030467240 0.32118855968 
0.080323 97.42826046223 0.32456292903 
0.080830 97.25555645335 0.31955977604 
0.081336 97.15422832794 0.32813525783 
0.081843 97.21236706755 0.33633112129 
0.082350 96.95454913405 0.32393355967 
0.082857 96.46022380098 0.33102675853 
0.083363 96.76240788214 0.33217912693 
0.083870 96.70782597261 0.33913526256 
0.084377 96.27947812828 0.33543960180 
0.084884 95.80123113244 0.34469515136 
0.085390 96.06001473766 0.32428062773 
0.085897 96.00311227550 0.33052846360 
0.086404 95.63724487281 0.33647317854 
0.086911 95.83364016082 0.33903302377 
0.087417 95.22888236271 0.32963503497 
0.087924 95.09138589112 0.33632877633 
0.088431 94.82975582285 0.34381580327 
0.088938 94.25689387611 0.32979055565 
0.089444 95.03314414861 0.32744015593 
0.089951 94.24399674594 0.31867384619 
0.090458 93.77965096968 0.33501977950 
0.090965 93.69102313021 0.31934815641 
0.091471 93.89388882090 0.33549107217 
0.091978 93.99213898046 0.32890101526 
0.092485 92.73606097056 0.34707462612 
0.092992 93.27390751065 0.34132106175 
0.093498 92.83820163812 0.33395084177 
0.094005 92.80160730045 0.33597298310 
0.094512 92.13527080653 0.32989193401 
0.095019 92.64051754139 0.33905990994 
0.095525 92.59163576209 0.33925825821 
0.096032 92.62986374795 0.33103560886 
0.096539 92.51934811307 0.32865906071 
0.097046 92.15226600841 0.32850993600 
0.097552 91.42783286910 0.34342718679 
0.098059 92.37398634654 0.33381759749 
0.098566 91.85194507170 0.31947115881 
0.099073 91.87866484815 0.33341652900 
0.099579 91.49466340713 0.32316479798 
0.100086 91.71046074838 0.32564249012 
0.100593 91.60845993539 0.32670439926 
0.101100 91.57214258116 0.31828774382 
0.101606 91.01300440862 0.31519246351 
0.102113 89.59846344669 0.30761994665 
0.102620 89.63900047150 0.30689914062 
0.103127 89.15421689183 0.29770663774 
0.103633 89.37030434296 0.29595778933 
0.104140 89.19837575387 0.30382139977 
0.104647 88.63216546938 0.30566649321 
0.105154 88.55418703894 0.30752699674 
0.105660 88.80630276462 0.30473639258 
0.106167 88.24826092605 0.30274692511 
0.106674 88.11422897001 0.30636832526 
0.107181 88.48008045941 0.30213831395 
0.107687 87.99315879400 0.29821049734 
0.108194 87.71554369300 0.29397110576 
0.108701 87.57315998386 0.29427267467 
0.109208 87.04286477168 0.28536430101 
0.109714 87.93893108448 0.29931442137 
0.110221 87.53330839582 0.29865609422 
0.110728 87.39874504245 0.28521880459 
0.111235 87.28183178627 0.27730303247 
0.111741 86.90817503932 0.28384153484 
0.112248 86.85573882585 0.28118929771 
0.112755 87.30542620359 0.28569696470 
0.113262 86.72749191523 0.28646397307 
0.113768 86.98604271092 0.28571855975 
0.114275 86.98574502924 0.27370294340 
0.114782 86.35996564278 0.26960364246 
0.115289 86.94164909910 0.27648598118 
0.115795 86.53968454251 0.27264435275 
0.116302 86.24535345151 0.27072349565 
0.116809 86.13914132514 0.27367950241 
0.117316 86.39736955754 0.27749794143 
0.117822 85.98439593807 0.27734523235 
0.118329 86.08813682432 0.26608983349 
0.118836 86.13912894201 0.27035232754 
0.119342 85.74717389117 0.26513795659 
0.119849 85.80026589210 0.27156742697 
0.120356 85.72823366724 0.26484741210 
0.120863 85.74343805584 0.26091870993 
0.121369 85.67407501086 0.26650764739 
0.121876 85.36233980477 0.27249027795 
0.122383 85.29306941387 0.26316953578 
0.122890 84.82921180173 0.26855603426 
0.123396 85.01988299654 0.26816066671 
0.123903 85.42110678295 0.26210195020 
0.124410 84.77846924234 0.26551230511 
0.124917 85.27813387513 0.26130195702 
0.125423 84.70834218127 0.25612516385 
0.125930 85.29289150078 0.26707095411 
0.126437 84.80485042021 0.25622772988 
0.126944 84.96093689974 0.25062305622 
0.127450 84.34485987533 0.25173636752 
0.127957 84.87089681976 0.25610688143 
0.128464 84.47621929183 0.25518719074 
0.128970 84.41509776640 0.25334062369 
0.129477 84.13109985031 0.25020634990 
0.129984 84.32160077054 0.25519350824 
0.130491 84.25178338012 0.25808124733 
0.130997 84.18359059956 0.25372441249 
0.131504 84.16882593746 0.24878156737 
0.132011 83.84577044100 0.24827769969 
0.132518 83.57984868903 0.25217564824 
0.133024 83.94179777060 0.24380802180 
0.133531 83.90115579306 0.24800240604 
0.134038 83.67145970757 0.24542182536 
0.134545 83.60620112076 0.24877083963 
0.135051 83.39574369530 0.24329348257 
0.135558 83.47411905956 0.24288958472 
0.136065 83.60069339345 0.25200544904 
0.136571 83.40206696989 0.24580034222 
0.137078 83.05548880465 0.24264506222 
0.137585 83.09066366205 0.24883399325 
0.138092 83.11545243051 0.24752294972 
0.138598 83.27986141757 0.24779273067 
0.139105 83.01280192146 0.23964260596 
0.139612 82.92738299263 0.24276220051 
0.140119 83.05157802299 0.24180150119 
0.140625 82.68571316062 0.24072252528 
0.141132 82.71495226629 0.23554783870 
0.141639 82.86370494060 0.24304458159 
0.142145 82.23519051553 0.24289233293 
0.142652 82.59049375225 0.23783821858 
0.143159 82.43542968926 0.23924810797 
0.143666 82.52076854482 0.24290648314 
0.144172 82.38282384595 0.24307154091 
0.144679 82.11712785220 0.24296000439 
0.145186 82.01642770579 0.24079695977 
0.145692 82.07800279379 0.24081661025 
0.146199 82.10636364925 0.23565038594 
0.146706 81.81623934268 0.23924921217 
0.147213 81.53602606066 0.24372105522 
0.147719 81.59218475631 0.23293723060 
0.148226 81.59536555471 0.23641436497 
0.148733 81.42733213266 0.23581984930 
0.149240 81.43044061116 0.23517543979 
0.149746 81.85799669623 0.24584970797 
0.150253 81.36360801123 0.24709050988 
0.150760 81.37791461154 0.24309339405 
0.151266 81.33514094264 0.24771834401 
0.151773 81.31868074005 0.23576969719 
0.152280 81.13936538420 0.23562643125 
0.152787 81.09796059377 0.24357045289 
0.153293 80.68063968664 0.23439237156 
0.153800 80.97229023762 0.24153664080 
0.154307 80.69058732456 0.24444458569 
0.154813 80.34398375184 0.23963440446 
0.155320 80.30858869290 0.23731422908 
0.155827 80.55629923285 0.23980968920 
0.156334 80.48903323290 0.23991682130 
0.156840 80.34257371041 0.23872434136 
0.157347 80.29618663311 0.24278159545 
0.157854 80.11458220843 0.23979311299 
0.158360 80.14375426677 0.23742393493 
0.158867 79.93711949337 0.23805689786 
0.159374 79.85583839578 0.23825374733 
0.159881 79.94080009327 0.23564155809 
0.160387 79.68985209921 0.23479325491 
0.160894 79.89799547084 0.23808685733 
0.161401 79.62178118637 0.23656079217 
0.161907 79.95898237849 0.23650537385 
0.162414 79.50240535867 0.23482691227 
0.162921 79.54014027096 0.23925103137 
0.163427 79.41830241130 0.22885209644 
0.163934 79.59867681931 0.23875932398 
0.164441 79.52213161607 0.23440430489 
0.164948 79.45849506093 0.23008209824 
0.165454 79.41459806935 0.23174809137 
0.165961 78.76888448650 0.23513952474 
0.166468 79.20941410453 0.22726432457 
0.166974 78.64267234545 0.22457494350 
0.167481 78.93338192448 0.22494097842 
0.167988 79.13424194557 0.22811994906 
0.168495 78.83026281566 0.23432963932 
0.169001 79.13278656983 0.23154016315 
0.169508 78.75923289136 0.24056466371 
0.170015 78.86590224159 0.23417081252 
0.170521 78.71623511742 0.23711630860 
0.171028 78.84501020874 0.22839174637 
0.171535 79.12508419449 0.23286696301 
0.172041 78.88347758246 0.23973432511 
0.172548 78.89313751717 0.23503818289 
0.173055 79.15291771019 0.23860439555 
0.173562 78.86918265365 0.23314329806 
0.174068 78.93583499173 0.24065105366 
0.174575 78.73317142543 0.23124743568 
0.175082 78.70234707633 0.23701934695 
0.175588 78.83552628759 0.23856862706 
0.176095 78.81589269263 0.23914932428 
0.176602 79.18075710157 0.23909748517 
0.177108 78.94567699928 0.23489651895 
0.177615 78.46395491356 0.23349278336 
0.178122 78.52889079210 0.24108130148 
0.178629 78.77911148386 0.24196824889 
0.179135 78.37336906829 0.23889475850 
0.179642 78.49664864337 0.23027825710 
0.180149 78.61858785446 0.23779965412 
0.180655 78.38409372735 0.23770075150 
0.181162 78.50377964550 0.23718508817 
0.181669 78.65334470926 0.24319257955 
0.182175 78.61365176973 0.23980413946 
0.182682 78.89850304882 0.24388166130 
0.183189 78.78436211946 0.23895434608 
0.183695 78.66520238849 0.24484876897 
0.184202 78.33766830547 0.24489130459 
0.184709 78.11602770188 0.23669198125 
0.185216 78.25740831350 0.24522502263 
0.185722 78.16557160841 0.24275718634 
0.186229 77.72237120919 0.24951441414 
0.186736 77.79974213888 0.24123894121 
0.187242 78.04755755511 0.24771266309 
0.187749 77.97690097671 0.24597624076 
0.188256 77.97215935705 0.24241361214 
0.188762 77.57134517940 0.24523033381 
0.189269 77.40265749815 0.24855649126 
0.189776 76.97134439308 0.24182214481 
0.190282 77.67939830945 0.24679384197 
0.190789 77.70365961770 0.24807148820 
0.191296 77.17479321835 0.24758959001 
0.191802 77.23771365383 0.24927050441 
0.192309 76.99893141549 0.23495991553 
0.192816 76.74650938627 0.23958414257 
0.193323 76.92586512987 0.23679113388 
0.193829 76.33989161096 0.23404457944 
0.194336 76.42449641217 0.23219425441 
0.194843 76.69128761302 0.23705075370 
0.195349 76.48382023361 0.23148780437 
0.195856 76.45348323482 0.23468825783 
0.196363 76.07181107476 0.23232074833 
0.196869 75.76013910827 0.22960952796 
0.197376 75.92943555994 0.22882914344 
0.197883 75.96377670107 0.22630690795 
0.198389 76.29658359602 0.22666815370 
0.198896 76.35394994969 0.22892943157 
0.199403 75.70293384373 0.22493763596 
0.199909 76.18967179509 0.23004984876 
0.200416 76.23308448284 0.22656376874 
0.200923 75.86261743493 0.22153121333 
0.201429 75.80074156828 0.22509843839 
0.201936 75.83667665840 0.22684903442 
0.202443 75.66805325196 0.22158149967 
0.202949 75.44359719385 0.22405472915 
0.203456 75.40447969860 0.22177618313 
0.203963 75.33906897665 0.21881443277 
0.204469 75.57894949229 0.22007480320 
0.204976 75.46223730466 0.21636553305 
0.205483 75.60114844643 0.21690827813 
0.205989 75.45846577929 0.21941926922 
0.206496 75.34580714782 0.21477736115 
0.207003 75.47040110779 0.20973441718 
0.207509 75.47805284320 0.21848512430 
0.208016 74.92807873818 0.21694829822 
0.208523 75.45447023606 0.21534329007 
0.209029 75.01838821722 0.21177683455 
0.209536 75.23023162794 0.21396205027 
0.210043 75.38340069499 0.20857140334 
0.210549 74.87234112155 0.21130401808 
0.211056 74.93721482062 0.20779956282 
0.211563 74.77387425530 0.20923024031 
0.212069 74.84770518884 0.21110330366 
0.212576 74.95311275627 0.20618462555 
0.213083 74.94641788025 0.20649171473 
0.213589 75.11744669492 0.21031469616 
0.214096 74.49792461310 0.20687330255 
0.214603 74.55481805004 0.20960173940 
0.215109 74.86994756402 0.20680805494 
0.215616 74.67257086121 0.20391401991 
0.216123 74.37036676287 0.20489310013 
0.216629 74.50262831408 0.20602372496 
0.217136 74.29685966228 0.20888743065 
0.217643 74.28377743574 0.21256781667 
0.218149 73.91401348402 0.20535065494 
0.218656 73.99258455316 0.20611471402 
0.219163 74.09130787882 0.21063354798 
0.219669 74.29670313189 0.20825703505 
0.220176 74.00955001475 0.20781275537 
0.220683 74.23793276286 0.20708707729 
0.221189 73.80521453840 0.20688814222 
0.221696 74.06364805288 0.20280198496 
0.222203 73.99902523032 0.20505683170 
0.222709 73.67617896141 0.19789689685 
0.223216 74.02741082742 0.19931572248 
0.223722 73.41783233788 0.20232558795 
0.224229 73.71784571639 0.20369908191 
0.224736 73.64447194744 0.20455698934 
0.225242 73.35867577434 0.20150290409 
0.225749 73.40525417654 0.20189224838 
0.226256 73.31074718767 0.19919913058 
0.226762 73.37109687306 0.20217758924 
0.227269 73.35589412316 0.20312077513 
0.227776 73.50967847003 0.20365702647 
0.228282 73.22500767003 0.20368935717 
0.228789 73.23218597710 0.20055737518 
0.229296 73.06203995044 0.20215024753 
0.229802 73.21899263011 0.19823949137 
0.230309 73.15440557882 0.20009685665 
0.230816 73.11816971528 0.20167528290 
0.231322 73.03722417554 0.20368931488 
0.231829 72.88549140360 0.20128495424 
0.232335 73.00568082160 0.20131047615 
0.232842 72.80158877552 0.20208634002 
0.233349 72.72190001163 0.19756410809 
0.233855 72.81504955212 0.20152745822 
0.234362 72.88819981132 0.19952280106 
0.234869 72.64407015173 0.19898256367 
0.235375 72.50628764217 0.19855549347 
0.235882 72.35989994822 0.20034501743 
0.236389 72.47460483522 0.19929201312 
0.236895 72.68022735613 0.19739585879 
0.237402 72.09160989241 0.19656546535 
0.237908 72.36781506924 0.19977948960 
0.238415 72.37538459752 0.20306669620 
0.238922 72.11309873441 0.20215255078 
0.239428 72.13672343633 0.20239773318 
0.239935 72.22859233014 0.20174048807 
0.240442 72.01023459758 0.20164877397 
0.240948 72.11082881312 0.20206884382 
0.241455 71.90469708833 0.19986726777 
0.241962 72.04431977585 0.20020982598 
0.242468 71.87823605622 0.19537848807 
0.242975 71.89109048876 0.19385839885 
0.243481 71.76484572400 0.19606133201 
0.243988 71.80719155644 0.20043697295 
0.244495 71.86512212737 0.19657375516 
0.245001 71.56869444535 0.19464270213 
0.245508 71.72370308197 0.19797735434 
0.246015 71.59498361546 0.19955472019 
0.246521 71.60702659306 0.19656428452 
0.247028 71.43668595498 0.19766486538 
0.247534 71.60745339174 0.19831093244 
0.248041 71.63756393547 0.19875164104 
0.248548 71.31958017996 0.19693747240 
0.249054 71.46393069702 0.19568176906 
0.249561 71.47302136894 0.19695309058 
0.250068 71.36115189838 0.20025572766 
0.250574 71.19854340309 0.19923602146 
0.251081 71.11327998769 0.19676890383 
0.251587 71.17068619296 0.19750809863 
0.252094 71.00691608046 0.19607662046 
0.252601 71.23552244156 0.19863449419 
0.253107 70.91303923740 0.19732745451 
0.253614 70.89358840148 0.19636933013 
0.254120 71.00312583750 0.20387635747 
0.254627 70.77972582355 0.19615764574 
0.255134 70.87244887570 0.19311959902 
0.255640 71.01698949993 0.19367477535 
0.256147 71.19791151388 0.19329618252 
0.256654 70.82062503135 0.19673337793 
0.257160 71.15988183165 0.19578714652 
0.257667 71.26779014657 0.19923577004 
0.258173 71.16682875210 0.19532527590 
0.258680 71.57790887317 0.19403614165 
0.259187 70.99177887561 0.19720887461 
0.259693 71.09893325992 0.19299279151 
0.260200 71.65234758526 0.19582548341 
0.260706 71.43617777952 0.19406441244 
0.261213 71.69403399680 0.19266469221 
0.261720 71.56754663781 0.19452314766 
0.262226 71.53268673130 0.19229035632 
0.262733 71.70094816353 0.19465220594 
0.263239 71.63984689169 0.19558365411 
0.263746 71.75892789384 0.19252418875 
0.264253 71.62308096467 0.18939980033 
0.264759 71.75382961657 0.19114991105 
0.265266 71.94892684586 0.19613346509 
0.265772 71.71563191387 0.19281127667 
0.266279 71.91266268453 0.19278566447 
0.266786 71.53422066296 0.19075335682 
0.267292 71.83538018488 0.19320723370 
0.267799 71.49717192376 0.18883583331 
0.268305 71.84786272693 0.19311670993 
0.268812 71.72222464573 0.19221582373 
0.269319 71.51684804554 0.18809601827 
0.269825 71.79891482893 0.18950895398 
0.270332 71.77197007078 0.19164531455 
0.270838 72.09874340075 0.19026075118 
0.271345 71.91257664361 0.19204106355 
0.271852 72.34529905930 0.18826197440 
0.272358 71.91668395433 0.19151069605 
0.272865 72.07198903412 0.19613360486 
0.273371 72.37640551032 0.19230219677 
0.273878 72.15021086870 0.19281389203 
0.274385 72.37350225729 0.19021676285 
0.274891 72.24455620318 0.18770843865 
0.275398 72.33689418849 0.18271117364 
0.275904 72.11683592059 0.18556880079 
0.276411 72.05262181115 0.18611145879 
0.276917 72.09616210369 0.18614928471 
0.277424 72.33921555727 0.18384321449 
0.277931 72.25524641637 0.18591385059 
0.278437 72.14746608619 0.18510328906 
0.278944 72.03156288700 0.18131890608 
0.279450 72.13178027096 0.18143154802 
0.279957 71.81803729167 0.18279665708 
0.280464 72.32724082601 0.18479183685 
0.280970 72.20219934740 0.18552286886 
0.281477 72.36087886537 0.18118559264 
0.281983 72.24307933143 0.18183220583 
0.282490 72.41320253008 0.18068604413 
0.282996 72.29126160296 0.18102074128 
0.283503 72.34063156215 0.17650809777 
0.284010 71.87268311219 0.18188000216 
0.284516 71.71928388133 0.17620613468 
0.285023 71.80228399514 0.17551103198 
0.285529 71.71640095856 0.17428192451 
0.286036 71.92345186887 0.17626092517 
0.286542 71.48457181649 0.17628364572 
0.287049 71.51337662303 0.17325698589 
0.287556 71.49372645507 0.17079571793 
0.288062 71.56270635317 0.17397508179 
0.288569 71.36533003807 0.17117042816 
0.289075 71.25935773868 0.17462527816 
0.289582 71.30993525186 0.17017991830 
0.290088 71.23405049568 0.16785302272 
0.290595 71.28072963346 0.16913781918 
0.291102 71.14371879403 0.17066603528 
0.291608 71.16711015076 0.17086402935 
0.292115 71.08304797177 0.16618557804 
0.292621 70.88146515757 0.16918795083 
0.293128 71.26313787274 0.16294984153 
0.293634 71.11049531051 0.16383484138 
0.294141 71.20592618217 0.16883858963 
0.294647 71.18041048044 0.16596733784 
0.295154 71.08163044625 0.16646615198 
0.295661 70.70929162817 0.16613605246 
0.296167 70.73037292069 0.16623941039 
0.296674 71.02576572233 0.17008532364 
0.297180 71.01206675610 0.16572526868 
0.297687 70.66022063022 0.16666619307 
0.298193 70.70653671339 0.16591278765 
0.298700 70.50604709082 0.16235253893 
0.299207 70.74182224536 0.16616397912 
0.299713 70.53056151927 0.16462763184 
0.300220 70.43014962163 0.16259896749 
0.300726 70.44913742661 0.16613087033 
0.301233 70.46438239985 0.16434021009 
0.301739 70.37765699634 0.16447544452 
0.302246 70.24367522322 0.16126217705 
0.302752 70.27121588501 0.16236971364 
0.303259 70.18848519075 0.16275431058 
0.303765 70.47080056863 0.16163411975 
0.304272 70.31098730859 0.16385921995 
0.304779 70.11609686198 0.15989125471 
0.305285 70.09527589730 0.15722650321 
0.305792 70.16470943162 0.15969994823 
0.306298 69.97894613736 0.16064605634 
0.306805 69.92318218795 0.16204002815 
0.307311 69.93283717370 0.15745788041 
0.307818 69.90493530102 0.15899727141 
0.308324 69.71625416037 0.15540057407 
0.308831 69.49457331800 0.15570008913 
0.309337 69.41506582382 0.15640506211 
0.309844 68.99677334026 0.15384667431 
0.310350 69.35674747813 0.15331239746 
0.310857 68.87499152052 0.15305412768 
0.311364 68.43211054229 0.15297460262 
0.311870 68.56499071404 0.14686762700 
0.312377 68.38117589776 0.15086030650 
0.312883 68.28244219087 0.14708491102 
0.313390 67.91138503706 0.14630848848 
0.313896 67.63722948988 0.14882325116 
0.314403 67.75225327725 0.14679285523 
0.314909 67.71352309096 0.14619157374 
0.315416 67.39785057089 0.14309840882 
0.315922 67.61611230928 0.14541133580 
0.316429 67.44044928785 0.14227019098 
0.316935 67.17747631011 0.14090957596 
0.317442 67.31301428460 0.14144799563 
0.317948 67.16697624064 0.14288792120 
0.318455 67.00902133942 0.14171703680 
0.318961 67.04625732313 0.14196437249 
0.319468 67.05943318308 0.14324528362 
0.319975 66.80009473540 0.14159708373 
0.320481 66.85321227547 0.14145341495 
0.320988 66.66385199245 0.14386462641 
0.321494 66.75348438584 0.14030021599 
0.322001 66.58653578970 0.15006872077 
0.322507 66.62805657363 0.13903440429 
0.323014 66.63995857115 0.14128758418 
0.323520 66.55957724163 0.14140470741 
0.324027 66.64957468477 0.14140907354 
0.324533 66.34123360589 0.14092832174 
0.325040 66.51795103230 0.14150821625 
0.325546 66.43820780206 0.14027973877 
0.326053 66.39602942547 0.13848730741 
0.326559 65.96394691957 0.13680965444 
0.327066 66.18904751042 0.13765070142 
0.327572 66.28613422083 0.13716375194 
0.328079 66.09502887554 0.14064930955 
0.328585 66.10688890527 0.13991066138 
0.329092 65.93896792254 0.13878664669 
0.329598 66.12624890342 0.13844399981 
0.330105 66.16553052905 0.13971147277 
0.330611 66.03432843971 0.13934810182 
0.331118 65.91393929143 0.13698038123 
0.331624 66.24414287949 0.13919666908 
0.332131 65.93031255663 0.13581989665 
0.332637 66.10983634980 0.14087921452 
0.333144 65.67039365812 0.14153492069 
0.333650 65.65958683621 0.13731675155 
0.334157 65.68841474924 0.13988361500 
0.334663 65.62698403797 0.14302225500 
0.335170 65.86559656982 0.13889597676 
0.335676 65.90564614453 0.13718753185 
0.336183 65.56161173506 0.13872055762 
0.336689 65.56093166515 0.13874665379 
0.337196 65.48192291199 0.13982945296 
0.337702 65.37360400554 0.13505016534 
0.338209 65.84616704014 0.13915271910 
0.338715 65.57659526104 0.14053039350 
0.339222 65.46636192168 0.13924356759 
0.339728 65.48884679894 0.13897913646 
0.340235 65.52743047552 0.20401037466 
0.340741 64.78642007493 0.13829151532 
0.341248 65.38142301627 0.13873485430 
0.341754 65.22362661484 0.13955252846 
0.342261 65.29420823143 0.14429516562 
0.342767 65.15278308240 0.14106688805 
0.343274 65.25784321039 0.13768829222 
0.343780 64.88416467172 0.13966879188 
0.344287 64.94402691467 0.14099474854 
0.344793 65.28119529999 0.13913659979 
0.345300 65.13614097725 0.14290527956 
0.345806 64.96405327540 0.14183353405 
0.346313 64.99415529670 0.13878480919 
0.346819 65.03604458939 0.14146333498 
0.347325 65.06714837070 0.14503960801 
0.347832 64.84007699559 0.14527833023 
0.348338 64.79098184901 0.14709961803 
0.348845 64.96759162869 0.14831792136 
0.349351 64.77321086955 0.14883126544 
0.349858 64.58270840551 0.14838226985 
0.350364 64.65835962968 0.14633150075 
0.350871 64.67421120849 0.14822425605 
0.351377 64.59679462009 0.14807469863 
0.351884 64.48998874472 0.14704490192 
0.352390 64.64203784629 0.14919748083 
0.352897 64.73335123793 0.15066442282 
0.353403 64.34896023565 0.14569480083 
0.353910 64.64852329295 0.14886200662 
0.354416 64.43628756497 0.15392155800 
0.354923 64.20038972866 0.15278572334 
0.355429 64.10209179788 0.15543839901 
0.355935 64.37301798470 0.15058148601 
0.356442 63.85274085877 0.14994949227 
0.356948 63.98088875453 0.15571428404 
0.357455 64.00803807948 0.15681911189 
0.357961 63.63768794647 0.15497481009 
0.358468 63.62741646076 0.15469902510 
0.358974 63.77261708023 0.22159640593 
0.359481 64.02545433713 0.20316674992 
0.359987 63.93354535341 0.20077435615 
0.360494 63.76222943283 0.18810781201 
0.361000 63.87608234043 0.18907155119 
0.361506 63.62748516811 0.18357053401 
0.362013 64.14237925987 0.18668754515 
0.362519 63.61634842101 0.18618811050 
0.363026 63.77387024864 0.18195581417 
0.363532 63.54366895347 0.18748090469 
0.364039 63.81698650314 0.18345686356 
0.364545 63.77254086234 0.18222398326 
0.365052 63.92648741587 0.18706123420 
0.365558 63.97959607456 0.18227123868 
0.366064 63.76108121902 0.18300907510 
0.366571 63.75259106601 0.18422687655 
0.367077 63.73875249853 0.18487560596 
0.367584 63.77245787092 0.18761836660 
0.368090 63.83579420264 0.18756888677 
0.368597 63.50926862806 0.18946227445 
0.369103 63.94180221424 0.19206905742 
0.369610 63.78239793122 0.19048551322 
0.370116 63.73787967997 0.18906187134 
0.370622 63.54525264370 0.18841037154 
0.371129 63.62463992358 0.19410571296 
0.371635 63.89125775610 0.19340533754 
0.372142 63.36093165545 0.19397507982 
0.372648 63.61961037816 0.19226363186 
0.373155 63.71362425888 0.19678683699 
0.373661 63.63622107201 0.19639283489 
0.374167 63.26777390327 0.19506154285 
0.374674 63.01904448613 0.19303722591 
0.375180 63.63603543548 0.19672837639 
0.375687 63.22660369194 0.20035875095 
0.376193 63.29594073423 0.19691097615 
0.376700 63.61652808455 0.20197617966 
0.377206 63.60423017600 0.20214772637 
0.377712 63.36915176476 0.19997419408 
0.378219 63.55320099448 0.20234230735 
0.378725 63.30871540033 0.20459224835 
0.379232 63.11467662054 0.21073218283 
0.379738 63.30784489319 0.20553343741 
0.380245 63.34568365161 0.20807115608 
0.380751 63.58408091295 0.20737943019 
0.381257 63.27039460832 0.20536225290 
0.381764 63.17980770665 0.20951330929 
0.382270 63.53913586644 0.20780644847 
0.382777 62.83124565710 0.20816932186 
0.383283 62.59802097655 0.20859840005 
0.383789 62.87479082484 0.21333016334 
0.384296 62.86713105899 0.20646156264 
0.384802 62.67184721713 0.20791705738 
0.385309 62.91424227604 0.21072203749 
0.385815 62.79853442194 0.21125554633 
0.386321 63.34665018506 0.21416718719 
0.386828 63.02096694309 0.20960156291 
0.387334 63.12872267616 0.20760736355 
0.387841 62.93439520814 0.21693961214 
0.388347 62.90455060153 0.21621631292 
0.388853 63.00565282531 0.21520918572 
0.389360 62.82224666562 0.21257397741 
0.389866 62.51214567426 0.21259356765 
0.390373 62.94212677358 0.21371388688 
0.390879 62.44890223047 0.21886469448 
0.391385 62.47913913267 0.22201031641 
0.391892 62.58316322840 0.21477141765 
0.392398 62.86516028210 0.22075700862 
0.392905 62.63545362064 0.22070265657 
0.393411 62.94862555447 0.22175531021 
0.393917 62.63540998590 0.22676138880 
0.394424 62.53844792301 0.22469562039 
0.394930 62.34291210585 0.22267354841 
0.395437 62.57981811827 0.22809481151 
0.395943 62.64160300787 0.22843235530 
0.396449 63.04125377117 0.26566000536 
0.396956 62.57716557405 0.22695705663 
0.397462 62.75412578526 0.23385342115 
0.397969 62.68762472548 0.23254150896 
0.398475 62.59816368948 0.23326424631 
0.398981 62.83939514345 0.23540801400 
0.399488 62.47097937014 0.23272453266 
0.399994 62.53363967215 0.23751139127 
0.400500 62.71619443012 0.23886379020 
0.401007 62.47426547045 0.24110911318 
0.401513 62.11546918339 0.23659676164 
0.402020 62.45403987886 0.24450439822 
0.402526 62.86047292566 0.25353266487 
0.403032 62.38608208988 0.25216828602 
0.403539 62.37621869167 0.25451013513 
0.404045 62.23720445920 0.24750356393 
0.404551 62.44280850479 0.26323480962 
0.405058 62.17670267069 0.26799712549 
0.405564 62.14187086653 0.25893991414 
0.406071 62.02433023226 0.25409853699 
0.406577 62.43849043825 0.25974110800 
0.407083 61.96555003356 0.25662300898 
0.407590 61.86478944432 0.26111631561 
0.408096 62.38121934305 0.27289458833 
0.408602 62.14875657261 0.27799868600 
0.409109 62.13841840996 0.26195062605 
0.409615 61.92672991470 0.26528505889 
0.410121 62.59353279496 0.26610911914 
0.410628 62.03954438457 0.26109897070 
0.411134 61.91827549729 0.27309880288 
0.411641 62.17027312779 0.28225929461 
0.412147 62.04057943439 0.25986836727 
0.412653 61.93511240030 0.26987589674 
0.413160 62.01719658101 0.26498448390 
0.413666 61.83197522523 0.26543568850 
0.414172 61.90131433597 0.28436967632 
0.414679 61.99357656556 0.26511422451 
0.415185 61.87704688870 0.28741106063 
0.415691 61.82314749799 0.26863795283 
0.416198 61.85407807896 0.27522875475 
0.416704 61.76986824805 0.28368474081 
0.417210 62.14913351644 0.28405187078 
0.417717 61.60358043374 0.28761182793 
0.418223 61.83153359570 0.27265135145 
0.418729 61.35017372931 0.27938525746 
0.419236 61.89157474571 0.28507799405 
0.419742 61.65279488914 0.27502339638 
0.420248 61.59182074726 0.27336222536 
0.420755 62.10620142561 0.27523170638 
0.421261 61.44610947272 0.27272086420 
0.421767 61.44766705145 0.27562589322 
0.422274 62.32242360004 0.28185286807 
0.422780 61.70536367240 0.27952504073 
0.423286 61.60440274665 0.27842646640 
0.423793 61.75188286077 0.28334342784 
0.424299 61.18775149308 0.28953194752 
0.424805 61.83907521300 0.28141606980 
0.425312 61.21437300173 0.30146125624 
0.425818 61.69238588281 0.27938363525 
0.426324 61.75570908501 0.30508176176 
0.426831 61.62632768454 0.29937763718 
0.427337 61.95180809386 0.31552244526 
0.427843 61.56350372750 0.30041818285 
0.428350 61.92494725750 0.30393128525 
0.428856 61.47987327510 0.30357702326 
0.429362 61.73916620148 0.28779063673 
0.429869 61.23638400095 0.31403154603 
0.430375 61.74952988226 0.30928862055 
0.430881 61.33925791813 0.31835207592 
0.431388 61.93098523478 0.32461374450 
0.431894 61.81311515775 0.32546914744 
0.432400 61.84184637504 0.33135593569 
0.432907 61.45617404946 0.32365979055 
0.433413 61.74233378304 0.33182839243 
0.433919 61.12473192563 0.34310413215 
0.434425 61.53171645093 0.34159719493 
0.434932 61.52169765561 0.34249607757 
0.435438 61.88046339504 0.35391469804 
0.435944 62.20920339985 0.34794965437 
0.436451 61.80338765769 0.34610443253 
0.436957 61.66813492685 0.35397968544 
0.437463 61.44604785001 0.34825730741 
0.437970 61.26216882751 0.36949330492 
0.438476 61.20193743480 0.35724549472 
0.438982 61.35809569204 0.36317657194 
0.439489 61.36428441030 0.36831256036 
0.439995 61.39785832731 0.36879619541 
0.440501 61.47079072595 0.37896954768 
0.441007 61.56800007886 0.36891035874 
0.441514 60.73664954571 0.36546065201 
0.442020 61.26789720618 0.40269810061 
0.442526 61.09510516101 0.39291951834 
0.443033 60.76012074519 0.39830795472 
0.443539 61.16747834440 0.39716792540 
0.444045 61.83812383719 0.40705650766 
0.444551 61.25489254362 0.42794746377 
0.445058 61.42144772766 0.40709443578 
0.445564 61.07794479305 0.43353524977 
0.446070 60.49597284002 0.41966643535 
0.446577 60.50630947440 0.43125099340 
0.447083 60.72054687009 0.46431295522 
0.447589 60.85805128866 0.46306833580 
0.448095 60.58617833637 0.45315686879 
0.448602 59.99530367156 0.45642942909 
0.449108 60.83389565947 0.46383293252 
0.449614 60.63114082401 0.48617533013 
0.450121 60.59212543738 0.47616107588 
0.450627 59.98058086040 0.50061515240 
0.451133 60.49520952965 0.50564501311 
0.451639 60.87357271474 0.52346950758 
0.452146 59.74931002383 0.54022009166 
0.452652 60.75858441581 0.56213131203 
0.453158 60.47548969503 0.56278504974 
0.453664 59.86404148182 0.56652273859 
0.454171 60.50259597925 0.56679108157 
0.454677 59.67297429094 0.55866622982 
0.455183 60.32137679205 0.59470213485 
0.455689 60.16195928209 0.63028081287 
0.456196 60.21111047965 0.67515086758 
0.456702 60.59733170968 0.66097851087 
0.457208 60.76948615576 0.72080826406 
0.457714 59.63685175786 0.71996903416 
0.458221 60.87442650915 0.79440994268 
0.458727 58.75645251823 0.77180712989 
0.459233 60.21699063309 0.87523955134 
0.459740 59.89240712151 0.83598892102 
0.460246 60.72475153809 0.96268051755 
0.460752 60.44943453438 0.99390847218 
0.461258 59.65937171054 1.00086607443 
0.461765 59.63299687896 1.04689887931 
0.462271 60.83793858016 1.09906129985 
0.462777 60.02266281994 1.15674941296 
0.463283 60.55943526130 1.27289904011 
0.463789 59.76142244052 1.34529476798 
0.464296 60.45996245892 1.37854043546 
0.464802 60.87065042269 1.36385415279 
0.465308 59.74286573225 1.55568705979 
0.465814 59.42206308133 1.68837930533 
0.466321 61.08896389544 1.73509753141 
0.466827 60.02274172620 1.78383026179 
0.467333 59.84045215220 1.85389670368 
0.467839 60.37009440729 2.00801694910 
0.468346 59.20496553998 2.31217817290 
0.468852 59.56725659544 2.62203039657 
0.469358 59.52557456473 2.87461866241 
0.469864 57.03573996043 2.91553065933 
0.470371 62.01665986962 3.98533542372 
0.470877 59.73535311404 4.52576365651 
0.471383 56.44635694388 5.29379124537 
0.471889 54.73214296805 7.01409904677 
0.472395 57.88315329044 6.03265255183 
0.472902 53.05019651561 13.24800033643 
