0.010896 1347.47728265671 16.14367794543 
0.011402 1207.07284201197 12.07398652887 
0.011909 1073.62880561193 11.72411807963 
0.012416 984.81847767832 9.77149718797 
0.012923 885.23059933875 7.32291659339 
0.013430 831.23783397583 11.24970380377 
0.013936 782.14958771839 8.91227206326 
0.014443 731.21866130166 7.43458146408 
0.014950 678.23886672608 6.71619326927 
0.015457 624.37838564926 5.97006772265 
0.015963 581.72299636884 5.04129097815 
0.016470 541.73753099321 4.13723763151 
0.016977 506.96057610565 3.79224304550 
0.017484 471.49660606666 3.27319792221 
0.017990 447.53046585510 3.08643810322 
0.018497 424.26290241331 2.63374141641 
0.019004 402.50363237535 2.42765621890 
0.019511 377.89100949967 2.34110264899 
0.020018 362.51868312695 2.12945460507 
0.020524 345.90993671835 1.91150884218 
0.021031 326.68478737173 1.96095009257 
0.021538 314.25123577154 1.66880333615 
0.022045 301.66996916710 1.64702152460 
0.022551 288.94911996127 1.51721841873 
0.023058 277.42931354037 1.41743992115 
0.023565 267.57452773856 1.50360019185 
0.024072 260.53753033374 1.76486604684 
0.024579 250.75553823566 1.67136737100 
0.025085 242.49408593547 2.13259970331 
0.025592 236.93421911899 2.19765892379 
0.026099 228.99632189678 2.16065489330 
0.026606 222.98440736658 1.63182798414 
0.027112 219.19096633916 1.68104270371 
0.027619 212.15827794679 1.48895873353 
0.028126 207.59791409896 1.45880974602 
0.028633 203.05700226941 1.33477980104 
0.029139 197.91073880934 1.13954408170 
0.029646 192.88851513157 1.18018674328 
0.030153 190.80981569492 1.12323758367 
0.030660 185.94293077531 1.05810040168 
0.031167 182.56646498097 0.92404415881 
0.031673 179.97814129883 0.90839653136 
0.032180 175.73182255089 0.91857301628 
0.032687 172.71053248458 0.85957130221 
0.033194 170.82726831475 0.84858816893 
0.033700 167.40390234012 0.76391138579 
0.034207 165.91158616487 0.72981925702 
0.034714 161.48525661868 0.78808167532 
0.035221 161.41649276230 0.73031087964 
0.035727 157.86819858253 0.69130350844 
0.036234 156.01648991252 0.65410933585 
0.036741 155.15171829688 0.65289913857 
0.037248 152.22064462767 0.65470207970 
0.037755 151.03429453358 0.58168610233 
0.038261 148.67995371413 0.63118880705 
0.038768 147.83869702063 0.60629180765 
0.039275 146.73855017972 0.61528475042 
0.039782 144.09794424337 0.55409480834 
0.040288 142.91557824494 0.54336430898 
0.040795 141.45582068370 0.57922383762 
0.041302 140.42509017269 0.52828880026 
0.041809 139.07955694372 0.55796308043 
0.042315 137.76631191065 0.52726511346 
0.042822 135.76686633214 0.51519267463 
0.043329 135.39333663764 0.52182332901 
0.043836 134.77383026941 0.52591695229 
0.044343 133.37240155013 0.53332931382 
0.044849 132.04140980470 0.51780841928 
0.045356 131.44666374434 0.53027677758 
0.045863 130.96517844043 0.48979961526 
0.046370 128.96935292261 0.50958507849 
0.046876 128.56600932994 0.48697004410 
0.047383 127.10591079695 0.48838725181 
0.047890 125.95103295971 0.48349283947 
0.048397 126.12742299602 0.48878616754 
0.048903 125.17292618563 0.48767618890 
0.049410 124.70386809522 0.47554660106 
0.049917 123.42815024553 0.48433213448 
0.050424 122.49738196573 0.44049807268 
0.050931 122.18240561141 0.46643562670 
0.051437 120.88849168979 0.45312346165 
0.051944 120.22175479135 0.42923577217 
0.052451 117.95000300948 0.45255946310 
0.052958 118.80881074749 0.43137647944 
0.053464 117.70403203909 0.43708405580 
0.053971 117.70609972464 0.43516361920 
0.054478 116.24633255999 0.44434917545 
0.054985 116.61934904269 0.44250529108 
0.055491 115.32602178411 0.43633664476 
0.055998 114.50210655468 0.41990152473 
0.056505 114.46092149717 0.44197741173 
0.057012 113.91498115462 0.42772292730 
0.057519 112.45981409395 0.43845066846 
0.058025 112.60670163201 0.41961011482 
0.058532 111.63901406563 0.40973427038 
0.059039 111.56399184696 0.40207119449 
0.059546 110.48370528970 0.42246906598 
0.060052 110.30866692253 0.41006483234 
0.060559 109.69243378807 0.41351734884 
0.061066 110.08001249000 0.39056443099 
0.061573 109.01048534435 0.40193875225 
0.062079 108.78386267159 0.39646655700 
0.062586 108.41565378732 0.39547107369 
0.063093 107.61613039238 0.38154372422 
0.063600 107.72841162238 0.40639109586 
0.064106 107.09832890984 0.39094158298 
0.064613 106.03222889352 0.40364343446 
0.065120 105.73777474328 0.38768597621 
0.065627 105.39817281859 0.38975450568 
0.066134 105.50901760561 0.37594335642 
0.066640 105.00831674801 0.38049840762 
0.067147 104.33988876553 0.38026443619 
0.067654 104.03495153739 0.37805616978 
0.068161 104.00997991987 0.34866770480 
0.068667 103.16329106698 0.37239147013 
0.069174 103.24962113590 0.38285931626 
0.069681 102.64874032250 0.36890926638 
0.070188 102.39418722166 0.36228155738 
0.070694 101.84402524228 0.35302513236 
0.071201 101.74119659215 0.34222848111 
0.071708 101.67114576507 0.35237716407 
0.072215 100.72123806206 0.35529408589 
0.072721 100.74160940091 0.35574723370 
0.073228 100.22086567463 0.33825344005 
0.073735 100.48382994410 0.34804294302 
0.074242 100.34485703711 0.34834281965 
0.074748 99.74660123271 0.33133067302 
0.075255 98.94811380669 0.34127609547 
0.075762 99.48956274090 0.33944002297 
0.076269 99.16112527048 0.33412634274 
0.076776 99.29995109737 0.34781174817 
0.077282 98.83651189812 0.33983145113 
0.077789 98.39355932773 0.32532796776 
0.078296 98.55503640469 0.31506637115 
0.078803 97.72215428508 0.32334017707 
0.079309 97.88807599622 0.33316443860 
0.079816 97.76216899806 0.34276868869 
0.080323 97.31704906788 0.33000160819 
0.080830 97.76991640041 0.33508321608 
0.081336 97.83900823479 0.33684074863 
0.081843 97.04273463986 0.34132955434 
0.082350 96.20353548415 0.33079645426 
0.082857 96.52029886368 0.33168014147 
0.083363 96.69412818894 0.33709233775 
0.083870 96.54231169543 0.34117844991 
0.084377 96.34693017478 0.33488701622 
0.084884 96.10125179762 0.33954295581 
0.085390 95.40401453102 0.33335008684 
0.085897 96.19909489060 0.31245961504 
0.086404 95.72226078486 0.33713705284 
0.086911 94.84315787230 0.33427599221 
0.087417 94.90947893074 0.32869813449 
0.087924 94.66033131861 0.31726143509 
0.088431 94.62597973147 0.34297800305 
0.088938 94.83032734797 0.34107835862 
0.089444 94.74701213390 0.33470178407 
0.089951 94.38169805458 0.33365241282 
0.090458 94.51116985412 0.33483517475 
0.090965 94.05645254172 0.32350525677 
0.091471 94.27435222657 0.33959679141 
0.091978 93.85463398027 0.33069765984 
0.092485 92.95807646473 0.34974629738 
0.092992 93.27752305295 0.34265562021 
0.093498 93.63900712021 0.32736535743 
0.094005 92.31972488906 0.32852185775 
0.094512 92.47179344242 0.33998918253 
0.095019 93.29594543686 0.33246767074 
0.095525 92.82437688217 0.33551885168 
0.096032 92.63446879101 0.32703752025 
0.096539 92.20545044823 0.32558138264 
0.097046 92.41533926826 0.32826131082 
0.097552 91.99725124014 0.33580632135 
0.098059 91.82452879893 0.33096099476 
0.098566 91.85912426661 0.32108321911 
0.099073 92.06652462391 0.32426585475 
0.099579 91.43312529370 0.32032962338 
0.100086 91.32959766499 0.33246981373 
0.100593 91.47946479127 0.31757846437 
0.101100 91.36082496544 0.32153633969 
0.101606 91.16609426680 0.30509147704 
0.102113 90.23517218176 0.28534689858 
0.102620 89.97826911296 0.30805927248 
0.103127 89.89546196815 0.29789744813 
0.103633 89.00999899621 0.29571603476 
0.104140 88.79603966691 0.28949473534 
0.104647 88.38133387898 0.30362647200 
0.105154 88.80015667820 0.30156408610 
0.105660 88.88860274133 0.31667465467 
0.106167 88.49601561827 0.30858774594 
0.106674 88.10810746105 0.31367436792 
0.107181 88.24524080108 0.29682802076 
0.107687 88.12418581032 0.29696150177 
0.108194 87.89679824121 0.29628865913 
0.108701 88.00691853525 0.29143865915 
0.109208 87.74957436542 0.29781190301 
0.109714 87.73123428943 0.29243171569 
0.110221 87.60620653277 0.28299624077 
0.110728 87.80924252889 0.28423354114 
0.111235 87.43425423372 0.29646965798 
0.111741 87.48880023435 0.28366714250 
0.112248 87.28847597152 0.28164445389 
0.112755 87.06903681835 0.28585960293 
0.113262 87.59207318425 0.27153493458 
0.113768 86.83944227261 0.27719322144 
0.114275 87.08269970698 0.28021134649 
0.114782 86.63767472596 0.27401287136 
0.115289 86.62977893250 0.28697242942 
0.115795 86.94525743747 0.28692730663 
0.116302 86.69341372706 0.27841455220 
0.116809 86.19025237563 0.27111193359 
0.117316 86.73137770089 0.26742918473 
0.117822 86.18523057737 0.27876161612 
0.118329 86.52024122631 0.27825683729 
0.118836 85.89180164661 0.27160754472 
0.119342 86.08068568689 0.26603019915 
0.119849 86.06727450289 0.27364330742 
0.120356 85.78722300338 0.27181413992 
0.120863 85.29836031002 0.26163573805 
0.121369 85.17173903986 0.26387986177 
0.121876 85.60929789495 0.27842039261 
0.122383 85.64583471759 0.26324082569 
0.122890 85.58372018334 0.27028847350 
0.123396 85.46320704243 0.26932075049 
0.123903 84.97689498185 0.25509814422 
0.124410 85.16983854060 0.26617145680 
0.124917 85.46203880447 0.25781750752 
0.125423 85.15502276036 0.26212879474 
0.125930 84.81088587307 0.25696151598 
0.126437 85.15735799774 0.26256230737 
0.126944 85.17203652681 0.25587939822 
0.127450 84.75127940813 0.25814483334 
0.127957 84.55749752804 0.25935054427 
0.128464 84.57687761614 0.25329886216 
0.128970 84.57506917293 0.25089330078 
0.129477 84.57554612703 0.25365340457 
0.129984 84.08278563702 0.25448852747 
0.130491 84.57224780667 0.25499127773 
0.130997 83.92992396250 0.24671107732 
0.131504 83.67302352269 0.25486988738 
0.132011 84.45393280938 0.24665737622 
0.132518 84.35095241532 0.24698186317 
0.133024 84.00303996643 0.24735864532 
0.133531 83.92977000150 0.24548863909 
0.134038 84.07948211529 0.24457106864 
0.134545 83.75611174469 0.24199327127 
0.135051 83.91414732984 0.24497829722 
0.135558 83.55046626199 0.24919635654 
0.136065 83.37222938537 0.24111788876 
0.136571 83.78699694061 0.23946135152 
0.137078 83.68766030024 0.24796742956 
0.137585 83.42270875004 0.24544200633 
0.138092 83.23249164520 0.23983481337 
0.138598 83.39253317220 0.24263883625 
0.139105 82.92476226353 0.23677613426 
0.139612 83.26064265148 0.24214407824 
0.140119 82.83278364774 0.24514000744 
0.140625 83.15656360459 0.24230187830 
0.141132 82.66922661383 0.24153157987 
0.141639 82.90792980923 0.23826018787 
0.142145 82.64068457819 0.24450689470 
0.142652 82.50489561744 0.24359320641 
0.143159 82.28490310972 0.24237128573 
0.143666 82.65838117302 0.24307564390 
0.144172 82.23368946163 0.23981286464 
0.144679 82.14269937195 0.23528112268 
0.145186 82.37105063977 0.23864495553 
0.145692 82.42590953243 0.23922890720 
0.146199 82.22270783395 0.24839875103 
0.146706 81.99312455584 0.24487569039 
0.147213 81.72693151651 0.24673591981 
0.147719 81.79189842308 0.23484958749 
0.148226 81.77778239146 0.23720062073 
0.148733 81.46874372171 0.24472113644 
0.149240 81.57521710543 0.24538900247 
0.149746 81.46910922647 0.24508226049 
0.150253 81.48673291964 0.23917062667 
0.150760 81.23808567464 0.23706450131 
0.151266 80.94963799497 0.23698984411 
0.151773 81.33686815630 0.23716391895 
0.152280 81.13692645249 0.24221399135 
0.152787 81.00382074286 0.23915632556 
0.153293 80.84774111231 0.23059752485 
0.153800 80.96810484314 0.24581060438 
0.154307 80.61862206261 0.24968900692 
0.154813 80.43117495126 0.24346258106 
0.155320 80.97711690250 0.23926937732 
0.155827 80.49557152964 0.23383632043 
0.156334 80.52799949651 0.23554363757 
0.156840 79.98318453113 0.23798545290 
0.157347 80.05992994229 0.23312049032 
0.157854 80.26862407005 0.23288962501 
0.158360 80.22904046747 0.23638438017 
0.158867 80.28390795186 0.23395971376 
0.159374 80.13652377776 0.23939177925 
0.159881 79.98662360954 0.23533154117 
0.160387 79.66143646373 0.23185936259 
0.160894 79.68296071522 0.23528987993 
0.161401 79.93149574723 0.23318522949 
0.161907 79.82435894336 0.23214969375 
0.162414 79.35575665144 0.23397001004 
0.162921 79.63195112160 0.22853148162 
0.163427 79.32559144939 0.23258247258 
0.163934 79.49000212166 0.23499516673 
0.164441 79.50238079799 0.23211827357 
0.164948 79.18616058304 0.23162748570 
0.165454 79.07727402653 0.22674502139 
0.165961 78.97127520684 0.22874383971 
0.166468 79.34349173500 0.23205543207 
0.166974 79.10637854475 0.22653500423 
0.167481 78.54768101333 0.22696898085 
0.167988 78.85835799409 0.22751075529 
0.168495 79.15769564826 0.23138366897 
0.169001 79.17526991868 0.23438519432 
0.169508 79.25773101428 0.23159001716 
0.170015 79.12793895550 0.23597941196 
0.170521 78.93124223121 0.23166533659 
0.171028 79.16086291299 0.23362377806 
0.171535 79.41037918161 0.23553393569 
0.172041 79.16562931061 0.23513143847 
0.172548 78.71026060497 0.23432592643 
0.173055 78.95121060614 0.23620047519 
0.173562 79.33612964157 0.23236961157 
0.174068 79.06083274700 0.23384542573 
0.174575 78.77074165908 0.23679145280 
0.175082 78.92375341774 0.23607643046 
0.175588 78.82387385880 0.23734343273 
0.176095 78.63614935475 0.23591898120 
0.176602 78.93009787647 0.23856921643 
0.177108 78.72185562783 0.23903803766 
0.177615 78.64147589436 0.23169552713 
0.178122 78.50756177811 0.23665169870 
0.178629 78.86159309346 0.23516670665 
0.179135 78.55642763574 0.23932676797 
0.179642 78.34087298941 0.23546108680 
0.180149 78.05936715447 0.23329065128 
0.180655 78.53870154431 0.23295553167 
0.181162 78.62584581455 0.23489768292 
0.181669 78.49286875043 0.23663605568 
0.182175 78.94582900026 0.24179403134 
0.182682 78.95994341217 0.24280203764 
0.183189 78.86574518227 0.24549445618 
0.183695 78.48464853657 0.24151598129 
0.184202 78.23301282497 0.24232088849 
0.184709 78.52864847915 0.24209304820 
0.185216 78.23692715258 0.24040975682 
0.185722 78.01431265334 0.24655389651 
0.186229 78.02491850222 0.24615036221 
0.186736 78.19011601808 0.24636608306 
0.187242 77.94853578923 0.24322897290 
0.187749 78.33087287895 0.24198533543 
0.188256 77.93182615159 0.24319477865 
0.188762 77.81050692717 0.24103068721 
0.189269 77.38656678145 0.24912542740 
0.189776 77.80586649235 0.24634008843 
0.190282 77.52492844689 0.25257972415 
0.190789 77.49419672341 0.24692863049 
0.191296 77.48478053732 0.24972777679 
0.191802 77.43713808056 0.24040229065 
0.192309 77.13294934600 0.24142816516 
0.192816 76.96707706995 0.23887578161 
0.193323 76.86158946388 0.23672488108 
0.193829 76.70347789384 0.23615854169 
0.194336 76.92690751457 0.23975147175 
0.194843 76.24336130785 0.23528079274 
0.195349 76.42371723451 0.23239470089 
0.195856 76.38704708937 0.23322229284 
0.196363 76.33644280896 0.23173869066 
0.196869 76.23713353873 0.23319155704 
0.197376 76.02323949761 0.22819105067 
0.197883 76.10555107413 0.23097799559 
0.198389 76.36828987176 0.22616754033 
0.198896 76.01181110023 0.22007366107 
0.199403 76.32398240553 0.22745355373 
0.199909 75.64583589985 0.22265772286 
0.200416 76.03316242069 0.22470332042 
0.200923 75.91496527775 0.22614577617 
0.201429 75.81092810780 0.22157558041 
0.201936 75.60787974349 0.22383795290 
0.202443 75.78483757251 0.22448670472 
0.202949 75.88580689485 0.22315355613 
0.203456 75.61378965532 0.21732134885 
0.203963 75.49575860429 0.21626889259 
0.204469 75.22839810468 0.21719303529 
0.204976 75.74471760616 0.21774762550 
0.205483 75.46072899382 0.21888216791 
0.205989 75.53844141554 0.21810698841 
0.206496 75.33703192177 0.21758479945 
0.207003 75.56912512163 0.21572846503 
0.207509 75.55942209729 0.21843837364 
0.208016 75.14210469295 0.21213127872 
0.208523 75.04212636513 0.20802351415 
0.209029 75.20766534050 0.21333653471 
0.209536 74.92974580174 0.21219359008 
0.210043 75.21694754036 0.21351758531 
0.210549 74.87898100512 0.21128124045 
0.211056 75.19343601303 0.21034307143 
0.211563 75.17261920727 0.20807957133 
0.212069 74.82679124971 0.21030227578 
0.212576 75.01422729831 0.21041040945 
0.213083 74.91445282686 0.20796883628 
0.213589 74.97842509704 0.21350964116 
0.214096 74.61820210019 0.20694558632 
0.214603 74.63861449886 0.20946019929 
0.215109 74.66531413064 0.20322651782 
0.215616 74.80695352183 0.20952557730 
0.216123 74.43837972414 0.20436627626 
0.216629 74.53239164534 0.20833991520 
0.217136 74.34147236397 0.20781305330 
0.217643 74.05216871508 0.20861993658 
0.218149 73.89076517139 0.21245275996 
0.218656 74.08811342017 0.20176086246 
0.219163 74.17582688900 0.20443251699 
0.219669 73.94346940111 0.20706823789 
0.220176 74.10201309318 0.20519304763 
0.220683 73.95259905439 0.20227563116 
0.221189 73.92198771764 0.20206081453 
0.221696 73.94611080634 0.20503365409 
0.222203 73.94228580187 0.20217022894 
0.222709 74.02036733140 0.20421161067 
0.223216 73.77871554824 0.20204767174 
0.223722 73.67905571895 0.20042728468 
0.224229 73.56403837407 0.20614643417 
0.224736 73.68963421738 0.20362136769 
0.225242 73.75903943269 0.20372006917 
0.225749 73.56138045690 0.20348139134 
0.226256 73.32871447582 0.20085297765 
0.226762 73.73341491067 0.20522460415 
0.227269 73.41986777442 0.20483013536 
0.227776 73.47642308319 0.20325607314 
0.228282 73.24979947185 0.20325421932 
0.228789 73.30244094043 0.20115418141 
0.229296 73.37791849224 0.20255862864 
0.229802 73.35941069328 0.19749394335 
0.230309 73.09201339085 0.19768869837 
0.230816 73.32292588820 0.20117879791 
0.231322 72.95934628683 0.20393760258 
0.231829 73.21215236017 0.19959941414 
0.232335 73.08948388918 0.20106661529 
0.232842 72.89238117417 0.19881905066 
0.233349 72.71141030369 0.20079701455 
0.233855 72.69388417321 0.19941187910 
0.234362 73.01593943439 0.20311144360 
0.234869 72.74520903899 0.19959614435 
0.235375 72.47291444623 0.19904209923 
0.235882 72.74830600959 0.19865835314 
0.236389 72.66698589702 0.19876101042 
0.236895 72.59511889311 0.19806337468 
0.237402 72.35029683479 0.19569554774 
0.237908 72.32179212408 0.19334309690 
0.238415 72.41035128838 0.19986884255 
0.238922 72.41364870236 0.19817650334 
0.239428 72.34919850207 0.19880636056 
0.239935 72.20188960004 0.20371817153 
0.240442 72.38859916607 0.20171033938 
0.240948 72.07395943013 0.20108235285 
0.241455 72.24863387881 0.19790490026 
0.241962 71.91385641512 0.19744483968 
0.242468 72.03974915347 0.20119286442 
0.242975 72.02436931645 0.19858968016 
0.243481 72.11143379294 0.19767040975 
0.243988 71.77544550872 0.19908202205 
0.244495 71.79632949264 0.20217100092 
0.245001 71.71307300854 0.19929590548 
0.245508 71.78051491244 0.19565514174 
0.246015 71.72474472641 0.19801278090 
0.246521 71.80342481247 0.19566581237 
0.247028 71.37406642755 0.19883383561 
0.247534 71.58111143228 0.19800549664 
0.248041 71.56096166574 0.19588274719 
0.248548 71.46741323925 0.19957619565 
0.249054 71.84657692905 0.19963992521 
0.249561 71.27807793792 0.20097013484 
0.250068 71.46894787964 0.19919772964 
0.250574 71.28645669162 0.19756301203 
0.251081 71.20941319511 0.19818373040 
0.251587 71.33849986024 0.19984287252 
0.252094 71.19025331235 0.19680146815 
0.252601 71.23980751575 0.19899595252 
0.253107 71.04043701387 0.19904412530 
0.253614 70.89693350001 0.19866102923 
0.254120 71.22340760879 0.19886641135 
0.254627 70.94838592084 0.19408428211 
0.255134 71.10479095518 0.19407730522 
0.255640 70.74950154519 0.19568125179 
0.256147 70.94271150462 0.19605833372 
0.256654 70.59601941830 0.19739139896 
0.257160 71.48306553885 0.19674398120 
0.257667 71.30629792306 0.19388936444 
0.258173 71.33164005251 0.19593284778 
0.258680 71.69915537347 0.19639340471 
0.259187 71.59855617035 0.19336817698 
0.259693 71.35480966952 0.19745958963 
0.260200 71.67053649217 0.19504136144 
0.260706 71.60694573022 0.19296984136 
0.261213 71.66214240271 0.19106764921 
0.261720 71.39207489133 0.19380756359 
0.262226 71.47431218431 0.19206586672 
0.262733 71.89060199784 0.19594267298 
0.263239 71.56594028134 0.19476734462 
0.263746 71.59342492844 0.19480018086 
0.264253 71.45423013138 0.19148001843 
0.264759 71.94046676381 0.19514935113 
0.265266 71.87826486125 0.19634336624 
0.265772 71.71211471466 0.19248446937 
0.266279 71.87822916592 0.19032370986 
0.266786 71.61808208297 0.19261878940 
0.267292 71.52795618859 0.19046817558 
0.267799 71.51826275316 0.19251663847 
0.268305 71.72378502723 0.19086891817 
0.268812 71.60992570650 0.19071389218 
0.269319 71.67411545588 0.19061784820 
0.269825 71.92780487854 0.18872417715 
0.270332 71.57454212710 0.19020425021 
0.270838 71.99721316595 0.19033328230 
0.271345 72.28826901060 0.19388156489 
0.271852 72.08265229137 0.19048130918 
0.272358 72.27815824876 0.19504224907 
0.272865 72.07196688199 0.19320344246 
0.273371 72.38266909601 0.19187741223 
0.273878 72.14053111495 0.19486376882 
0.274385 72.25512502907 0.19230469259 
0.274891 72.37859733011 0.19456061087 
0.275398 72.32246795274 0.18899255793 
0.275904 72.34122228363 0.19013051579 
0.276411 72.49349506258 0.18937724317 
0.276917 72.37276381966 0.18503870461 
0.277424 72.31590575607 0.18445700731 
0.277931 72.09295680227 0.18693009021 
0.278437 71.79962642339 0.18048056347 
0.278944 71.92963313598 0.18428848088 
0.279450 72.44524506286 0.18653843860 
0.279957 72.14837536887 0.18172302396 
0.280464 72.10978708616 0.18134932933 
0.280970 71.83614343638 0.18234569438 
0.281477 72.02455315706 0.18031518379 
0.281983 72.37554236971 0.17816864025 
0.282490 72.23507217174 0.17997568188 
0.282996 72.15576190936 0.18148588091 
0.283503 72.30796441652 0.18026413041 
0.284010 71.98998650090 0.18053730459 
0.284516 71.90549455215 0.18073351036 
0.285023 71.60054227115 0.17814165509 
0.285529 71.86492121745 0.17419226793 
0.286036 71.69968617706 0.17610705409 
0.286542 71.97693303576 0.17221929681 
0.287049 71.54908797053 0.17345136256 
0.287556 71.25544419380 0.17386902406 
0.288062 71.33355385851 0.17263592712 
0.288569 71.62387857493 0.17179121069 
0.289075 71.31031611829 0.16995678873 
0.289582 71.28401009903 0.17330886974 
0.290088 71.20838605964 0.17188300925 
0.290595 71.55475326179 0.16877329292 
0.291102 71.31746794978 0.16824623279 
0.291608 71.58819471642 0.16917609283 
0.292115 71.47514421507 0.16673880209 
0.292621 71.22589973309 0.16565541676 
0.293128 71.29067111751 0.16504443417 
0.293634 71.24273647577 0.16391813545 
0.294141 71.06744968010 0.16444524748 
0.294647 71.09227444521 0.16558282246 
0.295154 70.96910870960 0.16718780536 
0.295661 70.81382201879 0.16490523165 
0.296167 71.10498602053 0.16677287584 
0.296674 70.71066473223 0.16603398169 
0.297180 70.69715642489 0.16428067523 
0.297687 70.81333087837 0.16372677110 
0.298193 70.53744604752 0.16382126228 
0.298700 70.94293380792 0.16549893143 
0.299207 70.57012970171 0.16682472058 
0.299713 70.59760155690 0.16508342517 
0.300220 70.82137444413 0.16484046876 
0.300726 70.25177179220 0.16193590026 
0.301233 70.54282322938 0.16460757214 
0.301739 70.52754704742 0.16553896841 
0.302246 70.24417303789 0.16502202893 
0.302752 70.18838554344 0.16017416703 
0.303259 70.24283175569 0.16101444381 
0.303765 70.16869987297 0.16043676162 
0.304272 70.38454950506 0.15871856889 
0.304779 70.11532269262 0.15998782013 
0.305285 69.94359235196 0.16060886858 
0.305792 70.15070532922 0.16082723984 
0.306298 70.30011067303 0.15877592530 
0.306805 70.14131328511 0.16200348087 
0.307311 69.91026153571 0.15598674115 
0.307818 70.02242482351 0.15958730097 
0.308324 69.91892441012 0.15620091434 
0.308831 69.62071765556 0.15370357056 
0.309337 69.48504127265 0.15616196037 
0.309844 69.27265442099 0.15366121194 
0.310350 69.35282606011 0.15459150945 
0.310857 68.89359813474 0.15390909908 
0.311364 68.75594491122 0.15083188734 
0.311870 68.55793669037 0.14799157194 
0.312377 68.41201562016 0.14885597892 
0.312883 68.32280625304 0.14763432215 
0.313390 67.81569261381 0.14529206940 
0.313896 67.86296242115 0.14836233481 
0.314403 67.68223490770 0.14272554175 
0.314909 67.53420534890 0.14468482472 
0.315416 67.33980387276 0.14522392533 
0.315922 67.56908915061 0.14259269154 
0.316429 67.30719476062 0.14238104922 
0.316935 67.39003253573 0.14235448843 
0.317442 67.04513503244 0.13885284308 
0.317948 67.23145633072 0.14098102863 
0.318455 67.26827167776 0.14429168126 
0.318961 66.89334196823 0.14328224709 
0.319468 66.71255887877 0.14098987014 
0.319975 67.09741068901 0.14102919509 
0.320481 66.90480639509 0.13948309676 
0.320988 66.86713305200 0.14150390903 
0.321494 66.84518357080 0.13985089910 
0.322001 66.57294833977 0.15190426319 
0.322507 66.77270619324 0.13878805994 
0.323014 66.84730574053 0.14251336640 
0.323520 66.70407634030 0.14011350898 
0.324027 66.48563438388 0.14193799072 
0.324533 66.49960764383 0.14075912185 
0.325040 66.38928858796 0.14197769676 
0.325546 66.39719873224 0.14114814171 
0.326053 66.30122314308 0.14036107371 
0.326559 66.21959693794 0.13730136851 
0.327066 66.17231435601 0.13396103076 
0.327572 66.42022293545 0.13735929019 
0.328079 66.30638756557 0.13968631850 
0.328585 66.04372839909 0.14128215987 
0.329092 66.08967381410 0.13866883924 
0.329598 66.08837702422 0.13871994178 
0.330105 65.92072180870 0.13866299257 
0.330611 66.12418523374 0.13786493932 
0.331118 65.86951678787 0.13524042663 
0.331624 65.99633323004 0.13720125413 
0.332131 66.11464798721 0.13714365040 
0.332637 66.10027622432 0.13989483315 
0.333144 65.89247311166 0.14018009738 
0.333650 65.93022007190 0.13778313318 
0.334157 65.90575040320 0.13543625387 
0.334663 65.69382909658 0.14016460838 
0.335170 65.64747507573 0.13736352676 
0.335676 65.53228292310 0.13838592164 
0.336183 65.94184148425 0.13730008675 
0.336689 65.51828180585 0.13986871144 
0.337196 65.53136974219 0.14019522320 
0.337702 65.80705769787 0.13885812099 
0.338209 65.51464273524 0.13912620210 
0.338715 65.77083017934 0.13828190816 
0.339222 65.36950074223 0.13804858574 
0.339728 65.52763185943 0.13921570620 
0.340235 65.24160384205 0.20651019642 
0.340741 65.16601762449 0.13974263656 
0.341248 65.28628550288 0.13729162029 
0.341754 65.11819614741 0.13759922929 
0.342261 64.96195364549 0.13949027234 
0.342767 65.32628889304 0.13773155702 
0.343274 65.32543274019 0.13845001062 
0.343780 65.22042620939 0.14032380827 
0.344287 65.14488813620 0.14038233983 
0.344793 65.01350155787 0.13888939268 
0.345300 65.16373278966 0.14061232538 
0.345806 65.09228082958 0.14043829745 
0.346313 65.07889055992 0.14166933847 
0.346819 64.99062380182 0.14084334388 
0.347325 64.92757295174 0.14388892135 
0.347832 64.84178392579 0.14206134838 
0.348338 64.82031918786 0.14429046236 
0.348845 64.90108591392 0.14653862939 
0.349351 64.88253230221 0.14802636735 
0.349858 65.05848316315 0.14889519174 
0.350364 64.51137506753 0.14566500868 
0.350871 64.74468084166 0.14846053714 
0.351377 64.84010703469 0.14630213635 
0.351884 64.68161234781 0.14871964254 
0.352390 64.68483405325 0.14961003591 
0.352897 64.56366131335 0.15065238713 
0.353403 64.44537721493 0.14964257359 
0.353910 64.21823117994 0.14593712975 
0.354416 64.36004381096 0.15248671082 
0.354923 64.00914836738 0.15371074373 
0.355429 64.00759310515 0.15328832688 
0.355935 64.31736613413 0.15139186266 
0.356442 64.00493136953 0.15392373749 
0.356948 64.18440389726 0.15238485498 
0.357455 63.93722815576 0.15488021787 
0.357961 64.01677938162 0.15463192820 
0.358468 64.08333888827 0.15393876840 
0.358974 63.84168145272 0.22081165734 
0.359481 63.98041270403 0.20306408428 
0.359987 64.02570688770 0.20212989819 
0.360494 63.83580422849 0.19070192168 
0.361000 63.76520433836 0.19005316145 
0.361506 64.05700567341 0.18642017208 
0.362013 63.75288269681 0.18814807529 
0.362519 63.78840169852 0.18375542297 
0.363026 63.93303219734 0.18596061453 
0.363532 63.67346035698 0.18699360343 
0.364039 63.80609564066 0.18264171588 
0.364545 63.59603139012 0.18096848858 
0.365052 63.78034532435 0.18531104405 
0.365558 63.95949365643 0.18432219459 
0.366064 63.57503724578 0.18133733439 
0.366571 63.82548669501 0.18218954084 
0.367077 63.74490366709 0.18684872279 
0.367584 63.75153503396 0.18481295104 
0.368090 63.45313160692 0.18546178760 
0.368597 63.74072737128 0.18860660536 
0.369103 63.49270386239 0.18936771872 
0.369610 63.52853628246 0.19064594299 
0.370116 63.61240511902 0.18777885419 
0.370622 63.96835616803 0.19006800496 
0.371129 64.05086951581 0.19633974831 
0.371635 63.58026374300 0.19160315145 
0.372142 63.34924352093 0.19293343413 
0.372648 63.53958883138 0.19012870492 
0.373155 63.49227798194 0.19419565329 
0.373661 63.65387738068 0.19025544627 
0.374167 63.42990573561 0.19516533789 
0.374674 63.33087090477 0.19619471023 
0.375180 63.41162947945 0.19967902613 
0.375687 63.65900021568 0.19544870353 
0.376193 63.43041489821 0.20045452191 
0.376700 63.57490138555 0.20213373929 
0.377206 63.52508636374 0.20165695762 
0.377712 63.54399945362 0.20066793082 
0.378219 63.51926645388 0.20410965919 
0.378725 63.30823370049 0.20539055752 
0.379232 63.45264502979 0.20623443194 
0.379738 63.13828624237 0.20425737672 
0.380245 63.59044586723 0.20690324151 
0.380751 63.75985717457 0.20954073935 
0.381257 63.00634065062 0.20558381957 
0.381764 63.11459933498 0.21004399658 
0.382270 63.41352827413 0.20558544897 
0.382777 62.73185223044 0.20482607042 
0.383283 63.18867417609 0.20527290456 
0.383789 63.19843672377 0.20778863160 
0.384296 63.25739188188 0.20846087766 
0.384802 63.34769515722 0.20995100184 
0.385309 62.98508962996 0.21115137506 
0.385815 63.43588844313 0.21778935746 
0.386321 62.97420579639 0.21923560927 
0.386828 63.04037799310 0.21742498438 
0.387334 63.15398340247 0.21434716916 
0.387841 62.80340429530 0.21252275452 
0.388347 63.09274796240 0.21079042753 
0.388853 62.46578855383 0.21091238859 
0.389360 62.69221379189 0.21841585099 
0.389866 63.15543121745 0.21623019209 
0.390373 62.66691870166 0.21764191190 
0.390879 62.98692324179 0.21661959837 
0.391385 62.87859739711 0.22047081919 
0.391892 62.85160319213 0.21816936588 
0.392398 62.54664591865 0.21567636157 
0.392905 62.65986104199 0.22366747301 
0.393411 62.64826574302 0.21679440474 
0.393917 63.24444285393 0.22309131875 
0.394424 62.83632205577 0.22387105928 
0.394930 62.98825764880 0.22825980215 
0.395437 62.78395564470 0.22548554311 
0.395943 62.70777458418 0.22276963840 
0.396449 62.60795038670 0.26467355609 
0.396956 62.17764543534 0.22654224455 
0.397462 62.68888962608 0.23213895410 
0.397969 62.51588245465 0.23380684525 
0.398475 62.28041763286 0.23502831293 
0.398981 62.78021612427 0.23688270954 
0.399488 62.69744747593 0.23408863716 
0.399994 62.26453110757 0.23976030813 
0.400500 62.32561309890 0.24037317852 
0.401007 62.47683097428 0.23583878792 
0.401513 62.75082485648 0.23987433929 
0.402020 62.45458529235 0.25134257174 
0.402526 62.55695091207 0.24293492655 
0.403032 62.97689067757 0.24673024296 
0.403539 62.31514255138 0.24981281159 
0.404045 62.10498369080 0.25174008749 
0.404551 62.25621724771 0.26908065508 
0.405058 62.35651082176 0.26915768862 
0.405564 62.15771236305 0.25609544186 
0.406071 62.29499735558 0.25261151058 
0.406577 62.11551384108 0.25536606616 
0.407083 62.12296405052 0.26464483052 
0.407590 62.16179254688 0.26532488147 
0.408096 61.81686154488 0.27158443360 
0.408602 62.26405789498 0.27624523924 
0.409109 62.03546150936 0.25910982132 
0.409615 61.99627367345 0.26959792511 
0.410121 62.13311204068 0.26100609257 
0.410628 62.31210620598 0.26428523320 
0.411134 62.07754002688 0.26418113661 
0.411641 61.69408018344 0.26614847876 
0.412147 62.37896225750 0.26222645996 
0.412653 61.85661740683 0.26757292154 
0.413160 62.00739205663 0.25917583932 
0.413666 61.93244296917 0.26819156706 
0.414172 62.29267556074 0.27834107696 
0.414679 61.98955198971 0.27105171015 
0.415185 62.00935934640 0.28862866353 
0.415691 61.91695921655 0.27060765830 
0.416198 62.06420037089 0.27472718665 
0.416704 62.04941009034 0.29005309573 
0.417210 62.26108053447 0.27843227246 
0.417717 62.17504624887 0.29161843504 
0.418223 62.17202692742 0.27574359830 
0.418729 61.72536538433 0.28518692928 
0.419236 61.61494573227 0.28158992542 
0.419742 61.92866781956 0.26362986272 
0.420248 61.83433660130 0.26908340106 
0.420755 61.54857198693 0.28278774597 
0.421261 61.88799058025 0.27107383332 
0.421767 61.70274043194 0.28160269975 
0.422274 61.67053664058 0.28634133568 
0.422780 62.16850451965 0.28089103913 
0.423286 61.92653720569 0.29008427452 
0.423793 61.66127987397 0.26932198127 
0.424299 62.03305365063 0.28870822481 
0.424805 61.92823564330 0.28391582182 
0.425312 61.86154284726 0.29821387314 
0.425818 61.65621877969 0.29197937785 
0.426324 61.77556276612 0.30072600611 
0.426831 62.16788017114 0.29556223748 
0.427337 61.89611034071 0.31678745054 
0.427843 61.93930830432 0.29513073113 
0.428350 61.64761668687 0.30353403843 
0.428856 61.61437490652 0.30296156111 
0.429362 61.81711276365 0.30557062474 
0.429869 61.70581304148 0.31531451654 
0.430375 61.36104208368 0.31281890823 
0.430881 61.03367763608 0.31354363385 
0.431388 61.62899966159 0.31864011824 
0.431894 61.21766626157 0.31111924588 
0.432400 61.44141742432 0.33401591659 
0.432907 62.09348638047 0.33120481381 
0.433413 62.08824205948 0.33857277547 
0.433919 61.05160483017 0.32584729267 
0.434425 61.40530523800 0.32694848696 
0.434932 61.94000135918 0.34201579988 
0.435438 61.93023718125 0.35482537331 
0.435944 61.60157793944 0.33799486984 
0.436451 61.18861791028 0.35407967029 
0.436957 61.71864992633 0.35551821509 
0.437463 60.98548777786 0.37410008333 
0.437970 61.30213161899 0.35495559775 
0.438476 60.88507643694 0.35614316738 
0.438982 61.20209962753 0.36448728989 
0.439489 61.23388045826 0.36664425437 
0.439995 60.95518201391 0.35258122035 
0.440501 61.46349053372 0.37247060433 
0.441007 61.59668865859 0.38190834419 
0.441514 61.10096573867 0.37519699730 
0.442020 61.67329341441 0.39455478031 
0.442526 61.68970842482 0.40896620145 
0.443033 61.52121619400 0.39134433007 
0.443539 61.40401502807 0.41450690154 
0.444045 61.14149089389 0.40698672586 
0.444551 60.86786040415 0.40597678059 
0.445058 60.52333538343 0.41328444470 
0.445564 60.41067238027 0.43425340971 
0.446070 60.75821585350 0.43829235541 
0.446577 60.78739764336 0.42641513799 
0.447083 60.25187003467 0.45698540131 
0.447589 60.64989720659 0.44449340949 
0.448095 60.02812587258 0.45627938108 
0.448602 60.73309266636 0.48119375310 
0.449108 61.13485420754 0.48858909033 
0.449614 60.98231058692 0.46549359092 
0.450121 60.28208599096 0.49467549526 
0.450627 60.56918848551 0.49930497681 
0.451133 61.02721774641 0.49804581723 
0.451639 60.58640881662 0.52402936261 
0.452146 59.97707561820 0.54270319600 
0.452652 60.86951956164 0.54490729517 
0.453158 61.11788008658 0.57683563080 
0.453664 59.95252573101 0.56653784355 
0.454171 60.00666746700 0.58032857127 
0.454677 59.89712959717 0.59391381344 
0.455183 60.73159788918 0.61581639044 
0.455689 60.70942967494 0.67747509168 
0.456196 60.19875570315 0.65337552556 
0.456702 60.00322105309 0.65764709881 
0.457208 60.33577808806 0.70383440766 
0.457714 59.50772802100 0.74736031587 
0.458221 60.06154137090 0.76691826477 
0.458727 59.95367197135 0.79683199451 
0.459233 60.11231080357 0.85259759899 
0.459740 60.46489769244 0.84211839581 
0.460246 59.60335354424 0.83233574561 
0.460752 60.58048003413 0.98085482170 
0.461258 60.15511948143 0.98927543705 
0.461765 61.18925303240 1.03745143594 
0.462271 60.21821035497 1.03874169400 
0.462777 59.88755306837 1.19072490095 
0.463283 58.70178563463 1.20517647193 
0.463789 60.47220958646 1.35378469521 
0.464296 61.10246506561 1.37054753873 
0.464802 62.44185974479 1.42426004846 
0.465308 59.55592014199 1.50226168104 
0.465814 61.20879268844 1.69988547123 
0.466321 60.76677210779 1.75549603782 
0.466827 59.62279148280 1.91654120764 
0.467333 59.53167436839 1.95402543028 
0.467839 61.15024806284 1.98704397879 
0.468346 57.80984591128 2.28093232333 
0.468852 58.49397023223 2.57593133807 
0.469358 59.75818770528 2.99935535908 
0.469864 58.37193032885 2.98850108877 
0.470371 58.77984891071 3.80192966435 
0.470877 57.65990586468 4.38145794083 
0.471383 60.11398895437 5.60377416110 
0.471889 54.49483229506 7.05600727721 
0.472395 53.16069720101 5.73109845373 
0.472902 54.21751529537 12.79750937870 
