0.010896 1362.04422940435 10.72066732142 
0.011402 1219.04937397297 12.73377231958 
0.011909 1085.28309462031 11.47561652324 
0.012416 976.63247439716 9.59768739242 
0.012923 896.82666770852 8.50652180909 
0.013430 828.63607018650 11.35448782932 
0.013936 789.54316575154 8.94915308242 
0.014443 734.41256742353 6.92627799953 
0.014950 680.84830460771 6.33411290608 
0.015457 629.56324266356 5.31340090892 
0.015963 583.26599085998 4.91371773365 
0.016470 543.52361457946 4.10587360401 
0.016977 510.77227645600 3.85559433086 
0.017484 477.19020613357 3.37376310692 
0.017990 447.45352726860 3.04732455501 
0.018497 426.88838356217 2.79022425190 
0.019004 402.26457486275 2.49790025209 
0.019511 381.99572573592 2.39242032912 
0.020018 363.50849797663 2.26073141542 
0.020524 344.30272803377 2.01251080437 
0.021031 330.56103600639 1.84906102230 
0.021538 316.00069331909 1.67902162539 
0.022045 301.86094837859 1.69490780769 
0.022551 290.66265032149 1.62877709838 
0.023058 279.15755079166 1.49926566126 
0.023565 268.89391333516 1.55802367380 
0.024072 262.40442684672 1.68263049463 
0.024579 253.04379200581 1.74962194155 
0.025085 244.17998674125 2.15730719234 
0.025592 235.43514789137 2.09428336752 
0.026099 230.35605958664 2.07746614490 
0.026606 224.53092865988 1.69604301684 
0.027112 219.72867599323 1.70355185601 
0.027619 212.52680283845 1.58586973043 
0.028126 207.08663142779 1.46721833906 
0.028633 203.22047593633 1.31733064119 
0.029139 197.69966015340 1.23621987992 
0.029646 193.34117500999 1.16612306326 
0.030153 189.46393944724 1.10740501538 
0.030660 187.52893954374 1.05576733532 
0.031167 183.46455940130 0.93859991062 
0.031673 178.16206356932 0.99766120910 
0.032180 176.03613116938 0.89793628248 
0.032687 172.14022766368 0.91430897940 
0.033194 169.38526996418 0.82215204340 
0.033700 167.63442448224 0.80102712779 
0.034207 166.25131731096 0.74733359583 
0.034714 161.93309994940 0.78982268288 
0.035221 160.85379854011 0.75249708641 
0.035727 158.58620325295 0.70609939691 
0.036234 155.76036708176 0.67232393564 
0.036741 153.60249923741 0.67495664829 
0.037248 152.81634186736 0.62368234171 
0.037755 149.86235182650 0.62255646257 
0.038261 148.25994858143 0.60955548084 
0.038768 147.90893592398 0.61455920941 
0.039275 145.24349827535 0.57812933748 
0.039782 144.09317500241 0.55999623213 
0.040288 142.25520763790 0.53847103313 
0.040795 141.77086946881 0.56395000322 
0.041302 139.36011978091 0.56833539176 
0.041809 138.02902051173 0.59052676637 
0.042315 137.63059914198 0.54987371274 
0.042822 136.10410894368 0.54795094726 
0.043329 134.79152396326 0.54734590060 
0.043836 133.83131273368 0.53979975229 
0.044343 133.05678862930 0.53168566910 
0.044849 131.43422661405 0.53424412854 
0.045356 130.72584670059 0.52112782562 
0.045863 129.30529380243 0.53006236063 
0.046370 128.45526595091 0.50459591730 
0.046876 127.86117747706 0.50056753495 
0.047383 126.97631932024 0.50195225705 
0.047890 125.21349177599 0.48387140564 
0.048397 125.47494220945 0.47513845609 
0.048903 123.93545839773 0.48339673236 
0.049410 123.57392532055 0.48936680218 
0.049917 122.10082384296 0.49215903915 
0.050424 121.99326037576 0.47614789721 
0.050931 120.66913584157 0.46303619539 
0.051437 121.54898939122 0.45199963033 
0.051944 119.31493254501 0.43584327481 
0.052451 119.31497463026 0.45754511925 
0.052958 117.87845358344 0.42696621663 
0.053464 117.52290313724 0.44185760214 
0.053971 117.26396642064 0.43439692860 
0.054478 115.97458587233 0.44237899108 
0.054985 115.43610990448 0.42746673912 
0.055491 115.46726137058 0.43188838272 
0.055998 114.91877753242 0.42825490285 
0.056505 113.42888085604 0.43709685737 
0.057012 113.57825378632 0.43252413063 
0.057519 113.21680831432 0.43771003807 
0.058025 112.16810256855 0.41233508703 
0.058532 111.88157366172 0.42399783158 
0.059039 110.85308045768 0.40049023906 
0.059546 111.39410409796 0.41564786343 
0.060052 110.25860327586 0.41295673102 
0.060559 109.63416040056 0.40356871464 
0.061066 109.21120274344 0.41537695708 
0.061573 108.74920773112 0.40475974152 
0.062079 108.19060849738 0.39466190060 
0.062586 107.83674850610 0.39648003550 
0.063093 107.60662110368 0.39671115060 
0.063600 107.24543629579 0.39946005090 
0.064106 107.12748963759 0.39048036718 
0.064613 106.54167439897 0.39380190075 
0.065120 106.50554302887 0.39487371078 
0.065627 105.18252662280 0.38439680557 
0.066134 105.23735949686 0.38310587155 
0.066640 104.48480228323 0.37589519816 
0.067147 103.95622051834 0.37359730710 
0.067654 103.98797097104 0.37595242582 
0.068161 102.86561224771 0.34504406040 
0.068667 103.59890314482 0.37089977278 
0.069174 102.55082005283 0.38565326168 
0.069681 102.81074005952 0.36451477236 
0.070188 102.68275480736 0.36120770553 
0.070694 101.45387849371 0.37538068518 
0.071201 101.62561372923 0.36727838302 
0.071708 101.11973345460 0.36089413256 
0.072215 100.95395606936 0.34894947169 
0.072721 100.95099145177 0.34209719156 
0.073228 99.51860926549 0.34553804620 
0.073735 100.15854201288 0.34112365443 
0.074242 99.66010406507 0.35377085090 
0.074748 99.11239992945 0.35221149619 
0.075255 98.84828492891 0.33900487620 
0.075762 99.11453230722 0.34720954882 
0.076269 98.54867044274 0.33663359484 
0.076776 98.82732459158 0.33618394633 
0.077282 98.24548506602 0.33473429416 
0.077789 97.98113482205 0.32053483403 
0.078296 97.81048926461 0.32388995920 
0.078803 97.88136218439 0.31650659203 
0.079309 97.24583213482 0.34062426025 
0.079816 97.61897741875 0.34216897651 
0.080323 97.89631610572 0.32692224568 
0.080830 96.78861091792 0.33345777837 
0.081336 96.75944859582 0.33278570001 
0.081843 97.38758707707 0.34332804548 
0.082350 96.33503904823 0.32246034699 
0.082857 96.20154745352 0.33545571141 
0.083363 96.34891940897 0.32930113546 
0.083870 96.43287035529 0.33144684983 
0.084377 96.02885483169 0.33305910866 
0.084884 96.24730400013 0.33141295726 
0.085390 95.76037281624 0.32218728074 
0.085897 95.86113386944 0.33634963557 
0.086404 95.21082582551 0.32391450281 
0.086911 95.02261913378 0.32015978220 
0.087417 95.09861315475 0.32663769620 
0.087924 94.60190997901 0.33752020389 
0.088431 94.46288235424 0.33693281622 
0.088938 94.81126868914 0.34287231041 
0.089444 94.34205317338 0.32441440982 
0.089951 94.12272059186 0.32546985139 
0.090458 93.21703504709 0.32759513842 
0.090965 93.87502721014 0.32831144956 
0.091471 94.23157453528 0.33977702872 
0.091978 92.82568954270 0.33029110678 
0.092485 92.35236016641 0.34387333178 
0.092992 92.95339187605 0.33558691780 
0.093498 92.61775019837 0.33049535028 
0.094005 92.90242875635 0.33277457464 
0.094512 92.77354340482 0.33090709918 
0.095019 92.54239642557 0.32494690352 
0.095525 92.84416153947 0.33053654793 
0.096032 92.53129414535 0.33929592370 
0.096539 91.97587131080 0.33244784253 
0.097046 92.54358323667 0.32727292472 
0.097552 92.06503259098 0.33144562152 
0.098059 92.15821889558 0.33381032446 
0.098566 91.93136074257 0.31468945689 
0.099073 91.67159392271 0.33408761845 
0.099579 91.41540340509 0.30943655920 
0.100086 90.94948611827 0.32555125351 
0.100593 91.37674676557 0.32420169804 
0.101100 91.49003726912 0.32883072795 
0.101606 91.22053846389 0.31561989461 
0.102113 89.77814776340 0.30546440281 
0.102620 89.57135086755 0.29643606448 
0.103127 89.26555528184 0.30654545561 
0.103633 88.79486318545 0.30305516441 
0.104140 89.11941350985 0.29756175705 
0.104647 88.31580949489 0.30517176448 
0.105154 88.72197806371 0.32046659899 
0.105660 88.85704099940 0.31069149830 
0.106167 88.70906044941 0.30105480647 
0.106674 88.08392596656 0.30128797974 
0.107181 88.01595458650 0.29969057477 
0.107687 87.41223153431 0.30292663096 
0.108194 88.11131374244 0.28961902602 
0.108701 88.00665284616 0.30488385169 
0.109208 87.91331254011 0.29290570751 
0.109714 87.79732581619 0.29375511161 
0.110221 87.29705595376 0.29689723524 
0.110728 87.53707198810 0.28574149246 
0.111235 87.73219842618 0.28890923122 
0.111741 86.79422794203 0.28536662138 
0.112248 87.05324847048 0.28049563569 
0.112755 86.83569986901 0.28963836298 
0.113262 86.84286322969 0.29026667356 
0.113768 86.85328154185 0.28482744684 
0.114275 86.56026121210 0.28149733779 
0.114782 86.29734889307 0.28268689103 
0.115289 86.49485922919 0.27483598076 
0.115795 86.52615948714 0.26868290261 
0.116302 86.49549487622 0.27271302452 
0.116809 86.23874202185 0.27542011664 
0.117316 86.88177402355 0.27895167905 
0.117822 86.08081381521 0.26815022053 
0.118329 86.15333912862 0.26305575964 
0.118836 85.93579212211 0.27169636383 
0.119342 85.97343407690 0.26373221106 
0.119849 85.70239654883 0.28225702053 
0.120356 85.90357311478 0.27079220182 
0.120863 85.56054137022 0.27447345771 
0.121369 85.40740690478 0.26744189965 
0.121876 85.52684305539 0.26146253523 
0.122383 85.36187406148 0.25884688728 
0.122890 85.61625862374 0.26879418149 
0.123396 85.20589304242 0.26551694154 
0.123903 85.22283516936 0.25658505654 
0.124410 85.24153473429 0.26226206377 
0.124917 85.19878280964 0.25863382119 
0.125423 85.19457435265 0.25947242147 
0.125930 84.69039324818 0.25930543925 
0.126437 84.85609820034 0.26046683190 
0.126944 84.97966260015 0.25743485471 
0.127450 84.51940008715 0.25439068307 
0.127957 84.54505525255 0.25027921450 
0.128464 84.86111858577 0.25665281669 
0.128970 84.69059039270 0.25218464711 
0.129477 84.04065670438 0.25027251013 
0.129984 84.13341090941 0.25291869326 
0.130491 84.11533566573 0.25315647743 
0.130997 84.19003605758 0.25115158884 
0.131504 83.84614525703 0.25081707586 
0.132011 83.89572678504 0.24473383686 
0.132518 84.05499692699 0.25176477040 
0.133024 83.66223918905 0.24942877439 
0.133531 83.88211480354 0.25281104545 
0.134038 83.94625200665 0.24608249039 
0.134545 83.85560719460 0.24193771888 
0.135051 84.16342935449 0.24942844603 
0.135558 83.61672802485 0.24834407788 
0.136065 83.38006923091 0.24132450139 
0.136571 83.50999058807 0.24142387014 
0.137078 83.81414087053 0.24674364274 
0.137585 83.31098710002 0.24764942541 
0.138092 82.84197196731 0.24225026401 
0.138598 82.70927463157 0.24495440195 
0.139105 83.35418409400 0.24593174312 
0.139612 83.19265241587 0.24463250270 
0.140119 83.07351806706 0.24037964295 
0.140625 82.89346166373 0.23946870696 
0.141132 82.66853959317 0.23182579024 
0.141639 82.70297982098 0.24159958208 
0.142145 82.53248214357 0.23480784298 
0.142652 82.54393434760 0.24335113106 
0.143159 82.32793908449 0.23885636078 
0.143666 82.09473288775 0.24200355609 
0.144172 82.56939551964 0.23850461162 
0.144679 82.75833407511 0.23107981713 
0.145186 81.90670803650 0.24407599411 
0.145692 81.93292440640 0.23879129749 
0.146199 82.07636970720 0.23939874913 
0.146706 81.86995782149 0.23940498226 
0.147213 82.19932235752 0.24901670107 
0.147719 81.50251037264 0.23947026750 
0.148226 81.70967883081 0.23869169178 
0.148733 81.53515955299 0.24671173777 
0.149240 81.42286373316 0.24107776513 
0.149746 81.45245617580 0.24070706727 
0.150253 81.71984631953 0.24095883267 
0.150760 81.58467511097 0.24599304651 
0.151266 81.34800164360 0.24084904772 
0.151773 81.62156585023 0.24152540823 
0.152280 80.77012906549 0.23681585233 
0.152787 80.93872479394 0.24289408672 
0.153293 81.12482663368 0.23504609550 
0.153800 80.68975560804 0.23651504868 
0.154307 80.96446789973 0.24129782565 
0.154813 80.41665061624 0.23588346494 
0.155320 80.84093445483 0.23595196058 
0.155827 80.58093614149 0.23602385019 
0.156334 80.33885485418 0.24100114601 
0.156840 80.07879947958 0.23557683401 
0.157347 80.37575621632 0.23408421144 
0.157854 80.46371413988 0.23837965623 
0.158360 80.48207722452 0.23609948176 
0.158867 79.90375662245 0.23725328172 
0.159374 80.37914727909 0.23823630912 
0.159881 79.93836967775 0.23381773271 
0.160387 79.77220221228 0.23528553639 
0.160894 79.88663053302 0.23169365296 
0.161401 79.80953293064 0.22700377261 
0.161907 79.74840733871 0.23521224274 
0.162414 79.73636615958 0.23797888146 
0.162921 79.52783867465 0.23311116554 
0.163427 79.66859651397 0.23631193856 
0.163934 79.62707111386 0.23211662460 
0.164441 79.42063665547 0.23716580421 
0.164948 79.03945926437 0.23031934390 
0.165454 79.42556018000 0.23325170233 
0.165961 78.96053042999 0.22728200838 
0.166468 79.02796534838 0.22784789665 
0.166974 79.06238557721 0.23041747995 
0.167481 78.83400712805 0.22965372564 
0.167988 78.90445298649 0.22888235489 
0.168495 78.94338792907 0.23107536526 
0.169001 79.00030300945 0.22978452329 
0.169508 79.11356760873 0.23384325924 
0.170015 79.21563830811 0.23483116484 
0.170521 79.20108810529 0.23181944760 
0.171028 79.21066054503 0.23321371069 
0.171535 78.84656868477 0.23722778500 
0.172041 79.20996109586 0.23319211058 
0.172548 79.35204343377 0.23959485730 
0.173055 79.19773039303 0.23760731559 
0.173562 78.83481604670 0.24000605880 
0.174068 78.76353975358 0.23161010244 
0.174575 78.69274508474 0.23528493586 
0.175082 78.74637925837 0.23838965675 
0.175588 78.85656399152 0.24067826240 
0.176095 78.85955653776 0.24046220032 
0.176602 78.71988819286 0.24290996299 
0.177108 79.14425689090 0.24148853272 
0.177615 78.49229989662 0.23606454805 
0.178122 78.80199945634 0.23592976700 
0.178629 78.75166927293 0.23961449502 
0.179135 78.71434292368 0.23500236555 
0.179642 78.47783750339 0.23543438869 
0.180149 78.85972558684 0.23201955123 
0.180655 78.24281206523 0.23115355167 
0.181162 78.78663733699 0.23328862527 
0.181669 78.74325133744 0.23283622256 
0.182175 79.09776321133 0.24077352595 
0.182682 78.77930043212 0.24467576477 
0.183189 78.72085208638 0.24315914850 
0.183695 78.77534972484 0.24716623583 
0.184202 78.58185604476 0.24088431486 
0.184709 78.09057468653 0.24644851312 
0.185216 78.36521189606 0.24991676914 
0.185722 78.28371467738 0.24424272888 
0.186229 78.17501768021 0.24628655308 
0.186736 77.69016201308 0.24632924946 
0.187242 77.94378516218 0.24535843466 
0.187749 78.03679668359 0.24400821966 
0.188256 78.06474797438 0.24749551532 
0.188762 78.08141986834 0.24509923016 
0.189269 77.73557192015 0.24507747843 
0.189776 77.24498114828 0.24402547607 
0.190282 77.84662173484 0.24506647308 
0.190789 77.60719721743 0.23984911431 
0.191296 77.07397121278 0.23853364867 
0.191802 77.05212752985 0.24043133538 
0.192309 77.10038904996 0.24064342862 
0.192816 77.05560204762 0.24283731061 
0.193323 76.63922456995 0.23630400350 
0.193829 76.55643020148 0.23038376495 
0.194336 76.57963402276 0.23503334216 
0.194843 76.58516452187 0.23059693667 
0.195349 76.34452929761 0.23022256882 
0.195856 76.52273670884 0.24263481762 
0.196363 76.21114506251 0.23294403621 
0.196869 76.08976137340 0.22789304629 
0.197376 76.29602286476 0.22624437121 
0.197883 76.40278795221 0.22882442261 
0.198389 75.98664654313 0.22619376561 
0.198896 75.78315928879 0.22857948350 
0.199403 76.33106026337 0.22723019384 
0.199909 75.76237258641 0.22540411983 
0.200416 75.91418523141 0.22429794818 
0.200923 75.44042313215 0.22517276246 
0.201429 75.62680317726 0.22156943856 
0.201936 75.83145201573 0.22149692943 
0.202443 75.72359279199 0.21815796002 
0.202949 75.48650514217 0.22138673904 
0.203456 75.46310976594 0.22113358026 
0.203963 75.33737957118 0.21999938579 
0.204469 75.72557595072 0.22148233011 
0.204976 75.40480721212 0.21766856002 
0.205483 75.37294956378 0.21465638637 
0.205989 75.45920618150 0.21467298417 
0.206496 75.32810377178 0.21321301970 
0.207003 75.40894218557 0.21359702821 
0.207509 75.13815007735 0.21586946832 
0.208016 75.44616834719 0.21584271604 
0.208523 75.36130282101 0.21160786680 
0.209029 75.18305270431 0.21051443349 
0.209536 75.29155614178 0.21218913163 
0.210043 75.15781088201 0.20844451997 
0.210549 74.46431700315 0.21009596595 
0.211056 74.88590077582 0.21107868073 
0.211563 75.03640435144 0.20467670866 
0.212069 74.84126769117 0.20953965158 
0.212576 75.07605812950 0.21149333145 
0.213083 74.93735698869 0.21093362691 
0.213589 74.91444486598 0.20820794360 
0.214096 74.66741486041 0.20401109614 
0.214603 74.51108141244 0.21283803217 
0.215109 74.65791655481 0.21123582762 
0.215616 74.53419123791 0.20270774698 
0.216123 74.61354357426 0.20704839487 
0.216629 74.27631193363 0.20088108712 
0.217136 74.20491222259 0.20699879013 
0.217643 73.80547279389 0.20850324990 
0.218149 74.14392364150 0.20516533486 
0.218656 74.13776524515 0.20549204699 
0.219163 74.05165967116 0.21008910081 
0.219669 74.19360456573 0.20334255660 
0.220176 74.10799526046 0.20958491158 
0.220683 73.99337536916 0.20518327260 
0.221189 74.04724844207 0.19973950652 
0.221696 73.86072523067 0.20790317101 
0.222203 73.82939953499 0.20184135803 
0.222709 74.03537495323 0.20114896886 
0.223216 73.83471681443 0.19546133561 
0.223722 73.80806693195 0.20429810441 
0.224229 73.74687416748 0.20141986698 
0.224736 73.83707682665 0.20633251057 
0.225242 73.69234300147 0.19899200081 
0.225749 73.59938690353 0.20416821534 
0.226256 73.52920438882 0.20155651663 
0.226762 73.40604564598 0.20372719841 
0.227269 73.61736985564 0.20289763209 
0.227776 73.31048606172 0.20256349826 
0.228282 73.16349598640 0.20050370322 
0.228789 73.32918386436 0.20532133022 
0.229296 73.10685749471 0.20455555483 
0.229802 73.16890779338 0.20207029727 
0.230309 73.10927034894 0.19884024457 
0.230816 73.10841289509 0.20538293334 
0.231322 73.07513122856 0.20687407244 
0.231829 72.86018470100 0.20517305391 
0.232335 72.95535887102 0.20053148528 
0.232842 72.71773167082 0.20146876705 
0.233349 72.81818529546 0.19625598771 
0.233855 72.95800813493 0.20103433155 
0.234362 72.70796623854 0.19993709985 
0.234869 72.51661095727 0.19805627163 
0.235375 72.83779508505 0.20131456092 
0.235882 72.52556859511 0.20010691746 
0.236389 72.84285535614 0.20066393791 
0.236895 72.37351928766 0.19831762500 
0.237402 72.51872941100 0.20099397440 
0.237908 72.38558760963 0.19856382647 
0.238415 72.37455496821 0.19777022412 
0.238922 72.26581773348 0.20094685664 
0.239428 72.17595679436 0.19568518828 
0.239935 72.11293387042 0.19901671709 
0.240442 72.17042178550 0.20239996904 
0.240948 72.37085857974 0.19974297152 
0.241455 71.97229768347 0.20064971673 
0.241962 72.23444943728 0.19709276232 
0.242468 71.88928170738 0.20015463783 
0.242975 72.08324859123 0.19528756607 
0.243481 72.06035420056 0.19866282112 
0.243988 71.77788521899 0.19988763747 
0.244495 71.99565760693 0.19748644384 
0.245001 71.77446999305 0.19575812889 
0.245508 71.96987459167 0.19872199617 
0.246015 71.91329009728 0.19547782557 
0.246521 71.53354222236 0.19657148422 
0.247028 71.38043858693 0.19698187853 
0.247534 71.45546610357 0.19740756270 
0.248041 71.69649140957 0.19822065291 
0.248548 71.40418081120 0.19935250155 
0.249054 71.66850277581 0.19624617586 
0.249561 71.09838622403 0.19982180344 
0.250068 71.19123384276 0.19658640383 
0.250574 71.36313309603 0.20059919972 
0.251081 71.18388579096 0.19673513488 
0.251587 71.32863739994 0.19668665982 
0.252094 71.14688835991 0.19580038017 
0.252601 71.08885076250 0.19698333792 
0.253107 71.34420089074 0.19913121139 
0.253614 71.00101847362 0.19823305400 
0.254120 70.95366787082 0.19491689196 
0.254627 71.05536094816 0.19660089911 
0.255134 70.99429696258 0.19742853829 
0.255640 71.12785567707 0.19562385252 
0.256147 70.83807632164 0.19632323273 
0.256654 70.97393515059 0.19936973337 
0.257160 71.27120247893 0.19774909378 
0.257667 71.59584409056 0.19712849003 
0.258173 71.09784921857 0.19666497946 
0.258680 71.27541997147 0.19136896837 
0.259187 71.56245333134 0.19602308109 
0.259693 71.59656879386 0.19531931621 
0.260200 71.67970636534 0.19405937959 
0.260706 71.62221827381 0.19452705899 
0.261213 71.72095974494 0.19907682392 
0.261720 71.62953368352 0.19635106078 
0.262226 71.64859296274 0.19463496367 
0.262733 71.65903897945 0.19258309229 
0.263239 71.69118443898 0.19586246249 
0.263746 71.66440013113 0.19386791372 
0.264253 71.40058175187 0.19189872364 
0.264759 71.61464074164 0.19244517976 
0.265266 71.53078119305 0.19721017081 
0.265772 71.44318223078 0.19146570508 
0.266279 71.85688651707 0.18998805611 
0.266786 71.72251876934 0.19136422602 
0.267292 71.77951347585 0.19254133690 
0.267799 71.61927282758 0.19095461598 
0.268305 71.85216220263 0.18881788000 
0.268812 71.68284457733 0.18921063634 
0.269319 71.66468561250 0.18824250406 
0.269825 71.93191630801 0.19206755998 
0.270332 71.91582773549 0.19150214586 
0.270838 71.95431351173 0.18861752100 
0.271345 72.11637366033 0.18938997699 
0.271852 72.10417985241 0.19116478500 
0.272358 72.36186095965 0.18950612533 
0.272865 72.21307089180 0.19387220508 
0.273371 72.12415187086 0.19162680096 
0.273878 72.54894395087 0.18924314673 
0.274385 72.10708123131 0.18887514306 
0.274891 72.21961566034 0.19062704561 
0.275398 72.43739244873 0.18540002182 
0.275904 72.47379631908 0.18373420694 
0.276411 72.18123314021 0.18437049362 
0.276917 72.32398865136 0.18748036690 
0.277424 72.10004764917 0.18869294945 
0.277931 72.36546258277 0.18781001440 
0.278437 72.33859858048 0.18381003526 
0.278944 72.02513311415 0.18156035383 
0.279450 72.09099733790 0.18087847041 
0.279957 72.19402679592 0.18223074947 
0.280464 72.04216960085 0.18014916160 
0.280970 72.01791675538 0.18365898147 
0.281477 71.96173342194 0.18221860163 
0.281983 72.04323962304 0.18002279187 
0.282490 72.02304986874 0.18197355328 
0.282996 71.98999858114 0.18192736531 
0.283503 72.18867384626 0.17918862386 
0.284010 71.91885555977 0.18010541175 
0.284516 72.13944986607 0.17832030986 
0.285023 71.75225849632 0.17486813811 
0.285529 71.79388798260 0.17459815661 
0.286036 71.79484359691 0.17470925399 
0.286542 71.54894545657 0.17475390524 
0.287049 71.59898996239 0.17616918662 
0.287556 71.48110139548 0.17366033195 
0.288062 71.40217194314 0.17107092992 
0.288569 71.22972862885 0.17122148365 
0.289075 71.65709544684 0.17308115203 
0.289582 71.40692005631 0.17313059102 
0.290088 71.06357075176 0.16696538750 
0.290595 70.97318120609 0.16841335907 
0.291102 71.38431148320 0.16900980727 
0.291608 71.19890722385 0.16826862599 
0.292115 71.21749847236 0.16331871954 
0.292621 70.78836343471 0.16820429868 
0.293128 71.09112160545 0.16621981102 
0.293634 71.13734840468 0.16457331064 
0.294141 70.99848237245 0.16557816385 
0.294647 71.02190841547 0.16606192493 
0.295154 70.79465436747 0.16453452419 
0.295661 70.71293779275 0.16419229597 
0.296167 71.05392333926 0.16245678024 
0.296674 70.69442441000 0.16776436474 
0.297180 70.57089883845 0.16308408878 
0.297687 70.88578144357 0.16309534386 
0.298193 70.72529993810 0.16667874144 
0.298700 70.67613475975 0.16501207419 
0.299207 70.54114996002 0.16467741526 
0.299713 70.49099847277 0.16411391604 
0.300220 70.68850271965 0.16147584585 
0.300726 70.33275894678 0.16330540025 
0.301233 70.40783415463 0.16365323282 
0.301739 70.32467251963 0.16206181286 
0.302246 70.48720749654 0.16242560075 
0.302752 70.08605391937 0.16161173593 
0.303259 70.33919690011 0.16206844063 
0.303765 70.00322480209 0.16161454289 
0.304272 70.03279145568 0.16286783567 
0.304779 70.40225794894 0.15657223427 
0.305285 70.20607181657 0.15726824084 
0.305792 70.15536292076 0.16117658845 
0.306298 69.98079189829 0.15823843429 
0.306805 70.03201233695 0.16137895125 
0.307311 69.81559904882 0.15879448378 
0.307818 69.93715023445 0.16032234556 
0.308324 69.82904908665 0.15369904899 
0.308831 69.42810505743 0.15308028792 
0.309337 69.42872233654 0.15287774120 
0.309844 69.44836226803 0.15331047368 
0.310350 69.12613007241 0.15322118730 
0.310857 68.90925422676 0.15204091828 
0.311364 68.96689888664 0.15121120756 
0.311870 68.39199229524 0.14853019245 
0.312377 68.20137931957 0.14673603702 
0.312883 68.35357312426 0.14610412442 
0.313390 67.98555916355 0.14566205690 
0.313896 67.95842624721 0.14656974395 
0.314403 67.67829199986 0.14540028513 
0.314909 67.72212159117 0.14637679779 
0.315416 67.58193290762 0.14035633142 
0.315922 67.54290066450 0.14410459475 
0.316429 67.55040251897 0.14349680299 
0.316935 67.31747596633 0.14249253885 
0.317442 67.20306724291 0.14300011244 
0.317948 67.24927974225 0.14131859125 
0.318455 67.24847330233 0.14339261467 
0.318961 67.22946665955 0.14430745985 
0.319468 66.94586749130 0.14443237487 
0.319975 66.69150335561 0.14262400261 
0.320481 66.94385346765 0.14423346809 
0.320988 67.05871961390 0.14274392654 
0.321494 66.62762855366 0.14403451210 
0.322001 66.76046674082 0.16446447485 
0.322507 66.72842020926 0.14297456236 
0.323014 66.50554493155 0.14118380005 
0.323520 66.48863566061 0.13929331669 
0.324027 66.53020854213 0.14346527163 
0.324533 66.17711231432 0.14278951207 
0.325040 66.32156896329 0.13799497459 
0.325546 66.40607037037 0.14072698450 
0.326053 66.37425948158 0.13955075504 
0.326559 66.45804965438 0.13842398905 
0.327066 66.41141836112 0.13883342863 
0.327572 66.20801218415 0.13683307372 
0.328079 66.29216593370 0.13855552700 
0.328585 66.22670996107 0.13657518235 
0.329092 66.02188336689 0.13771072874 
0.329598 66.02819573049 0.13601744363 
0.330105 66.09551265032 0.13948760186 
0.330611 66.14271824389 0.14085597830 
0.331118 66.07292463369 0.13893053067 
0.331624 66.03836010347 0.13648453033 
0.332131 66.00145670708 0.13868679373 
0.332637 65.71642153025 0.13806766018 
0.333144 65.92251839996 0.13686725615 
0.333650 65.54145914703 0.14065691110 
0.334157 65.72302104725 0.13792228550 
0.334663 65.61264850018 0.13877766647 
0.335170 65.90514028951 0.14009878027 
0.335676 65.66610708455 0.13895673949 
0.336183 65.47019101068 0.13959524789 
0.336689 65.50418383490 0.13707602306 
0.337196 65.61816803637 0.13872516585 
0.337702 65.38784808535 0.13772904100 
0.338209 65.56478435522 0.13771660535 
0.338715 65.47625004299 0.13540551608 
0.339222 65.44292569481 0.13914994957 
0.339728 65.36674541038 0.13857444522 
0.340235 65.53454256285 0.20511427677 
0.340741 65.32315463866 0.13980259761 
0.341248 65.38211973190 0.13702581102 
0.341754 65.13647309573 0.14086196006 
0.342261 65.31669164757 0.13886594506 
0.342767 65.17510650668 0.13767568985 
0.343274 64.97996193756 0.13718828192 
0.343780 64.91553206626 0.14139206618 
0.344287 65.03931122468 0.14020699136 
0.344793 64.97055364563 0.13932562855 
0.345300 65.01126115148 0.14443744686 
0.345806 65.08628421564 0.14251266289 
0.346313 64.96784816256 0.14561421152 
0.346819 64.91843553360 0.14355174260 
0.347325 65.16669677808 0.14451330671 
0.347832 65.04668952938 0.14840565782 
0.348338 64.88109732710 0.14897400562 
0.348845 65.05695839926 0.14995134071 
0.349351 64.60465586495 0.14919737033 
0.349858 64.57974042137 0.15524635068 
0.350364 64.45402131426 0.14845790419 
0.350871 64.63851305751 0.14973554477 
0.351377 64.69671609077 0.15057368467 
0.351884 64.57044052509 0.14878525436 
0.352390 64.35052135203 0.14738422291 
0.352897 64.33959631342 0.14570670970 
0.353403 64.59667612910 0.14785891844 
0.353910 64.30872184118 0.15216651347 
0.354416 64.32589903154 0.14730452801 
0.354923 64.32904863657 0.15062617336 
0.355429 63.99746206639 0.15609641629 
0.355935 63.90607356613 0.14712562536 
0.356442 64.28707372539 0.15137883060 
0.356948 63.88868766161 0.15238153177 
0.357455 63.72939723865 0.15287687380 
0.357961 64.15334174241 0.15814604847 
0.358468 63.77277213319 0.15366239125 
0.358974 63.82801879679 0.22088553704 
0.359481 63.80197058862 0.20255430594 
0.359987 64.02549551789 0.20041951560 
0.360494 63.69270134159 0.19027447071 
0.361000 63.65705094286 0.18889560781 
0.361506 63.73058591259 0.18704482504 
0.362013 63.86096003986 0.18774545196 
0.362519 63.62461107325 0.18020800521 
0.363026 63.58626290504 0.18413679112 
0.363532 63.76827285348 0.19180262335 
0.364039 63.67340267396 0.18242682786 
0.364545 63.68815132901 0.17813132692 
0.365052 63.94172080586 0.18690453632 
0.365558 63.79522592958 0.18404456489 
0.366064 63.55336867495 0.18224927267 
0.366571 63.66460651966 0.18232585201 
0.367077 63.43313202084 0.18434367607 
0.367584 63.60384184720 0.18700610348 
0.368090 63.46956537982 0.18461496912 
0.368597 63.95373489100 0.18943873983 
0.369103 63.71399592156 0.18725835243 
0.369610 63.65207548130 0.19029016779 
0.370116 63.63314915824 0.19340108213 
0.370622 63.68245992131 0.18757686430 
0.371129 63.37515029923 0.19557928349 
0.371635 63.49136962852 0.19035594510 
0.372142 63.38825547042 0.18775905857 
0.372648 63.44108879561 0.19251314853 
0.373155 63.53198497349 0.19851112897 
0.373661 63.36542417289 0.19735800474 
0.374167 63.59975277834 0.19314700217 
0.374674 63.51259835507 0.19933281481 
0.375180 63.48501993923 0.19531015669 
0.375687 63.40447029316 0.20114210367 
0.376193 63.66679129689 0.20002151094 
0.376700 63.14291220900 0.20182852787 
0.377206 63.25640845530 0.20573474859 
0.377712 63.26387779644 0.20603824259 
0.378219 63.29676482895 0.20289602998 
0.378725 63.10042489145 0.20406646352 
0.379232 63.29438718757 0.20808665561 
0.379738 63.02916546108 0.20404662094 
0.380245 63.03391488809 0.21217499868 
0.380751 63.12633244477 0.20161346240 
0.381257 63.12553239886 0.20988678456 
0.381764 63.10675282493 0.20651207681 
0.382270 63.27091559581 0.20009692943 
0.382777 63.29289024741 0.20546790039 
0.383283 62.93346069700 0.21029461396 
0.383789 63.01916472849 0.20815306578 
0.384296 63.14492162552 0.21492034593 
0.384802 63.32396419299 0.21059967011 
0.385309 63.27751011015 0.20994360108 
0.385815 62.90679741124 0.21538463619 
0.386321 62.84425893864 0.20938558932 
0.386828 63.20692490115 0.22040053645 
0.387334 62.96060379519 0.21286621954 
0.387841 62.97414000817 0.21705684462 
0.388347 62.79208070189 0.21084876705 
0.388853 62.90417877967 0.20858066892 
0.389360 62.74648701947 0.21775324067 
0.389866 62.85810671190 0.21157625573 
0.390373 62.89900879270 0.21001978677 
0.390879 62.65079303807 0.21060178139 
0.391385 62.53715671275 0.21346987350 
0.391892 62.63361233379 0.21585751944 
0.392398 62.88666367766 0.22668072164 
0.392905 62.56529422981 0.21451994789 
0.393411 62.96227987054 0.22469783000 
0.393917 63.18592998824 0.22115101249 
0.394424 62.54125629593 0.22802560996 
0.394930 62.52649025936 0.22793955706 
0.395437 62.51887704452 0.22771113091 
0.395943 62.41955606991 0.22030466161 
0.396449 62.71216182218 0.32707191645 
0.396956 62.82346385951 0.22205040747 
0.397462 62.28804551787 0.23401305757 
0.397969 63.06588663081 0.22898949646 
0.398475 62.72206090310 0.23481264063 
0.398981 62.41175871758 0.23213709326 
0.399488 62.42205323821 0.22888104857 
0.399994 62.14674220658 0.23827252214 
0.400500 62.62524006744 0.24142525287 
0.401007 62.77237441703 0.23905205053 
0.401513 61.92120519922 0.23760949651 
0.402020 62.13366974407 0.24747241654 
0.402526 62.82522587747 0.24861168364 
0.403032 62.02680767535 0.24046466409 
0.403539 62.22189901320 0.25730712756 
0.404045 62.27560658831 0.24512419263 
0.404551 62.46852781280 0.27192135124 
0.405058 62.48627674335 0.26080714239 
0.405564 62.20871543459 0.26010761807 
0.406071 62.33157901449 0.25455963094 
0.406577 62.48921737080 0.25799497619 
0.407083 61.55387723441 0.25494266679 
0.407590 61.88533082441 0.26851082839 
0.408096 62.25073333239 0.26991546189 
0.408602 61.96736145182 0.26854122627 
0.409109 62.31647279929 0.26383415504 
0.409615 62.02056017960 0.26579640986 
0.410121 61.97033854710 0.26222551663 
0.410628 62.15714866993 0.26318315881 
0.411134 62.13018265256 0.26796338655 
0.411641 62.17365825652 0.27756018106 
0.412147 62.16810675538 0.26372054636 
0.412653 61.74468024359 0.27594629610 
0.413160 62.26521523149 0.26426044864 
0.413666 61.61985162239 0.26099381672 
0.414172 61.73605631464 0.27695093895 
0.414679 61.82317909044 0.26955050649 
0.415185 62.00621683541 0.28179704075 
0.415691 61.97509785412 0.26932658008 
0.416198 61.54425903188 0.27813197978 
0.416704 62.19821460152 0.28177404579 
0.417210 62.02628159135 0.27828911248 
0.417717 61.75333770826 0.29012575880 
0.418223 62.06368594215 0.28526915924 
0.418729 61.65397934523 0.29143254043 
0.419236 62.12300008113 0.28099056882 
0.419742 62.10420987323 0.27494374621 
0.420248 61.84649601905 0.27668886314 
0.420755 61.66918367264 0.27070350849 
0.421261 61.88897740473 0.27991151213 
0.421767 61.68109850142 0.27995887454 
0.422274 61.47583326073 0.28018529097 
0.422780 61.94154520087 0.28284178551 
0.423286 61.10312050665 0.27971736522 
0.423793 61.61437797101 0.28240273241 
0.424299 61.61482977760 0.28604608655 
0.424805 61.57184166873 0.29241673677 
0.425312 61.66257056494 0.28725560344 
0.425818 61.50495445993 0.28586287990 
0.426324 61.49029969529 0.30333455521 
0.426831 61.37560233452 0.29827123343 
0.427337 61.79592853465 0.29272795911 
0.427843 62.08984613985 0.30866931833 
0.428350 61.77313940226 0.30315098483 
0.428856 61.30975987391 0.31277856996 
0.429362 61.52955211929 0.30503679120 
0.429869 61.81591274465 0.30906624554 
0.430375 61.67259788572 0.31563412594 
0.430881 61.81438684701 0.32801066067 
0.431388 61.45540938500 0.31189065278 
0.431894 61.45510467264 0.30874554945 
0.432400 61.80600105455 0.32759993441 
0.432907 61.49144206273 0.32237287478 
0.433413 61.52590465190 0.34334091844 
0.433919 61.72844493986 0.32164082494 
0.434425 61.65691714978 0.33587316663 
0.434932 61.47281855538 0.34369953220 
0.435438 61.24280546582 0.36097713171 
0.435944 61.57891044081 0.34058951567 
0.436451 62.10956610760 0.33899968808 
0.436957 61.66457487876 0.35138504962 
0.437463 61.49972481883 0.34269139933 
0.437970 60.96284686140 0.35353884804 
0.438476 61.64024280858 0.35764194998 
0.438982 60.65787173833 0.37274901142 
0.439489 61.86530151895 0.37734665482 
0.439995 61.53001400652 0.36498902015 
0.440501 61.47251002527 0.37630719966 
0.441007 61.08416676914 0.37329723136 
0.441514 60.85304691446 0.37531247994 
0.442020 61.61987074980 0.40290845436 
0.442526 61.32619472165 0.39439326576 
0.443033 60.80565495949 0.39330669014 
0.443539 61.64369979876 0.40769338153 
0.444045 61.21701122568 0.42030517496 
0.444551 61.03158073201 0.41983473276 
0.445058 60.89965472365 0.40975939630 
0.445564 60.52117794292 0.41668056668 
0.446070 61.04497715577 0.43350021991 
0.446577 60.88659105991 0.43855882562 
0.447083 61.45197202766 0.47444301120 
0.447589 59.94247370826 0.45684177237 
0.448095 60.58305861510 0.44999842901 
0.448602 60.68438372435 0.48218543859 
0.449108 60.58386281377 0.49329484589 
0.449614 61.07471244463 0.48399958393 
0.450121 60.19779896493 0.47275462293 
0.450627 60.54909289714 0.50328983790 
0.451133 60.63357728135 0.52094892389 
0.451639 60.61580932515 0.53944923422 
0.452146 60.32693423327 0.57195480679 
0.452652 60.79186161634 0.53369853715 
0.453158 60.21919290131 0.57748302056 
0.453664 59.87957975203 0.56520101662 
0.454171 60.44469702327 0.55693280049 
0.454677 60.67719858248 0.60555325034 
0.455183 60.50863449270 0.62464455004 
0.455689 60.46787078341 0.62131726902 
0.456196 60.36843698365 0.68423892875 
0.456702 59.42235693260 0.62226480942 
0.457208 59.92782368379 0.68667255112 
0.457714 60.20850445730 0.72033454988 
0.458221 59.69902262853 0.76026368638 
0.458727 60.51918351727 0.77988727414 
0.459233 60.77327691239 0.84797996296 
0.459740 60.51688180324 0.82486737443 
0.460246 60.19021627975 0.84512883866 
0.460752 59.26812555273 0.97720482068 
0.461258 60.11462714516 1.01319410839 
0.461765 60.08627308245 1.06247682209 
0.462271 59.42908297847 0.99625343700 
0.462777 60.26663924196 1.13456500611 
0.463283 59.97279860406 1.21492340339 
0.463789 58.65904689223 1.27383129225 
0.464296 60.55302672958 1.43178678105 
0.464802 59.48392317445 1.34181434282 
0.465308 60.94503919661 1.51493865717 
0.465814 60.42867680328 1.61991624070 
0.466321 60.89905743938 1.73511407653 
0.466827 60.77564063876 1.88277206777 
0.467333 59.22549518979 1.88688434880 
0.467839 58.43900726569 1.97971691682 
0.468346 61.31874041636 2.36020515950 
0.468852 61.09153579647 2.60394043223 
0.469358 60.23143084415 2.91307698335 
0.469864 55.89365436121 2.90840913807 
0.470371 58.36969616143 3.80196323071 
0.470877 55.72443118660 4.21732978451 
0.471383 56.86206901073 5.70776750023 
0.471889 55.49293700055 7.26524463019 
0.472395 52.56677001632 6.02986457279 
0.472902 50.16984527166 12.07223126925 
