0.010896 1360.56188720465 9.98316420272 
0.011402 1197.54211315984 12.49288401984 
0.011909 1085.05839879813 12.11316237143 
0.012416 978.76215188188 9.91799641856 
0.012923 887.11429169293 6.58368884833 
0.013430 819.05437947343 10.64105782379 
0.013936 794.76258459872 9.32272295120 
0.014443 742.70556878023 7.26372985104 
0.014950 681.36978029000 6.72440553768 
0.015457 630.65695110082 5.36538614295 
0.015963 580.29981732351 4.49153561503 
0.016470 544.86048599013 4.11481893074 
0.016977 509.55959826683 3.94832319754 
0.017484 474.72844851810 3.25568659792 
0.017990 450.61501819014 3.22064064003 
0.018497 425.37638232595 2.80772957194 
0.019004 399.66932144505 2.30860179601 
0.019511 379.02515460734 2.15199855240 
0.020018 359.37780085465 2.04270611866 
0.020524 346.38712978557 1.84163776745 
0.021031 327.00135206989 1.86600300994 
0.021538 315.51454963395 1.76493508053 
0.022045 300.97558208584 1.57615736052 
0.022551 290.70120497987 1.49882169556 
0.023058 280.36833059111 1.47001612554 
0.023565 268.43115383210 1.51458779844 
0.024072 260.79127449899 1.68973771836 
0.024579 249.63790187641 1.58342341388 
0.025085 244.23471549726 2.15511402122 
0.025592 236.00308868828 2.16773474794 
0.026099 228.86556036454 2.18083853625 
0.026606 223.74751566763 1.70666551673 
0.027112 217.30258738618 1.74977243172 
0.027619 213.38197862554 1.48825191812 
0.028126 206.77756952408 1.60479154220 
0.028633 201.97688928609 1.31236850033 
0.029139 197.86161971395 1.18143878938 
0.029646 192.69070191074 1.16962593812 
0.030153 190.30205445594 1.18674559851 
0.030660 184.78713137886 1.05432020179 
0.031167 181.80033396247 0.89761072644 
0.031673 178.42565060766 0.89491138319 
0.032180 175.80920273425 0.86750146281 
0.032687 172.50979566074 0.88587350081 
0.033194 170.25564033143 0.80133843330 
0.033700 167.51963115638 0.80741915879 
0.034207 165.78762885615 0.76173658922 
0.034714 162.53816307563 0.72952930711 
0.035221 160.11798192191 0.71626667934 
0.035727 157.67489428689 0.67213730942 
0.036234 156.38884368818 0.64972018105 
0.036741 153.85046276098 0.70379027998 
0.037248 151.67662995554 0.62364883249 
0.037755 150.73564754491 0.65119172931 
0.038261 148.61431020098 0.61393800975 
0.038768 147.96653084105 0.59726323878 
0.039275 145.41899446731 0.59481499050 
0.039782 144.72949172518 0.59412543228 
0.040288 141.95416409400 0.55553438047 
0.040795 140.60665751187 0.52596519775 
0.041302 139.48945658760 0.55930594632 
0.041809 138.58066873695 0.56068429667 
0.042315 137.16755746213 0.54743045507 
0.042822 135.43559804486 0.55099468392 
0.043329 135.22804621770 0.55891750535 
0.043836 134.03260150611 0.49826071895 
0.044343 132.70908176680 0.55015481824 
0.044849 132.35953237299 0.50570015842 
0.045356 131.04300218532 0.50375219877 
0.045863 130.05221395201 0.50223130697 
0.046370 128.55946175367 0.48749576687 
0.046876 128.30454909380 0.50231361551 
0.047383 126.49947339479 0.48843123214 
0.047890 125.18634864654 0.46766200573 
0.048397 125.04508474402 0.47662325213 
0.048903 124.43719876025 0.47795773233 
0.049410 123.43765200741 0.48135989960 
0.049917 122.88509648424 0.48389935613 
0.050424 122.28465543309 0.46151130151 
0.050931 120.91978150822 0.44494165039 
0.051437 121.03518626474 0.44010757560 
0.051944 120.12417433830 0.44817718859 
0.052451 119.83818711301 0.43905974308 
0.052958 118.24957086262 0.45151753602 
0.053464 118.10000564537 0.46027501997 
0.053971 117.31380720480 0.46411574188 
0.054478 116.25438252571 0.44080185918 
0.054985 115.35756770256 0.45213279149 
0.055491 114.77738006560 0.44207079191 
0.055998 114.53690213930 0.44497511437 
0.056505 114.24129898074 0.40887022732 
0.057012 113.46046742871 0.44857534565 
0.057519 113.23868895677 0.42702336273 
0.058025 112.09963803397 0.41258389531 
0.058532 111.96649601312 0.40941168672 
0.059039 110.87618694021 0.41421730018 
0.059546 110.92457831491 0.42139277640 
0.060052 110.86856124199 0.42442911218 
0.060559 109.28184157051 0.39847298448 
0.061066 108.74525304938 0.40946143019 
0.061573 109.10386495807 0.39224944802 
0.062079 108.14294864065 0.38798469068 
0.062586 108.82907219995 0.41303465708 
0.063093 107.31105932528 0.38937100791 
0.063600 107.03109319297 0.39146315791 
0.064106 106.00268651634 0.38071189327 
0.064613 105.92088980271 0.39357525405 
0.065120 106.19847554992 0.37518376208 
0.065627 105.40695947001 0.36504441396 
0.066134 104.95686909044 0.38621958507 
0.066640 104.99290860467 0.39032273181 
0.067147 104.30583689098 0.37177607582 
0.067654 103.63094460192 0.36136067076 
0.068161 103.60675432708 0.36710818406 
0.068667 103.42039170126 0.36935196032 
0.069174 102.99211058844 0.38570794366 
0.069681 102.98783225033 0.35653507868 
0.070188 102.06154258377 0.34549377621 
0.070694 102.03807213793 0.35572070531 
0.071201 101.45153780070 0.35553541879 
0.071708 101.37285423417 0.36255793288 
0.072215 101.36391103076 0.34002698720 
0.072721 100.43407612381 0.35576162581 
0.073228 100.37761788585 0.33771935129 
0.073735 99.86772518229 0.34475096795 
0.074242 99.84564565446 0.35848681933 
0.074748 98.93507881687 0.34022455341 
0.075255 99.29158346044 0.34021729649 
0.075762 98.87391234252 0.33914605016 
0.076269 98.44991217482 0.34586763561 
0.076776 98.64438400324 0.32931543211 
0.077282 98.33884119154 0.34063270185 
0.077789 98.19813919561 0.33663770223 
0.078296 97.44399754772 0.33980534717 
0.078803 97.32198903588 0.31692257196 
0.079309 97.88064427629 0.32125573199 
0.079816 97.99449109167 0.31921294127 
0.080323 97.19629104510 0.33088928595 
0.080830 97.20479662792 0.32947722259 
0.081336 96.77215397874 0.32687285308 
0.081843 96.89547741512 0.33195370058 
0.082350 96.60164047993 0.33421456177 
0.082857 96.76814483246 0.33986730968 
0.083363 96.38568098243 0.34566936024 
0.083870 96.22431003580 0.34249422356 
0.084377 95.87290482140 0.32961145825 
0.084884 95.85571184028 0.31600581934 
0.085390 95.45638659119 0.32705764929 
0.085897 95.57512874503 0.32655789315 
0.086404 95.71013021157 0.34394173618 
0.086911 95.33436706520 0.32946877623 
0.087417 94.72754397606 0.33670274011 
0.087924 94.96809530301 0.33066108799 
0.088431 95.01937493986 0.32744916200 
0.088938 94.48174194717 0.32872913236 
0.089444 94.84793950243 0.33578681580 
0.089951 94.44115064062 0.32110998070 
0.090458 93.82527242017 0.32498833244 
0.090965 93.75204032703 0.33659516985 
0.091471 94.36302141207 0.32755268078 
0.091978 93.83161187062 0.33458777170 
0.092485 92.46331817642 0.34329345236 
0.092992 93.02403692021 0.34549551087 
0.093498 92.80950239353 0.33214593047 
0.094005 92.00098940945 0.32899318933 
0.094512 92.29712489271 0.33070809640 
0.095019 92.93169419335 0.33644602239 
0.095525 92.91222606133 0.32625580676 
0.096032 92.25764169000 0.31528554287 
0.096539 91.95535260486 0.32609487103 
0.097046 91.54889005189 0.32101526456 
0.097552 92.00575925686 0.32677705171 
0.098059 92.07685702068 0.31417809794 
0.098566 91.66051502908 0.31778524867 
0.099073 91.70177868342 0.32201768281 
0.099579 91.82260412814 0.32429887438 
0.100086 91.19217916034 0.33209348077 
0.100593 91.54310235569 0.32244811691 
0.101100 91.31369150786 0.31208065596 
0.101606 90.73427428585 0.30361360644 
0.102113 90.16236008539 0.29977601386 
0.102620 90.14467855028 0.30374957189 
0.103127 89.39595728411 0.29374481458 
0.103633 89.13392185767 0.29429369267 
0.104140 89.07093141656 0.30537670500 
0.104647 88.71571432321 0.28842135300 
0.105154 88.52781126584 0.30412505680 
0.105660 88.48464579221 0.29941735248 
0.106167 87.89863652860 0.30586026434 
0.106674 88.31185434033 0.31097591234 
0.107181 88.44554855678 0.31084103113 
0.107687 87.97240403023 0.29530393791 
0.108194 88.25665039446 0.29532481005 
0.108701 87.84949321756 0.29479128682 
0.109208 88.17081268953 0.29605418812 
0.109714 87.77244143339 0.29482456886 
0.110221 87.31288014526 0.29852582502 
0.110728 87.61536558175 0.28728040659 
0.111235 87.21686692347 0.27725751334 
0.111741 87.32250092931 0.27331731071 
0.112248 86.87575059221 0.28480056596 
0.112755 86.68436733521 0.28660541076 
0.113262 87.03470647136 0.28981882199 
0.113768 87.15463274599 0.28372323143 
0.114275 86.76152596249 0.27983041343 
0.114782 86.43947058922 0.28185936748 
0.115289 86.63848780301 0.27549564304 
0.115795 86.73632642428 0.27659085913 
0.116302 86.78471630172 0.27823129257 
0.116809 86.93810088409 0.27717189727 
0.117316 86.33584229964 0.27146914118 
0.117822 86.32431941926 0.27906747558 
0.118329 86.29591279553 0.27213368058 
0.118836 86.20448329306 0.27392893559 
0.119342 86.38342844760 0.26695775655 
0.119849 86.20521289139 0.27460150319 
0.120356 86.22943772303 0.26395601970 
0.120863 86.16661702629 0.26529733913 
0.121369 85.73742726741 0.26257424724 
0.121876 85.33179843450 0.26783897530 
0.122383 85.35232090662 0.26735441840 
0.122890 85.50261909628 0.26688849842 
0.123396 85.15077652724 0.26123089381 
0.123903 85.35679184738 0.26620820220 
0.124410 85.54694458590 0.26750196034 
0.124917 85.09131005508 0.26679751287 
0.125423 84.99447608589 0.26141209453 
0.125930 85.06105153028 0.25946448864 
0.126437 84.57750563119 0.25493157619 
0.126944 84.97967582856 0.26203044268 
0.127450 85.04795217334 0.25330207680 
0.127957 84.75245260874 0.25372832347 
0.128464 84.23362916095 0.24757698976 
0.128970 84.78840016169 0.25845548243 
0.129477 84.62901719356 0.25657728694 
0.129984 84.46431201162 0.24277446766 
0.130491 84.44961552506 0.25151256835 
0.130997 84.61117368526 0.24280484810 
0.131504 84.24775849265 0.25081338876 
0.132011 84.18709052891 0.24677699257 
0.132518 83.97036242472 0.24807546690 
0.133024 84.25369009938 0.25331514792 
0.133531 83.66987640081 0.24546719749 
0.134038 83.86089438824 0.24726893810 
0.134545 83.90992406593 0.24243979821 
0.135051 83.90767209371 0.24450522157 
0.135558 83.77583180468 0.24855110080 
0.136065 83.83229087511 0.24919874508 
0.136571 83.40312377623 0.24087583597 
0.137078 83.67384706827 0.24424034994 
0.137585 83.25274003961 0.25022455739 
0.138092 83.26317434122 0.23428748118 
0.138598 83.04446741171 0.24252513300 
0.139105 83.34114722876 0.24636165185 
0.139612 83.31723091396 0.24504158422 
0.140119 82.95112994163 0.24821949990 
0.140625 82.93342792868 0.24102695238 
0.141132 82.99277595750 0.24586663654 
0.141639 82.83855736759 0.23974225379 
0.142145 82.98053185646 0.24072114075 
0.142652 82.92379074192 0.24595174786 
0.143159 82.79905239184 0.24138636691 
0.143666 82.45089227359 0.24345590259 
0.144172 82.33517636154 0.24292072740 
0.144679 82.19342942651 0.23493740846 
0.145186 82.58362605685 0.24435434629 
0.145692 82.34579881403 0.23756542454 
0.146199 82.05315130063 0.23987204570 
0.146706 81.92678065525 0.24192040221 
0.147213 81.73654976420 0.24572593836 
0.147719 82.00033217483 0.24267137526 
0.148226 81.67802081762 0.23814655534 
0.148733 81.80213365831 0.24417666050 
0.149240 81.79674300512 0.23890635914 
0.149746 81.41765804523 0.23386271986 
0.150253 81.02262498231 0.24037378384 
0.150760 81.34949210469 0.23667996301 
0.151266 81.43875889046 0.24445451859 
0.151773 81.23204170629 0.23579090151 
0.152280 80.80137111669 0.23999967639 
0.152787 80.87817505592 0.24011030140 
0.153293 80.64775999949 0.23635974615 
0.153800 81.02841507130 0.24281037614 
0.154307 80.75523971980 0.24676367931 
0.154813 80.67844311593 0.24178791229 
0.155320 80.48430267786 0.23736887082 
0.155827 80.54196349084 0.24135062949 
0.156334 80.59366046155 0.23548278444 
0.156840 80.56841404870 0.24165832941 
0.157347 80.43146271730 0.23505896775 
0.157854 80.17361742620 0.23775944593 
0.158360 80.43193389894 0.23438798182 
0.158867 80.16813839595 0.23682236670 
0.159374 80.15950258622 0.23879698843 
0.159881 80.13581008320 0.23741370002 
0.160387 79.90399927059 0.23371938703 
0.160894 80.14182024340 0.23756332772 
0.161401 80.13443627419 0.24000935042 
0.161907 80.00073219307 0.23155035798 
0.162414 79.40550537391 0.22994829299 
0.162921 79.84368494543 0.23323153253 
0.163427 79.44132267278 0.23057176759 
0.163934 79.67540038199 0.23092324064 
0.164441 79.35733201412 0.23350112326 
0.164948 79.39897953740 0.22886876389 
0.165454 79.15663105282 0.23197071173 
0.165961 79.14219646926 0.23334197247 
0.166468 79.25565329238 0.23061106367 
0.166974 78.94658272656 0.22508591021 
0.167481 79.05306307413 0.22409739080 
0.167988 79.06767731259 0.22763288416 
0.168495 78.73437897340 0.23481305058 
0.169001 79.20014203571 0.23983659934 
0.169508 78.98675223817 0.22976788883 
0.170015 79.43446218783 0.23638623027 
0.170521 79.13727154373 0.23226698724 
0.171028 79.03904037125 0.23530736859 
0.171535 79.34217310655 0.24003632639 
0.172041 79.32297730686 0.24207413617 
0.172548 79.24652304543 0.23668262920 
0.173055 78.62989154864 0.23330154640 
0.173562 79.24021925893 0.23504413654 
0.174068 78.77841100284 0.23590900889 
0.174575 78.87496148761 0.23876180486 
0.175082 78.97373303554 0.23349977440 
0.175588 78.87918242226 0.24057924038 
0.176095 78.39743643893 0.23241992033 
0.176602 78.84038783770 0.23622574538 
0.177108 78.56748419369 0.23423591890 
0.177615 78.70936112315 0.23156273877 
0.178122 78.48734544208 0.23745281957 
0.178629 78.78711813610 0.23431217276 
0.179135 78.71639034296 0.24387356690 
0.179642 78.48325862273 0.23784974637 
0.180149 78.83832256270 0.23304738782 
0.180655 78.87060097178 0.23948392020 
0.181162 78.54061841255 0.23558789677 
0.181669 78.65361625335 0.23781531159 
0.182175 78.69397936086 0.24402234728 
0.182682 78.75993689317 0.24233794456 
0.183189 78.68524979165 0.24666445536 
0.183695 78.52492963682 0.24384326342 
0.184202 78.51231330663 0.24767076424 
0.184709 78.43773979181 0.24433964028 
0.185216 78.29735038645 0.24234674875 
0.185722 78.28012136898 0.24333533818 
0.186229 78.12413572642 0.24948063464 
0.186736 77.93029154738 0.24307964845 
0.187242 77.77754768375 0.24342611383 
0.187749 77.89588910607 0.24687963685 
0.188256 77.91523756037 0.24568841067 
0.188762 77.74517045976 0.24704054064 
0.189269 77.51261915942 0.24601079582 
0.189776 77.68912430091 0.25057061753 
0.190282 77.52109620090 0.24332571526 
0.190789 77.71187978641 0.23999941513 
0.191296 77.58227282152 0.24864943117 
0.191802 77.51822756260 0.24164532565 
0.192309 77.40154226321 0.23604004938 
0.192816 77.25127697840 0.24039736604 
0.193323 76.86830525663 0.23282332793 
0.193829 76.71082767244 0.23416541940 
0.194336 76.42804057047 0.24111791498 
0.194843 76.47850103641 0.23395957759 
0.195349 76.53364400644 0.23529617027 
0.195856 76.40532123231 0.23792986589 
0.196363 76.35950835410 0.23277445951 
0.196869 76.18347228730 0.22852761979 
0.197376 76.52331302387 0.23275843753 
0.197883 76.44909852286 0.23399938912 
0.198389 76.26542361108 0.22857193828 
0.198896 75.95438364026 0.22597249099 
0.199403 75.72644228823 0.22927030099 
0.199909 75.74721357836 0.22509117383 
0.200416 76.00001927059 0.22676406738 
0.200923 75.83037329613 0.22051675844 
0.201429 75.88175060100 0.22500076200 
0.201936 75.54898187397 0.22126839939 
0.202443 75.83845694791 0.22178586581 
0.202949 75.52194877439 0.21772777569 
0.203456 75.68396761358 0.22232368977 
0.203963 75.73315102118 0.21695114052 
0.204469 75.68001692828 0.21537117790 
0.204976 75.72242001447 0.21744917865 
0.205483 75.82849596996 0.21607915523 
0.205989 75.39955269339 0.21793323343 
0.206496 75.26788708110 0.21461805546 
0.207003 75.15256220481 0.21420070286 
0.207509 75.26528772122 0.21608402937 
0.208016 75.17256895337 0.21708013972 
0.208523 75.17389147095 0.21266941988 
0.209029 75.14516990647 0.20910767810 
0.209536 75.08757207040 0.21185142009 
0.210043 74.99814327014 0.21313258172 
0.210549 74.98170183175 0.20883018042 
0.211056 75.41034514840 0.21041371332 
0.211563 74.86474262617 0.21621153342 
0.212069 74.78949587730 0.21022566922 
0.212576 74.62087126888 0.20812529822 
0.213083 75.11942112031 0.20942920840 
0.213589 74.96022056444 0.20891941355 
0.214096 74.70478476975 0.20783559961 
0.214603 74.91916991810 0.21199373492 
0.215109 74.73330715593 0.20512775781 
0.215616 74.47227401660 0.20762935760 
0.216123 74.53068229182 0.20732838162 
0.216629 74.39072905558 0.20496627351 
0.217136 74.38327834914 0.21087011358 
0.217643 74.04462005762 0.20923420708 
0.218149 74.16807941202 0.20763203024 
0.218656 74.23757673516 0.20990949234 
0.219163 74.06231151095 0.20809946391 
0.219669 74.06050955602 0.20548054656 
0.220176 73.99031947264 0.20298597508 
0.220683 73.83748474152 0.20443827230 
0.221189 73.95905880366 0.20459338297 
0.221696 74.09484371646 0.20591819524 
0.222203 73.84232427014 0.20728125342 
0.222709 73.86541019820 0.20173694921 
0.223216 73.96537254006 0.20023275011 
0.223722 73.91630618246 0.20255671740 
0.224229 73.89526179740 0.20652644751 
0.224736 73.70845273667 0.20945435251 
0.225242 73.72069060401 0.20036294620 
0.225749 73.73041139563 0.20005216854 
0.226256 73.51145311713 0.20070114386 
0.226762 73.65068994265 0.20094876784 
0.227269 73.42779259572 0.20398565263 
0.227776 73.52797821069 0.20368634397 
0.228282 73.53282467617 0.20362836050 
0.228789 73.40454967165 0.20065071706 
0.229296 73.38776465670 0.20271843458 
0.229802 73.24570832435 0.20166571785 
0.230309 73.24561320873 0.20074317758 
0.230816 73.11773028267 0.20281360637 
0.231322 73.22359930337 0.20162429746 
0.231829 73.21503100659 0.19675341024 
0.232335 73.08456693643 0.20151498503 
0.232842 72.57227874938 0.20304327954 
0.233349 72.86649243941 0.20221916441 
0.233855 73.03175258146 0.19971480001 
0.234362 72.65605657307 0.20060227611 
0.234869 72.79683500651 0.20136911806 
0.235375 72.85980827112 0.19880427196 
0.235882 72.56129248663 0.19855640597 
0.236389 72.86525975023 0.19829318573 
0.236895 72.62793335716 0.19570559229 
0.237402 72.37144936246 0.19906543473 
0.237908 72.21610115617 0.20211977172 
0.238415 72.56022110757 0.20173299557 
0.238922 72.19607880400 0.20378539724 
0.239428 72.30602699212 0.20100608597 
0.239935 72.27777485226 0.19697498703 
0.240442 71.96696884385 0.19775455943 
0.240948 71.98604852101 0.20192809386 
0.241455 71.84819871795 0.20064895717 
0.241962 71.99564503016 0.19773539968 
0.242468 72.06848964411 0.19879402940 
0.242975 71.99009226242 0.19547193731 
0.243481 71.71960840726 0.19572515644 
0.243988 71.90555959159 0.20042100536 
0.244495 71.68672832543 0.19828660388 
0.245001 71.77533295058 0.19733102001 
0.245508 71.91058539443 0.19754475257 
0.246015 71.88006094399 0.19525445010 
0.246521 71.47007633801 0.19650671778 
0.247028 71.72762604682 0.20039594978 
0.247534 71.22798485195 0.19345161423 
0.248041 71.69661782361 0.19861615146 
0.248548 71.80045640274 0.20015212417 
0.249054 71.57636035029 0.19707915437 
0.249561 71.13284679645 0.19638220383 
0.250068 71.21885098695 0.19780163660 
0.250574 71.28398197014 0.19763604787 
0.251081 71.14549423510 0.19853391548 
0.251587 71.34777991798 0.19811159694 
0.252094 70.99934138753 0.19899517071 
0.252601 71.10425739556 0.19514477182 
0.253107 71.13817981034 0.19953263158 
0.253614 71.28288386421 0.19865623824 
0.254120 70.86895161906 0.19416429190 
0.254627 70.76214039923 0.19491464705 
0.255134 71.13636359096 0.19494883672 
0.255640 71.04207901511 0.19631676918 
0.256147 71.17398222226 0.19671485794 
0.256654 70.89398010530 0.19472233066 
0.257160 71.11181057355 0.19560231692 
0.257667 71.22114848359 0.19556135334 
0.258173 71.27033586573 0.19403377333 
0.258680 71.13984729377 0.19481682112 
0.259187 71.43561984337 0.19552906316 
0.259693 71.37151428486 0.19588449144 
0.260200 71.32734882816 0.19321969799 
0.260706 71.75268785770 0.19417179986 
0.261213 71.42537636465 0.19297330637 
0.261720 71.69973498187 0.19622052429 
0.262226 71.54794024614 0.18980841908 
0.262733 71.73478884853 0.19487163211 
0.263239 71.68070683180 0.19314105484 
0.263746 71.62927654252 0.19426813413 
0.264253 71.61291234769 0.19373210722 
0.264759 71.86094518557 0.19541812512 
0.265266 71.70140164642 0.19534650705 
0.265772 71.66300682608 0.18968842069 
0.266279 71.69911471602 0.19247463149 
0.266786 71.81732578226 0.19025936737 
0.267292 71.69829170277 0.19153897383 
0.267799 71.64974264159 0.19025542968 
0.268305 71.51135955973 0.19144641643 
0.268812 71.86783661809 0.19392547267 
0.269319 71.92159126156 0.19089069860 
0.269825 71.67358777268 0.18711282946 
0.270332 71.95019095261 0.19220487230 
0.270838 71.83368206138 0.19397767966 
0.271345 71.96793585972 0.19351406695 
0.271852 72.18186360563 0.19220449098 
0.272358 71.87816920225 0.19265484439 
0.272865 72.08208296564 0.19268104385 
0.273371 72.04321848384 0.19347133432 
0.273878 72.34272915503 0.19086832740 
0.274385 72.41590424489 0.19117466853 
0.274891 72.53499737075 0.19185347560 
0.275398 72.23496255299 0.19180197448 
0.275904 72.23540882162 0.18674443205 
0.276411 71.92924282033 0.18475094296 
0.276917 72.57164059712 0.18620657168 
0.277424 71.98137770910 0.18685035760 
0.277931 72.21114972569 0.18023030938 
0.278437 72.09042804893 0.18169958165 
0.278944 72.25391765450 0.18187441265 
0.279450 72.26651418808 0.18542292069 
0.279957 71.89884727913 0.18138904395 
0.280464 72.51989946354 0.18351771152 
0.280970 72.05001734086 0.18255753373 
0.281477 71.93457602547 0.18100059397 
0.281983 72.04576707360 0.18284057712 
0.282490 71.91242323781 0.18286554633 
0.282996 72.08970393235 0.18134526214 
0.283503 71.91902274011 0.18069844273 
0.284010 72.19217707770 0.18080548374 
0.284516 72.18714915482 0.18060806805 
0.285023 71.69133352615 0.17560566259 
0.285529 71.74582139396 0.17431044314 
0.286036 72.06114532387 0.17435668377 
0.286542 71.74725253009 0.17546079246 
0.287049 71.57390387300 0.17591608206 
0.287556 71.65892908281 0.17358407417 
0.288062 71.68934297443 0.17368484809 
0.288569 71.42435892717 0.17056424679 
0.289075 71.60725140771 0.17461420259 
0.289582 71.55855714096 0.17213063544 
0.290088 71.11774043135 0.17046549523 
0.290595 71.38219037735 0.17027181647 
0.291102 71.53959325096 0.16953029816 
0.291608 71.14608136443 0.17227440972 
0.292115 71.29154316148 0.16766909219 
0.292621 71.29445709636 0.16690546489 
0.293128 71.07333030400 0.16917312099 
0.293634 71.41380834666 0.16720917269 
0.294141 71.06155107174 0.16712996164 
0.294647 71.00777333342 0.17123015290 
0.295154 70.91289375818 0.16704123511 
0.295661 70.71088799286 0.16393012490 
0.296167 70.87957742742 0.16711285858 
0.296674 70.71679609310 0.16662106060 
0.297180 70.65497506620 0.16555227493 
0.297687 70.74671145046 0.16125570746 
0.298193 70.64944183396 0.16587629414 
0.298700 70.48636185987 0.16477377375 
0.299207 70.65782237091 0.16276903007 
0.299713 70.58755791149 0.16549082203 
0.300220 70.38700900428 0.16309020114 
0.300726 70.70640795719 0.16337327115 
0.301233 70.24834365305 0.16283782818 
0.301739 70.40773419856 0.16807649564 
0.302246 70.35325700958 0.16409861200 
0.302752 70.27346338702 0.15941321278 
0.303259 70.29798956101 0.16043129238 
0.303765 70.19059161967 0.16261010274 
0.304272 69.99741667424 0.16238034225 
0.304779 70.01756250253 0.15939809320 
0.305285 70.21389535142 0.16411547759 
0.305792 70.05084156168 0.16318057678 
0.306298 70.16989848044 0.16077580340 
0.306805 70.02837917983 0.16163626662 
0.307311 69.86739670584 0.15773640909 
0.307818 70.01282782143 0.16103638408 
0.308324 69.77190337631 0.15546090499 
0.308831 69.72673232918 0.15307459447 
0.309337 69.67408787131 0.15340484118 
0.309844 69.31347223570 0.15566045692 
0.310350 68.95118481232 0.15530329451 
0.310857 68.89243550992 0.15230743333 
0.311364 68.75223636668 0.14896702671 
0.311870 68.63001673511 0.14988100265 
0.312377 68.30072740916 0.15032906684 
0.312883 68.24371022850 0.14502442028 
0.313390 68.22072749025 0.14456124191 
0.313896 68.00339096294 0.14768024040 
0.314403 67.62885768456 0.14660433766 
0.314909 67.93366044762 0.14560916061 
0.315416 67.68362413859 0.14410010718 
0.315922 67.58465496589 0.14268657642 
0.316429 67.30076204631 0.14161526040 
0.316935 67.56272040046 0.14198142545 
0.317442 67.41663231920 0.14273173242 
0.317948 67.17670371925 0.14204284523 
0.318455 67.20309298698 0.14211944542 
0.318961 66.85819240894 0.14180010131 
0.319468 66.95949882698 0.14159028928 
0.319975 66.98783532825 0.14319138360 
0.320481 66.85649095534 0.14122982498 
0.320988 66.86264845543 0.14751981863 
0.321494 66.69977539756 0.14148000706 
0.322001 66.55975783375 0.15854861696 
0.322507 66.52416531598 0.13920749505 
0.323014 66.71595627209 0.14009477549 
0.323520 66.72562017090 0.14436405939 
0.324027 66.39514510738 0.13888237153 
0.324533 66.45489502420 0.14049807716 
0.325040 66.30406786597 0.14149824427 
0.325546 66.41998868598 0.13840876084 
0.326053 66.45973541950 0.13771513144 
0.326559 66.31683255530 0.14058957914 
0.327066 66.08692449711 0.13940189537 
0.327572 66.25891424138 0.13764630321 
0.328079 66.17807274770 0.13885198374 
0.328585 66.26304893702 0.14019925606 
0.329092 66.20980607104 0.13875382199 
0.329598 66.00830446565 0.13757842010 
0.330105 66.15265484258 0.13700023343 
0.330611 66.05146646450 0.13770175172 
0.331118 66.06975787848 0.13847882925 
0.331624 66.26009751444 0.13958169699 
0.332131 65.84451062133 0.13931199376 
0.332637 65.97824086676 0.14072401683 
0.333144 65.83353571264 0.13782631535 
0.333650 65.98467092882 0.14074082070 
0.334157 65.70603704056 0.13904563085 
0.334663 65.65934083392 0.14079468696 
0.335170 65.63928087960 0.14049367847 
0.335676 65.63646071343 0.13750130747 
0.336183 65.67528310956 0.13905563988 
0.336689 65.62847576541 0.13872728353 
0.337196 65.73090407462 0.14331962707 
0.337702 65.48680606668 0.13837298337 
0.338209 65.60483512465 0.13910437488 
0.338715 65.53973733054 0.13847568332 
0.339222 65.42836575513 0.14003232829 
0.339728 65.48201392243 0.13894453034 
0.340235 65.28167787061 0.23213616946 
0.340741 65.47851896423 0.13940246585 
0.341248 65.11658657308 0.14122927116 
0.341754 65.38480181346 0.13969988340 
0.342261 65.36499191066 0.14007898616 
0.342767 65.34538929385 0.13583278438 
0.343274 65.63668984006 0.13762867495 
0.343780 65.27721737617 0.13963515611 
0.344287 65.05526541889 0.13804697049 
0.344793 65.13417766655 0.13781856665 
0.345300 65.15555121177 0.14219041910 
0.345806 65.23062502361 0.14165407534 
0.346313 64.96615401257 0.14362865525 
0.346819 65.08789176079 0.14296337960 
0.347325 65.13195074227 0.14584182444 
0.347832 64.74859935084 0.14636111388 
0.348338 64.71311826129 0.14540037695 
0.348845 64.90376263349 0.14586920660 
0.349351 64.95754267619 0.15103306097 
0.349858 64.53731796497 0.15032372944 
0.350364 64.72858516477 0.15079763646 
0.350871 64.60061107978 0.14696397585 
0.351377 64.70312984594 0.14980805094 
0.351884 64.65615651104 0.14607826900 
0.352390 64.42411783387 0.14822363798 
0.352897 64.51442505821 0.14798842126 
0.353403 64.36224970599 0.14823791688 
0.353910 64.28115115043 0.15042749074 
0.354416 64.37875287375 0.15004313863 
0.354923 64.19225799684 0.15100109106 
0.355429 64.04672679508 0.15088800279 
0.355935 64.02320270482 0.15193150014 
0.356442 63.91876064466 0.15025213200 
0.356948 64.07956939405 0.15307620944 
0.357455 63.98099607176 0.15275706546 
0.357961 63.88217302433 0.15289256104 
0.358468 63.83538891955 0.15433001263 
0.358974 63.65512258530 0.22276893848 
0.359481 64.26310832275 0.20645578704 
0.359987 63.90697154993 0.19883025003 
0.360494 64.03495627169 0.18564169698 
0.361000 63.79313826098 0.18807243172 
0.361506 63.78633048923 0.18185163395 
0.362013 64.00255682444 0.18572596900 
0.362519 63.96408117157 0.18224350091 
0.363026 63.55448435931 0.18542397711 
0.363532 63.46042666938 0.18880077273 
0.364039 63.60530422517 0.17948431366 
0.364545 63.58236312668 0.18095853292 
0.365052 63.82168926512 0.18372296227 
0.365558 63.71367632045 0.18205550583 
0.366064 63.75076975426 0.17949017757 
0.366571 63.52090239982 0.18541453647 
0.367077 63.63879403452 0.18613090626 
0.367584 63.86088954823 0.18677524642 
0.368090 63.85549265864 0.18678154520 
0.368597 63.69690562449 0.19065069744 
0.369103 63.97418027542 0.18979760914 
0.369610 63.52601576214 0.18675525494 
0.370116 63.70945997149 0.19315236811 
0.370622 63.54171447377 0.19308549679 
0.371129 63.74732833489 0.19392562532 
0.371635 63.66448260239 0.19202978291 
0.372142 63.58511941080 0.19399294936 
0.372648 63.76548144045 0.19263289068 
0.373155 63.32667169294 0.19333590262 
0.373661 63.26573944904 0.19870099312 
0.374167 63.39218457841 0.19769970782 
0.374674 63.52253886364 0.19840897508 
0.375180 63.50151858407 0.19333642097 
0.375687 63.26781740654 0.19920735088 
0.376193 63.35649258249 0.20082745071 
0.376700 63.48531319197 0.20276432154 
0.377206 63.43735369389 0.20551485855 
0.377712 63.73133082184 0.20421394924 
0.378219 63.14560753793 0.20442848903 
0.378725 63.06975632048 0.20238385262 
0.379232 63.75733792726 0.20684468440 
0.379738 63.17310323132 0.19958449251 
0.380245 62.90649364868 0.21260268441 
0.380751 63.29860822031 0.20444953851 
0.381257 63.34648743174 0.21257635495 
0.381764 62.98462520356 0.20941759373 
0.382270 63.23386909009 0.20518640523 
0.382777 63.07146703939 0.20519576913 
0.383283 63.32820421854 0.20462300653 
0.383789 63.43492402631 0.21077436068 
0.384296 63.14731200099 0.21091144617 
0.384802 62.91916253715 0.21165390643 
0.385309 63.36983909977 0.21299896058 
0.385815 63.21583794597 0.21200266803 
0.386321 62.79123752111 0.21269895835 
0.386828 63.37908029403 0.21710964386 
0.387334 62.98702590838 0.21149841840 
0.387841 63.12060220703 0.21363494706 
0.388347 63.21650044793 0.21006897797 
0.388853 62.78263999168 0.21561116406 
0.389360 62.90182267749 0.21488376768 
0.389866 63.29904022100 0.21436964619 
0.390373 62.68869361053 0.21389989471 
0.390879 62.83492028872 0.21113300796 
0.391385 62.85770458813 0.22067101772 
0.391892 63.02179126844 0.21416366139 
0.392398 62.75171932229 0.22010271384 
0.392905 62.80831807932 0.22077799924 
0.393411 62.33350939920 0.22158191854 
0.393917 62.90421880594 0.22364551734 
0.394424 62.25124202731 0.23148481901 
0.394930 62.51094151767 0.22940629043 
0.395437 62.92281360529 0.22895048395 
0.395943 62.68563333691 0.23531808995 
0.396449 62.79296341129 0.24940870851 
0.396956 62.88839261785 0.23496727429 
0.397462 62.30678257946 0.22995428307 
0.397969 62.43089253215 0.23758436334 
0.398475 62.20221966502 0.22920404197 
0.398981 62.64878268849 0.24070641493 
0.399488 62.32667387338 0.23717965538 
0.399994 62.62220009999 0.23863577653 
0.400500 62.30464953520 0.24181021687 
0.401007 62.60416461874 0.24726248425 
0.401513 62.49042345370 0.25104361414 
0.402020 62.43858996220 0.25188323080 
0.402526 62.23751577493 0.24907188934 
0.403032 62.79857241082 0.25169659892 
0.403539 62.40350006267 0.25526690845 
0.404045 62.65485124056 0.24780584170 
0.404551 62.30896882148 0.26879769230 
0.405058 62.48166744478 0.26001814860 
0.405564 62.15554483941 0.25743259232 
0.406071 62.19834836975 0.25986169210 
0.406577 62.15580037169 0.25244548094 
0.407083 62.57386482031 0.26423469849 
0.407590 62.16562605765 0.26430591468 
0.408096 62.51483886703 0.27385094357 
0.408602 62.36440661117 0.27210830698 
0.409109 62.09680957048 0.26196915629 
0.409615 61.92581490336 0.26840464500 
0.410121 62.28218150619 0.25872842980 
0.410628 62.35384327718 0.27095879749 
0.411134 62.72402111338 0.26780654991 
0.411641 61.88512647952 0.26746526869 
0.412147 62.12453572544 0.26726720555 
0.412653 61.85742332820 0.26861258839 
0.413160 61.99682089121 0.26447758119 
0.413666 62.15133798935 0.26436915925 
0.414172 61.95408223538 0.27918923387 
0.414679 61.88598565259 0.27453899880 
0.415185 61.61669833851 0.27851078356 
0.415691 61.73058717989 0.26593747837 
0.416198 62.14980836982 0.27345918547 
0.416704 61.88009399218 0.27269649078 
0.417210 61.90278294870 0.28616906322 
0.417717 61.83230731076 0.29068685148 
0.418223 61.58961370895 0.27330019285 
0.418729 62.08563947001 0.28384254592 
0.419236 61.90614693453 0.28636790713 
0.419742 61.81763182429 0.27018756095 
0.420248 61.69739736905 0.28595303232 
0.420755 61.95584416324 0.28088062386 
0.421261 62.25455175167 0.28145594683 
0.421767 61.78733376725 0.28912491757 
0.422274 61.34866115653 0.28354629488 
0.422780 61.82729240677 0.28426218745 
0.423286 61.47864909880 0.27961111914 
0.423793 61.73678847184 0.28130953822 
0.424299 61.75263596329 0.28954792504 
0.424805 61.74066736532 0.28689667463 
0.425312 61.36697916425 0.29470025522 
0.425818 61.61549264930 0.27791282685 
0.426324 62.28455385160 0.29866559265 
0.426831 61.47958497656 0.29504625596 
0.427337 61.42188202092 0.28930989120 
0.427843 61.79352242528 0.29988699174 
0.428350 61.65753838651 0.31675438569 
0.428856 61.51583113199 0.30394863922 
0.429362 62.06520072687 0.30856104655 
0.429869 61.87847799492 0.31984785509 
0.430375 61.47040895923 0.32151671367 
0.430881 61.63970531961 0.32082352576 
0.431388 61.81891026157 0.32226109729 
0.431894 61.16884825273 0.31487628793 
0.432400 61.74058515385 0.32188676586 
0.432907 61.52253665555 0.32233375109 
0.433413 61.66493012671 0.33772496327 
0.433919 61.32926028417 0.33478897280 
0.434425 61.56134615105 0.33285276773 
0.434932 61.12848360470 0.32808738041 
0.435438 61.37403011924 0.35932150913 
0.435944 61.76317274463 0.32806554522 
0.436451 61.33378599018 0.34717203355 
0.436957 61.58950616218 0.35575514153 
0.437463 60.97782337949 0.34599899599 
0.437970 61.24066030720 0.35718015539 
0.438476 61.04732309782 0.35963466680 
0.438982 60.88210881410 0.36667040748 
0.439489 61.05673146015 0.36823564525 
0.439995 60.43822577107 0.37054204233 
0.440501 61.09665147028 0.37114116794 
0.441007 61.20147502365 0.37099092269 
0.441514 61.74677181946 0.38603616277 
0.442020 61.69387212831 0.40107301963 
0.442526 61.14848357368 0.40446945421 
0.443033 61.56425613028 0.41416326771 
0.443539 61.24969039406 0.42118829213 
0.444045 61.33263119704 0.40803441432 
0.444551 60.74683670772 0.41163086388 
0.445058 61.27906618500 0.40711575407 
0.445564 60.57829397467 0.46367657054 
0.446070 61.01054549073 0.42153762870 
0.446577 60.95009715576 0.42703516232 
0.447083 61.29217956363 0.45480490275 
0.447589 60.52999629623 0.44553546662 
0.448095 60.94589686770 0.47438880374 
0.448602 61.36322362614 0.45166257841 
0.449108 61.05787522424 0.46571538201 
0.449614 60.11828642455 0.47226941132 
0.450121 60.83031055560 0.48160617674 
0.450627 60.64116605755 0.48928683899 
0.451133 61.17438273792 0.50310827209 
0.451639 59.67138572796 0.51982231926 
0.452146 60.99941816454 0.51879341983 
0.452652 60.55341493075 0.52208072644 
0.453158 60.02388899289 0.58245560681 
0.453664 61.19476172796 0.57202069145 
0.454171 60.32917272518 0.59334766670 
0.454677 60.81995866408 0.58032330213 
0.455183 59.91276382105 0.63346097209 
0.455689 59.82610018099 0.62371021289 
0.456196 59.31675969455 0.67278636803 
0.456702 60.83225742690 0.64237645922 
0.457208 60.49768329695 0.68658847778 
0.457714 60.25624900275 0.74820021883 
0.458221 60.60507494193 0.76105982242 
0.458727 60.05153356688 0.77401521174 
0.459233 60.96298031587 0.82624078592 
0.459740 60.62857059034 0.89806087410 
0.460246 60.86784152901 0.89960024213 
0.460752 61.79268090000 1.00282319814 
0.461258 60.67995688869 1.02286284099 
0.461765 59.93322543836 1.05071182118 
0.462271 58.90606802059 1.04174109075 
0.462777 60.51042097988 1.18041106753 
0.463283 60.48465442470 1.29365263188 
0.463789 60.14762182493 1.40719471871 
0.464296 60.28417753351 1.42374432440 
0.464802 59.96917770244 1.36943674208 
0.465308 59.68208985494 1.47330108770 
0.465814 59.24707725451 1.69389232012 
0.466321 60.54876015016 1.74812163589 
0.466827 59.74561183437 1.81592563269 
0.467333 59.91695893853 1.89609991155 
0.467839 58.34908332667 1.82174735910 
0.468346 60.49579673459 2.33855869736 
0.468852 60.10015343210 2.60266132929 
0.469358 60.27943863069 2.91996089793 
0.469864 57.63602636873 2.87348269695 
0.470371 56.98458152667 3.75657436060 
0.470877 57.93378101716 4.40636001189 
0.471383 58.88410040669 5.64548535297 
0.471889 54.62130587356 7.13038568737 
0.472395 55.02703311920 5.78554980589 
0.472902 50.70180623041 12.05676641758 
