0.010896 1351.26685097153 13.59897252749 
0.011402 1208.54992303568 11.75869198424 
0.011909 1079.09025450110 10.32867456552 
0.012416 973.48515114457 8.36049438790 
0.012923 887.98570079167 8.21396761665 
0.013430 822.56949365331 11.33499383775 
0.013936 788.67497016982 9.23269708600 
0.014443 733.86203363834 7.40305527199 
0.014950 679.21247564057 6.95336871595 
0.015457 624.93634003164 5.48209059389 
0.015963 579.08651757581 5.00703846229 
0.016470 541.07599844411 4.03209318735 
0.016977 506.68922920981 3.74676774726 
0.017484 475.11469152532 3.04379846491 
0.017990 449.51831698485 2.97137797495 
0.018497 424.40259121455 2.79727837207 
0.019004 399.00504044008 2.31317482395 
0.019511 378.79593000862 2.19863394469 
0.020018 362.17346970043 2.16775133322 
0.020524 342.84462179307 1.92106029230 
0.021031 328.65699928099 1.93660169383 
0.021538 313.69222036429 1.67534895236 
0.022045 303.29369898157 1.68397370392 
0.022551 289.01012060316 1.56234045387 
0.023058 280.13633084899 1.45372315637 
0.023565 268.72296366958 1.50360842251 
0.024072 260.11683761279 1.70285851206 
0.024579 249.73838325266 1.62845518003 
0.025085 242.77867574433 2.16958368022 
0.025592 237.06485150467 2.17075310589 
0.026099 228.60179786810 2.16424816339 
0.026606 222.62925381323 1.69707982416 
0.027112 216.62938936466 1.76867103133 
0.027619 212.39399503561 1.53099528518 
0.028126 206.64917518747 1.49834605581 
0.028633 202.32305004852 1.39049713717 
0.029139 197.20158634761 1.24281678821 
0.029646 194.56712431910 1.14896170718 
0.030153 190.36096471863 1.16971873175 
0.030660 186.28583147606 1.02324206454 
0.031167 182.16402106991 0.92410988608 
0.031673 177.82813736799 0.89545672018 
0.032180 174.74636566778 0.89659333506 
0.032687 171.95561782570 0.89536024968 
0.033194 169.68093150724 0.83385129821 
0.033700 167.88043673880 0.74455920541 
0.034207 164.18734815308 0.78496639280 
0.034714 162.21245723143 0.80162862744 
0.035221 159.91878751592 0.69222882903 
0.035727 157.65769489951 0.67953517982 
0.036234 154.98010950239 0.70650636443 
0.036741 153.63491828531 0.64916770955 
0.037248 152.18009774243 0.64705431951 
0.037755 150.96663826058 0.63493572502 
0.038261 148.81665937354 0.60320436248 
0.038768 146.32417275030 0.58177431371 
0.039275 145.70048033175 0.60745874496 
0.039782 144.39726856142 0.57681173286 
0.040288 143.33950759452 0.55351810071 
0.040795 141.53914164552 0.53815245317 
0.041302 138.82685350220 0.57037487573 
0.041809 139.93311617306 0.56173880626 
0.042315 137.16896284409 0.58311331672 
0.042822 136.39053009862 0.51771625967 
0.043329 134.67253892828 0.55618039249 
0.043836 133.67293134238 0.51509906831 
0.044343 133.00759424628 0.51816754843 
0.044849 131.39571013255 0.52338752376 
0.045356 131.06630008407 0.50913166259 
0.045863 129.16361057734 0.52350435181 
0.046370 128.40350534556 0.51457916433 
0.046876 128.17917168202 0.47486976809 
0.047383 126.61934100300 0.49539303427 
0.047890 126.56326069039 0.49408041275 
0.048397 125.77681871488 0.48419509026 
0.048903 123.99099979099 0.49100140999 
0.049410 123.61749329773 0.48429237495 
0.049917 122.42988577464 0.48019021150 
0.050424 122.89047213229 0.48092023140 
0.050931 122.00063415355 0.44854810106 
0.051437 120.63130512880 0.46026016172 
0.051944 119.99698092202 0.45784546135 
0.052451 119.27103229843 0.45546044297 
0.052958 119.03632493356 0.44332687569 
0.053464 118.03835710717 0.44623047623 
0.053971 117.01170248148 0.42295159452 
0.054478 116.29682115811 0.44872785619 
0.054985 116.08031059459 0.41644906631 
0.055491 115.06850899153 0.44181345879 
0.055998 115.45480532198 0.43678157986 
0.056505 113.79971874548 0.42457227661 
0.057012 113.50165606464 0.43195462293 
0.057519 113.49184827377 0.43197002800 
0.058025 112.42795939125 0.41340923858 
0.058532 112.50783175568 0.42225684316 
0.059039 111.56775191478 0.40786055640 
0.059546 111.02648267505 0.42989287786 
0.060052 109.82271794916 0.41751550284 
0.060559 109.49112201858 0.41303940744 
0.061066 109.47436630536 0.39860388839 
0.061573 109.39191084869 0.41270369979 
0.062079 108.77130206402 0.39507258146 
0.062586 108.10554616682 0.38836669308 
0.063093 107.82459580320 0.38383333929 
0.063600 107.29555590759 0.40556112986 
0.064106 106.50327676252 0.38828653029 
0.064613 106.37002590300 0.38830953628 
0.065120 105.94182416016 0.39409114012 
0.065627 105.43420113779 0.38709880031 
0.066134 105.09166122555 0.37136668661 
0.066640 104.63370100562 0.38742221732 
0.067147 105.06157954545 0.37596540546 
0.067654 103.78341807675 0.35984596395 
0.068161 103.20501051859 0.35670569432 
0.068667 103.38766310170 0.38428604586 
0.069174 103.17493362489 0.38251954365 
0.069681 102.51132112947 0.36541863761 
0.070188 102.37890425718 0.35422954624 
0.070694 101.69482934779 0.36282318125 
0.071201 102.27944636432 0.35162324135 
0.071708 101.27927206332 0.36132768578 
0.072215 100.96459112652 0.35505082407 
0.072721 100.88623150060 0.34456352037 
0.073228 99.94629001624 0.33920290280 
0.073735 100.12519992461 0.33869159606 
0.074242 99.12273783966 0.34710015825 
0.074748 99.97287332058 0.33737615622 
0.075255 98.87059001664 0.32568026600 
0.075762 99.30400850172 0.35154303846 
0.076269 99.00363300957 0.34261657070 
0.076776 98.94895551667 0.33127505961 
0.077282 98.32197849781 0.33809895612 
0.077789 98.11817185748 0.33305152419 
0.078296 98.15617073866 0.33101626260 
0.078803 97.74648741492 0.31717558872 
0.079309 97.00737986538 0.33320746588 
0.079816 97.50478880864 0.33654730026 
0.080323 97.44077524493 0.34434265931 
0.080830 96.83889907099 0.33438550733 
0.081336 97.41923618235 0.33676778618 
0.081843 97.55104130518 0.32300918225 
0.082350 96.64519089651 0.32941624447 
0.082857 96.68617573173 0.33454829341 
0.083363 96.98174869381 0.33723367750 
0.083870 95.85584866282 0.33594668224 
0.084377 95.87115574098 0.32990601202 
0.084884 95.19423654743 0.31839474861 
0.085390 95.72937422627 0.32818405158 
0.085897 95.42410536446 0.33310917741 
0.086404 95.11597286283 0.32695812202 
0.086911 95.02294918158 0.32200939277 
0.087417 94.98900267136 0.33858343879 
0.087924 94.65299722982 0.32866963893 
0.088431 94.72210625046 0.33027500853 
0.088938 95.03120899236 0.34292094587 
0.089444 94.29382792289 0.32878748604 
0.089951 93.70182030912 0.33224340580 
0.090458 93.82235424773 0.33145253385 
0.090965 93.87375095680 0.33441762556 
0.091471 93.48074309429 0.33687550479 
0.091978 93.33984169230 0.32972047171 
0.092485 92.70662380650 0.34652625642 
0.092992 93.17335581201 0.33039844486 
0.093498 93.35852966733 0.33361972004 
0.094005 92.56715829055 0.33816843348 
0.094512 92.55479693911 0.34072686348 
0.095019 92.73591056981 0.34196402734 
0.095525 92.31977266011 0.32095938901 
0.096032 92.26182827121 0.33054321594 
0.096539 91.91363265147 0.33262122600 
0.097046 91.89070558471 0.33165447069 
0.097552 91.91121708375 0.32507717989 
0.098059 92.12698800409 0.33075202482 
0.098566 91.62178369394 0.32792529868 
0.099073 91.73877644452 0.31802944637 
0.099579 91.43917990294 0.32084848602 
0.100086 91.34078669641 0.32127883797 
0.100593 91.31918885912 0.33132690679 
0.101100 91.37981555048 0.32516814475 
0.101606 91.04885674640 0.29804373029 
0.102113 89.44009978595 0.29142790033 
0.102620 89.77853085866 0.29293589247 
0.103127 89.53702402069 0.29130447470 
0.103633 89.11180991642 0.30797455850 
0.104140 88.44421762600 0.29666804793 
0.104647 88.50846072658 0.28988836109 
0.105154 88.81981433480 0.31123747497 
0.105660 88.45795107359 0.30283718116 
0.106167 87.69104775696 0.30712914164 
0.106674 88.38729749594 0.30166770933 
0.107181 88.05131418959 0.30013800923 
0.107687 87.98028135272 0.29596240884 
0.108194 87.96062612341 0.30806457845 
0.108701 88.14538351935 0.28797931420 
0.109208 87.56395227848 0.28946902791 
0.109714 88.14550825427 0.29441339889 
0.110221 87.35167425575 0.29207991840 
0.110728 87.26253704310 0.29401421829 
0.111235 87.41619602748 0.27758447620 
0.111741 87.20360372057 0.28616883438 
0.112248 87.35959381711 0.28761391847 
0.112755 87.50925924129 0.28220123695 
0.113262 86.94087141621 0.27869053964 
0.113768 86.95560977401 0.28406204064 
0.114275 86.87486882750 0.28200832359 
0.114782 86.96726399978 0.27279638145 
0.115289 86.69177036144 0.27279738166 
0.115795 86.72062455729 0.28820864977 
0.116302 86.11127838218 0.27680924139 
0.116809 86.51477975229 0.27571554055 
0.117316 86.65449648911 0.26631782456 
0.117822 86.17373576736 0.26748785567 
0.118329 86.17324927762 0.27713481017 
0.118836 86.29536929582 0.27291302353 
0.119342 86.15760300567 0.27144743526 
0.119849 85.94135298220 0.27722410614 
0.120356 85.99849425922 0.26395100748 
0.120863 85.91176402218 0.26655168229 
0.121369 85.48747565972 0.26626910077 
0.121876 85.57672263584 0.26368959935 
0.122383 85.75020520837 0.25381713804 
0.122890 85.35133626019 0.26079765420 
0.123396 85.56263033528 0.26201198627 
0.123903 84.98354253266 0.26584091434 
0.124410 85.12727607841 0.26177681342 
0.124917 85.04040821966 0.26386393489 
0.125423 85.08470599153 0.26851109850 
0.125930 85.30018527410 0.25654093892 
0.126437 84.93663854110 0.26391418990 
0.126944 84.75060148708 0.25916008650 
0.127450 84.41514889822 0.25418503521 
0.127957 84.54432246696 0.25570479920 
0.128464 84.93173016053 0.25894577643 
0.128970 84.61070768897 0.26107561165 
0.129477 84.29327327926 0.26002957647 
0.129984 84.18189617639 0.25642487511 
0.130491 84.60155815783 0.25192379349 
0.130997 83.93268575599 0.24647121816 
0.131504 83.90403179232 0.24872324995 
0.132011 84.39017910239 0.25361907866 
0.132518 84.13453824299 0.25155739619 
0.133024 84.08909917946 0.24021776854 
0.133531 83.88824832556 0.24936441316 
0.134038 83.77259582158 0.24835094050 
0.134545 83.88897738363 0.24677930083 
0.135051 83.91562539819 0.24824079902 
0.135558 83.23046509168 0.24275772353 
0.136065 83.78694406834 0.24918910859 
0.136571 83.29417488752 0.24407454443 
0.137078 83.15696750265 0.23882602425 
0.137585 83.49238740242 0.24318719758 
0.138092 83.61321971921 0.24384850837 
0.138598 82.94581388835 0.23994757927 
0.139105 83.32076936548 0.24536623939 
0.139612 83.52372580399 0.24268439015 
0.140119 82.90585767843 0.24203590569 
0.140625 83.21670618060 0.23659400287 
0.141132 82.82733153261 0.23336111885 
0.141639 82.78798331524 0.24185582508 
0.142145 82.31439907330 0.23777126034 
0.142652 82.43533552682 0.24123215581 
0.143159 82.58234320634 0.23807034598 
0.143666 82.62144236859 0.23831223704 
0.144172 82.35489090111 0.24148280144 
0.144679 82.36618497788 0.23905546487 
0.145186 81.95090383532 0.23928085617 
0.145692 82.17337111795 0.24404214899 
0.146199 81.93081061843 0.24275638749 
0.146706 81.71179898187 0.24314656658 
0.147213 81.91600262231 0.24370470306 
0.147719 82.17537576153 0.24019793271 
0.148226 81.68763332600 0.24060090461 
0.148733 81.49637158996 0.24456460238 
0.149240 81.32635007942 0.24099939637 
0.149746 81.30952578932 0.24746481753 
0.150253 80.94360868330 0.23838546094 
0.150760 81.39668957262 0.23842983120 
0.151266 81.05947827014 0.24186430914 
0.151773 81.07106218824 0.23770309908 
0.152280 81.30178241940 0.24080020388 
0.152787 80.83519522918 0.23609297482 
0.153293 80.91680568885 0.23697441456 
0.153800 81.06668425910 0.23756636241 
0.154307 81.03226633816 0.23938842475 
0.154813 80.68962940164 0.23777008517 
0.155320 80.51326177026 0.23526244117 
0.155827 80.79668104303 0.23726034945 
0.156334 80.59064935326 0.23633605888 
0.156840 80.45002318084 0.23391767708 
0.157347 80.28855546688 0.23598190374 
0.157854 80.32886210203 0.23576256998 
0.158360 80.17445696762 0.23842230942 
0.158867 80.39845475768 0.23492636031 
0.159374 79.89920315004 0.23974434889 
0.159881 79.91646182841 0.23644256256 
0.160387 79.98621177509 0.23877492557 
0.160894 79.94822433900 0.23777029451 
0.161401 79.85597698868 0.23629536260 
0.161907 79.79663223700 0.23649027971 
0.162414 79.58430188048 0.23259986995 
0.162921 79.81770781422 0.22971802296 
0.163427 79.21638747763 0.23374027892 
0.163934 79.31754558145 0.23805444241 
0.164441 79.42331684865 0.23515600512 
0.164948 79.50006655149 0.23092240039 
0.165454 79.03293075016 0.22999681243 
0.165961 79.20788890323 0.22747776322 
0.166468 79.38684499164 0.23032262466 
0.166974 79.15811737369 0.23243864103 
0.167481 78.45795683778 0.22903518640 
0.167988 79.38905546868 0.23264553628 
0.168495 79.14460648848 0.23396727482 
0.169001 78.97158080343 0.23366790783 
0.169508 79.22306981426 0.23766157556 
0.170015 79.31644261999 0.23385603778 
0.170521 79.20969048306 0.23585860623 
0.171028 79.02469208249 0.23458072049 
0.171535 78.91780332024 0.23142170513 
0.172041 79.08947126990 0.23851978129 
0.172548 78.60198948620 0.24039804409 
0.173055 79.21118122382 0.23372589968 
0.173562 79.03806784481 0.23370388148 
0.174068 78.78551244938 0.23282914049 
0.174575 79.09612991440 0.23838563145 
0.175082 79.01796234280 0.23665027843 
0.175588 78.53645388658 0.23668286422 
0.176095 78.71695607980 0.23233166344 
0.176602 78.93636375984 0.23996816459 
0.177108 78.87021027667 0.24477712522 
0.177615 78.37084745661 0.23926170577 
0.178122 78.88403156483 0.23996076956 
0.178629 78.85610058829 0.23836770826 
0.179135 78.37369551010 0.23543981587 
0.179642 78.69562125689 0.23354749774 
0.180149 78.68271169245 0.23674970362 
0.180655 78.66863628124 0.23593753550 
0.181162 78.68748804859 0.23784466733 
0.181669 78.56978005696 0.24017323197 
0.182175 78.55834495118 0.24093728622 
0.182682 78.94224673474 0.24404914139 
0.183189 78.38216002537 0.24322419366 
0.183695 78.52071896038 0.24607817556 
0.184202 78.65715086245 0.23917550847 
0.184709 78.45935084331 0.24293147060 
0.185216 78.36860325944 0.24425952042 
0.185722 78.24740255359 0.24445098688 
0.186229 78.00358250506 0.24025740173 
0.186736 77.84302985952 0.24096259528 
0.187242 78.03879385444 0.24475434799 
0.187749 77.75097841807 0.24635516380 
0.188256 78.04892221193 0.24490142742 
0.188762 77.79593272610 0.24408175813 
0.189269 77.75523526381 0.24501503126 
0.189776 77.69688309871 0.25004137951 
0.190282 77.56301733314 0.24604560896 
0.190789 77.86571695572 0.24275479533 
0.191296 77.33117075679 0.24258665257 
0.191802 77.03672052915 0.24412493100 
0.192309 76.92829395440 0.24439157945 
0.192816 77.25412906309 0.23734312691 
0.193323 76.75285676281 0.23326028287 
0.193829 76.74768473526 0.24033102563 
0.194336 76.56817849520 0.23721854243 
0.194843 76.28551244762 0.23109243673 
0.195349 76.20398089078 0.23174212368 
0.195856 76.65061981085 0.23876738955 
0.196363 76.19774719659 0.23434477102 
0.196869 76.06701681591 0.22645704165 
0.197376 76.53412477025 0.23155174323 
0.197883 75.87940742818 0.22476990914 
0.198389 75.83948205714 0.22822066879 
0.198896 76.20159922233 0.22864843291 
0.199403 76.06977933415 0.22594296431 
0.199909 75.83314817754 0.22449287548 
0.200416 75.93072008813 0.21760659825 
0.200923 75.64903059467 0.21916384049 
0.201429 75.68322885427 0.22292848890 
0.201936 75.37325683425 0.22024739188 
0.202443 75.86717906837 0.21986777276 
0.202949 75.81797287232 0.22389116872 
0.203456 75.62051320548 0.22143057569 
0.203963 75.51911424220 0.21847111400 
0.204469 75.39852710625 0.21794045482 
0.204976 75.56544358805 0.21472002225 
0.205483 75.30623946821 0.21978272359 
0.205989 75.31211745128 0.21954497696 
0.206496 75.42768782558 0.21247543369 
0.207003 75.09754983524 0.21862411405 
0.207509 75.43759880301 0.21633725270 
0.208016 75.35820550111 0.21660093275 
0.208523 75.88167491477 0.21625506625 
0.209029 74.79853977257 0.21261309080 
0.209536 75.20706310680 0.20877310632 
0.210043 75.29960949404 0.21648698658 
0.210549 74.90916723224 0.21314633286 
0.211056 74.92429979897 0.21182859727 
0.211563 74.96042288541 0.20975261301 
0.212069 74.90076484574 0.20751404575 
0.212576 74.75940161744 0.21143505363 
0.213083 74.90986161193 0.20601216313 
0.213589 74.60527408864 0.20671931838 
0.214096 74.65456510654 0.20157877537 
0.214603 74.59559205552 0.21020703323 
0.215109 74.65995395875 0.20758613043 
0.215616 74.37803467802 0.20841653291 
0.216123 74.22522184580 0.20438309330 
0.216629 74.33729698130 0.20535443666 
0.217136 74.38255075281 0.20818743894 
0.217643 73.93029783221 0.21211567748 
0.218149 74.16252446973 0.20889063422 
0.218656 74.03378148831 0.20111601703 
0.219163 74.23464505470 0.20345204330 
0.219669 74.05698619728 0.20653532337 
0.220176 74.27244062516 0.20641379822 
0.220683 74.11189254469 0.20297502108 
0.221189 73.94075490371 0.20391294998 
0.221696 74.04774289857 0.20269267977 
0.222203 73.99228641438 0.20035696667 
0.222709 73.86266504920 0.20412164621 
0.223216 73.68994941903 0.20261926314 
0.223722 73.91574597218 0.20287889168 
0.224229 73.93975057573 0.20389571144 
0.224736 73.85705266667 0.20246898565 
0.225242 73.40291587078 0.20026580463 
0.225749 73.39078035403 0.20349399996 
0.226256 73.68924093743 0.20339664862 
0.226762 73.52247197910 0.19948788391 
0.227269 73.28645718588 0.20363217080 
0.227776 73.54190153796 0.20515373390 
0.228282 73.57762943167 0.20076395185 
0.228789 73.31072245174 0.20064105337 
0.229296 73.31587056042 0.20425252224 
0.229802 73.19863963897 0.19922000303 
0.230309 72.74868415564 0.19757154054 
0.230816 73.15557969631 0.19559134157 
0.231322 73.25748089465 0.20350384590 
0.231829 72.72674524783 0.20217685068 
0.232335 73.07389764159 0.20112022158 
0.232842 72.94476977481 0.20275216178 
0.233349 72.70762171984 0.19956251283 
0.233855 72.94277916693 0.20394586335 
0.234362 72.68441366576 0.19942036579 
0.234869 72.91347080384 0.20023636933 
0.235375 72.72316710434 0.20087494745 
0.235882 72.68881864835 0.19973668548 
0.236389 72.54221199561 0.19778583258 
0.236895 72.34008572599 0.20063128759 
0.237402 72.76859157637 0.20203586497 
0.237908 72.58154794281 0.20316717241 
0.238415 72.24889177200 0.19886947677 
0.238922 72.46867594775 0.19939354611 
0.239428 72.08729811173 0.20118172868 
0.239935 71.89737853579 0.19918109860 
0.240442 72.38173102378 0.20182889363 
0.240948 72.10670299156 0.19750187309 
0.241455 72.05395240131 0.20080079843 
0.241962 71.78783335369 0.19504767131 
0.242468 71.81073778422 0.20024477054 
0.242975 71.99402613820 0.20059411604 
0.243481 71.90305735261 0.19821779020 
0.243988 71.84103842811 0.19509259465 
0.244495 71.89855113729 0.19871227057 
0.245001 71.89614284195 0.19526526534 
0.245508 71.56709909411 0.19695386674 
0.246015 71.60949647559 0.19566653156 
0.246521 71.61086293002 0.20043215132 
0.247028 71.57449495583 0.19632048776 
0.247534 71.64643484165 0.19812384020 
0.248041 71.58473666687 0.19981687484 
0.248548 71.65344139303 0.19820691506 
0.249054 71.46206124720 0.19827433272 
0.249561 71.41273033188 0.19666831155 
0.250068 71.18953345686 0.19821119037 
0.250574 71.78673893581 0.19418568004 
0.251081 71.04897451910 0.20003125106 
0.251587 71.10439960388 0.19848392497 
0.252094 71.23664852821 0.19716872736 
0.252601 71.12435708271 0.19911221261 
0.253107 71.05037088429 0.19703589953 
0.253614 71.07021050484 0.20026161941 
0.254120 71.07719724522 0.19667440091 
0.254627 70.94666579411 0.19471293322 
0.255134 70.79423958975 0.19578969427 
0.255640 70.95309142667 0.19706417421 
0.256147 70.74979065681 0.19645714479 
0.256654 70.79421024343 0.19448863840 
0.257160 71.13745252270 0.19566338666 
0.257667 71.23425003812 0.19262576598 
0.258173 71.30566902914 0.20076718960 
0.258680 71.56558890075 0.19898429709 
0.259187 71.47352136909 0.19736026070 
0.259693 71.46248778851 0.19158915199 
0.260200 71.78600227665 0.19456251058 
0.260706 71.38050161080 0.19658868527 
0.261213 71.81620114443 0.19368602270 
0.261720 71.54915847177 0.19504606975 
0.262226 71.59638228097 0.19238800691 
0.262733 71.71681510028 0.19505129669 
0.263239 71.61828339825 0.19417275847 
0.263746 71.64519865966 0.19691197667 
0.264253 71.50429833850 0.19274338239 
0.264759 71.54358175799 0.19177426315 
0.265266 71.61851504976 0.19831824753 
0.265772 71.45184543129 0.18929874206 
0.266279 71.73393037525 0.18995263197 
0.266786 71.49214819216 0.19284434602 
0.267292 71.62801853001 0.19237597959 
0.267799 71.69658956987 0.19048187860 
0.268305 72.04335101344 0.19692405977 
0.268812 71.72591251679 0.19309423453 
0.269319 71.71873980416 0.19027582605 
0.269825 71.95074769930 0.18858155886 
0.270332 71.95150152794 0.19407466845 
0.270838 72.00129676305 0.19130020785 
0.271345 72.05426710418 0.18971582073 
0.271852 72.09458267118 0.19027998757 
0.272358 72.28835095114 0.19233741830 
0.272865 72.15654283425 0.19301637363 
0.273371 72.41971409379 0.19250762588 
0.273878 72.23692161309 0.19268694422 
0.274385 72.61957412655 0.18989907389 
0.274891 72.57564486604 0.19096060127 
0.275398 72.17185560018 0.18825903566 
0.275904 72.37945810718 0.18450114598 
0.276411 72.43125547645 0.18498505639 
0.276917 72.16717848211 0.18572179625 
0.277424 71.99377913218 0.18437485500 
0.277931 71.84308667207 0.18305344121 
0.278437 72.30463435611 0.18474455904 
0.278944 72.15809512821 0.18401765263 
0.279450 72.31295359262 0.18162881835 
0.279957 72.12689665236 0.18507315748 
0.280464 72.53923212692 0.18183012556 
0.280970 72.09054351135 0.18177187625 
0.281477 72.15163643286 0.18424500036 
0.281983 71.93837865571 0.18204648958 
0.282490 72.29795684420 0.18284859495 
0.282996 71.98460596180 0.17974385871 
0.283503 71.95330678807 0.18118460248 
0.284010 72.09700445980 0.18160292776 
0.284516 71.72299413451 0.18453008471 
0.285023 71.69012234328 0.17645867557 
0.285529 71.95543505930 0.17586017880 
0.286036 71.63568770865 0.17694157940 
0.286542 71.48557498901 0.17317244283 
0.287049 71.69818993434 0.17519308345 
0.287556 71.36464898092 0.17326703009 
0.288062 71.59154350848 0.17256847777 
0.288569 71.28188497432 0.17160229141 
0.289075 71.27252729734 0.17163075100 
0.289582 71.06060994136 0.17109550104 
0.290088 71.23358760556 0.16992906260 
0.290595 71.25281393940 0.16876803134 
0.291102 71.25152695566 0.16903174487 
0.291608 71.13663419018 0.16849338891 
0.292115 71.14227994300 0.16835070453 
0.292621 71.35399753453 0.17031873317 
0.293128 71.12175299600 0.17007941713 
0.293634 71.21773136022 0.16829416997 
0.294141 71.00809022174 0.16914081291 
0.294647 71.06383536790 0.16749655040 
0.295154 71.07285399412 0.16901302797 
0.295661 70.99669261283 0.16310211219 
0.296167 70.99675742313 0.16904973427 
0.296674 70.62260242088 0.16555300827 
0.297180 70.89581039566 0.16543546740 
0.297687 70.74859645308 0.16593811743 
0.298193 70.65641296781 0.16588297650 
0.298700 70.85811936249 0.16296582157 
0.299207 70.54448551996 0.16446634661 
0.299713 70.31095636726 0.16808127461 
0.300220 70.54047470671 0.16366791019 
0.300726 70.63874311205 0.16332720233 
0.301233 70.40406795873 0.16381663876 
0.301739 70.29741369676 0.16079573526 
0.302246 70.30820654782 0.16403038229 
0.302752 70.29427010169 0.16052516134 
0.303259 70.48481155358 0.16228307928 
0.303765 70.23027686121 0.16394544554 
0.304272 69.98550168364 0.16186685375 
0.304779 70.18730021727 0.16237571291 
0.305285 70.05710125156 0.15793016607 
0.305792 70.16126233538 0.15998017200 
0.306298 69.84903663317 0.16383554820 
0.306805 69.99012534631 0.16583197079 
0.307311 69.85561883598 0.16036024287 
0.307818 69.84813124151 0.15804904488 
0.308324 69.72548750084 0.15714525904 
0.308831 69.49782307772 0.15609835246 
0.309337 69.62055694641 0.15615002220 
0.309844 69.30322335544 0.15700551572 
0.310350 69.12615634078 0.15400243081 
0.310857 68.76765947481 0.15157064508 
0.311364 68.68327818047 0.15465418032 
0.311870 68.38869708138 0.15197059130 
0.312377 68.21152511077 0.14761018584 
0.312883 68.16870123525 0.14802947041 
0.313390 68.03433088370 0.14733739841 
0.313896 68.02473042364 0.15022600423 
0.314403 67.68668906498 0.14353912863 
0.314909 67.54753912492 0.14607269333 
0.315416 67.36270085949 0.14216457277 
0.315922 67.22552690095 0.14807808308 
0.316429 67.57999537005 0.14198377613 
0.316935 67.29944385561 0.14220274810 
0.317442 67.10315301512 0.14375258957 
0.317948 67.17857233319 0.14253588906 
0.318455 66.98143824241 0.13867111030 
0.318961 67.11531482889 0.13986901913 
0.319468 67.00403861597 0.13940602416 
0.319975 66.77871542793 0.14114320781 
0.320481 66.73426105802 0.13949921280 
0.320988 66.72716434384 0.14312305310 
0.321494 66.94632558201 0.13900493479 
0.322001 66.67737813221 0.15317816175 
0.322507 66.48281938463 0.14161912860 
0.323014 66.69778064803 0.14271289752 
0.323520 66.42747235003 0.14189685578 
0.324027 66.18204248781 0.14505654334 
0.324533 66.29305850722 0.14120359319 
0.325040 66.46902099979 0.13952800524 
0.325546 66.37696757731 0.14329033434 
0.326053 66.57932524542 0.14120675530 
0.326559 66.36471742436 0.13946412768 
0.327066 66.27166369029 0.13948945262 
0.327572 66.40776657120 0.13751779917 
0.328079 66.33664708989 0.14087041749 
0.328585 65.99210944201 0.13984792746 
0.329092 65.97651012815 0.13511934354 
0.329598 66.09149874630 0.13938305880 
0.330105 66.24525467376 0.14110661906 
0.330611 66.10102476353 0.13779808892 
0.331118 65.98264022553 0.13891353673 
0.331624 65.99284650061 0.13592647095 
0.332131 65.68531100625 0.13673250958 
0.332637 65.89504001784 0.13821081511 
0.333144 65.83418355977 0.13831262757 
0.333650 65.80512173504 0.13985872155 
0.334157 65.96714532544 0.13798231569 
0.334663 65.75720690432 0.13767118576 
0.335170 65.71460217468 0.14143510964 
0.335676 65.51477249489 0.13749214229 
0.336183 65.69254218112 0.13996001802 
0.336689 65.85889767544 0.13880843454 
0.337196 65.52849700622 0.14070245634 
0.337702 65.45484261711 0.13915664245 
0.338209 65.39736673309 0.13562101764 
0.338715 65.75244483461 0.13858957346 
0.339222 65.37717134119 0.13772704103 
0.339728 65.35213765210 0.13957102625 
0.340235 65.50351110805 0.18831281513 
0.340741 65.10900268208 0.13830883897 
0.341248 65.15894332723 0.14014069184 
0.341754 65.00861305154 0.13681170428 
0.342261 65.35155152891 0.13943093882 
0.342767 65.41090200179 0.13955601773 
0.343274 65.42202792508 0.14209626306 
0.343780 65.30454849558 0.13815572455 
0.344287 65.20021069141 0.13900335911 
0.344793 65.04875013395 0.13829947047 
0.345300 65.17109812792 0.13985377227 
0.345806 64.90155149557 0.14161272754 
0.346313 65.09517024726 0.14400782123 
0.346819 64.84231555061 0.14606946625 
0.347325 64.70992387117 0.14209588555 
0.347832 64.81924218528 0.14701813552 
0.348338 65.00553361397 0.14346812845 
0.348845 64.98084538243 0.14511462989 
0.349351 64.90468099067 0.14621741381 
0.349858 64.60395396388 0.14947478626 
0.350364 64.29914209785 0.14421791807 
0.350871 64.59153544970 0.14952535868 
0.351377 64.36768203841 0.14789429506 
0.351884 64.65757857356 0.14742774409 
0.352390 64.49763774496 0.14718430651 
0.352897 64.32780917487 0.14882713832 
0.353403 64.43965146822 0.15090386760 
0.353910 64.16720857045 0.15199701442 
0.354416 64.41449177332 0.15273335925 
0.354923 64.20351493304 0.15474638252 
0.355429 64.12571039735 0.14950845008 
0.355935 63.88938989181 0.14968372570 
0.356442 63.78808723340 0.15320882308 
0.356948 63.85687133577 0.15304222376 
0.357455 64.06896314347 0.15474370945 
0.357961 63.85874806377 0.15838531838 
0.358468 63.78246952723 0.15343261302 
0.358974 63.69318313080 0.22278958425 
0.359481 63.77874337814 0.20032471636 
0.359987 63.71227834275 0.19729622002 
0.360494 64.08851736035 0.18970682218 
0.361000 63.86329353332 0.18763085011 
0.361506 64.01002644789 0.18447591821 
0.362013 63.82374765790 0.18540668889 
0.362519 63.76589271119 0.18296645160 
0.363026 63.76614313403 0.18064067543 
0.363532 63.62141435165 0.18731874351 
0.364039 63.73263654133 0.18660536349 
0.364545 63.69478572188 0.18098886908 
0.365052 63.82821119491 0.18616682359 
0.365558 63.86034133826 0.18429686141 
0.366064 63.77251130254 0.18140414342 
0.366571 63.80691039005 0.18376098006 
0.367077 63.30700671479 0.18489371046 
0.367584 63.88393570693 0.18533248981 
0.368090 63.65665777622 0.18525662870 
0.368597 63.58125252993 0.18789601998 
0.369103 63.67622465813 0.18339733354 
0.369610 63.60207640106 0.19147073699 
0.370116 63.67424840878 0.18536686839 
0.370622 63.93201800276 0.19051710557 
0.371129 63.74496504004 0.19449367597 
0.371635 63.69397976221 0.19285212460 
0.372142 63.44441137870 0.19062097921 
0.372648 63.42532434533 0.19758264629 
0.373155 63.48684437895 0.19682863689 
0.373661 63.29116729272 0.19735260669 
0.374167 63.36491716213 0.19917352552 
0.374674 63.54085347757 0.19770881850 
0.375180 63.21621860852 0.19451964236 
0.375687 63.51124611558 0.19757839829 
0.376193 63.30552337739 0.20276878876 
0.376700 63.52505280512 0.19930757022 
0.377206 63.57795151660 0.20113106386 
0.377712 63.42482997202 0.20332406740 
0.378219 63.23665877433 0.20089729218 
0.378725 63.49547506570 0.20413407963 
0.379232 63.20286281550 0.20477120766 
0.379738 63.37102966468 0.20797406779 
0.380245 63.76808557780 0.21308569288 
0.380751 62.88761765031 0.20883773464 
0.381257 63.19129902160 0.20992543309 
0.381764 63.16881312730 0.20550592500 
0.382270 63.22422475945 0.21021881394 
0.382777 62.98442691066 0.20805512805 
0.383283 63.32806201521 0.21176623218 
0.383789 63.07442299747 0.21621795619 
0.384296 62.61575025347 0.21245812278 
0.384802 62.95179447086 0.21414491708 
0.385309 63.31231289900 0.20945606925 
0.385815 62.80863164418 0.21276077660 
0.386321 62.86793243345 0.20484330418 
0.386828 62.98125553215 0.21862123776 
0.387334 63.34213677774 0.20862683518 
0.387841 63.08766271906 0.21107524533 
0.388347 62.78369304870 0.20907529358 
0.388853 62.82279840059 0.20883429226 
0.389360 62.73417560995 0.21334488743 
0.389866 63.13851094127 0.21304208480 
0.390373 62.52178942346 0.21560279942 
0.390879 62.81151105098 0.21840776072 
0.391385 62.45008382055 0.21613785110 
0.391892 62.81593115652 0.21761842204 
0.392398 62.38294169848 0.21940343823 
0.392905 62.70150467594 0.22230939812 
0.393411 62.21195353121 0.21963214398 
0.393917 62.85044813074 0.22342987130 
0.394424 62.91212877275 0.22178454922 
0.394930 63.15658454952 0.22618893338 
0.395437 62.43409050045 0.23114418869 
0.395943 62.71278509678 0.22235552773 
0.396449 62.62439195382 0.33592732502 
0.396956 62.42167979114 0.22620282493 
0.397462 62.70371569317 0.23240805690 
0.397969 62.40377786604 0.23829311284 
0.398475 62.08683774082 0.23416195543 
0.398981 62.88381231018 0.23584796855 
0.399488 62.60579972978 0.23119651983 
0.399994 62.52360410540 0.23534245782 
0.400500 62.51151410038 0.24003037528 
0.401007 62.66103153545 0.23975775013 
0.401513 62.33498727169 0.24963848595 
0.402020 62.21534315041 0.24315938990 
0.402526 62.67565531930 0.24369797071 
0.403032 62.70094832897 0.24551094464 
0.403539 62.22365122482 0.24910324094 
0.404045 62.37452668298 0.24478719979 
0.404551 62.25971357231 0.26593379842 
0.405058 62.39177122379 0.26321204906 
0.405564 62.63648741549 0.26627531792 
0.406071 62.36647672156 0.24843290334 
0.406577 62.75426367408 0.24678035942 
0.407083 62.44027943674 0.25301860266 
0.407590 61.92285536755 0.26646964318 
0.408096 62.47075576945 0.27471629483 
0.408602 62.32428766495 0.28120802747 
0.409109 62.09151425190 0.25952920463 
0.409615 62.55684798884 0.27513442278 
0.410121 62.01337069443 0.26962598122 
0.410628 62.03130242404 0.26434496547 
0.411134 62.15677216702 0.26387930901 
0.411641 61.71395497143 0.27559253509 
0.412147 62.01172963054 0.25371625653 
0.412653 62.30843210485 0.27415678453 
0.413160 62.03890488929 0.26938376901 
0.413666 62.08423613175 0.26815680545 
0.414172 61.92850824086 0.28104003721 
0.414679 61.75051690972 0.27221409254 
0.415185 62.23888398318 0.27822474866 
0.415691 61.39468163279 0.27447533987 
0.416198 61.85428920919 0.27235825480 
0.416704 61.43320665463 0.28569295705 
0.417210 61.68969572909 0.27885913071 
0.417717 61.88733150074 0.28682350728 
0.418223 61.54318789641 0.28102561853 
0.418729 61.79730180501 0.28411943474 
0.419236 61.81004170617 0.27707764129 
0.419742 62.09576878314 0.27592803900 
0.420248 61.65585685905 0.27048930629 
0.420755 61.98602551235 0.28168690873 
0.421261 61.29546697072 0.26987042754 
0.421767 61.65407578133 0.28831920873 
0.422274 61.71741350767 0.27014652168 
0.422780 61.87887640983 0.28679176922 
0.423286 61.23785440620 0.28447724551 
0.423793 61.58157555618 0.27964158260 
0.424299 61.69802468221 0.28253331799 
0.424805 61.41550726075 0.28608124271 
0.425312 61.53852398448 0.29258109931 
0.425818 61.76493102637 0.28595532710 
0.426324 61.77818666171 0.30616143419 
0.426831 62.13217245640 0.29892225499 
0.427337 61.78054587479 0.29177525560 
0.427843 61.66556358471 0.30278098408 
0.428350 61.38356772065 0.30228946746 
0.428856 61.49772235623 0.30362194473 
0.429362 61.46117222967 0.30154724136 
0.429869 61.30280070552 0.30361353697 
0.430375 61.32801673338 0.31675572248 
0.430881 61.28016457825 0.32812222275 
0.431388 61.71899741412 0.30131077916 
0.431894 61.88776275580 0.32122278942 
0.432400 61.71565662966 0.32310823480 
0.432907 61.17310243699 0.32426345301 
0.433413 61.72571464059 0.33042602409 
0.433919 61.47304669992 0.32889535321 
0.434425 61.40718663777 0.31676277321 
0.434932 61.08637835123 0.32841954157 
0.435438 61.38006242445 0.35212186785 
0.435944 61.30614946284 0.33838536516 
0.436451 61.67312808478 0.34416775579 
0.436957 61.74115385591 0.35637407611 
0.437463 60.58249179958 0.36291529901 
0.437970 61.29090332485 0.35665817711 
0.438476 61.12343820538 0.34558847374 
0.438982 60.84736248697 0.36281358444 
0.439489 61.53485115817 0.36271605091 
0.439995 61.42949715121 0.37507481555 
0.440501 60.98394673960 0.37694900417 
0.441007 60.93324931134 0.36847218834 
0.441514 60.80732847225 0.37288068943 
0.442020 60.90150956449 0.40120277923 
0.442526 60.58688870655 0.39679345315 
0.443033 60.87801145321 0.38452028161 
0.443539 60.74931186605 0.41230161775 
0.444045 60.44770687222 0.40666791873 
0.444551 60.84509881256 0.39893006931 
0.445058 60.97769805875 0.41568009773 
0.445564 61.09100460793 0.43460365861 
0.446070 60.50108345197 0.42950429646 
0.446577 61.35438721331 0.45961148187 
0.447083 60.86125734471 0.46810240432 
0.447589 60.98220732852 0.45612951791 
0.448095 60.56812377586 0.45156474475 
0.448602 60.48028612674 0.45309421836 
0.449108 61.16545837971 0.47409450988 
0.449614 61.35863021271 0.47330236113 
0.450121 59.49305259421 0.48086457838 
0.450627 60.50100684748 0.48671261595 
0.451133 60.12578238555 0.50482046566 
0.451639 59.80541823232 0.52403730270 
0.452146 59.74572981176 0.55310369180 
0.452652 60.95051388314 0.53475786210 
0.453158 59.68842582900 0.57573818605 
0.453664 60.30682756656 0.57691059122 
0.454171 59.86547665772 0.56829089361 
0.454677 60.50071702546 0.59215105102 
0.455183 59.60036391287 0.60121585865 
0.455689 60.42938222179 0.62144982563 
0.456196 60.11351897763 0.66483188499 
0.456702 60.09605710791 0.65261658061 
0.457208 60.04782526060 0.69005235939 
0.457714 59.76652983955 0.75126982363 
0.458221 60.16221408536 0.75308642141 
0.458727 60.13654366910 0.79720236648 
0.459233 59.66758405625 0.81759243027 
0.459740 60.15833191905 0.87286224653 
0.460246 59.80887058913 0.87410619800 
0.460752 60.13393214269 0.97156586949 
0.461258 59.56557895315 1.01822765756 
0.461765 60.36357580962 1.08467162645 
0.462271 58.61355216739 0.98448152962 
0.462777 59.39384335834 1.20345376425 
0.463283 60.46680526044 1.25628022349 
0.463789 61.64541767561 1.36228540376 
0.464296 60.24781222509 1.38230192930 
0.464802 60.00616363515 1.28666360479 
0.465308 59.63421894577 1.53190514244 
0.465814 59.15856600759 1.69471663795 
0.466321 58.51389174178 1.74396743829 
0.466827 59.65406883922 1.87570553140 
0.467333 60.21302578539 1.95970739629 
0.467839 58.56757871830 1.92940999540 
0.468346 60.25432561872 2.30244976614 
0.468852 58.56064256137 2.44948812732 
0.469358 59.56274337005 2.92184285977 
0.469864 56.15675147611 2.82701530266 
0.470371 57.95889953986 3.76784642621 
0.470877 58.26125564435 4.47875207565 
0.471383 59.36806927332 5.73119009016 
0.471889 58.49702666744 7.68065211614 
0.472395 54.94719184136 5.89936905477 
0.472902 52.70549011957 12.48591565904 
