0.010896 1352.92500275139 14.58102965157 
0.011402 1211.92180166840 11.76448948273 
0.011909 1082.50327284924 11.00897422624 
0.012416 990.36067299551 8.37997722004 
0.012923 882.50607693639 8.65753734994 
0.013430 824.16981629344 11.19091927851 
0.013936 794.63339929419 9.13655420623 
0.014443 740.50998932996 7.11750375009 
0.014950 683.10309700029 6.42963563582 
0.015457 629.94767746038 5.28734974403 
0.015963 584.68777787601 5.14047203533 
0.016470 542.63603901102 4.06937339204 
0.016977 514.45598608445 3.90072340031 
0.017484 477.55788391042 3.43120968299 
0.017990 450.24088620452 2.82817556312 
0.018497 426.23237650833 2.87678922410 
0.019004 400.20329636109 2.45362201039 
0.019511 382.90800677502 2.32703172286 
0.020018 363.59185398080 2.22719530913 
0.020524 343.82765520907 1.91527338696 
0.021031 330.17699422072 1.92308842924 
0.021538 315.65399390822 1.74581261240 
0.022045 303.48748813774 1.70623238133 
0.022551 290.44321570823 1.55498881560 
0.023058 279.41556715190 1.56413028625 
0.023565 269.04583452467 1.55482331618 
0.024072 260.16252320974 1.85128147744 
0.024579 250.70822232448 1.64854035309 
0.025085 242.98202228189 2.16112019794 
0.025592 237.95548102014 2.13756362477 
0.026099 230.04650067866 2.20714455623 
0.026606 225.29429155381 1.71338632051 
0.027112 218.06594939586 1.78677555193 
0.027619 213.64577259855 1.62829635802 
0.028126 207.32937110627 1.54538714501 
0.028633 203.08188656644 1.30052542166 
0.029139 197.55041949662 1.21746671660 
0.029646 194.16868810208 1.14609767084 
0.030153 190.45722891027 1.17177160298 
0.030660 186.45226232055 1.03480626472 
0.031167 182.82984204810 0.93117028389 
0.031673 179.90072999720 0.92800465658 
0.032180 175.19803981038 0.87783169160 
0.032687 172.84632244842 0.92327913643 
0.033194 169.00317078162 0.83998515958 
0.033700 167.18003484798 0.76669901711 
0.034207 165.51456695856 0.72710734923 
0.034714 161.98026648530 0.76541465374 
0.035221 160.49020421891 0.71990315587 
0.035727 157.21614480057 0.68594360424 
0.036234 156.43508592439 0.66383058606 
0.036741 154.51346324753 0.68294757844 
0.037248 152.80873636031 0.65536818044 
0.037755 150.01352219619 0.63551490974 
0.038261 148.12017132468 0.62103190737 
0.038768 147.36119280636 0.59611019291 
0.039275 145.89856664253 0.61019636434 
0.039782 143.48422430417 0.60595127038 
0.040288 142.23834717877 0.57585153727 
0.040795 141.15274887266 0.52818593695 
0.041302 139.76352100709 0.53826124021 
0.041809 138.00039656883 0.54686598613 
0.042315 137.75394883613 0.53111562821 
0.042822 136.65583007544 0.51628131091 
0.043329 134.47733007474 0.52773114595 
0.043836 133.62322831316 0.53205753464 
0.044343 133.07584816588 0.55467466302 
0.044849 131.78910971701 0.51728166663 
0.045356 131.12908891085 0.51270848659 
0.045863 129.51769295601 0.51092531563 
0.046370 129.09987982029 0.50017042152 
0.046876 127.60597885099 0.50003111807 
0.047383 127.00760899982 0.46901428194 
0.047890 126.34251596044 0.48154076752 
0.048397 125.58776146727 0.48319963719 
0.048903 124.81396990406 0.47464044499 
0.049410 123.06955925497 0.45351882147 
0.049917 123.20022904377 0.45972371612 
0.050424 122.54558845502 0.46169023514 
0.050931 121.82808296353 0.44861223060 
0.051437 121.10769744965 0.43844018211 
0.051944 119.26062149883 0.45668119442 
0.052451 119.32965437026 0.45461523494 
0.052958 118.89249498338 0.45199816705 
0.053464 117.86269362911 0.44186910354 
0.053971 117.42263989295 0.44787178099 
0.054478 116.83779472936 0.42290941440 
0.054985 116.08128742215 0.42890182233 
0.055491 115.48195898112 0.43129967289 
0.055998 114.58368253233 0.42443227988 
0.056505 113.85892140695 0.42883986453 
0.057012 114.03907016513 0.42292031075 
0.057519 112.64247573403 0.42939013370 
0.058025 112.56638768258 0.41296471148 
0.058532 111.81775785004 0.42188571914 
0.059039 112.07036772163 0.41047673433 
0.059546 110.13782299845 0.42825440468 
0.060052 111.06460276826 0.40661419775 
0.060559 109.64072352468 0.41433831015 
0.061066 109.47404479953 0.41685850021 
0.061573 109.32356041931 0.40841582742 
0.062079 108.31809675531 0.39958389537 
0.062586 108.41035845968 0.39328472394 
0.063093 107.70072838614 0.36744643254 
0.063600 107.01338110790 0.41105697262 
0.064106 107.30104906769 0.39204308477 
0.064613 106.67834863773 0.39408406542 
0.065120 106.00789558774 0.39625227556 
0.065627 105.27484431251 0.39420391618 
0.066134 105.28049461160 0.39143339541 
0.066640 104.13367980537 0.38080652432 
0.067147 104.76091408893 0.36781689605 
0.067654 104.44757161999 0.37129529302 
0.068161 103.58309719241 0.36098061551 
0.068667 102.98405720607 0.37798926990 
0.069174 102.98806611109 0.37709321944 
0.069681 102.53471312061 0.36393844710 
0.070188 102.66584830389 0.36186939736 
0.070694 102.27747651440 0.36274952803 
0.071201 102.00858368229 0.36688790796 
0.071708 101.49972192532 0.35469439721 
0.072215 101.44421458375 0.34185890767 
0.072721 101.43722436547 0.35637569527 
0.073228 100.54650105953 0.35982994078 
0.073735 100.18929003261 0.33691375242 
0.074242 100.16557298232 0.35762537886 
0.074748 99.93760879935 0.34043076123 
0.075255 99.29781762380 0.33281862797 
0.075762 99.24852297883 0.33791885997 
0.076269 98.68608268676 0.34293688431 
0.076776 98.52712965743 0.34283133470 
0.077282 97.80705973377 0.33548098315 
0.077789 97.94914968469 0.32712326116 
0.078296 97.81186760049 0.33297152972 
0.078803 98.04279595815 0.32910145231 
0.079309 97.63725333165 0.31970939217 
0.079816 97.16803029257 0.33627520395 
0.080323 97.47217525365 0.32593294307 
0.080830 96.94332298904 0.34497919353 
0.081336 97.04393125868 0.34285372164 
0.081843 97.35555750154 0.33575534889 
0.082350 96.92351428695 0.33254227435 
0.082857 96.73191793288 0.33054319294 
0.083363 96.84911834607 0.32956285186 
0.083870 96.40284207966 0.33710281221 
0.084377 95.51737338305 0.31811442038 
0.084884 96.04799073012 0.32630440923 
0.085390 95.99736002801 0.32342025413 
0.085897 95.06594243121 0.34115177919 
0.086404 95.46436472771 0.33261401782 
0.086911 95.13555268281 0.31794797464 
0.087417 95.11937389684 0.33449453537 
0.087924 95.03149578966 0.33466484060 
0.088431 94.83402368368 0.33349334137 
0.088938 94.66326236893 0.33468000684 
0.089444 94.37296184186 0.33133221565 
0.089951 94.40249420402 0.33410692142 
0.090458 94.01179339050 0.33429618937 
0.090965 94.04623128946 0.32062718134 
0.091471 93.83267350555 0.33464406126 
0.091978 93.93874891313 0.33290000826 
0.092485 92.38794060850 0.35447565397 
0.092992 93.01800091985 0.33262985931 
0.093498 92.93998992254 0.33869714992 
0.094005 93.37560820072 0.32793459820 
0.094512 92.68683402124 0.33580228666 
0.095019 92.49836584400 0.34123586332 
0.095525 92.37423565547 0.34219683722 
0.096032 92.35165885790 0.32060516895 
0.096539 92.29321153859 0.33341222711 
0.097046 91.96368205345 0.32594632745 
0.097552 91.69545132894 0.33991296956 
0.098059 92.47922204048 0.32330021825 
0.098566 91.61598119476 0.33127968106 
0.099073 91.88407944195 0.32781409319 
0.099579 91.82528315509 0.30538037289 
0.100086 91.56835132287 0.32500486309 
0.100593 91.85238782308 0.31698674341 
0.101100 91.12796553678 0.31863915564 
0.101606 90.87829603286 0.30627126760 
0.102113 89.95335402711 0.29386064328 
0.102620 89.90907160225 0.30234807068 
0.103127 88.94790477689 0.29691709292 
0.103633 89.18898321217 0.30725782075 
0.104140 88.97784460585 0.29387418191 
0.104647 88.47809073122 0.29092714884 
0.105154 88.58739995218 0.31282359280 
0.105660 88.88667419391 0.29596459318 
0.106167 88.12728384703 0.31105684476 
0.106674 88.46745219934 0.30528263624 
0.107181 87.90237821772 0.29779510029 
0.107687 88.21872536296 0.29792938185 
0.108194 88.13121576786 0.29969225283 
0.108701 88.35622161794 0.29153108174 
0.109208 87.86324426541 0.28872769947 
0.109714 88.10213533811 0.30095002653 
0.110221 87.44825280640 0.28606187200 
0.110728 87.73854378023 0.29492025229 
0.111235 87.52937940711 0.29258118417 
0.111741 87.46083654537 0.29238602003 
0.112248 87.27339804461 0.28671677036 
0.112755 87.45081176635 0.28209982312 
0.113262 87.39155546413 0.27815397359 
0.113768 86.98037315439 0.27912605421 
0.114275 86.33911641455 0.27242916610 
0.114782 86.96449961321 0.27649887697 
0.115289 86.82398988415 0.27778013752 
0.115795 86.83377450393 0.27394982627 
0.116302 86.70579395491 0.27445384436 
0.116809 86.30920671233 0.27071949923 
0.117316 86.49944510850 0.26483072951 
0.117822 86.56194414818 0.27639798868 
0.118329 86.31713934736 0.27827991832 
0.118836 86.55767123551 0.26768982908 
0.119342 85.92683318200 0.26757596747 
0.119849 85.99321189001 0.26711455277 
0.120356 85.79350502099 0.27132904049 
0.120863 85.70983936355 0.26095062177 
0.121369 85.76570435265 0.26408669643 
0.121876 85.77764930150 0.26187610515 
0.122383 85.28775417317 0.26535029369 
0.122890 85.69635427021 0.26919461754 
0.123396 85.73018367743 0.26202546201 
0.123903 85.23215067209 0.26740364889 
0.124410 85.05826326598 0.26658894133 
0.124917 85.22921170010 0.26591835026 
0.125423 84.63440533566 0.26223989031 
0.125930 85.18134165583 0.25448468501 
0.126437 84.99269364552 0.25493870341 
0.126944 85.03400161996 0.25671986478 
0.127450 84.53952567639 0.25464138054 
0.127957 84.90881293604 0.25562270012 
0.128464 84.67487118672 0.25814791031 
0.128970 84.60576005069 0.25062745223 
0.129477 84.52536246244 0.25062301097 
0.129984 84.61088120374 0.24886268682 
0.130491 84.74962787691 0.24925432718 
0.130997 83.98160451850 0.25017983965 
0.131504 84.32365574977 0.24628577514 
0.132011 84.66731464446 0.25893423553 
0.132518 84.39040409484 0.25158291569 
0.133024 84.62175305364 0.24648365604 
0.133531 83.87505984813 0.25175339414 
0.134038 83.71100721299 0.24882280999 
0.134545 83.81936625875 0.24205442615 
0.135051 83.65506252737 0.24754218095 
0.135558 83.27943303794 0.24743781129 
0.136065 83.78179244721 0.24461639150 
0.136571 83.79908412047 0.24753146452 
0.137078 83.67730357349 0.24856791018 
0.137585 83.51586147460 0.24286256661 
0.138092 83.39940923154 0.24059798779 
0.138598 83.64349007716 0.24420633356 
0.139105 83.15338753556 0.24984741621 
0.139612 83.82964401628 0.24861793350 
0.140119 83.40918102316 0.24425689303 
0.140625 82.98013260075 0.24059582069 
0.141132 82.90716226923 0.23765046903 
0.141639 82.92109355329 0.24140466068 
0.142145 82.67486395395 0.24370139821 
0.142652 82.51340631472 0.24065871600 
0.143159 82.80869175813 0.24340385272 
0.143666 82.41127640612 0.23845938466 
0.144172 82.42442455743 0.24108982813 
0.144679 82.26665768146 0.24327604960 
0.145186 82.50068820010 0.24217009466 
0.145692 81.94543603689 0.24287621920 
0.146199 81.94194317419 0.24145508320 
0.146706 81.92582200435 0.24134410702 
0.147213 81.88421177557 0.24791346751 
0.147719 82.05236607295 0.24554411615 
0.148226 81.77525571101 0.24666234236 
0.148733 81.52641435852 0.24186927538 
0.149240 81.43524148573 0.24393734345 
0.149746 81.34073732847 0.24254163821 
0.150253 81.60213654048 0.24155477875 
0.150760 81.54475450635 0.24407044682 
0.151266 81.22842952197 0.23836635602 
0.151773 81.19596085522 0.23802236193 
0.152280 81.23433586280 0.23887923723 
0.152787 81.11992869464 0.23942710460 
0.153293 80.88314042143 0.23552478783 
0.153800 80.90614580709 0.23846990152 
0.154307 80.67364696365 0.23858160203 
0.154813 80.65760188503 0.23877270630 
0.155320 80.82450533628 0.23695784990 
0.155827 80.75921967776 0.24105687747 
0.156334 80.40475178121 0.23775630119 
0.156840 80.62287101677 0.23941865501 
0.157347 80.45801899998 0.23929117223 
0.157854 80.31556630245 0.23645138564 
0.158360 79.99267646970 0.23582489036 
0.158867 80.31925900902 0.23950635813 
0.159374 80.08671588876 0.23921146958 
0.159881 79.72261208853 0.23480272466 
0.160387 79.88662210870 0.23163363053 
0.160894 80.21259522422 0.23571785658 
0.161401 79.96419529886 0.23767301765 
0.161907 79.62766817303 0.24035893612 
0.162414 79.74129166400 0.23464728051 
0.162921 79.82813149554 0.23021571674 
0.163427 79.54248724861 0.23309265473 
0.163934 79.76920882591 0.23427609578 
0.164441 79.48704895706 0.23439019575 
0.164948 79.61315859971 0.23272312296 
0.165454 79.07316241131 0.22966020282 
0.165961 79.20629096730 0.22718178235 
0.166468 78.65807499068 0.23368062176 
0.166974 79.28872289884 0.23584296865 
0.167481 79.01621009384 0.22899986813 
0.167988 79.17165274027 0.23246846319 
0.168495 79.24537500203 0.22646849029 
0.169001 78.95915936445 0.23452708091 
0.169508 79.15353511335 0.23003598466 
0.170015 79.24799232869 0.23765757913 
0.170521 79.23461434908 0.22814343161 
0.171028 78.95732243484 0.23051912266 
0.171535 79.07458026602 0.23966651079 
0.172041 79.29322738299 0.24120777569 
0.172548 79.09695270242 0.23568361248 
0.173055 78.92249359989 0.23333148868 
0.173562 79.26110134460 0.23907794630 
0.174068 79.35187147438 0.23783359182 
0.174575 78.57111870077 0.23261188377 
0.175082 79.02030903534 0.23561573765 
0.175588 78.97261049962 0.23735986999 
0.176095 78.85404420520 0.23732962046 
0.176602 78.83515558806 0.24119320945 
0.177108 78.76460473966 0.23746689444 
0.177615 78.79539097918 0.23912037671 
0.178122 78.74092806249 0.24118183116 
0.178629 78.84906140214 0.24099926885 
0.179135 78.66300426432 0.23730124716 
0.179642 78.53952685525 0.23647653058 
0.180149 78.75132337754 0.24280911176 
0.180655 78.69310245846 0.23509218801 
0.181162 78.87140584194 0.23563969821 
0.181669 79.12311988650 0.23456653316 
0.182175 78.59458178881 0.24201590110 
0.182682 78.94112314507 0.23934940086 
0.183189 78.82272368708 0.24398306626 
0.183695 78.46012892306 0.24174353014 
0.184202 78.51641866830 0.24350291560 
0.184709 78.52241132674 0.24147161160 
0.185216 78.40215600122 0.24696164215 
0.185722 78.50386070232 0.24723009743 
0.186229 77.74408085687 0.24723504549 
0.186736 77.85365382391 0.24687128216 
0.187242 78.19597911436 0.24280676235 
0.187749 78.24700657314 0.24668110749 
0.188256 78.20907890986 0.24692117008 
0.188762 77.51515850469 0.24085941960 
0.189269 77.59176085893 0.24982832214 
0.189776 77.78421515108 0.24658444443 
0.190282 77.61368040391 0.24782540215 
0.190789 77.58829590504 0.24514200193 
0.191296 77.69323898896 0.24251574754 
0.191802 77.23147554735 0.24225246713 
0.192309 77.15519873075 0.23733437303 
0.192816 76.63992072232 0.23940133624 
0.193323 76.86764695513 0.23366720025 
0.193829 76.92207013937 0.23593370067 
0.194336 76.55172491066 0.23431755534 
0.194843 76.50711092166 0.23624631705 
0.195349 76.47703967920 0.23954566758 
0.195856 76.35437097116 0.22799456002 
0.196363 76.14132329623 0.23195760698 
0.196869 76.49721665279 0.23150929646 
0.197376 76.40224486909 0.22596055495 
0.197883 75.84827169210 0.22817733909 
0.198389 75.79290752379 0.23142098988 
0.198896 76.12206527640 0.22802913996 
0.199403 75.79879273576 0.22632035397 
0.199909 76.10028838225 0.22849945438 
0.200416 76.13492175147 0.22352306135 
0.200923 76.13166033746 0.22812006312 
0.201429 75.81589616344 0.22287590991 
0.201936 75.70799673655 0.21975190789 
0.202443 75.91689960949 0.21919531039 
0.202949 75.79807755342 0.22418423155 
0.203456 76.00912715996 0.22425448220 
0.203963 75.30019194059 0.22148632942 
0.204469 75.93342734898 0.21883077395 
0.204976 75.41655535557 0.21318984141 
0.205483 75.67218623448 0.21769313884 
0.205989 75.58534885491 0.21591877269 
0.206496 75.30845821898 0.21440911312 
0.207003 75.29035551668 0.21505047003 
0.207509 75.31006634252 0.22201792395 
0.208016 75.45911744230 0.21211543981 
0.208523 75.49707200554 0.21371628473 
0.209029 75.40867528029 0.21386800298 
0.209536 75.31691483658 0.21382345603 
0.210043 75.02815178321 0.21004979284 
0.210549 75.05946936010 0.21229296474 
0.211056 75.28164332718 0.21223726267 
0.211563 75.09092198775 0.21055546034 
0.212069 74.98555159399 0.21155968252 
0.212576 74.75582903993 0.21223112168 
0.213083 75.00090334816 0.20907250981 
0.213589 75.00540984401 0.20653847322 
0.214096 74.77105423004 0.20937847142 
0.214603 74.74025959811 0.20809712137 
0.215109 74.90104601538 0.20806858005 
0.215616 74.69915984291 0.20744550701 
0.216123 74.37535513183 0.21171755337 
0.216629 74.20680135609 0.20462284710 
0.217136 74.16198092098 0.20896153730 
0.217643 74.15714670005 0.20919529763 
0.218149 74.37382586519 0.20577254662 
0.218656 74.35659889928 0.20408583230 
0.219163 74.21427870261 0.20547185557 
0.219669 74.32937012743 0.20626634529 
0.220176 74.16498302126 0.20683478756 
0.220683 74.20791656405 0.20610280567 
0.221189 74.00988185717 0.20622463729 
0.221696 73.96318711876 0.20515964487 
0.222203 74.20536448575 0.20536691746 
0.222709 73.86719504429 0.20299460435 
0.223216 74.02127488418 0.20067282841 
0.223722 73.86034026329 0.20536353141 
0.224229 73.86903394147 0.20384590089 
0.224736 73.52708273330 0.20435809898 
0.225242 73.74019049771 0.20461397202 
0.225749 73.80198561925 0.20792116086 
0.226256 73.74192116969 0.19680441141 
0.226762 73.71118425276 0.20394822647 
0.227269 73.53859905466 0.20313961547 
0.227776 73.60333329324 0.20478925647 
0.228282 73.41451255335 0.19893346925 
0.228789 73.32732385104 0.20159293784 
0.229296 73.60793668437 0.20265133351 
0.229802 73.53607363032 0.19834312707 
0.230309 73.40223336756 0.20195596583 
0.230816 73.16837182747 0.19552926566 
0.231322 73.11270041893 0.20513087093 
0.231829 73.03229430020 0.19948122738 
0.232335 73.27522615610 0.19635988963 
0.232842 72.96891181641 0.20298192602 
0.233349 72.85905098298 0.19972102006 
0.233855 72.90046492996 0.20118831861 
0.234362 73.25519655898 0.19664971818 
0.234869 73.28039540168 0.20204601628 
0.235375 72.96485221780 0.19675185558 
0.235882 72.59806471219 0.20023702999 
0.236389 72.58040293443 0.19892730552 
0.236895 72.44208875792 0.19842750831 
0.237402 72.39203029930 0.19840206974 
0.237908 72.79850225936 0.19934667208 
0.238415 72.40125007284 0.19687052523 
0.238922 72.37588287076 0.19386278314 
0.239428 72.10993317432 0.19931552897 
0.239935 72.18949453527 0.19825209192 
0.240442 72.25680174693 0.19849333918 
0.240948 72.48169799611 0.19997557162 
0.241455 72.06519483831 0.20066810793 
0.241962 72.33644746386 0.20100701833 
0.242468 71.77983592941 0.20155404301 
0.242975 72.12163338690 0.19513910072 
0.243481 71.86776779963 0.19970915198 
0.243988 71.92391383526 0.19592564989 
0.244495 71.84005160146 0.19761139126 
0.245001 71.66054518190 0.19791526713 
0.245508 71.78770793209 0.19844353061 
0.246015 71.61836435009 0.19577134609 
0.246521 71.60396573424 0.19772558123 
0.247028 71.67872718905 0.19966005608 
0.247534 71.63707357649 0.19748409247 
0.248041 71.52771611784 0.20023028729 
0.248548 71.40219312384 0.19850817436 
0.249054 71.61311377430 0.19957954750 
0.249561 71.35335081631 0.19508375575 
0.250068 71.26767194754 0.19517698330 
0.250574 71.17550622757 0.19669546231 
0.251081 71.19122274706 0.19629877404 
0.251587 71.43494099866 0.19875967923 
0.252094 71.32135315779 0.20051475547 
0.252601 71.32148737288 0.19850952502 
0.253107 70.95218799608 0.19757105449 
0.253614 70.94892161305 0.19879074937 
0.254120 70.70047718201 0.19342873843 
0.254627 70.70954983321 0.19592332884 
0.255134 70.96368248118 0.19748870765 
0.255640 71.35687812359 0.19671547471 
0.256147 70.91406990792 0.19322607375 
0.256654 70.99929301730 0.19704281826 
0.257160 71.25238532400 0.19484432510 
0.257667 71.29170678083 0.19513221208 
0.258173 71.43746321345 0.19822070720 
0.258680 71.55415406271 0.19372065305 
0.259187 71.44313203737 0.19515804498 
0.259693 71.47156175483 0.19297805589 
0.260200 71.39640889211 0.19174260220 
0.260706 71.58452090633 0.19288242678 
0.261213 71.53588375855 0.19435223349 
0.261720 71.62193206148 0.19275113436 
0.262226 71.80661128624 0.19117946714 
0.262733 71.49483273980 0.19502447517 
0.263239 71.63259725050 0.19291732618 
0.263746 71.54654527951 0.19333614768 
0.264253 72.17807784987 0.19649021109 
0.264759 71.87057444746 0.19097119794 
0.265266 71.63940698276 0.18989938679 
0.265772 71.62444939166 0.18805398961 
0.266279 72.04636052605 0.19310211794 
0.266786 71.65092578619 0.19337876184 
0.267292 71.67029552256 0.19327673517 
0.267799 71.71179099399 0.19224465202 
0.268305 71.70740370494 0.18960515665 
0.268812 71.60743496528 0.19012783480 
0.269319 71.70025349373 0.18836388987 
0.269825 71.78221319404 0.18807465579 
0.270332 71.78240714394 0.19043578877 
0.270838 71.57249777162 0.18994548380 
0.271345 72.11113778210 0.19189107601 
0.271852 72.33908901074 0.19236690801 
0.272358 72.33432805130 0.19258237147 
0.272865 72.15144582454 0.19462397670 
0.273371 72.37488737211 0.19285984334 
0.273878 72.66832427469 0.19466852554 
0.274385 72.44885987093 0.19163047057 
0.274891 72.46273485734 0.19284793169 
0.275398 72.14911058634 0.18671327180 
0.275904 72.35491455965 0.18453933564 
0.276411 72.41405174056 0.18837082439 
0.276917 72.44643978197 0.18168662560 
0.277424 72.30387616597 0.18455336349 
0.277931 72.19267379656 0.18589509168 
0.278437 72.09570844776 0.18443368928 
0.278944 72.02270782584 0.18331178458 
0.279450 72.27020872830 0.18524370511 
0.279957 71.95151005230 0.18113220354 
0.280464 72.15158473972 0.17818330455 
0.280970 72.06128385449 0.18377430343 
0.281477 72.16119829309 0.18013595266 
0.281983 72.17373269526 0.18666095808 
0.282490 72.11523193165 0.18438555734 
0.282996 72.19205343685 0.17983745221 
0.283503 72.03078031550 0.17904965542 
0.284010 72.09067069763 0.17953021852 
0.284516 72.10192087133 0.18022717416 
0.285023 71.88438115935 0.17686407548 
0.285529 71.93922317061 0.17620753740 
0.286036 71.62983387711 0.17706167360 
0.286542 71.43990277486 0.17671226655 
0.287049 71.92492570438 0.17668112739 
0.287556 71.36395147539 0.17388805643 
0.288062 71.40527884927 0.17599318050 
0.288569 71.43283253998 0.17082871651 
0.289075 71.59729351478 0.17194809588 
0.289582 71.52206535291 0.17218794618 
0.290088 71.39710387998 0.17083410846 
0.290595 71.33006658033 0.17046095721 
0.291102 71.19310475529 0.16703450770 
0.291608 70.93285853247 0.17151894134 
0.292115 71.07567139611 0.16840157930 
0.292621 71.46056023434 0.17116276086 
0.293128 71.02982894855 0.16543046494 
0.293634 71.08286972239 0.16496846123 
0.294141 70.97581372672 0.16583415601 
0.294647 71.05750585066 0.16737066810 
0.295154 70.96029325699 0.16661455379 
0.295661 71.10259549321 0.16692064893 
0.296167 70.84865223847 0.16498518147 
0.296674 70.87776593668 0.16860812373 
0.297180 70.46777990434 0.16324153959 
0.297687 70.74166066371 0.16611375208 
0.298193 70.69606384472 0.16432136230 
0.298700 70.70025457952 0.16434966101 
0.299207 70.80894888631 0.16584064400 
0.299713 70.45719679225 0.16446640934 
0.300220 70.39392975903 0.16028990688 
0.300726 70.49541079727 0.16363986683 
0.301233 70.59857381838 0.16369763740 
0.301739 70.29447998955 0.16465037206 
0.302246 70.35588551924 0.16381681161 
0.302752 70.19061354006 0.16229732772 
0.303259 70.26893635960 0.16475957885 
0.303765 70.36350275763 0.16084790097 
0.304272 70.32868392316 0.16050643598 
0.304779 70.33092877224 0.16040786441 
0.305285 70.02547347516 0.16131521924 
0.305792 70.09421396440 0.16476963691 
0.306298 70.17317549333 0.16057482289 
0.306805 70.08089999167 0.16310145803 
0.307311 70.08870987106 0.15510729098 
0.307818 69.94222546957 0.15593569466 
0.308324 69.79354228256 0.15664349752 
0.308831 69.58646674146 0.15647366285 
0.309337 69.51413567686 0.15612191945 
0.309844 69.38469389869 0.15201682737 
0.310350 69.31656925609 0.15410828997 
0.310857 68.94560774119 0.15033540308 
0.311364 68.71283213539 0.15146742735 
0.311870 68.59358123047 0.15026238760 
0.312377 68.61837902254 0.15001158229 
0.312883 68.18756001236 0.14711286060 
0.313390 67.67216682928 0.14443768016 
0.313896 67.84323405788 0.14790287617 
0.314403 67.89982396027 0.14358835163 
0.314909 67.58799017049 0.14633474194 
0.315416 67.45684693553 0.14553417502 
0.315922 67.62665568454 0.14340648570 
0.316429 67.36470524441 0.14409375950 
0.316935 67.31827192431 0.14333750938 
0.317442 67.05152304133 0.14384914761 
0.317948 67.14373886704 0.14290696441 
0.318455 67.20326661343 0.14230270793 
0.318961 67.21942544726 0.14355035416 
0.319468 67.07218371228 0.14139429060 
0.319975 67.04685010292 0.14177368853 
0.320481 66.84559845167 0.14106709091 
0.320988 66.86315304032 0.14323842895 
0.321494 66.96301672475 0.13988672594 
0.322001 66.48548287947 0.15683291132 
0.322507 66.67050457539 0.14009857556 
0.323014 66.38508927860 0.13953145774 
0.323520 66.45532267487 0.14466441109 
0.324027 66.60612375731 0.14456277206 
0.324533 66.37108641197 0.14184414957 
0.325040 66.33306507394 0.13889222214 
0.325546 66.42203866987 0.14059879066 
0.326053 66.33999400611 0.13859103084 
0.326559 66.39747610580 0.14025616421 
0.327066 66.28437769933 0.13875257917 
0.327572 66.33481721266 0.14065527193 
0.328079 66.23129475731 0.14111060164 
0.328585 66.31137032153 0.13757334825 
0.329092 65.89262506961 0.13681600118 
0.329598 66.16428314202 0.13921751047 
0.330105 66.00593092868 0.13954737422 
0.330611 65.99203467942 0.13761044967 
0.331118 66.04789318439 0.13882888456 
0.331624 65.90774106818 0.14019083294 
0.332131 66.18292506294 0.13701752577 
0.332637 65.95012875950 0.13720009668 
0.333144 65.48672504993 0.13935195835 
0.333650 66.00534096020 0.13950364259 
0.334157 65.65444596695 0.13622954711 
0.334663 65.45258444142 0.14156000935 
0.335170 65.67683029366 0.13939165574 
0.335676 65.71148811201 0.13703147990 
0.336183 65.65545426953 0.13786382298 
0.336689 65.82054713573 0.13897982852 
0.337196 65.49647494745 0.14054026101 
0.337702 65.63213496111 0.13839200480 
0.338209 65.50025616016 0.14022151470 
0.338715 65.39738902394 0.13823892173 
0.339222 65.46676069267 0.14078288034 
0.339728 65.37104423281 0.13777649081 
0.340235 65.40800234408 0.20694099002 
0.340741 65.28011932574 0.14174857617 
0.341248 65.36182471072 0.13784567547 
0.341754 65.22850303076 0.13783258600 
0.342261 65.43098432514 0.13824570332 
0.342767 65.18454494293 0.14068162083 
0.343274 65.10131139007 0.13998245593 
0.343780 65.11816489852 0.13899510765 
0.344287 65.37716594710 0.13933693835 
0.344793 65.07423250341 0.13898205699 
0.345300 65.00880631344 0.13923591607 
0.345806 64.96330271754 0.13939801524 
0.346313 64.99620038068 0.14598226820 
0.346819 65.05534433725 0.14274964803 
0.347325 64.77061961954 0.14422769686 
0.347832 64.98172286505 0.14747041384 
0.348338 64.97771980006 0.14475856408 
0.348845 64.68270936124 0.14772754949 
0.349351 64.83148226484 0.14689730057 
0.349858 64.83722888090 0.15148305941 
0.350364 64.50747672858 0.15144975500 
0.350871 64.54812433928 0.14367744465 
0.351377 64.82949155170 0.14790006558 
0.351884 64.76990352504 0.14789951972 
0.352390 64.77083309928 0.14777805773 
0.352897 64.36607664715 0.14894598324 
0.353403 64.27189953421 0.14770335653 
0.353910 64.37355931315 0.14775398678 
0.354416 64.19178222890 0.14970621465 
0.354923 64.05957749013 0.14528817340 
0.355429 64.33121372381 0.15431303334 
0.355935 64.21235983427 0.15175440014 
0.356442 63.96403441085 0.15055058755 
0.356948 63.99133180958 0.15389751947 
0.357455 63.89592742197 0.15458847595 
0.357961 63.87890396228 0.15293738929 
0.358468 63.65582674278 0.15333381804 
0.358974 63.68625475580 0.22078603446 
0.359481 63.92949557556 0.20188868394 
0.359987 64.15170764535 0.19989946596 
0.360494 63.73746003954 0.18810699378 
0.361000 63.84740901276 0.18952883301 
0.361506 63.72387844074 0.18484968230 
0.362013 63.77290415547 0.18575528829 
0.362519 63.65314366411 0.18404124962 
0.363026 63.94250463938 0.18581835527 
0.363532 63.90492412460 0.18516373993 
0.364039 63.67767494185 0.18244334971 
0.364545 63.62761792189 0.18002905903 
0.365052 63.71129191083 0.18564333258 
0.365558 63.69490851081 0.18572140496 
0.366064 63.94387609132 0.18050599072 
0.366571 63.45347045410 0.18652341605 
0.367077 63.64868039297 0.18354572289 
0.367584 63.25119496730 0.18768615336 
0.368090 63.59392535620 0.18642151082 
0.368597 63.34200838905 0.18758747377 
0.369103 63.40436464126 0.18947291103 
0.369610 63.74318684627 0.18874890763 
0.370116 63.81772677150 0.18814913061 
0.370622 63.66437152615 0.18953725432 
0.371129 63.53035304950 0.19358375371 
0.371635 63.70481114477 0.18988605016 
0.372142 63.69340642562 0.19493852142 
0.372648 63.54665996390 0.19570360255 
0.373155 63.76985060980 0.19798924619 
0.373661 63.71125496407 0.19624280024 
0.374167 63.12847671249 0.19442683356 
0.374674 63.42788964259 0.19882538593 
0.375180 63.32337104994 0.19533814499 
0.375687 63.69326226893 0.19936844078 
0.376193 63.31062380074 0.20312979113 
0.376700 63.39113721183 0.19906802282 
0.377206 63.26429734653 0.20321679796 
0.377712 63.27942587535 0.20055595252 
0.378219 63.40632494506 0.20619108540 
0.378725 63.00777390798 0.20311807154 
0.379232 63.11772486551 0.20775380733 
0.379738 63.36675384981 0.20707806733 
0.380245 63.33263660643 0.20774191882 
0.380751 63.53537560796 0.20885028736 
0.381257 63.44677454062 0.21096802048 
0.381764 62.81739651190 0.20767025771 
0.382270 63.40679394312 0.20872623058 
0.382777 63.17072041674 0.20429470439 
0.383283 63.27057084475 0.20784528749 
0.383789 63.18446715351 0.21128484235 
0.384296 63.03150085652 0.20537508653 
0.384802 63.15780674547 0.21327404024 
0.385309 63.10570526626 0.21209102062 
0.385815 62.88427660436 0.21513639168 
0.386321 62.98828109258 0.20528648550 
0.386828 63.24951648852 0.21259082743 
0.387334 63.10366645717 0.21070054445 
0.387841 62.87340983023 0.21943635026 
0.388347 62.74744934300 0.21487238000 
0.388853 63.05241980946 0.21531849085 
0.389360 62.63460029281 0.21640935610 
0.389866 62.99078054650 0.21497486284 
0.390373 63.05610680468 0.21746915860 
0.390879 62.66532526067 0.21946823194 
0.391385 62.87373201179 0.22113665859 
0.391892 62.60732932389 0.21983503275 
0.392398 62.96776295688 0.22475167523 
0.392905 62.85692223528 0.22349361052 
0.393411 62.83004722653 0.22688381525 
0.393917 62.36646533570 0.22015319139 
0.394424 62.39091007838 0.22885702646 
0.394930 62.48979575697 0.22181065042 
0.395437 62.76382185871 0.23374396840 
0.395943 62.61073031162 0.22348007412 
0.396449 62.47440100469 0.26309532945 
0.396956 62.99704238528 0.22898990245 
0.397462 62.68264942140 0.23073261677 
0.397969 62.99374593601 0.23696549114 
0.398475 62.80723457256 0.23492451309 
0.398981 62.66000577565 0.23739108465 
0.399488 62.50760880871 0.22995806883 
0.399994 62.59346966482 0.24399030580 
0.400500 62.57720420840 0.24164138735 
0.401007 62.38954949684 0.23556918159 
0.401513 62.52069924704 0.24467438705 
0.402020 62.66866331962 0.24514310098 
0.402526 62.50681354402 0.24588942983 
0.403032 62.16468045075 0.24343839705 
0.403539 62.32231455635 0.25477105131 
0.404045 62.23811855057 0.24597311643 
0.404551 61.98980637151 0.26859016738 
0.405058 62.26743458354 0.26511788190 
0.405564 62.40765382435 0.26023213496 
0.406071 62.25555966691 0.24968113731 
0.406577 62.53607359954 0.25490100187 
0.407083 62.68187710852 0.26003931035 
0.407590 62.26453535467 0.26003454117 
0.408096 62.31659165566 0.27612089218 
0.408602 62.67550189001 0.26708026852 
0.409109 62.39022794564 0.26243845780 
0.409615 62.64539980002 0.27115803950 
0.410121 61.82938966171 0.26154064027 
0.410628 61.71615574948 0.26012413494 
0.411134 62.26014368368 0.27068707944 
0.411641 62.24086168937 0.26556296931 
0.412147 61.93098041693 0.25813993181 
0.412653 61.93499840505 0.27008094161 
0.413160 61.82270068421 0.26185694249 
0.413666 61.88859110520 0.26438928821 
0.414172 62.02005608260 0.28080342837 
0.414679 61.76970762960 0.26970699025 
0.415185 62.32239735300 0.28668795227 
0.415691 62.05895968888 0.27129860702 
0.416198 62.03990989206 0.28129267730 
0.416704 61.41015545604 0.28181214504 
0.417210 62.25190985254 0.28477933531 
0.417717 61.68241131244 0.28945100195 
0.418223 61.87960774285 0.28295237830 
0.418729 61.46877202530 0.27716752032 
0.419236 61.68034388749 0.27876187532 
0.419742 61.80553337136 0.26520138241 
0.420248 61.67638520305 0.27129461683 
0.420755 61.93827266672 0.27680833242 
0.421261 61.73198936186 0.27713726107 
0.421767 61.50893727087 0.27897588089 
0.422274 62.07247655645 0.27913056451 
0.422780 61.91528254754 0.28034219680 
0.423286 61.45166270740 0.28844355868 
0.423793 61.71595831733 0.27237152431 
0.424299 61.73750240791 0.28746340158 
0.424805 61.97795066371 0.28524323610 
0.425312 61.89192563421 0.28788377988 
0.425818 61.53388743469 0.28798809727 
0.426324 61.76984202049 0.30485220350 
0.426831 61.64207340444 0.28763633103 
0.427337 61.74157961940 0.30492527162 
0.427843 61.32885577570 0.30014054059 
0.428350 61.66119136600 0.31160877847 
0.428856 61.58006447140 0.31161049867 
0.429362 61.70301938014 0.30269323105 
0.429869 61.62108102690 0.31204924002 
0.430375 61.90087899003 0.32578897354 
0.430881 61.67139317020 0.31064058087 
0.431388 61.96478481969 0.30900869513 
0.431894 60.98742954143 0.31880935315 
0.432400 61.47851458578 0.32459137392 
0.432907 61.70157837754 0.31208909512 
0.433413 61.50277609759 0.32987415858 
0.433919 61.33052138419 0.33142561578 
0.434425 61.71798639236 0.32104991450 
0.434932 61.57654501134 0.33858862231 
0.435438 61.53842767429 0.34701493675 
0.435944 61.28681256859 0.34181229411 
0.436451 61.50038124897 0.33416987184 
0.436957 61.41092712870 0.35658141948 
0.437463 61.57395457263 0.35604771050 
0.437970 61.40440432098 0.34147328152 
0.438476 61.15437653988 0.35394304649 
0.438982 61.18520903175 0.36250227157 
0.439489 60.97306604995 0.39135195428 
0.439995 61.90211851603 0.37238486878 
0.440501 61.34748984051 0.36991831080 
0.441007 61.64695642816 0.38617196967 
0.441514 60.73048924318 0.36031373386 
0.442020 61.20147244998 0.39819153403 
0.442526 60.65089505690 0.39203261897 
0.443033 60.99595923636 0.39639072246 
0.443539 60.63731582824 0.42202957333 
0.444045 61.50862225961 0.40645357971 
0.444551 60.98235493178 0.42749929004 
0.445058 60.71866102359 0.41716852271 
0.445564 61.10747120290 0.44681244164 
0.446070 61.03846274610 0.41591995639 
0.446577 60.29832731998 0.42943715325 
0.447083 60.70369560728 0.46052843568 
0.447589 60.93945326053 0.45748329125 
0.448095 61.01018810155 0.44531837926 
0.448602 61.27376591412 0.47698726520 
0.449108 60.99630855065 0.48061251331 
0.449614 60.78168421230 0.48703247676 
0.450121 60.02943806150 0.46794735094 
0.450627 60.13967591781 0.51218872821 
0.451133 60.57242408977 0.51345033887 
0.451639 60.95542767154 0.51886996616 
0.452146 60.03191507948 0.51797216589 
0.452652 60.13497265001 0.53584445578 
0.453158 59.73561532170 0.56169317664 
0.453664 60.29238423855 0.55297006202 
0.454171 60.09687861510 0.56055222890 
0.454677 59.09685537540 0.58449827940 
0.455183 59.96868400883 0.62075417167 
0.455689 59.92992835836 0.61644892059 
0.456196 60.81424175131 0.65977425883 
0.456702 60.74653122568 0.66008562055 
0.457208 60.29974613821 0.72866765512 
0.457714 60.89113285321 0.76881996399 
0.458221 61.07802712174 0.79141000161 
0.458727 60.47156792561 0.78163262907 
0.459233 60.02054548910 0.84001651005 
0.459740 61.02973739979 0.86261052548 
0.460246 59.83463358188 0.89275331320 
0.460752 59.61729822575 0.99250851785 
0.461258 60.36887094076 0.98108294041 
0.461765 59.78770283940 1.05042627843 
0.462271 60.43061599243 1.05184196841 
0.462777 60.05284057128 1.18650229637 
0.463283 60.80098943872 1.26317891506 
0.463789 60.36148980490 1.40188936925 
0.464296 59.61506590918 1.33586356343 
0.464802 60.00963026157 1.41458004754 
0.465308 60.80761630309 1.53416230064 
0.465814 59.07860330290 1.60733417413 
0.466321 60.22860133513 1.74235873897 
0.466827 58.60730124456 1.83666884871 
0.467333 58.18571007275 1.81943839146 
0.467839 58.38804987419 1.88769709994 
0.468346 59.50239065529 2.31830081038 
0.468852 59.98829113795 2.54619457516 
0.469358 59.38672777123 2.93099092339 
0.469864 59.64049758379 2.96643969180 
0.470371 58.04844206584 3.75563363327 
0.470877 56.56253244462 4.26495504757 
0.471383 55.56796800902 5.30559605921 
0.471889 50.77749702791 6.55616337666 
0.472395 53.26767028051 6.05460195760 
0.472902 50.40615372919 12.08590060649 
