0.010896 1351.33237470948 14.04948871526 
0.011402 1211.68675793477 13.21789143105 
0.011909 1090.35980571360 11.85312109233 
0.012416 990.66860049088 9.34897598409 
0.012923 889.23141025946 7.84959546610 
0.013430 824.31348866229 11.51219544332 
0.013936 785.87747841355 9.12809291698 
0.014443 741.35555962466 7.40698786415 
0.014950 684.82814692351 6.21715747692 
0.015457 632.49072571645 5.46625406772 
0.015963 583.32591739934 4.72357386674 
0.016470 544.88425402544 4.19047661434 
0.016977 513.16800168503 3.64098564168 
0.017484 480.18975413896 3.27647601482 
0.017990 451.96829730654 3.17699927662 
0.018497 427.86110301835 2.65146563795 
0.019004 405.61542053574 2.46323487653 
0.019511 383.18363574794 2.23508758386 
0.020018 364.73755145578 2.19676945855 
0.020524 348.87728369299 1.92368249259 
0.021031 330.30501281314 1.89092816203 
0.021538 318.75285036999 1.72872893835 
0.022045 303.86997398688 1.67825663756 
0.022551 291.98299582277 1.57885716511 
0.023058 283.23641947121 1.58221022998 
0.023565 273.06758013585 1.57754185530 
0.024072 264.32857247421 1.74035803417 
0.024579 252.37677612787 1.65660312082 
0.025085 246.39143892761 2.07980906240 
0.025592 241.62381282973 2.16124043115 
0.026099 232.91844564531 2.13104191388 
0.026606 227.20512755823 1.66356253828 
0.027112 220.38155504633 1.84968747254 
0.027619 215.56878725419 1.53268647389 
0.028126 210.72755040625 1.53755474921 
0.028633 205.18456063846 1.33772279648 
0.029139 202.32108334394 1.21355969052 
0.029646 197.60582033760 1.14940986568 
0.030153 193.39485267329 1.17384665684 
0.030660 188.52057322340 1.04996074029 
0.031167 185.04797422168 0.88331400436 
0.031673 181.79656067453 0.88712484543 
0.032180 179.56944548246 0.95603816963 
0.032687 175.99155334466 0.85230178503 
0.033194 171.88579921264 0.83748630707 
0.033700 170.48865042422 0.80145130584 
0.034207 168.23420707718 0.76198148674 
0.034714 164.44774044725 0.76508967297 
0.035221 161.54349974427 0.72538994228 
0.035727 160.31066255395 0.70811399046 
0.036234 159.72869089916 0.70481957493 
0.036741 155.76311524362 0.68042706428 
0.037248 154.69810898368 0.69619928239 
0.037755 153.67047973903 0.62102408667 
0.038261 151.86868138300 0.60410656646 
0.038768 150.07409065092 0.57294169149 
0.039275 148.17342389829 0.62071540802 
0.039782 145.98582414973 0.60584974722 
0.040288 145.44883139823 0.57462603240 
0.040795 143.64548549370 0.56713861454 
0.041302 141.65284254673 0.57570409242 
0.041809 141.58095883767 0.53642545900 
0.042315 139.42466117507 0.55918462019 
0.042822 138.94148092777 0.52443694157 
0.043329 137.12092624841 0.53089225138 
0.043836 136.23181428650 0.53118454312 
0.044343 134.18148520212 0.52319599255 
0.044849 133.67811497732 0.53774653461 
0.045356 132.86228114753 0.50392453831 
0.045863 131.72281558660 0.53862838894 
0.046370 131.45128442251 0.52382448137 
0.046876 129.43418018597 0.51321328276 
0.047383 128.12435689473 0.50313062491 
0.047890 128.07858317647 0.49487683338 
0.048397 126.43536262432 0.49446615703 
0.048903 124.98197924651 0.47977114476 
0.049410 124.89943121848 0.47621148382 
0.049917 124.07245312242 0.48207765373 
0.050424 124.06893719099 0.47026214378 
0.050931 122.92404111321 0.45792449610 
0.051437 121.66617999412 0.47449091197 
0.051944 120.96562636537 0.43348958894 
0.052451 121.32245341495 0.45032979108 
0.052958 120.43790000555 0.44655645872 
0.053464 118.83331524688 0.45481374412 
0.053971 118.40225778267 0.45804670334 
0.054478 118.06568726874 0.46178902031 
0.054985 117.29748068521 0.44536718139 
0.055491 117.40752721209 0.41411616147 
0.055998 115.32629389971 0.42413645093 
0.056505 114.91883870010 0.42635038455 
0.057012 114.60208452060 0.44912607827 
0.057519 113.49825333923 0.42969490090 
0.058025 113.22925668774 0.42539432067 
0.058532 113.23024100973 0.41108396075 
0.059039 112.74151420300 0.42999186243 
0.059546 112.09546663986 0.42899001182 
0.060052 111.69445655750 0.42569555895 
0.060559 111.24505622037 0.39711524800 
0.061066 110.25958917600 0.40403524057 
0.061573 110.69508755814 0.38523948626 
0.062079 109.23665014191 0.41393413059 
0.062586 109.75082949588 0.39902784836 
0.063093 108.17791978846 0.38559026319 
0.063600 108.41036556393 0.39816341356 
0.064106 108.43159796193 0.40574431284 
0.064613 107.70966219716 0.39416522309 
0.065120 107.00869658914 0.38360106026 
0.065627 106.22008259111 0.39009283232 
0.066134 106.36940574827 0.38522317125 
0.066640 105.94062472337 0.38025820204 
0.067147 105.34771466046 0.37483090296 
0.067654 104.71594554055 0.39763074636 
0.068161 104.84224781650 0.37243424121 
0.068667 104.52503644462 0.36776452837 
0.069174 103.91259193427 0.37727705691 
0.069681 103.27687901180 0.37164945836 
0.070188 102.56926821170 0.35480836865 
0.070694 103.03806579875 0.34933830025 
0.071201 102.52033373328 0.34996919309 
0.071708 102.22005854679 0.35320651319 
0.072215 102.05754714220 0.35640728917 
0.072721 101.47729125663 0.34322189281 
0.073228 101.62357124076 0.34436866153 
0.073735 101.07737354474 0.35164431806 
0.074242 100.99121553972 0.36833125175 
0.074748 100.53799736916 0.34111842401 
0.075255 99.65602551286 0.34061348644 
0.075762 99.50348527997 0.34932162352 
0.076269 99.21629874424 0.34198160596 
0.076776 99.25785395537 0.33500861698 
0.077282 99.17138881934 0.33043115912 
0.077789 98.86833296416 0.34416752727 
0.078296 98.71553302418 0.34218008838 
0.078803 98.27970262762 0.33412921160 
0.079309 98.44262928989 0.33903513648 
0.079816 98.37584205860 0.33619494252 
0.080323 98.01729993956 0.33899849900 
0.080830 97.64150623531 0.33183810125 
0.081336 97.67082954427 0.33991891786 
0.081843 97.29854923750 0.34277824332 
0.082350 97.43181869246 0.34829793575 
0.082857 97.35176913332 0.33182306324 
0.083363 97.31549196817 0.34053275708 
0.083870 96.83534352619 0.34656699660 
0.084377 96.72193169115 0.32595744944 
0.084884 96.37341883362 0.33211446427 
0.085390 96.19839542876 0.32101420365 
0.085897 95.97679434540 0.33510560906 
0.086404 95.69528745505 0.33315619704 
0.086911 95.71599471722 0.33380506395 
0.087417 95.37940963419 0.33471302798 
0.087924 95.64403356776 0.32548351669 
0.088431 95.03967253412 0.34054208069 
0.088938 94.86916601903 0.33808218927 
0.089444 94.62145491158 0.32351246888 
0.089951 94.76482056558 0.33668034377 
0.090458 94.40640725411 0.33647034002 
0.090965 94.40039884872 0.33250424768 
0.091471 94.20925004251 0.32866850481 
0.091978 94.19391082137 0.33845246268 
0.092485 92.92354447880 0.35667266852 
0.092992 93.41730585193 0.33914464096 
0.093498 93.88020336625 0.33619550660 
0.094005 93.43356955901 0.33117189429 
0.094512 92.51923081177 0.33178034842 
0.095019 92.82167147753 0.33185680410 
0.095525 92.87792267557 0.32766298219 
0.096032 92.99486842946 0.33097705700 
0.096539 92.28205666971 0.33032029856 
0.097046 92.70361185909 0.33124957784 
0.097552 92.09985327493 0.33412341579 
0.098059 92.42164759743 0.32365570001 
0.098566 92.36359077550 0.32741740046 
0.099073 92.39329456589 0.32525034563 
0.099579 91.63690267747 0.31196578480 
0.100086 91.75563447311 0.31487367388 
0.100593 91.97747531466 0.30962067125 
0.101100 91.96459974905 0.32019622009 
0.101606 91.32692522923 0.31062327445 
0.102113 90.28212493340 0.29394067522 
0.102620 90.26724855208 0.29717553276 
0.103127 89.93232008238 0.30364793158 
0.103633 89.35294216186 0.29289137144 
0.104140 88.63036433133 0.29603059412 
0.104647 88.43025853587 0.29161593449 
0.105154 88.75927062729 0.31020854698 
0.105660 88.98117469846 0.30376225923 
0.106167 88.46836617611 0.30995917605 
0.106674 88.49100759433 0.30480851245 
0.107181 88.41601106333 0.29668405131 
0.107687 88.01100132901 0.28852836262 
0.108194 88.31621143833 0.30086934849 
0.108701 87.98352405925 0.30183912164 
0.109208 88.25104594965 0.29417592565 
0.109714 88.04572404831 0.28403089753 
0.110221 87.87052049643 0.29986466366 
0.110728 87.54225496039 0.29031953528 
0.111235 87.75978034245 0.28386131678 
0.111741 87.40006392154 0.28298786853 
0.112248 87.50098823504 0.27877696908 
0.112755 87.15897257973 0.27731425612 
0.113262 87.29250644155 0.28774671185 
0.113768 87.60160482483 0.28029815730 
0.114275 86.81482949756 0.27549470194 
0.114782 86.54182558918 0.27630969804 
0.115289 87.05396422330 0.27349788079 
0.115795 87.27157275702 0.28105225040 
0.116302 86.62884745379 0.28456375263 
0.116809 86.39377903217 0.26446392480 
0.117316 86.63234530653 0.27712466207 
0.117822 86.35314459511 0.27393601197 
0.118329 86.10422301234 0.27170536476 
0.118836 85.95070016903 0.27061216684 
0.119342 86.18379708929 0.26156625618 
0.119849 85.82185231193 0.26968521722 
0.120356 86.02136834261 0.27104925597 
0.120863 85.38769721539 0.26449470924 
0.121369 85.86168676290 0.26709042695 
0.121876 85.74064756898 0.26988942387 
0.122383 85.68242052378 0.26431051337 
0.122890 85.36317966173 0.27401738009 
0.123396 85.33490959888 0.25981512487 
0.123903 85.12727002781 0.25980562656 
0.124410 85.58324154116 0.26761713388 
0.124917 84.76542183936 0.26039076450 
0.125423 84.70376674365 0.26789433511 
0.125930 85.07719829498 0.26013892288 
0.126437 84.70868130964 0.25771129300 
0.126944 84.56934078722 0.26204080475 
0.127450 84.58750535036 0.25976119821 
0.127957 85.16788129626 0.25786355176 
0.128464 84.75672286641 0.25249484224 
0.128970 85.06213373934 0.25762275699 
0.129477 84.31022347831 0.25142003814 
0.129984 84.49717258831 0.25526850790 
0.130491 84.65556799253 0.25058818796 
0.130997 84.33342142819 0.25254012493 
0.131504 84.02375386930 0.25333861678 
0.132011 84.31332254985 0.24798588345 
0.132518 84.14358837406 0.25010129673 
0.133024 84.14960795653 0.24161930135 
0.133531 84.07549852875 0.25091074336 
0.134038 83.96923334674 0.24701593388 
0.134545 83.54666019993 0.23806098796 
0.135051 83.56864637490 0.24522733542 
0.135558 83.52426577584 0.24573408642 
0.136065 84.04044821910 0.24879580328 
0.136571 83.58224106196 0.24872210246 
0.137078 83.63810439714 0.24711950695 
0.137585 82.93313748826 0.24027689689 
0.138092 83.19645741181 0.25008228712 
0.138598 82.90720778203 0.24542380960 
0.139105 83.02101992814 0.23917018992 
0.139612 83.43514534617 0.24647438929 
0.140119 82.97527000793 0.23926856996 
0.140625 83.09607375265 0.24268008523 
0.141132 82.80417400266 0.23792632649 
0.141639 83.03097146396 0.23914927952 
0.142145 82.60027811574 0.24091064340 
0.142652 82.74085389453 0.24613494822 
0.143159 83.09566838643 0.24632220080 
0.143666 82.51516434157 0.23639111047 
0.144172 82.65549236865 0.23640227017 
0.144679 82.54965306725 0.24020851718 
0.145186 82.12878075127 0.24295418986 
0.145692 81.87769974128 0.24530300698 
0.146199 81.89267618962 0.24507045349 
0.146706 81.89640345493 0.23510377031 
0.147213 81.96967742212 0.24263518809 
0.147719 81.86870520882 0.23933907620 
0.148226 81.47281445242 0.23909880114 
0.148733 81.77359136798 0.24317157197 
0.149240 81.93018019534 0.24181121374 
0.149746 81.52639818667 0.24455956602 
0.150253 81.22166957400 0.23729798306 
0.150760 81.53151890174 0.24022205077 
0.151266 81.45030041871 0.24037410888 
0.151773 81.65364109169 0.23586012174 
0.152280 80.87857123496 0.23560826307 
0.152787 81.30597305870 0.23644807819 
0.153293 80.89935875851 0.23181907979 
0.153800 80.44020009461 0.23911754821 
0.154307 80.76148641869 0.24259626027 
0.154813 80.36299822768 0.23816350848 
0.155320 80.83116661698 0.24396960806 
0.155827 80.86158444941 0.23592876806 
0.156334 80.52065727127 0.23887144947 
0.156840 80.52759022687 0.23808351606 
0.157347 80.16730815773 0.23325530967 
0.157854 80.34329090036 0.23104982773 
0.158360 80.20707825549 0.24445949103 
0.158867 80.32692033591 0.24037632008 
0.159374 80.29830623486 0.23558695885 
0.159881 80.16946884560 0.24020345958 
0.160387 80.10298569527 0.23592654809 
0.160894 80.10419740156 0.23376830043 
0.161401 79.49193137647 0.23589300942 
0.161907 79.55141845368 0.23441885721 
0.162414 79.93663513158 0.22796486784 
0.162921 79.65289052813 0.22921131928 
0.163427 79.50064393949 0.22521150378 
0.163934 79.29806912044 0.22965000169 
0.164441 79.58737766482 0.23593554014 
0.164948 79.15467568770 0.23669528251 
0.165454 79.08146112474 0.23049849349 
0.165961 79.31241455779 0.22879508962 
0.166468 79.15787197689 0.22715479503 
0.166974 79.17872309928 0.23030863631 
0.167481 78.82460133862 0.22845805802 
0.167988 78.95536494586 0.22974028520 
0.168495 79.23696065725 0.23366504383 
0.169001 79.03401369553 0.23280548772 
0.169508 78.95110116827 0.23557045491 
0.170015 79.19239535480 0.23499298215 
0.170521 79.41208762819 0.23824854245 
0.171028 78.84717333961 0.23212498354 
0.171535 78.79560564034 0.23386381558 
0.172041 79.03430928444 0.24227894651 
0.172548 79.15800971773 0.23299200527 
0.173055 78.97041669158 0.24044473810 
0.173562 78.92511548926 0.23596075094 
0.174068 79.39110225083 0.23289909563 
0.174575 78.93362115163 0.23775169331 
0.175082 78.97435652790 0.23600164861 
0.175588 79.13590941379 0.23882999607 
0.176095 78.84640488102 0.23644981999 
0.176602 79.31697298227 0.23361665152 
0.177108 78.80777293340 0.23709835623 
0.177615 78.68094663126 0.23645262769 
0.178122 78.81957495012 0.23614614758 
0.178629 78.74872044050 0.23840955381 
0.179135 78.64228268249 0.23603842620 
0.179642 78.66023820336 0.23305210242 
0.180149 78.79086818407 0.23558504881 
0.180655 78.77669910634 0.23747203814 
0.181162 78.62474404197 0.23385217148 
0.181669 78.26240210813 0.23298529841 
0.182175 79.12867746457 0.24212027560 
0.182682 78.71566659704 0.24031228521 
0.183189 78.86844933041 0.24300513399 
0.183695 78.59778240392 0.24624305203 
0.184202 78.36395073017 0.24850302571 
0.184709 78.42938280539 0.24092991406 
0.185216 78.16795601450 0.24498129445 
0.185722 78.59320175053 0.25033085705 
0.186229 78.20713922401 0.24622571923 
0.186736 77.93902079506 0.24754101034 
0.187242 77.82930640998 0.24239250490 
0.187749 77.92706239072 0.24989291178 
0.188256 77.67260892457 0.24663903232 
0.188762 77.63115864254 0.24039357054 
0.189269 77.75384472971 0.24480138236 
0.189776 77.48718473657 0.25117239770 
0.190282 77.85597565586 0.24143942410 
0.190789 77.82048345551 0.24336499002 
0.191296 77.28695073047 0.25097717083 
0.191802 77.50443852983 0.24428560276 
0.192309 77.23622095051 0.24227417727 
0.192816 77.06633066430 0.23983022251 
0.193323 76.51406860848 0.23796941181 
0.193829 76.97221363461 0.23236583698 
0.194336 76.31962789269 0.23396178887 
0.194843 76.70512339098 0.23583305778 
0.195349 76.58044559078 0.23362447132 
0.195856 76.51853238451 0.23606309371 
0.196363 76.25470738739 0.23541768124 
0.196869 76.09181458057 0.22706085042 
0.197376 76.12202866556 0.22566439342 
0.197883 76.22752616205 0.23278183430 
0.198389 75.78249215924 0.22368183494 
0.198896 75.90189229125 0.22414873746 
0.199403 75.98590901151 0.22144530530 
0.199909 76.03330339201 0.22224638689 
0.200416 75.80943717753 0.22512905536 
0.200923 75.85505680684 0.22077508499 
0.201429 75.83716907321 0.22387653349 
0.201936 75.84519084156 0.22266129164 
0.202443 75.53011739621 0.22191447290 
0.202949 75.82103170488 0.22297616831 
0.203456 75.49166115114 0.22158067630 
0.203963 75.55014517808 0.21681297641 
0.204469 75.49845952111 0.21908175561 
0.204976 75.62081745885 0.22053828190 
0.205483 75.16139115746 0.21587123965 
0.205989 75.12675763359 0.21245919831 
0.206496 75.34884068612 0.21312348826 
0.207003 75.27358436441 0.21214241644 
0.207509 75.10781956679 0.21700689993 
0.208016 75.05384646177 0.21147261815 
0.208523 75.30949467897 0.21411171469 
0.209029 74.98127368477 0.20924165064 
0.209536 75.18395263077 0.21303430669 
0.210043 75.15084497712 0.21449220446 
0.210549 75.15289290309 0.21460077360 
0.211056 75.22856789872 0.21157301406 
0.211563 75.06527735360 0.20784098030 
0.212069 74.88583198717 0.21481613760 
0.212576 75.02032208283 0.21173013299 
0.213083 75.14659111134 0.20949476256 
0.213589 74.95498926639 0.20878281898 
0.214096 74.78172301527 0.21122661239 
0.214603 74.28046142847 0.21188256237 
0.215109 74.76062360398 0.20866174358 
0.215616 74.88736989147 0.20995796201 
0.216123 74.38871505239 0.20560249483 
0.216629 74.63728028502 0.20784397562 
0.217136 74.19549957168 0.20686779771 
0.217643 74.28578885669 0.20996389946 
0.218149 74.21379634908 0.20675777173 
0.218656 74.11989098939 0.20573436717 
0.219163 74.10260094501 0.20785621912 
0.219669 74.46503109384 0.20843260491 
0.220176 74.07214252980 0.20065504775 
0.220683 73.99345269894 0.20871160781 
0.221189 73.78763644945 0.20659342614 
0.221696 73.80691920016 0.20333386952 
0.222203 73.95714332148 0.20325287252 
0.222709 73.84067287713 0.20380741959 
0.223216 73.71729743539 0.20241268296 
0.223722 73.76728183664 0.20456910685 
0.224229 73.99464899691 0.20672597172 
0.224736 73.80573938770 0.20467259883 
0.225242 73.56678378073 0.20051097300 
0.225749 73.59171150116 0.20235385950 
0.226256 73.43280972384 0.19897910048 
0.226762 73.67178952882 0.20385788582 
0.227269 73.54611234000 0.20578400262 
0.227776 73.62174187318 0.20127681364 
0.228282 73.29535691728 0.20053150781 
0.228789 73.20787630684 0.19900545846 
0.229296 73.19784680668 0.20113806500 
0.229802 72.90588827883 0.20013794181 
0.230309 73.23817989488 0.19837143813 
0.230816 73.19440514534 0.19918916316 
0.231322 73.17057071577 0.20117424396 
0.231829 73.21251063454 0.20164411745 
0.232335 73.26573847489 0.20252577814 
0.232842 72.76425166273 0.20010834186 
0.233349 72.56135775994 0.19958998439 
0.233855 72.71377053831 0.19675862490 
0.234362 73.12323993983 0.20284438438 
0.234869 72.91196582482 0.19774264519 
0.235375 72.45798565584 0.19928563202 
0.235882 72.64310490310 0.20102484832 
0.236389 72.79008917209 0.19993535382 
0.236895 72.82793423874 0.19938579836 
0.237402 72.49764506688 0.20056508221 
0.237908 72.37063473646 0.20327649316 
0.238415 72.45810381172 0.19899456465 
0.238922 72.19389498424 0.19994967494 
0.239428 72.01018423137 0.20028080742 
0.239935 72.05105240733 0.19780038938 
0.240442 72.10476590269 0.20307507553 
0.240948 72.13357814692 0.19723053867 
0.241455 72.10752061360 0.19759150476 
0.241962 72.01144830518 0.19740672183 
0.242468 72.04027279192 0.19430198646 
0.242975 71.78804548342 0.20100839626 
0.243481 71.54184088223 0.20039136407 
0.243988 71.90279149112 0.20058227202 
0.244495 71.96672823492 0.19724276097 
0.245001 71.84796655341 0.19983994538 
0.245508 71.80324223254 0.19901329410 
0.246015 71.69921036471 0.19895443930 
0.246521 71.72719167914 0.19473553038 
0.247028 71.68775874630 0.19493199528 
0.247534 71.45647272687 0.19488118794 
0.248041 71.60421668300 0.19687528249 
0.248548 71.43742438318 0.19723314970 
0.249054 71.57035676033 0.19513930696 
0.249561 71.38075248108 0.20043874547 
0.250068 71.00203559103 0.19827306018 
0.250574 71.25762758182 0.19891666975 
0.251081 71.63447245443 0.19612059060 
0.251587 71.24104443250 0.19317031413 
0.252094 71.50288786099 0.19864862389 
0.252601 71.10274255067 0.20020397701 
0.253107 70.97878219335 0.19676647544 
0.253614 70.81043868281 0.19713029513 
0.254120 70.98506717534 0.19835942242 
0.254627 71.18984973013 0.19699338440 
0.255134 71.27546862339 0.19380696719 
0.255640 70.90708635588 0.19787116240 
0.256147 71.13316128411 0.19763131348 
0.256654 70.77987423266 0.19697293274 
0.257160 71.28316684830 0.19848173741 
0.257667 71.28002632880 0.19360021270 
0.258173 71.25361547472 0.19905899777 
0.258680 71.35681932111 0.19741472517 
0.259187 71.29646338992 0.19546411361 
0.259693 71.23688502613 0.19513437423 
0.260200 71.33702446780 0.19392512735 
0.260706 71.67624749892 0.19367558717 
0.261213 71.67194545492 0.19370398339 
0.261720 71.94872324439 0.19468906737 
0.262226 71.64725157440 0.19229778072 
0.262733 71.73884897611 0.19643711081 
0.263239 71.67221212571 0.19481528939 
0.263746 71.61763970793 0.19452402128 
0.264253 71.68765720642 0.19237638780 
0.264759 71.84282805055 0.19321512287 
0.265266 71.72542970760 0.19561373285 
0.265772 71.77183392462 0.19251817456 
0.266279 71.58151910215 0.19396611093 
0.266786 71.90376568046 0.19530459207 
0.267292 71.76375542619 0.19441000052 
0.267799 72.01100394726 0.19056856234 
0.268305 71.80678724968 0.19005281238 
0.268812 71.98790289454 0.19229713104 
0.269319 71.69127312069 0.19084745791 
0.269825 71.80887698337 0.18791009442 
0.270332 72.02814868764 0.18918253123 
0.270838 71.96468469239 0.19136403817 
0.271345 72.00851658425 0.18938278012 
0.271852 72.13059299814 0.19351676270 
0.272358 72.36349797813 0.19021147684 
0.272865 72.24978958380 0.19590009102 
0.273371 71.82319445478 0.19261646196 
0.273878 72.23287837785 0.19250795179 
0.274385 72.30622578474 0.18791861799 
0.274891 72.32706828118 0.19061029898 
0.275398 72.19043367106 0.19010416304 
0.275904 72.06953590949 0.18855448766 
0.276411 72.21865943528 0.18587731583 
0.276917 72.19274957265 0.18563150149 
0.277424 72.15585528747 0.18603667503 
0.277931 72.12435613247 0.18757418748 
0.278437 72.21331248864 0.18250594708 
0.278944 72.32711766427 0.18237377815 
0.279450 72.15558775346 0.18224206158 
0.279957 72.17766654262 0.18716590238 
0.280464 72.07078255192 0.18124874007 
0.280970 72.19608151774 0.17987908704 
0.281477 72.04809942472 0.18019676679 
0.281983 71.86161017456 0.18358513734 
0.282490 72.23901592716 0.18538696794 
0.282996 72.20724171162 0.17910540499 
0.283503 72.24937179400 0.18264043744 
0.284010 71.94798629716 0.17803231211 
0.284516 71.81503937691 0.17899249723 
0.285023 71.91786765959 0.17691230205 
0.285529 71.88359765391 0.17647361682 
0.286036 71.68437361865 0.17665836820 
0.286542 71.86910440937 0.17301588903 
0.287049 71.86201928640 0.17424745852 
0.287556 71.69387300387 0.17238539328 
0.288062 71.61633763328 0.17501447811 
0.288569 71.57417038622 0.16883828949 
0.289075 71.34316603710 0.17000598749 
0.289582 71.22187815613 0.17300127315 
0.290088 71.20505322108 0.17164274712 
0.290595 71.62156375314 0.16958310141 
0.291102 71.25131604589 0.16791303399 
0.291608 71.13779090999 0.16744686988 
0.292115 71.10376079811 0.16927128883 
0.292621 71.15706606036 0.17016210174 
0.293128 71.07598493652 0.16608831255 
0.293634 71.29282587500 0.16373491910 
0.294141 71.33506197659 0.16727635050 
0.294647 71.11288930887 0.16672509489 
0.295154 71.01980680781 0.16338945821 
0.295661 70.78519165837 0.16570773465 
0.296167 70.85905319759 0.16754369971 
0.296674 70.92596852886 0.16452637302 
0.297180 70.99781827165 0.16639288546 
0.297687 70.81576353290 0.16439114376 
0.298193 70.77123901831 0.16574452133 
0.298700 70.48972060714 0.16691971643 
0.299207 70.56085400746 0.16443465653 
0.299713 70.76883038343 0.16566622265 
0.300220 70.61844685812 0.16596876570 
0.300726 70.46344274536 0.16039905154 
0.301233 70.61185028312 0.16488406904 
0.301739 70.48774914554 0.16328474129 
0.302246 70.57089048952 0.16347101385 
0.302752 70.13163657801 0.16055114369 
0.303259 70.51148041892 0.15800405187 
0.303765 70.40354658359 0.16209744483 
0.304272 70.29576319931 0.15965788079 
0.304779 70.21107798581 0.15985792610 
0.305285 70.36025122722 0.15875592761 
0.305792 70.12410359196 0.15960165928 
0.306298 70.09131459309 0.15970742130 
0.306805 70.24670474529 0.16438477040 
0.307311 69.93787180643 0.15742513409 
0.307818 69.74157347000 0.15896222812 
0.308324 69.54873480893 0.15327047639 
0.308831 69.31945741120 0.15661822839 
0.309337 69.69999478038 0.15306961553 
0.309844 69.46709790264 0.15551127453 
0.310350 68.98773337025 0.15480402183 
0.310857 68.93091784838 0.14904151399 
0.311364 68.70732926056 0.15121977486 
0.311870 68.40233753786 0.15031102370 
0.312377 68.24763216276 0.14977670210 
0.312883 68.37429689854 0.14723303563 
0.313390 67.87211011795 0.14681798134 
0.313896 67.80763939558 0.14848373595 
0.314403 67.52674397177 0.14691660826 
0.314909 67.44752302858 0.14627490369 
0.315416 67.38285923256 0.14171193622 
0.315922 67.55604316210 0.14403394778 
0.316429 67.27133144959 0.13984083970 
0.316935 67.43598633737 0.14478150972 
0.317442 67.37170005040 0.14416856755 
0.317948 67.10171137074 0.14223048731 
0.318455 67.00589938858 0.13902318487 
0.318961 67.07932127599 0.14293739060 
0.319468 66.81270257655 0.14118452402 
0.319975 66.97080454168 0.14290758854 
0.320481 66.93298449672 0.14260988112 
0.320988 66.83400191881 0.14761013994 
0.321494 66.77081892358 0.14029397454 
0.322001 66.72576920579 0.14923228142 
0.322507 66.53614138062 0.14001127807 
0.323014 66.52576555978 0.14193792203 
0.323520 66.54546569780 0.14228975072 
0.324027 66.43633764439 0.14324596953 
0.324533 66.57282445389 0.14011721273 
0.325040 66.66582174058 0.13998656124 
0.325546 66.30811765951 0.14131133034 
0.326053 66.34167691219 0.14271321086 
0.326559 66.39608825960 0.14030769400 
0.327066 66.36213540712 0.13924044150 
0.327572 66.27329357012 0.14202957482 
0.328079 66.30586877858 0.13855920796 
0.328585 66.00236045008 0.13753355873 
0.329092 66.17093201090 0.13906503071 
0.329598 65.82413392665 0.13941942275 
0.330105 65.85327141062 0.13888354098 
0.330611 66.01151501032 0.14053856379 
0.331118 66.06283327599 0.13888611434 
0.331624 65.70677049911 0.13923456997 
0.332131 65.90965647574 0.13817169966 
0.332637 66.11015106548 0.14064204651 
0.333144 65.89403552162 0.14013508787 
0.333650 65.86276968645 0.13856312165 
0.334157 66.02375323076 0.13805291307 
0.334663 65.82132192139 0.13832240870 
0.335170 65.66400660862 0.14204602035 
0.335676 65.91534070947 0.13844490238 
0.336183 65.85843258230 0.14003548095 
0.336689 65.59983415901 0.13993989413 
0.337196 65.69895401549 0.14094224883 
0.337702 65.40193399410 0.13809521016 
0.338209 65.48791718106 0.13894476607 
0.338715 65.39675479020 0.13857576427 
0.339222 65.67028753112 0.14050823345 
0.339728 65.28995894582 0.13828578555 
0.340235 65.48440270314 0.21263622108 
0.340741 65.31558123974 0.14043500350 
0.341248 65.45901318237 0.13772436015 
0.341754 65.25511567894 0.13852940302 
0.342261 65.34270679868 0.14053361736 
0.342767 65.31168411949 0.13799017300 
0.343274 65.18806981020 0.13962643090 
0.343780 65.20793786763 0.13849401938 
0.344287 65.15696480874 0.14120281834 
0.344793 65.13012680112 0.13819377426 
0.345300 65.08695511803 0.14318202082 
0.345806 65.17633707726 0.13902887172 
0.346313 65.09868199545 0.14271968091 
0.346819 64.75000353847 0.14021822134 
0.347325 64.89792176329 0.14345736413 
0.347832 64.98538298285 0.14393709799 
0.348338 64.72637283166 0.14674698636 
0.348845 64.76230644080 0.14594438143 
0.349351 64.87793498068 0.14990622533 
0.349858 64.78355273723 0.15268159066 
0.350364 64.75077690604 0.14829157373 
0.350871 64.69397966785 0.14517747857 
0.351377 64.58811795449 0.14861226002 
0.351884 64.46887905212 0.14723188368 
0.352390 64.64461321123 0.15098997977 
0.352897 64.63140000335 0.14969012306 
0.353403 64.56307435515 0.14725586846 
0.353910 64.48420760792 0.14908504285 
0.354416 64.15097198815 0.14820977728 
0.354923 64.26516141543 0.15106772589 
0.355429 63.89424611545 0.15360918258 
0.355935 64.19419640307 0.15036864135 
0.356442 64.10481431146 0.15467413086 
0.356948 63.98683990316 0.15262765226 
0.357455 63.95721014827 0.15458664513 
0.357961 63.73930659196 0.15205329726 
0.358468 63.78673484258 0.15745174255 
0.358974 63.88596464505 0.22325565741 
0.359481 63.76862289623 0.20234688853 
0.359987 63.59807920450 0.20082552362 
0.360494 63.66485049784 0.18859718610 
0.361000 63.93395616013 0.18649175751 
0.361506 63.76074615992 0.18718082971 
0.362013 64.01741206721 0.18567274221 
0.362519 63.61091713202 0.18462278115 
0.363026 63.84983527244 0.18317437686 
0.363532 63.77305236662 0.18573622990 
0.364039 64.01357408781 0.18177706756 
0.364545 63.77262113251 0.18187439437 
0.365052 63.73618894882 0.18564374087 
0.365558 63.46390192851 0.18254695623 
0.366064 64.10278710922 0.18211910097 
0.366571 63.96333261705 0.18563177553 
0.367077 63.88583444811 0.18924522146 
0.367584 63.58566224930 0.18975325596 
0.368090 63.70599081582 0.18425876886 
0.368597 63.81656682020 0.18875239226 
0.369103 63.92041445264 0.19052287770 
0.369610 63.53875495401 0.18786404667 
0.370116 63.61219334084 0.19061282831 
0.370622 63.13361066086 0.19179221717 
0.371129 63.56569320705 0.19350651364 
0.371635 63.46254020221 0.19065802903 
0.372142 63.55426377265 0.19367027135 
0.372648 63.38147174025 0.19122475099 
0.373155 63.28344840848 0.19407486609 
0.373661 63.74276302728 0.19769818819 
0.374167 63.42972302337 0.19323505143 
0.374674 63.41494767892 0.19595843878 
0.375180 63.34445463157 0.19905364871 
0.375687 63.31820145556 0.20296383604 
0.376193 63.33730846980 0.20363293522 
0.376700 63.46140235231 0.20767657145 
0.377206 63.49692734442 0.20336339775 
0.377712 63.05623326885 0.20097508325 
0.378219 63.31840608576 0.20310811164 
0.378725 63.37485619525 0.20417943478 
0.379232 63.39441268613 0.20521566331 
0.379738 63.35921211803 0.20878176950 
0.380245 63.21972223333 0.20658600779 
0.380751 63.28696366659 0.20748363685 
0.381257 63.18207218470 0.20740667486 
0.381764 63.19363307776 0.21064412652 
0.382270 62.66922939704 0.21001052990 
0.382777 63.20989884297 0.20733651813 
0.383283 62.97012604804 0.21022443495 
0.383789 63.00282905243 0.20807200391 
0.384296 63.17049784281 0.20592455971 
0.384802 62.96982616113 0.21060474464 
0.385309 63.18934237931 0.21102257129 
0.385815 63.04823756780 0.21487548188 
0.386321 63.15498110501 0.21389860431 
0.386828 63.02897869875 0.21377363332 
0.387334 62.72347103487 0.21056587447 
0.387841 62.85861278422 0.21533574268 
0.388347 63.08408642052 0.21135880615 
0.388853 62.88047705966 0.21789386376 
0.389360 63.00602783939 0.21228697916 
0.389866 62.82085979184 0.20914754670 
0.390373 63.14248859517 0.21756019216 
0.390879 62.81127554577 0.21803828687 
0.391385 62.80170952350 0.22075014763 
0.391892 62.38504298372 0.21801496530 
0.392398 62.71699620576 0.22533339432 
0.392905 62.81117740103 0.22043253403 
0.393411 62.89812106846 0.22833228587 
0.393917 62.75005851629 0.22024674328 
0.394424 63.04605773181 0.22484544272 
0.394930 62.76855566874 0.22251964225 
0.395437 62.78086160047 0.23181014662 
0.395943 62.63693251539 0.22498117246 
0.396449 62.76705329376 0.44057716855 
0.396956 62.80222554351 0.22589194825 
0.397462 62.67195335889 0.22894480271 
0.397969 62.63881311146 0.23209947042 
0.398475 62.51410942715 0.23290706128 
0.398981 62.56488499942 0.23783897256 
0.399488 62.40008580147 0.23939163999 
0.399994 62.21477086475 0.24328447673 
0.400500 62.83116422090 0.24608560442 
0.401007 62.80424829110 0.23427190093 
0.401513 62.18633092826 0.23865852865 
0.402020 62.44195941379 0.24486174327 
0.402526 62.29507231963 0.24907937799 
0.403032 62.20631027345 0.24988932705 
0.403539 62.52659319762 0.26009799972 
0.404045 62.12700694773 0.25012599737 
0.404551 62.54488434611 0.26456035794 
0.405058 62.45581731279 0.26951814615 
0.405564 62.11851681490 0.26599721271 
0.406071 62.10227631256 0.26182941108 
0.406577 62.31933479362 0.25727922082 
0.407083 62.09948299918 0.26244650102 
0.407590 62.68937285620 0.26559812378 
0.408096 62.54828567935 0.27559284769 
0.408602 61.98572797069 0.26593621403 
0.409109 61.99375839813 0.26239312782 
0.409615 62.26013868344 0.26553638171 
0.410121 62.03343212212 0.26033644663 
0.410628 62.29185092370 0.26177450455 
0.411134 62.30682978658 0.26963593759 
0.411641 62.24068877778 0.27899782001 
0.412147 61.79103042105 0.25962290383 
0.412653 62.11539902229 0.27145717080 
0.413160 61.94924858639 0.27150014377 
0.413666 61.89497143801 0.25844001549 
0.414172 62.11152462159 0.27755695501 
0.414679 61.89869955837 0.27694789502 
0.415185 62.01149284642 0.28202013492 
0.415691 62.21679427022 0.26724370769 
0.416198 61.66419421281 0.27646241336 
0.416704 62.07574661405 0.27942360059 
0.417210 61.83006079551 0.28245154279 
0.417717 61.95647352887 0.29988223642 
0.418223 62.28188225858 0.27451483181 
0.418729 61.90439545188 0.29115675525 
0.419236 61.60537701170 0.29303705761 
0.419742 61.61743416935 0.27000900142 
0.420248 61.56118972712 0.26582516588 
0.420755 61.52370911137 0.27820076867 
0.421261 61.72632738836 0.27878266155 
0.421767 61.67317116807 0.28780821419 
0.422274 61.88684967567 0.26943323463 
0.422780 62.12860200831 0.28179030240 
0.423286 61.71298204658 0.28528733810 
0.423793 61.70452953133 0.27905072088 
0.424299 61.67238653978 0.29321935604 
0.424805 61.86714736100 0.29034100943 
0.425312 61.97237968498 0.30173385089 
0.425818 61.66526876643 0.28541911329 
0.426324 61.58072030750 0.29762612508 
0.426831 61.76459448403 0.29319783888 
0.427337 61.88808797431 0.31207866231 
0.427843 62.03285710496 0.30102777326 
0.428350 61.75157140822 0.31007789299 
0.428856 61.29667274793 0.30449268470 
0.429362 62.00597234510 0.30949485815 
0.429869 62.00777455367 0.31513021093 
0.430375 61.48620829866 0.31738459563 
0.430881 61.10874544668 0.31003484990 
0.431388 61.55244227973 0.31608249228 
0.431894 61.00355137723 0.31898778395 
0.432400 61.58493645344 0.33185401872 
0.432907 61.68871619117 0.31932930066 
0.433413 61.27396677564 0.33585974529 
0.433919 61.68011712942 0.33341953485 
0.434425 61.87562048775 0.31971263006 
0.434932 61.88598575744 0.33164087357 
0.435438 60.71215765901 0.35128162100 
0.435944 61.36889131076 0.33426685950 
0.436451 61.07565452602 0.33353663464 
0.436957 61.31137297517 0.35760767842 
0.437463 60.88423596610 0.35652783443 
0.437970 61.29695631983 0.34833920530 
0.438476 61.64753106132 0.35760080296 
0.438982 61.32905004879 0.35943951411 
0.439489 61.37776032887 0.36360955793 
0.439995 61.80859692575 0.36439623721 
0.440501 61.14708959885 0.36943249200 
0.441007 62.02514206622 0.37136326076 
0.441514 61.11280321662 0.38469298986 
0.442020 61.36242538993 0.38867139661 
0.442526 61.12175000945 0.39884873217 
0.443033 61.26059694028 0.38644889876 
0.443539 61.34304599771 0.40472450473 
0.444045 61.26072717235 0.42258378152 
0.444551 60.53589739056 0.41937545518 
0.445058 61.21944132861 0.41630193826 
0.445564 60.95601705899 0.42579938442 
0.446070 60.98472303020 0.44046503368 
0.446577 61.34654582844 0.43912806787 
0.447083 60.81632607787 0.47424118253 
0.447589 60.92511462050 0.46731474734 
0.448095 60.97142625183 0.46069894923 
0.448602 60.85858769759 0.46550656965 
0.449108 61.00612432066 0.47962706349 
0.449614 60.59963411531 0.47123011886 
0.450121 60.78290726346 0.49992503695 
0.450627 61.01157640416 0.51564686459 
0.451133 60.20525632240 0.50150667810 
0.451639 60.37280352923 0.53170356285 
0.452146 61.15146739132 0.51002061675 
0.452652 61.11547144154 0.56285041110 
0.453158 60.19698008273 0.55393120753 
0.453664 60.17467603931 0.56880087288 
0.454171 60.78635935735 0.59762587780 
0.454677 59.99698805383 0.59194745950 
0.455183 60.53309168971 0.60745919450 
0.455689 60.71382622666 0.61766593558 
0.456196 59.29063641917 0.63275194270 
0.456702 60.02799070119 0.66206176841 
0.457208 60.39600696925 0.70990320956 
0.457714 59.96855382440 0.76379439632 
0.458221 59.78172910279 0.74110054228 
0.458727 59.38043794570 0.77953893107 
0.459233 60.30261743062 0.83405566740 
0.459740 59.68022232516 0.84445437025 
0.460246 60.37804995063 0.87609046223 
0.460752 59.72198401630 1.00362183163 
0.461258 59.29663366397 1.02481254964 
0.461765 60.54686745743 1.11498550342 
0.462271 59.68371733417 1.08252254420 
0.462777 60.54806666814 1.21255118149 
0.463283 59.44629260279 1.23420905493 
0.463789 61.64898346831 1.42261566638 
0.464296 59.89815762867 1.32015486413 
0.464802 60.54967833993 1.33884071735 
0.465308 60.08022145249 1.47391321960 
0.465814 62.17766415369 1.76517825926 
0.466321 60.53605720194 1.77670585133 
0.466827 58.93028320037 1.80138021055 
0.467333 59.16505298959 1.92612941444 
0.467839 59.08535747606 1.92359828737 
0.468346 59.07377151743 2.33455886294 
0.468852 60.89757029705 2.64900713531 
0.469358 58.41023287308 2.81950221145 
0.469864 62.37985758365 3.11778826492 
0.470371 58.91049920264 3.76241423452 
0.470877 57.34983393768 4.29995015806 
0.471383 56.52512619742 5.35791208631 
0.471889 58.33353894111 7.63507166578 
0.472395 53.97206477966 5.53140227972 
0.472902 51.04387554330 12.22358340709 
