0.010896 1355.61808892686 13.20923326451 
0.011402 1197.12441690171 12.18179924639 
0.011909 1082.52896288805 10.98478005083 
0.012416 962.83137124690 9.43212750418 
0.012923 884.27425413754 7.90575937419 
0.013430 821.26726669317 11.78818967414 
0.013936 784.80994238533 8.41751051924 
0.014443 734.13324283273 7.43860867477 
0.014950 678.61827389988 6.50564597526 
0.015457 625.11365075363 5.23059773096 
0.015963 580.81252626147 4.97628071055 
0.016470 541.66170260451 4.12190885338 
0.016977 507.45609178692 3.73255845519 
0.017484 473.66824607126 3.20562782450 
0.017990 447.48847424077 3.00496011938 
0.018497 420.38251726628 2.68195425305 
0.019004 399.12239809910 2.39117400903 
0.019511 380.24517094576 2.26588882481 
0.020018 360.30559583627 2.21530644897 
0.020524 340.69521296783 1.90379052436 
0.021031 325.45355909197 1.81882974479 
0.021538 311.72770745712 1.63362257838 
0.022045 301.65286128003 1.83058676348 
0.022551 289.86969391237 1.61261276751 
0.023058 277.64216659479 1.50425062313 
0.023565 267.13963630923 1.47903703340 
0.024072 259.62493910331 1.66023816135 
0.024579 248.48289386705 1.61664385251 
0.025085 243.49379190575 2.07913646022 
0.025592 235.37322192247 2.02359098020 
0.026099 229.28698146460 2.12587295418 
0.026606 225.10972429983 1.65746774151 
0.027112 218.08222150680 1.74034579000 
0.027619 211.46229402513 1.56419391945 
0.028126 206.60424150657 1.48154133648 
0.028633 202.68398959889 1.34138977132 
0.029139 199.65675635911 1.15771515316 
0.029646 192.83754509816 1.12039598990 
0.030153 189.73127698548 1.18193020799 
0.030660 185.74221593062 1.02174517656 
0.031167 182.61164206383 0.94213511830 
0.031673 179.02369587214 0.92148432581 
0.032180 175.74141119164 0.93970185848 
0.032687 173.66686701137 0.86217899579 
0.033194 172.03937766909 0.87216803967 
0.033700 166.81036278116 0.74488913601 
0.034207 165.19680654335 0.78147596601 
0.034714 162.14928118247 0.77450345101 
0.035221 160.95620045450 0.71917266504 
0.035727 158.89512210092 0.68442472730 
0.036234 155.81810853305 0.64862877163 
0.036741 154.50345824798 0.66098000100 
0.037248 152.92778608312 0.65015401709 
0.037755 149.82712094051 0.59930287102 
0.038261 148.18918418334 0.60100269671 
0.038768 147.19152545068 0.59777686356 
0.039275 145.80635041075 0.58558778606 
0.039782 145.17176853263 0.61444140909 
0.040288 142.19561672889 0.56810549490 
0.040795 141.25916007079 0.54196189563 
0.041302 139.39676049062 0.54550526272 
0.041809 139.05211684187 0.54218340141 
0.042315 138.13547022780 0.56934119809 
0.042822 136.62321205796 0.52435307792 
0.043329 135.38564014501 0.54865014963 
0.043836 134.18597730328 0.55571020535 
0.044343 133.72795465880 0.53649864761 
0.044849 132.15085493203 0.51119566725 
0.045356 130.50977624614 0.52996011756 
0.045863 129.65390123413 0.49941606496 
0.046370 129.32993543414 0.51030335764 
0.046876 128.44861979753 0.49068738141 
0.047383 127.06361140718 0.52088894376 
0.047890 127.24175214047 0.49110606613 
0.048397 125.63254938841 0.50955265647 
0.048903 124.25560552394 0.46723796947 
0.049410 123.92962180196 0.48445757091 
0.049917 122.54607801599 0.48504476159 
0.050424 122.13532005889 0.46937811433 
0.050931 121.53141434035 0.46486705481 
0.051437 120.93794748033 0.45704586419 
0.051944 119.54860645704 0.45238636200 
0.052451 120.21964401159 0.47121272572 
0.052958 119.31219276203 0.42166658112 
0.053464 118.41347744598 0.46592176203 
0.053971 117.15343711614 0.44653147938 
0.054478 116.34215071200 0.45515880415 
0.054985 116.21425974473 0.43930809066 
0.055491 115.53163765489 0.43061700245 
0.055998 114.33392906548 0.43354659495 
0.056505 114.11667308573 0.44201588559 
0.057012 112.75280275047 0.42814230665 
0.057519 112.35128275775 0.43240889395 
0.058025 112.58681544845 0.41564145203 
0.058532 111.44179397528 0.41176008260 
0.059039 111.50567105808 0.41939039586 
0.059546 111.16206402366 0.41570335476 
0.060052 110.32872994056 0.41050621213 
0.060559 109.61250991806 0.39614657099 
0.061066 109.24118598639 0.39723623123 
0.061573 109.31448163524 0.41282542407 
0.062079 109.06017919296 0.41361748405 
0.062586 108.15077282038 0.39365127987 
0.063093 107.53061197734 0.38383975602 
0.063600 106.81816881624 0.39779848017 
0.064106 107.30659353891 0.39327938273 
0.064613 107.05321557466 0.38943485875 
0.065120 105.92953842957 0.39061770823 
0.065627 105.66448122927 0.39175847242 
0.066134 105.37882180236 0.37005338178 
0.066640 104.97710997631 0.37152277879 
0.067147 104.92115019849 0.37601859670 
0.067654 104.07635067524 0.36740687379 
0.068161 103.23867436808 0.35861588154 
0.068667 103.56775025130 0.38391550341 
0.069174 103.70585130685 0.38564682412 
0.069681 103.35991278268 0.36441050579 
0.070188 102.74593067248 0.37856570455 
0.070694 101.88517621651 0.35836456756 
0.071201 102.33164097737 0.34439285130 
0.071708 101.77998276893 0.35102736665 
0.072215 101.21653744467 0.35645431304 
0.072721 101.41186085864 0.35611812770 
0.073228 99.82161381089 0.34229963174 
0.073735 100.32399043439 0.35075579134 
0.074242 100.27712070809 0.33833263354 
0.074748 99.85854829539 0.34762992523 
0.075255 99.48112466986 0.34614050814 
0.075762 99.43213523780 0.34196903623 
0.076269 99.37067300176 0.34138991553 
0.076776 99.12608334701 0.32645780495 
0.077282 98.46120735102 0.33442045093 
0.077789 98.51258431977 0.33023471012 
0.078296 97.57803166210 0.31483748227 
0.078803 98.13266699007 0.32598845879 
0.079309 98.45565005764 0.33998902143 
0.079816 97.43992130147 0.32887059761 
0.080323 97.67924255117 0.32866964898 
0.080830 97.10570605615 0.33200384080 
0.081336 97.59956553732 0.32543773483 
0.081843 97.16044371809 0.33490871883 
0.082350 96.82055095465 0.32506284848 
0.082857 96.74949751193 0.33197891939 
0.083363 96.83271972933 0.33191169474 
0.083870 96.26605578549 0.33613731306 
0.084377 96.68125736929 0.33293060342 
0.084884 96.39701604230 0.33996389132 
0.085390 95.93548522141 0.32677317175 
0.085897 95.26327768012 0.33921016486 
0.086404 95.82002278348 0.34626425416 
0.086911 95.85265382911 0.33402326706 
0.087417 95.52351367214 0.33090705204 
0.087924 95.17183091931 0.31815704990 
0.088431 94.52162742001 0.33280153056 
0.088938 94.93703194858 0.32868367167 
0.089444 94.85681683053 0.32314761481 
0.089951 94.26911399477 0.32910119289 
0.090458 94.82773567021 0.33438356153 
0.090965 94.01514962862 0.32288889404 
0.091471 94.33341774880 0.32939843206 
0.091978 94.29972845978 0.32190938816 
0.092485 92.98951664478 0.34606139269 
0.092992 93.14488709572 0.33208095442 
0.093498 93.12266491979 0.34134814519 
0.094005 93.19940308615 0.34293715871 
0.094512 92.38263898606 0.32897399559 
0.095019 92.85380098173 0.33794861580 
0.095525 92.88653924755 0.34014643666 
0.096032 92.08021635197 0.33681791500 
0.096539 93.20644708396 0.31933335218 
0.097046 92.74199273448 0.33558699818 
0.097552 92.31396975026 0.33431016042 
0.098059 91.88172664255 0.31969324147 
0.098566 92.42923656543 0.33580861784 
0.099073 91.91872833347 0.32306288969 
0.099579 91.59176670238 0.32445155193 
0.100086 91.41795801946 0.31515686548 
0.100593 91.68158180345 0.32190291912 
0.101100 91.62254932565 0.32057175657 
0.101606 90.57182739378 0.31637988687 
0.102113 89.74104399239 0.30816164023 
0.102620 89.54499530407 0.30166550278 
0.103127 89.44049429460 0.29587876883 
0.103633 88.54220761189 0.29837244796 
0.104140 89.04642013557 0.29469282495 
0.104647 88.94749715564 0.30657545745 
0.105154 88.67914961701 0.30722760994 
0.105660 88.63028846575 0.30654832625 
0.106167 88.59677094735 0.29800728476 
0.106674 88.00196710338 0.30729761550 
0.107181 88.59050922439 0.29995003860 
0.107687 88.11869937851 0.29338290166 
0.108194 88.04163871223 0.29523034765 
0.108701 88.01123630663 0.28730079905 
0.109208 87.66015029355 0.29991175952 
0.109714 87.60043706616 0.29039299248 
0.110221 87.36024099192 0.29767548939 
0.110728 87.67397000419 0.28511300564 
0.111235 88.22192296546 0.29026960511 
0.111741 87.07738572756 0.28699940950 
0.112248 87.35516647167 0.27856459661 
0.112755 87.22380970355 0.28125108622 
0.113262 86.97921707527 0.28102931158 
0.113768 87.13257799062 0.27216637846 
0.114275 86.88644776323 0.27882437117 
0.114782 86.88563160952 0.27200766437 
0.115289 87.19869628321 0.27551557391 
0.115795 86.74799766202 0.28576083611 
0.116302 86.64396830140 0.26711625184 
0.116809 86.37512407294 0.26886620803 
0.117316 86.76060097179 0.27064541888 
0.117822 86.36515489426 0.28178704216 
0.118329 86.68211742266 0.26937177305 
0.118836 86.26029446200 0.27760753350 
0.119342 86.33441216159 0.26988501360 
0.119849 85.73540021515 0.26439530604 
0.120356 85.81335547193 0.27687882302 
0.120863 85.80333855266 0.26659429626 
0.121369 85.94411733842 0.26594552595 
0.121876 85.81436392222 0.27180912400 
0.122383 85.83463946925 0.26012915157 
0.122890 85.30432627739 0.25899402725 
0.123396 85.60754371583 0.25926930650 
0.123903 85.38804099806 0.25998679424 
0.124410 85.18754333768 0.26904295143 
0.124917 85.43589866833 0.25664386901 
0.125423 85.17943520849 0.26531433944 
0.125930 85.13324617394 0.25792989878 
0.126437 84.44821961173 0.26253684004 
0.126944 84.79532153610 0.24555271415 
0.127450 84.39354092182 0.26040761124 
0.127957 85.14721302224 0.24713698119 
0.128464 84.75080401920 0.25538122757 
0.128970 84.49539802272 0.25324926305 
0.129477 84.61184579496 0.26090464096 
0.129984 84.70017725223 0.25577873309 
0.130491 84.64992945152 0.25007340251 
0.130997 84.05885464844 0.25203737877 
0.131504 84.09977482788 0.24965594168 
0.132011 83.54889491460 0.24794434491 
0.132518 83.83630529771 0.24972385549 
0.133024 84.53572036919 0.25145516389 
0.133531 83.99501633097 0.23991970562 
0.134038 83.86939039988 0.24972956585 
0.134545 83.61243114404 0.24204445444 
0.135051 83.87229164220 0.25067060675 
0.135558 83.60971446634 0.24202673281 
0.136065 83.61981163153 0.24596770320 
0.136571 83.29800455562 0.24787208087 
0.137078 83.96678113627 0.24992546721 
0.137585 83.32926522255 0.24835634003 
0.138092 83.61839404802 0.24425450822 
0.138598 83.09952446169 0.24205423707 
0.139105 83.02818196536 0.24731587198 
0.139612 83.44622951335 0.24423739561 
0.140119 83.39401853258 0.23935388567 
0.140625 82.93125239537 0.24098529544 
0.141132 82.82835749926 0.23355306048 
0.141639 83.13780945801 0.23786408837 
0.142145 82.95943006110 0.24373971465 
0.142652 82.85593332455 0.25043051330 
0.143159 82.38083845765 0.24275126812 
0.143666 82.69896211240 0.24169005773 
0.144172 82.37051285863 0.24268682456 
0.144679 82.51999780774 0.23793606019 
0.145186 82.88860137915 0.24670396861 
0.145692 81.98462742970 0.24311738362 
0.146199 82.26720375348 0.24306133742 
0.146706 81.95484872557 0.24201472306 
0.147213 81.89748165426 0.24990390428 
0.147719 81.90898366355 0.24293915163 
0.148226 82.15112815313 0.24175384633 
0.148733 81.74564210843 0.24932999526 
0.149240 82.16886241255 0.24022413042 
0.149746 81.76556923739 0.24663071459 
0.150253 81.34518411215 0.23828518051 
0.150760 81.10583044139 0.24007917359 
0.151266 81.52831038473 0.24689534886 
0.151773 81.53860414031 0.23875664446 
0.152280 81.05342332870 0.24887352970 
0.152787 81.37114869311 0.24096777030 
0.153293 80.99661236069 0.24108502413 
0.153800 81.00462329962 0.24106669616 
0.154307 80.94708802902 0.24926764846 
0.154813 80.50664731712 0.24033711906 
0.155320 80.31136196370 0.24188454666 
0.155827 80.66574095791 0.23732903044 
0.156334 80.29814408625 0.23898464208 
0.156840 80.42832273226 0.24039872824 
0.157347 80.58883253943 0.23735348494 
0.157854 80.54437800246 0.24033013340 
0.158360 80.32276390608 0.23671551916 
0.158867 80.25506551807 0.23402345336 
0.159374 80.33550449631 0.23798965647 
0.159881 80.38099396598 0.23196345001 
0.160387 79.82720847825 0.23998644070 
0.160894 79.95410459897 0.23251348901 
0.161401 79.66617649941 0.23606308616 
0.161907 79.57635385938 0.23186584930 
0.162414 79.67865589993 0.23436069296 
0.162921 79.57521486527 0.23564707775 
0.163427 79.39941199282 0.23522547888 
0.163934 79.62029619729 0.23030515759 
0.164441 79.36324479193 0.23329068014 
0.164948 79.63827171875 0.23044568992 
0.165454 79.46817547576 0.23072584856 
0.165961 79.19734378232 0.22910580739 
0.166468 79.12103903260 0.23042591751 
0.166974 79.09046219863 0.23132654209 
0.167481 78.98126798308 0.22995040486 
0.167988 79.33849379214 0.22784091476 
0.168495 79.09866169565 0.22972418956 
0.169001 79.31886979598 0.23198537268 
0.169508 79.19236326370 0.23539303987 
0.170015 79.05920546140 0.23476874056 
0.170521 78.93069614811 0.23337283247 
0.171028 79.09300913571 0.23374308404 
0.171535 79.40672638366 0.23548183952 
0.172041 78.91858776995 0.23066547472 
0.172548 78.83741742350 0.23962338564 
0.173055 79.10871804492 0.23450387666 
0.173562 78.97682453193 0.23445187488 
0.174068 79.08914034669 0.24299361117 
0.174575 78.88941152039 0.23321726202 
0.175082 78.86433319141 0.23813613657 
0.175588 78.61408594492 0.23590180875 
0.176095 78.76673223067 0.23434013661 
0.176602 78.98138027356 0.23477726103 
0.177108 78.99213863121 0.23916514769 
0.177615 78.69136107633 0.23212698446 
0.178122 78.96780040654 0.24044529368 
0.178629 78.93831906002 0.24371731194 
0.179135 78.66022773644 0.23535014284 
0.179642 78.70177112007 0.23679042794 
0.180149 78.78513709161 0.23236789410 
0.180655 78.60197145963 0.23522093544 
0.181162 78.61380559394 0.23618868275 
0.181669 78.75976188056 0.23773581499 
0.182175 79.13937854301 0.24219648912 
0.182682 79.04540077283 0.24145537957 
0.183189 78.59818501781 0.24236823980 
0.183695 78.48008203498 0.23945882366 
0.184202 78.47818211206 0.24286113616 
0.184709 78.31022341483 0.24246754238 
0.185216 78.11445522291 0.24438152350 
0.185722 78.24420527637 0.23993525452 
0.186229 78.29468511752 0.24569731607 
0.186736 78.26055347221 0.24626513334 
0.187242 78.29421708163 0.24729064762 
0.187749 78.10935485689 0.24167640905 
0.188256 77.84745890734 0.24860469838 
0.188762 77.59519504242 0.24706552197 
0.189269 77.88262468381 0.25099097258 
0.189776 77.78343287306 0.24333545948 
0.190282 77.68107813911 0.24475382473 
0.190789 77.74898431909 0.24373628985 
0.191296 77.52715621679 0.24687718504 
0.191802 77.10419301077 0.24546016486 
0.192309 76.98334737501 0.24054237485 
0.192816 76.94320374273 0.23797073882 
0.193323 77.07522626240 0.23876211099 
0.193829 76.90698163536 0.23568404914 
0.194336 76.86070490381 0.23558854157 
0.194843 76.44399249912 0.23524570623 
0.195349 76.48242522434 0.23662266518 
0.195856 76.51719800340 0.23466297875 
0.196363 76.54068045379 0.22982415260 
0.196869 76.18932597660 0.23098240137 
0.197376 76.36767391810 0.22915769135 
0.197883 76.48146442115 0.23523986843 
0.198389 76.14465808289 0.22627818396 
0.198896 76.23751493961 0.22582960822 
0.199403 76.34023861791 0.22179317697 
0.199909 76.11238606211 0.22077715282 
0.200416 75.68272291772 0.22506392478 
0.200923 75.72108117215 0.22393267000 
0.201429 76.15190633344 0.22663123537 
0.201936 75.89221684435 0.22267757830 
0.202443 75.79912515892 0.22194184804 
0.202949 75.44814319658 0.22693062773 
0.203456 75.74135655556 0.22473152671 
0.203963 75.54627920345 0.21810044941 
0.204469 75.65244232908 0.22071917243 
0.204976 75.70253922105 0.21829535054 
0.205483 75.49064596700 0.21672673721 
0.205989 75.51966989966 0.21574258666 
0.206496 75.23747104293 0.21560063322 
0.207003 75.36573667208 0.21445022042 
0.207509 75.42893131185 0.21647884525 
0.208016 75.46996526891 0.21602768453 
0.208523 75.34619745720 0.21164934743 
0.209029 75.42999947587 0.21090043380 
0.209536 75.35698793639 0.21668244118 
0.210043 75.33013199522 0.21771576773 
0.210549 75.15635765778 0.21569696088 
0.211056 75.40526779758 0.21234409721 
0.211563 75.06603254391 0.21260065560 
0.212069 75.14379117656 0.21461842808 
0.212576 75.17210585687 0.20921354544 
0.213083 75.12717148895 0.20928226105 
0.213589 75.08021481300 0.21269411402 
0.214096 74.78780269188 0.20777263287 
0.214603 74.98432589025 0.20881622310 
0.215109 74.77099379640 0.20925815501 
0.215616 74.88608016701 0.20875445886 
0.216123 74.69111896787 0.20733612361 
0.216629 74.58933451775 0.20754534171 
0.217136 74.68179043047 0.20938574779 
0.217643 74.47277321155 0.20758975252 
0.218149 74.13304774779 0.20301982056 
0.218656 74.30366181150 0.20338918551 
0.219163 74.44371392645 0.20691300553 
0.219669 73.94793602729 0.20746470219 
0.220176 74.33445046106 0.20562105783 
0.220683 74.05392084025 0.20988688575 
0.221189 74.21376718705 0.20615322950 
0.221696 73.78714993346 0.20532686350 
0.222203 74.04074853571 0.20541194042 
0.222709 73.95970888103 0.20247053243 
0.223216 73.99123638535 0.20287528649 
0.223722 74.01430063253 0.20110761720 
0.224229 73.74932115106 0.20543445370 
0.224736 73.99250980457 0.20712040650 
0.225242 73.63225359467 0.19931394884 
0.225749 73.64661104598 0.20143046248 
0.226256 73.79425435414 0.20425634725 
0.226762 73.59848605449 0.20106103428 
0.227269 73.65940951037 0.20514929456 
0.227776 73.62608188882 0.20342311416 
0.228282 73.48352702539 0.19738249805 
0.228789 73.23326567928 0.20272648909 
0.229296 73.47118966445 0.20397891019 
0.229802 73.40908855278 0.20280913983 
0.230309 73.17179820241 0.19926619054 
0.230816 73.07789349888 0.19750226535 
0.231322 73.44995629545 0.20257108752 
0.231829 73.12850988307 0.20146501623 
0.232335 73.08707286318 0.20257368913 
0.232842 73.01487336517 0.20275709266 
0.233349 73.14235718378 0.19743727273 
0.233855 72.54005400303 0.19798638155 
0.234362 73.00682709075 0.19927610601 
0.234869 72.93720623761 0.19966769270 
0.235375 73.01719425156 0.20112364901 
0.235882 72.75192478222 0.20310443934 
0.236389 72.88443685275 0.20238962382 
0.236895 72.45630621522 0.20117735141 
0.237402 72.35372694463 0.19985842469 
0.237908 72.41158790150 0.19992288223 
0.238415 72.22808050214 0.20106020096 
0.238922 72.21775221634 0.20030235127 
0.239428 72.41603582997 0.19997593985 
0.239935 72.32419758949 0.20057251535 
0.240442 72.20015035718 0.19800771616 
0.240948 72.56092090327 0.19802166771 
0.241455 72.28337138659 0.19663490690 
0.241962 72.22340325558 0.19486925658 
0.242468 71.87049553580 0.19733759761 
0.242975 72.09941241530 0.19621971349 
0.243481 71.96925264615 0.20143035141 
0.243988 72.02048958441 0.20019927544 
0.244495 71.88064958689 0.20019603328 
0.245001 71.88212982763 0.19797283201 
0.245508 71.95339676358 0.19769345430 
0.246015 71.79878009392 0.19560770249 
0.246521 71.84743088821 0.19775002687 
0.247028 71.56236397641 0.19833826876 
0.247534 71.54747341641 0.19657914604 
0.248041 71.51194305868 0.19711358326 
0.248548 71.57537462298 0.19836997060 
0.249054 71.56091850813 0.19433313418 
0.249561 71.39327943437 0.19735141629 
0.250068 71.88526432396 0.19740276640 
0.250574 71.37523273851 0.19595850284 
0.251081 71.54503433307 0.19747732471 
0.251587 71.62608422471 0.19772733085 
0.252094 71.34229746423 0.19691147482 
0.252601 71.28973517999 0.19664727884 
0.253107 71.26027120518 0.19468879313 
0.253614 71.33703824718 0.19575700075 
0.254120 71.22408485933 0.19559820647 
0.254627 70.87257365865 0.19684827629 
0.255134 70.95545746820 0.19713017772 
0.255640 70.99453140348 0.19586802220 
0.256147 71.02368887176 0.19384413285 
0.256654 70.91451022069 0.19971627581 
0.257160 71.47443959610 0.19532611001 
0.257667 71.28011838715 0.19433722383 
0.258173 71.43908270523 0.19481903812 
0.258680 71.70348498192 0.19835140511 
0.259187 71.55445184476 0.19317031587 
0.259693 71.58892626176 0.19600474052 
0.260200 71.79261988665 0.19764315085 
0.260706 71.55234339918 0.19554357705 
0.261213 71.99869237926 0.19540201299 
0.261720 71.91239545730 0.19955186758 
0.262226 71.58512557252 0.19600847917 
0.262733 71.88494126484 0.19055795381 
0.263239 71.80896404847 0.19490402459 
0.263746 71.89166636784 0.19404601580 
0.264253 71.81836271752 0.19154467164 
0.264759 72.04009958432 0.19151543670 
0.265266 71.97349634000 0.19233917981 
0.265772 71.73963939810 0.19371986916 
0.266279 71.94684410732 0.18924373002 
0.266786 71.90526150899 0.19044518802 
0.267292 71.95877270756 0.18927702360 
0.267799 71.71483183362 0.19051838954 
0.268305 71.92338534016 0.19462666341 
0.268812 71.74491278878 0.19339536209 
0.269319 72.05006469380 0.18890392127 
0.269825 71.88805460957 0.18846373487 
0.270332 71.97384714782 0.19243386721 
0.270838 71.90998606032 0.19240879801 
0.271345 72.13484172890 0.19501208753 
0.271852 72.21195056352 0.18851304312 
0.272358 72.17740181350 0.19398936645 
0.272865 72.62741508373 0.19358603135 
0.273371 72.67507220632 0.18793707324 
0.273878 72.60435350853 0.19388659923 
0.274385 72.97069715204 0.19498461752 
0.274891 72.66242660008 0.19264674407 
0.275398 72.64539012630 0.18784213875 
0.275904 72.47237445137 0.18680247062 
0.276411 72.40727933148 0.18577981347 
0.276917 72.46536728217 0.18542208443 
0.277424 72.30772579886 0.18068696044 
0.277931 72.29182110131 0.18361713193 
0.278437 72.62055166681 0.18172601861 
0.278944 72.51877570494 0.18358570197 
0.279450 72.17297670221 0.18365720284 
0.279957 72.08975271360 0.18461218254 
0.280464 72.30493845072 0.18057734349 
0.280970 72.35752639812 0.18218648035 
0.281477 72.16314324506 0.17991032969 
0.281983 72.45619931127 0.18602586467 
0.282490 71.94046226327 0.18145963757 
0.282996 72.24117596525 0.18316315937 
0.283503 72.47002540792 0.18312483247 
0.284010 72.28053107203 0.18271423793 
0.284516 72.01529479996 0.18049206807 
0.285023 71.95980586158 0.17630929744 
0.285529 72.19135695853 0.17508374253 
0.286036 71.83700776504 0.17532251922 
0.286542 71.87819184733 0.17323683837 
0.287049 71.78897789982 0.17353994485 
0.287556 71.80192162181 0.17576098538 
0.288062 71.70485368446 0.17421557622 
0.288569 71.55399838640 0.17012791999 
0.289075 71.51915600824 0.17321982553 
0.289582 71.49402739835 0.16838693375 
0.290088 71.36577180354 0.16970530080 
0.290595 71.55037182791 0.16743414550 
0.291102 71.48711495358 0.16615669060 
0.291608 71.18287839655 0.17109829642 
0.292115 71.56213186035 0.17010069446 
0.292621 71.30336576223 0.17107981557 
0.293128 71.27117378137 0.16356928630 
0.293634 71.08180172596 0.16386871218 
0.294141 71.10784024311 0.16649919921 
0.294647 71.25798043842 0.16718932117 
0.295154 71.15911888730 0.16621024873 
0.295661 71.04192309456 0.16537793658 
0.296167 71.10283362357 0.16367518346 
0.296674 70.91822884300 0.16888413454 
0.297180 70.75137608707 0.16731469123 
0.297687 70.78289172391 0.16540425916 
0.298193 70.77909335921 0.16299614677 
0.298700 70.95489471998 0.16347853030 
0.299207 70.70997232577 0.16387150050 
0.299713 70.88688319483 0.16488947579 
0.300220 70.77321831301 0.16364896915 
0.300726 70.79388723822 0.16367848619 
0.301233 70.74112560049 0.16666695294 
0.301739 70.64390911291 0.16280940245 
0.302246 70.65794983727 0.16542584551 
0.302752 70.27466883555 0.16230977446 
0.303259 70.29152469470 0.16133790143 
0.303765 70.52129439089 0.16411821119 
0.304272 70.41133693950 0.16047351300 
0.304779 70.44676743190 0.16185505144 
0.305285 70.49468922670 0.15829455728 
0.305792 70.37786849867 0.16061396425 
0.306298 70.44476581691 0.15990755237 
0.306805 70.25239541190 0.16590744857 
0.307311 70.08752686111 0.16033900039 
0.307818 70.24091217372 0.15980435343 
0.308324 70.00905250503 0.15371108244 
0.308831 69.58779320782 0.15888790717 
0.309337 69.64471244034 0.15334447979 
0.309844 69.51252586089 0.15388607529 
0.310350 69.44635690116 0.15674925817 
0.310857 69.06851819286 0.15271988359 
0.311364 68.73231752214 0.15123939930 
0.311870 68.55598752306 0.15193054650 
0.312377 68.58035475761 0.14900922109 
0.312883 68.29609027330 0.15053616524 
0.313390 68.30795669612 0.14720040130 
0.313896 68.21643912992 0.14508406361 
0.314403 67.75724048222 0.14345644483 
0.314909 67.96283276709 0.14595065713 
0.315416 67.70561879717 0.14261948636 
0.315922 67.75909616855 0.14659754602 
0.316429 67.36573913644 0.14322843598 
0.316935 67.21487366746 0.14125704733 
0.317442 67.36612952324 0.14393674125 
0.317948 67.24108918324 0.14103676866 
0.318455 67.15481808762 0.13897838440 
0.318961 67.21056775090 0.14154710345 
0.319468 67.08181926584 0.14241688704 
0.319975 67.22434083137 0.14280012622 
0.320481 66.88355090272 0.13947816123 
0.320988 66.92184810037 0.14480223974 
0.321494 66.87162512873 0.13694570482 
0.322001 66.84016487809 0.16218303384 
0.322507 66.74629467438 0.14187935818 
0.323014 66.71184401359 0.14282135538 
0.323520 66.89936202094 0.14323990985 
0.324027 66.60615106773 0.14364378208 
0.324533 66.66237212606 0.14282996991 
0.325040 66.62590755634 0.13991723694 
0.325546 66.69736190821 0.13983348842 
0.326053 66.75560470903 0.14151678589 
0.326559 66.42827587425 0.13698839540 
0.327066 66.40867394660 0.13798966450 
0.327572 66.34254070699 0.13893846480 
0.328079 66.64084100598 0.13939794880 
0.328585 66.18163769230 0.13845485380 
0.329092 66.39459103997 0.13905533805 
0.329598 66.22786149712 0.13987449970 
0.330105 66.41068408949 0.14040996843 
0.330611 66.28726774148 0.13853064678 
0.331118 66.36674717268 0.13896576228 
0.331624 66.11678006797 0.13820915621 
0.332131 65.82836871635 0.13969649005 
0.332637 66.11417144260 0.13920488020 
0.333144 66.18573689162 0.14159874752 
0.333650 66.01749338899 0.13968714659 
0.334157 65.90032546988 0.13993999367 
0.334663 65.73745329325 0.14000298316 
0.335170 65.91066693636 0.14211039707 
0.335676 65.88728120535 0.13953866279 
0.336183 65.80635131686 0.14034172700 
0.336689 65.93220388696 0.13916434080 
0.337196 65.34126129290 0.14016481416 
0.337702 65.81840430194 0.14144601046 
0.338209 65.90316805798 0.14021418193 
0.338715 65.92332008801 0.14008237660 
0.339222 65.39647402924 0.13561414678 
0.339728 65.39776431992 0.13751260244 
0.340235 65.63507971031 0.21546938409 
0.340741 65.29847418503 0.13981054897 
0.341248 65.59163105819 0.13874840045 
0.341754 65.38264571848 0.14187854218 
0.342261 65.35406578481 0.14064924111 
0.342767 65.41519583163 0.13782835608 
0.343274 65.55180647402 0.13985814827 
0.343780 65.34179122417 0.14014204266 
0.344287 65.29407789222 0.13828818435 
0.344793 65.30731556166 0.13945702259 
0.345300 65.18603690989 0.14181857183 
0.345806 65.09312232944 0.14118799076 
0.346313 65.13354244011 0.14479311600 
0.346819 65.10208220796 0.14516770914 
0.347325 65.15111996525 0.14646066426 
0.347832 65.33955908722 0.14660456744 
0.348338 64.74751611758 0.14387693899 
0.348845 64.91149508563 0.14603476638 
0.349351 64.96405744471 0.14743412847 
0.349858 64.83121792813 0.14991882681 
0.350364 65.02410516262 0.14617930508 
0.350871 64.86592950414 0.14664083458 
0.351377 64.97767308487 0.14835198454 
0.351884 64.67966947011 0.14867473715 
0.352390 64.75183868014 0.15200519872 
0.352897 64.50714362550 0.14829522650 
0.353403 64.59959201442 0.14749722725 
0.353910 64.50951394725 0.14890040788 
0.354416 64.56981370205 0.15337467422 
0.354923 64.26044320640 0.15159808915 
0.355429 64.07536130935 0.15550552266 
0.355935 64.43798395565 0.15282395215 
0.356442 63.93827002573 0.15202097740 
0.356948 64.59855148805 0.15093063136 
0.357455 63.90869700439 0.15660619401 
0.357961 64.20507261151 0.15740097520 
0.358468 64.25768527555 0.16096994285 
0.358974 63.95885466982 0.22244574836 
0.359481 64.00295630206 0.20496206717 
0.359987 63.96945894539 0.19801282957 
0.360494 64.14573182653 0.19016051217 
0.361000 63.76632960790 0.19186857020 
0.361506 64.26386426082 0.18629465055 
0.362013 64.06500379699 0.18567258666 
0.362519 63.87761939918 0.18516797803 
0.363026 64.02471502958 0.18395417536 
0.363532 63.85134406849 0.18504125688 
0.364039 64.07479065509 0.18299080946 
0.364545 64.12976600972 0.18117413029 
0.365052 63.92427867602 0.18323960234 
0.365558 63.73416757187 0.18485882423 
0.366064 63.97445291305 0.18569243569 
0.366571 63.87987772523 0.18633247529 
0.367077 64.02607482594 0.18840422060 
0.367584 63.90735645909 0.18555667927 
0.368090 63.64308341455 0.18379231880 
0.368597 63.90940011778 0.19012040555 
0.369103 63.95377032236 0.18526863709 
0.369610 63.84010136499 0.18985615572 
0.370116 63.86184886537 0.18655203436 
0.370622 63.71392604527 0.19391266480 
0.371129 63.67351561871 0.19135274847 
0.371635 63.66663900987 0.19346888893 
0.372142 63.67677129512 0.19677553741 
0.372648 63.57770721215 0.19281056902 
0.373155 64.08889528163 0.19779836081 
0.373661 63.82794157725 0.19787813883 
0.374167 63.72890371705 0.19513619722 
0.374674 63.46511030176 0.19635357189 
0.375180 63.90596738655 0.19685102363 
0.375687 63.85762794064 0.19650241092 
0.376193 63.52866019667 0.20031190934 
0.376700 63.58870255372 0.20088853874 
0.377206 63.89007638058 0.20405932521 
0.377712 63.69117023854 0.20110059301 
0.378219 63.45008792623 0.20192789841 
0.378725 63.57302081381 0.20409912092 
0.379232 63.29575930567 0.20687874472 
0.379738 63.37261102589 0.20907287781 
0.380245 63.27905156785 0.21147751479 
0.380751 63.23211075327 0.20585695864 
0.381257 63.49166081677 0.21082216325 
0.381764 63.40550909677 0.20907549951 
0.382270 63.37922157521 0.20876548908 
0.382777 63.81652958475 0.20978082219 
0.383283 63.03536112354 0.20915269422 
0.383789 63.33251736474 0.20815805290 
0.384296 63.20096024419 0.21180041918 
0.384802 63.30444229899 0.21181355983 
0.385309 63.27390166081 0.20976662883 
0.385815 63.22291832982 0.20802804826 
0.386321 63.28378487628 0.20843092845 
0.386828 62.92968108343 0.21134377078 
0.387334 63.31855912643 0.21669966821 
0.387841 63.06685041240 0.21336342199 
0.388347 63.39446040436 0.21650132370 
0.388853 62.98006960277 0.21347023212 
0.389360 63.13810582270 0.22219947502 
0.389866 62.90633507675 0.21321662691 
0.390373 62.81501324263 0.21390138224 
0.390879 63.18761092532 0.21894266016 
0.391385 62.66872814212 0.22314756776 
0.391892 62.84972665233 0.22649051933 
0.392398 63.11484242698 0.22230173646 
0.392905 63.10445025763 0.22121342387 
0.393411 63.46452422694 0.23197410072 
0.393917 63.26007492280 0.22352735808 
0.394424 62.24142086575 0.22373838926 
0.394930 62.98261051836 0.22727009956 
0.395437 62.81777098954 0.22930199403 
0.395943 62.81247569414 0.22634159479 
0.396449 62.97166670027 0.28501742616 
0.396956 62.80470487552 0.22973455385 
0.397462 62.91611243850 0.22691485170 
0.397969 62.75219039698 0.23623230013 
0.398475 62.81362690584 0.23389142752 
0.398981 62.70010801806 0.23723708522 
0.399488 62.62466094623 0.23581133207 
0.399994 62.59255836206 0.24177838155 
0.400500 62.79713508306 0.23761212201 
0.401007 62.51209674358 0.24534887955 
0.401513 62.63781860617 0.23918718064 
0.402020 62.43068495731 0.24474135539 
0.402526 62.63297299925 0.24605103113 
0.403032 62.60942037194 0.24436621801 
0.403539 62.51563790597 0.25009563548 
0.404045 62.47971910477 0.24198666016 
0.404551 62.70560098754 0.27236455777 
0.405058 62.43933206023 0.26948004179 
0.405564 62.25014279215 0.25376369935 
0.406071 62.78527330111 0.25586037389 
0.406577 62.18135605681 0.25200667934 
0.407083 62.29783695451 0.26002551078 
0.407590 62.45120996714 0.26450145203 
0.408096 62.95869861043 0.27651671039 
0.408602 62.43964509303 0.27576760949 
0.409109 62.25873903869 0.26467334354 
0.409615 62.56058295414 0.27123954164 
0.410121 62.13083281998 0.25365449581 
0.410628 62.32223451504 0.26643225855 
0.411134 62.25678003935 0.26340561841 
0.411641 62.09995544594 0.27792418885 
0.412147 62.17568643850 0.25757286460 
0.412653 62.16873936691 0.26710866373 
0.413160 62.41605850400 0.26374724420 
0.413666 62.49216641908 0.26780044880 
0.414172 61.97762545406 0.28346389265 
0.414679 62.07270271074 0.26710424378 
0.415185 62.21589837998 0.29094551276 
0.415691 62.73061862784 0.26638327412 
0.416198 62.15583958027 0.27483668059 
0.416704 62.06322060188 0.28597734509 
0.417210 61.87460938268 0.27572526044 
0.417717 61.84210596408 0.29791888874 
0.418223 62.18483538755 0.27525063076 
0.418729 61.65524571334 0.28184906824 
0.419236 62.53255549997 0.28511815431 
0.419742 61.69091146686 0.27058796182 
0.420248 62.13580942891 0.27468385301 
0.420755 61.61862803312 0.27932245685 
0.421261 61.53692869492 0.28393521317 
0.421767 61.63765203374 0.27765439486 
0.422274 62.19615573324 0.27505345549 
0.422780 61.94915695497 0.28682726458 
0.423286 61.84121768250 0.28246635627 
0.423793 61.87643065583 0.28612806186 
0.424299 61.91815363401 0.29350962086 
0.424805 62.37622748570 0.28727951431 
0.425312 61.87847875859 0.30746570917 
0.425818 61.99234514873 0.28764324281 
0.426324 61.97516487253 0.29638799730 
0.426831 61.61245557784 0.29489712742 
0.427337 61.99119915411 0.30009470429 
0.427843 61.34770778940 0.30424460112 
0.428350 61.75658381979 0.30595876877 
0.428856 61.35061185448 0.30238064080 
0.429362 61.44659685501 0.29933273358 
0.429869 62.36535533719 0.32134003509 
0.430375 61.62609303427 0.32378423144 
0.430881 61.67834440011 0.31137386805 
0.431388 61.62026871200 0.31031207819 
0.431894 61.91119268601 0.31867890597 
0.432400 61.70164851663 0.33023952056 
0.432907 62.49823803912 0.32485607604 
0.433413 62.21414365194 0.34186529207 
0.433919 61.18836814560 0.34167739936 
0.434425 61.95061932594 0.33726858381 
0.434932 61.16637647248 0.33679393591 
0.435438 61.55774778435 0.35608154704 
0.435944 61.27628963283 0.33989443584 
0.436451 61.80607742389 0.34709736721 
0.436957 61.78207487926 0.35948525919 
0.437463 61.61143526793 0.35883916577 
0.437970 61.65992418093 0.37360842217 
0.438476 61.32726049516 0.36254331877 
0.438982 61.44170752048 0.36901235821 
0.439489 61.44910676078 0.37916953565 
0.439995 61.69405818569 0.37855022056 
0.440501 60.73423925448 0.36589537693 
0.441007 61.59046450409 0.37503255275 
0.441514 61.61117049406 0.37790702188 
0.442020 61.39301783999 0.38711955897 
0.442526 61.22432332128 0.39902058960 
0.443033 61.96665642317 0.39043196461 
0.443539 61.28646914231 0.42796853142 
0.444045 60.90559913314 0.40235878015 
0.444551 61.86699391532 0.40785132176 
0.445058 61.38169552084 0.40434742626 
0.445564 61.65079207826 0.43763319427 
0.446070 61.41401152455 0.42245928551 
0.446577 61.21391582094 0.42608077946 
0.447083 61.68330627181 0.46387364493 
0.447589 61.23615791046 0.44925252928 
0.448095 61.17164960889 0.45982206902 
0.448602 61.13445726895 0.47184600294 
0.449108 61.25519560424 0.48686252913 
0.449614 60.85479713102 0.47238998554 
0.450121 60.73233008405 0.49265445553 
0.450627 61.39145136912 0.52125666049 
0.451133 60.83069167309 0.51954655764 
0.451639 60.96421068516 0.53450499271 
0.452146 61.03472580915 0.54758403696 
0.452652 60.45013428057 0.55275716580 
0.453158 60.28826152143 0.57303119617 
0.453664 60.66670588917 0.56056493310 
0.454171 60.39069934365 0.57887716625 
0.454677 60.64690103365 0.58975411404 
0.455183 60.64598932325 0.63310917519 
0.455689 60.12396620259 0.58605438657 
0.456196 60.23189788806 0.65155998878 
0.456702 60.69148034870 0.66623745101 
0.457208 60.48487403802 0.70401136282 
0.457714 60.17655367414 0.72702313686 
0.458221 60.53320860332 0.76528134103 
0.458727 60.52534861733 0.79621258692 
0.459233 60.14995998073 0.84925219033 
0.459740 59.83425349242 0.82574199278 
0.460246 61.19627864997 0.91150897894 
0.460752 60.07565359931 0.97832595084 
0.461258 59.88842351686 1.00949809256 
0.461765 60.40537335811 1.04349287905 
0.462271 60.69691462369 1.06887321246 
0.462777 60.76819660427 1.18975121674 
0.463283 59.98416200122 1.30408523838 
0.463789 60.14290657051 1.38845480358 
0.464296 60.75958044223 1.39209571125 
0.464802 59.58313016905 1.42615913774 
0.465308 59.91213949297 1.48942744843 
0.465814 62.55706262788 1.69266284380 
0.466321 61.10366658752 1.79786278617 
0.466827 59.32148408020 1.77098820657 
0.467333 60.30298839940 1.94004346635 
0.467839 62.12082877236 2.01136127769 
0.468346 59.10131070876 2.33724562460 
0.468852 59.05304249014 2.59337699268 
0.469358 59.49850295871 2.88076188421 
0.469864 58.62642162240 2.85247936724 
0.470371 61.90084741577 4.06324921283 
0.470877 59.31466159939 4.49523568387 
0.471383 59.19098898528 5.62835564555 
0.471889 55.29377979058 7.11035025967 
0.472395 52.51922011193 5.84456577727 
0.472902 49.96286744433 13.00766641364 
