0.010896 1335.98951337757 11.00109120472 
0.011402 1198.29449702577 12.61373069667 
0.011909 1065.30621675419 10.36414818671 
0.012416 979.12247108578 8.43179358191 
0.012923 880.54167266681 7.26860956300 
0.013430 820.58915756975 11.34018935097 
0.013936 773.98307382914 9.24608378895 
0.014443 729.98316530335 7.70062836565 
0.014950 667.23940300344 6.26900241012 
0.015457 619.77210108216 5.43507377062 
0.015963 577.72768799764 4.76949420929 
0.016470 534.34281544105 4.24513913539 
0.016977 506.26800784518 3.79614471015 
0.017484 468.80300534383 3.24981186208 
0.017990 446.15710465797 3.10444324768 
0.018497 418.15838449400 2.59331461685 
0.019004 395.90446888257 2.23803857250 
0.019511 379.14151101858 2.25141026891 
0.020018 357.78897721939 2.20661446095 
0.020524 343.12571071474 1.98136715231 
0.021031 325.98367037788 1.96334386815 
0.021538 313.50381827617 1.67932363570 
0.022045 300.45161600291 1.71320673410 
0.022551 285.16957487853 1.50463448847 
0.023058 277.86708121111 1.44651535591 
0.023565 267.01621909016 1.51408771561 
0.024072 258.69724303888 1.69586459553 
0.024579 249.17227811192 1.71365324682 
0.025085 241.80891008863 2.16234854754 
0.025592 233.90608595836 2.11768127992 
0.026099 227.07236155041 2.18671955493 
0.026606 220.94923090175 1.70813459891 
0.027112 216.79314356767 1.80028707999 
0.027619 211.40806840531 1.47741139126 
0.028126 206.24864808498 1.60012307142 
0.028633 202.15018219722 1.39581842890 
0.029139 196.77243421346 1.16807415825 
0.029646 193.32653636198 1.19696703029 
0.030153 188.21833774128 1.22159499845 
0.030660 186.41357342188 1.05654929044 
0.031167 181.16962579318 0.94335032972 
0.031673 178.97650532010 0.92483202738 
0.032180 173.52903665766 0.89529105024 
0.032687 172.24709420363 0.88430431928 
0.033194 169.86936306230 0.78439893786 
0.033700 165.47690660781 0.79731328209 
0.034207 165.41417929331 0.76469757013 
0.034714 162.66752864041 0.74104770375 
0.035221 160.21768992764 0.71535200812 
0.035727 157.29667804486 0.68577972461 
0.036234 155.49462379973 0.64656423075 
0.036741 154.42372095540 0.67038531350 
0.037248 152.41415491720 0.65242161597 
0.037755 150.46678568589 0.61110913039 
0.038261 148.44878869472 0.59599895718 
0.038768 147.26135444043 0.61932060563 
0.039275 146.27049652054 0.59677681333 
0.039782 143.91828812291 0.58822042175 
0.040288 142.01325619707 0.56870332188 
0.040795 141.34550311050 0.55755684423 
0.041302 140.98882971707 0.56841173883 
0.041809 139.06060924007 0.57287341767 
0.042315 137.25899689628 0.54394938277 
0.042822 135.50347539529 0.50932744945 
0.043329 134.38290764228 0.54296775666 
0.043836 132.89499873468 0.52308642978 
0.044343 132.62456544733 0.51992496907 
0.044849 131.34096286629 0.52162136685 
0.045356 130.46870051172 0.49731580576 
0.045863 130.02903098394 0.50636696426 
0.046370 128.14552143675 0.47685723672 
0.046876 127.71904530472 0.50796913302 
0.047383 127.14808559643 0.48490669116 
0.047890 126.07956872792 0.49810302528 
0.048397 125.13741249648 0.48597697406 
0.048903 124.42455134435 0.47661793606 
0.049410 123.91361689808 0.45542266038 
0.049917 122.44875045949 0.48343780802 
0.050424 122.49360305712 0.46316368553 
0.050931 121.05827615204 0.46162937061 
0.051437 120.94313171269 0.44966707500 
0.051944 120.21108764339 0.45017906776 
0.052451 118.42763851506 0.42764246046 
0.052958 118.11810986564 0.43858994105 
0.053464 117.85804441490 0.43304137732 
0.053971 117.11516870569 0.43976523989 
0.054478 117.00924377077 0.42900874139 
0.054985 115.45275923852 0.43836305358 
0.055491 115.21737874817 0.44190121210 
0.055998 114.51328421989 0.41870272638 
0.056505 113.72489162861 0.43514438729 
0.057012 113.69306616957 0.42196757519 
0.057519 112.77845779335 0.43508805644 
0.058025 112.21531977171 0.40438547427 
0.058532 111.28464374686 0.42312171515 
0.059039 110.98624588047 0.42416666966 
0.059546 111.15095838250 0.43570048453 
0.060052 110.18386726449 0.41859999004 
0.060559 109.27141994127 0.41125083131 
0.061066 109.61908119793 0.40387436519 
0.061573 108.45360563553 0.38012316080 
0.062079 108.59235056667 0.39935029365 
0.062586 108.30031004691 0.39686878072 
0.063093 107.12698913476 0.38616400766 
0.063600 106.61365868488 0.40029751538 
0.064106 106.90316046802 0.38614555452 
0.064613 106.76638663638 0.39469247516 
0.065120 105.61478409485 0.38596439406 
0.065627 105.28618454972 0.38299875684 
0.066134 105.16602288967 0.36212204099 
0.066640 104.23878195227 0.38660335148 
0.067147 104.03092226217 0.38256658923 
0.067654 103.56063903199 0.37504080184 
0.068161 103.06816514645 0.38523204557 
0.068667 102.84521873492 0.36876218874 
0.069174 103.32406564011 0.38663965299 
0.069681 102.92286632462 0.36359697204 
0.070188 102.11353481296 0.35636700963 
0.070694 102.44164343060 0.35436726028 
0.071201 101.92393388368 0.35079859239 
0.071708 101.63224352639 0.36574541054 
0.072215 100.58082710256 0.36107825660 
0.072721 100.24362293670 0.35923239755 
0.073228 99.95358911173 0.34736948493 
0.073735 100.17812422399 0.35807542532 
0.074242 99.68797166678 0.34709951967 
0.074748 99.06701583086 0.34330404570 
0.075255 98.42864817247 0.35233635491 
0.075762 98.71879347447 0.33818038268 
0.076269 98.40132499619 0.33271758178 
0.076776 98.40573180182 0.33436769857 
0.077282 98.13151419104 0.32581431242 
0.077789 97.57844460520 0.33146485651 
0.078296 97.51213515357 0.32659526730 
0.078803 97.27121233564 0.32869856502 
0.079309 97.66011544859 0.33395986999 
0.079816 97.25493668418 0.31861184423 
0.080323 96.77605834049 0.32626443577 
0.080830 97.58266734833 0.34299469001 
0.081336 97.02200031479 0.34864801769 
0.081843 97.24236750034 0.32651274545 
0.082350 96.21721256969 0.34233607819 
0.082857 96.47332684652 0.33432142042 
0.083363 95.83881961572 0.33235093667 
0.083870 96.11610742883 0.32930691718 
0.084377 95.67563935595 0.33405533423 
0.084884 95.65935620805 0.32667073083 
0.085390 95.68676976116 0.32541883538 
0.085897 95.75282228748 0.33323854241 
0.086404 95.42521127543 0.33210785343 
0.086911 95.29930226445 0.33257628537 
0.087417 95.03228331322 0.32956838768 
0.087924 95.09653192347 0.34609325512 
0.088431 94.45742161919 0.34487966510 
0.088938 94.50636387881 0.32598740183 
0.089444 94.25619934159 0.33136706886 
0.089951 93.81441816686 0.32270671333 
0.090458 93.56082843204 0.33628903859 
0.090965 93.76687694375 0.33351587150 
0.091471 93.06220095255 0.32868871756 
0.091978 93.58673724019 0.31832649824 
0.092485 92.91636026193 0.33737166743 
0.092992 92.84158185335 0.33750914461 
0.093498 93.42230937703 0.33337812261 
0.094005 92.94648938070 0.34258281505 
0.094512 92.54529445452 0.33829191767 
0.095019 92.44925780313 0.33545883397 
0.095525 91.90918952343 0.33551083679 
0.096032 92.49058240788 0.33569520012 
0.096539 91.93484471264 0.32540526158 
0.097046 91.93687583078 0.33451490116 
0.097552 91.79278251902 0.33540921851 
0.098059 91.41524051662 0.32210680581 
0.098566 91.47197128154 0.33132034859 
0.099073 91.63216966548 0.31904023057 
0.099579 91.65692693055 0.34090769580 
0.100086 91.36645926523 0.33252929490 
0.100593 91.66698173656 0.32385142628 
0.101100 91.34385704735 0.32117951676 
0.101606 90.95565576366 0.31035609294 
0.102113 90.16960616183 0.30590945169 
0.102620 89.22659806305 0.29971328642 
0.103127 89.61740450808 0.30875553017 
0.103633 88.94656896805 0.28692537772 
0.104140 87.67219200923 0.29417005569 
0.104647 88.52463135244 0.30916712406 
0.105154 88.14531508945 0.29840549756 
0.105660 88.71924919135 0.30700159866 
0.106167 88.17784693826 0.30594592254 
0.106674 88.03698472635 0.30093162927 
0.107181 87.53959580631 0.30209001850 
0.107687 87.87438114598 0.29869903458 
0.108194 88.07997798268 0.30018681667 
0.108701 88.28842608829 0.29006859639 
0.109208 87.70514360869 0.29224646082 
0.109714 87.53022221336 0.29221732290 
0.110221 87.19281561478 0.27793712978 
0.110728 87.49008444874 0.29430024426 
0.111235 87.89903932939 0.28101997276 
0.111741 86.85685673087 0.28704058364 
0.112248 86.98874020022 0.28301091419 
0.112755 87.06364738751 0.27356144364 
0.113262 86.97307367525 0.28968798476 
0.113768 86.78494689582 0.28220878416 
0.114275 86.18175548984 0.28447848993 
0.114782 87.27465903139 0.28570993862 
0.115289 86.49529894814 0.27128628226 
0.115795 86.65284424298 0.27201689193 
0.116302 86.20303647846 0.27326615292 
0.116809 86.22643099688 0.27224853893 
0.117316 86.12767311626 0.27265376034 
0.117822 86.01198512259 0.26923623913 
0.118329 86.06969078191 0.27592075744 
0.118836 85.81308267000 0.26368321711 
0.119342 85.82073253511 0.26480175262 
0.119849 86.14459477319 0.26524812747 
0.120356 85.46035982866 0.26820107819 
0.120863 85.58300380145 0.26999189194 
0.121369 85.69793678847 0.26834443208 
0.121876 85.59709527423 0.27161650512 
0.122383 85.76443079856 0.26201025276 
0.122890 85.54531556699 0.26188650027 
0.123396 85.48121343582 0.26028450817 
0.123903 84.95002169822 0.25374106982 
0.124410 84.67644427917 0.25626101887 
0.124917 84.89005458919 0.25489876563 
0.125423 84.35669486015 0.26027097401 
0.125930 84.85911215907 0.25742787727 
0.126437 84.77179390733 0.25829064120 
0.126944 84.65890664605 0.25549855784 
0.127450 84.68188731861 0.25644524249 
0.127957 84.75595122793 0.26026360881 
0.128464 84.73702610888 0.24781717835 
0.128970 84.15461171638 0.25281502909 
0.129477 84.75098812598 0.25967688677 
0.129984 84.34125749167 0.25823410451 
0.130491 84.50208765492 0.25679769575 
0.130997 83.91033496345 0.24543115748 
0.131504 84.04179261528 0.24995589506 
0.132011 84.06233032764 0.24520404641 
0.132518 84.04942789124 0.24827456314 
0.133024 84.13879522870 0.25050231020 
0.133531 84.22580069326 0.24484152334 
0.134038 83.54941269194 0.24656612834 
0.134545 83.58568612018 0.24913280141 
0.135051 83.80971250640 0.24443941350 
0.135558 83.45695220888 0.24567543683 
0.136065 83.19661028227 0.24126502317 
0.136571 83.19112659745 0.24701004970 
0.137078 83.44223037679 0.24576096904 
0.137585 83.08596816998 0.24196693671 
0.138092 83.38700706107 0.24107620134 
0.138598 82.98360583172 0.24984974869 
0.139105 83.30580324504 0.24074270738 
0.139612 82.91139598754 0.24741128890 
0.140119 82.63166371758 0.24090603484 
0.140625 82.94207097631 0.23716363370 
0.141132 82.47743269570 0.23830338515 
0.141639 82.73895352884 0.23651543386 
0.142145 82.37184981931 0.23921841075 
0.142652 82.68277890985 0.23973208328 
0.143159 81.85090573294 0.23542208893 
0.143666 82.13988935008 0.24056497911 
0.144172 82.36338103922 0.24680963328 
0.144679 82.27958609380 0.23692052219 
0.145186 81.64146661966 0.23767250651 
0.145692 81.95300740499 0.24330914596 
0.146199 82.08428401541 0.24209865237 
0.146706 82.13313587223 0.24451629698 
0.147213 81.90263489175 0.24473440446 
0.147719 81.52833275515 0.24205590812 
0.148226 81.62933095532 0.23901403270 
0.148733 80.94309148426 0.24098922115 
0.149240 81.21825137626 0.24629412996 
0.149746 81.54478283488 0.24031477631 
0.150253 80.97742883993 0.23653187605 
0.150760 81.06465649965 0.23831837188 
0.151266 81.24190947632 0.24142728647 
0.151773 80.85588333284 0.24092082981 
0.152280 80.59313484893 0.24053300562 
0.152787 80.73110505243 0.24012903725 
0.153293 80.93887275318 0.23621098123 
0.153800 80.72663483487 0.23904800791 
0.154307 80.58784063445 0.23675836159 
0.154813 80.45900121689 0.24318234635 
0.155320 79.99840504579 0.24402763354 
0.155827 80.50503338534 0.23834453675 
0.156334 80.23577961812 0.23941291521 
0.156840 80.41343847126 0.23596071941 
0.157347 80.12974241817 0.23552785226 
0.157854 79.98790283198 0.24277787339 
0.158360 79.75427049329 0.23773440069 
0.158867 80.02363638330 0.23600847259 
0.159374 79.83737050241 0.23735671690 
0.159881 80.14340727175 0.24126039690 
0.160387 79.76827332523 0.23102859809 
0.160894 79.71358911672 0.23239734793 
0.161401 80.03687760659 0.23936067128 
0.161907 79.31164189154 0.24380986692 
0.162414 79.22472952755 0.23456081325 
0.162921 79.49846054033 0.23133103811 
0.163427 79.38180667487 0.23550750266 
0.163934 79.34532917402 0.23731962446 
0.164441 79.22934665152 0.23299529145 
0.164948 79.30845782367 0.22953017541 
0.165454 79.33478977319 0.23564670299 
0.165961 79.09017917315 0.22994144377 
0.166468 79.09970084611 0.23691393393 
0.166974 78.71816023214 0.23412778309 
0.167481 78.48005489520 0.22652517249 
0.167988 78.78196918216 0.22709714272 
0.168495 78.99459298427 0.23127375013 
0.169001 78.89388846630 0.23460853777 
0.169508 79.20228707612 0.23538236674 
0.170015 78.94610978704 0.23341815671 
0.170521 78.89696437853 0.23309663671 
0.171028 78.93838650556 0.23139220864 
0.171535 78.59709467721 0.23623481870 
0.172041 79.09245254739 0.23861364861 
0.172548 78.63508379290 0.23806950056 
0.173055 79.00180320202 0.23703233543 
0.173562 78.84396727603 0.23417479646 
0.174068 78.74258211861 0.24368928872 
0.174575 78.58892626568 0.23693533807 
0.175082 79.00284045050 0.23904784638 
0.175588 78.48303410701 0.23928974094 
0.176095 78.88014050398 0.23809259976 
0.176602 78.78472976409 0.23881500871 
0.177108 78.61621694856 0.23710915232 
0.177615 78.36192558233 0.23369620149 
0.178122 78.97929285772 0.24325203063 
0.178629 78.42770048016 0.23497672843 
0.179135 78.63427855452 0.23555616030 
0.179642 78.75681323619 0.23818796346 
0.180149 78.52048881981 0.23375098255 
0.180655 78.25453964559 0.23414604984 
0.181162 78.44416026737 0.23305714526 
0.181669 78.80270754395 0.23409849091 
0.182175 78.40119006908 0.24205088432 
0.182682 78.74122476294 0.24145241155 
0.183189 78.46624924240 0.23925619657 
0.183695 78.63670432552 0.24703398188 
0.184202 78.58386480670 0.24259849536 
0.184709 78.19668370232 0.24706189412 
0.185216 77.97288731928 0.23992596743 
0.185722 78.22899461092 0.24310790315 
0.186229 77.54227660464 0.23802382884 
0.186736 77.56442086671 0.24500864100 
0.187242 77.96595545245 0.24327967950 
0.187749 77.90902939512 0.24669358500 
0.188256 78.01300796019 0.24752008195 
0.188762 77.46472453531 0.24403924581 
0.189269 77.53000354018 0.24566077264 
0.189776 77.68632940452 0.24811248359 
0.190282 77.48708929296 0.24181063099 
0.190789 77.49215033564 0.25075883082 
0.191296 77.09580118564 0.24792233348 
0.191802 77.18289558484 0.24822574497 
0.192309 76.93662830028 0.24038601716 
0.192816 76.50067163828 0.23980548334 
0.193323 76.39763572212 0.23320752828 
0.193829 76.44635408992 0.22851313375 
0.194336 76.74695520179 0.23148407563 
0.194843 76.30183279064 0.23626692904 
0.195349 76.34642013609 0.23489607098 
0.195856 76.35917389197 0.23436011754 
0.196363 76.19998564078 0.23477801544 
0.196869 75.95244165166 0.22928113594 
0.197376 76.20671154475 0.22779130570 
0.197883 75.75742449650 0.22947947192 
0.198389 75.85759163258 0.22540254383 
0.198896 76.02005967881 0.22281820827 
0.199403 75.81662585803 0.22416931986 
0.199909 75.73628572543 0.22253492033 
0.200416 75.65783415129 0.22365798533 
0.200923 75.44404435522 0.22717599474 
0.201429 75.50768949967 0.22203928290 
0.201936 75.35999840687 0.21421458999 
0.202443 75.78979707935 0.21761822908 
0.202949 75.66553415336 0.22289568756 
0.203456 75.45261318204 0.22640652278 
0.203963 75.23014907847 0.21806899769 
0.204469 75.32384962336 0.21747468388 
0.204976 75.60783391579 0.21694589031 
0.205483 75.26741260416 0.21973976518 
0.205989 75.31380688268 0.21726825732 
0.206496 75.68108070919 0.21365691627 
0.207003 75.19793267733 0.21543377495 
0.207509 75.50257392457 0.22008949496 
0.208016 75.35946302310 0.21339935091 
0.208523 75.29946485189 0.21146629563 
0.209029 75.16739574015 0.21347118148 
0.209536 75.23750698991 0.21191522815 
0.210043 75.02574002512 0.21326861143 
0.210549 75.10584745586 0.20999201288 
0.211056 75.01664108603 0.20986087915 
0.211563 75.04125312742 0.21139667482 
0.212069 74.79946451188 0.21087483486 
0.212576 74.81430273715 0.20751212502 
0.213083 74.67810020098 0.20895213006 
0.213589 75.02924299245 0.20708728284 
0.214096 74.90515838411 0.20610839865 
0.214603 74.86074571500 0.21068799767 
0.215109 74.75698176336 0.21098925620 
0.215616 74.46918517888 0.20475564513 
0.216123 74.38252794801 0.20562107039 
0.216629 74.40157019679 0.20368121172 
0.217136 74.39686683294 0.20860732414 
0.217643 74.09424380459 0.20418135431 
0.218149 74.28003186726 0.21132437509 
0.218656 74.03274708379 0.20888264144 
0.219163 74.02669546048 0.20731721205 
0.219669 73.86569405620 0.20892131775 
0.220176 73.92970170043 0.20893560880 
0.220683 74.05635485635 0.20589633091 
0.221189 73.61519013530 0.20285106184 
0.221696 73.83151763984 0.20203647113 
0.222203 73.64303072319 0.20682212944 
0.222709 73.63307977669 0.20246381477 
0.223216 73.78587920659 0.20302067556 
0.223722 73.49776897191 0.20502322543 
0.224229 73.69874286970 0.20264554271 
0.224736 73.37127963894 0.20124425814 
0.225242 73.55981781421 0.19936249358 
0.225749 73.66563820514 0.20250521311 
0.226256 73.49463900250 0.19821679828 
0.226762 73.39177206290 0.20454583222 
0.227269 73.50580586655 0.20449775648 
0.227776 73.25733416038 0.20322560934 
0.228282 73.42627212054 0.20102858040 
0.228789 72.88632175631 0.20074427500 
0.229296 73.00105450807 0.20419046953 
0.229802 73.46638138158 0.20407998121 
0.230309 73.05960507597 0.20246807515 
0.230816 73.15691569887 0.20220074183 
0.231322 73.10235500234 0.20325237676 
0.231829 72.95429815625 0.19983340269 
0.232335 73.30464725923 0.20273464387 
0.232842 72.68371988538 0.19772220517 
0.233349 72.92491141051 0.20042191723 
0.233855 72.96714561753 0.19679200917 
0.234362 72.75377060581 0.19891351601 
0.234869 72.46210641747 0.19786023752 
0.235375 72.46833191658 0.19773461001 
0.235882 72.67104406214 0.19462289681 
0.236389 72.68279260423 0.20094303603 
0.236895 72.41638617768 0.19845062338 
0.237402 72.33509185764 0.19767205073 
0.237908 72.19971446045 0.19684363516 
0.238415 72.20858619088 0.19713921814 
0.238922 72.24212289263 0.19710744807 
0.239428 72.30700800449 0.20004137986 
0.239935 72.12680027710 0.19937251531 
0.240442 72.09032768446 0.20053617180 
0.240948 71.89478275466 0.19707229095 
0.241455 72.04438289359 0.20041936429 
0.241962 71.81729226426 0.20079698302 
0.242468 71.84970284473 0.19673162248 
0.242975 71.88124771304 0.19742456937 
0.243481 71.89304260645 0.19551206172 
0.243988 71.88704828347 0.19873955459 
0.244495 71.60904084639 0.19586757196 
0.245001 71.56383353776 0.19597489376 
0.245508 71.48175623199 0.19367908732 
0.246015 71.68438290827 0.19606260528 
0.246521 71.61853585473 0.19748039049 
0.247028 71.57766202345 0.19786898219 
0.247534 71.44293862820 0.19902646444 
0.248041 71.80598595919 0.19570895745 
0.248548 71.36741256109 0.19726279477 
0.249054 71.57616984551 0.19535672357 
0.249561 71.34536543754 0.19757035296 
0.250068 71.40146890820 0.19768451856 
0.250574 70.97647772958 0.19721361099 
0.251081 71.43293501495 0.19739323788 
0.251587 71.02219726708 0.19528177058 
0.252094 70.90556352568 0.19652159620 
0.252601 71.30735474522 0.19402226518 
0.253107 71.28338358205 0.19633408979 
0.253614 71.04888521451 0.19812909153 
0.254120 70.87106398505 0.19913513796 
0.254627 70.68913176371 0.19115992897 
0.255134 70.84995121253 0.19556457178 
0.255640 71.12125162502 0.19441254658 
0.256147 70.93527030320 0.19521316956 
0.256654 70.57605188467 0.19537373324 
0.257160 71.09882842800 0.19889903753 
0.257667 71.35885593615 0.19978337259 
0.258173 71.21600923389 0.19722861847 
0.258680 71.39669843322 0.19434837389 
0.259187 71.21277678552 0.19866863009 
0.259693 71.45454897054 0.19293495328 
0.260200 71.34715702454 0.19783706698 
0.260706 71.50320070267 0.19246981769 
0.261213 71.58586749640 0.19765349991 
0.261720 71.59800929227 0.19527709937 
0.262226 71.65493526388 0.19609631692 
0.262733 71.40742164068 0.19397055282 
0.263239 71.68652946507 0.19174762516 
0.263746 71.49846268616 0.19119625302 
0.264253 71.65867141305 0.19336206233 
0.264759 71.52988048005 0.19128026531 
0.265266 71.55946263533 0.19526827984 
0.265772 71.88423390685 0.19301199181 
0.266279 71.59388385539 0.19327092137 
0.266786 71.48463885364 0.19115319770 
0.267292 71.68584180586 0.19025807826 
0.267799 71.73116592925 0.19178116096 
0.268305 71.62846680345 0.19159650709 
0.268812 71.44527980931 0.19386208268 
0.269319 71.88775286269 0.19238982908 
0.269825 71.95060343484 0.19445481598 
0.270332 71.63344959937 0.19121874356 
0.270838 71.62186004418 0.18809591953 
0.271345 72.04923129529 0.18980381874 
0.271852 71.85785776235 0.19211642345 
0.272358 72.14375831890 0.19119820434 
0.272865 72.28810198357 0.19048795301 
0.273371 72.23732839105 0.19100359271 
0.273878 72.55997622582 0.19282172323 
0.274385 72.54754862742 0.18718240945 
0.274891 72.59509734797 0.19269869115 
0.275398 72.07135316886 0.18835081753 
0.275904 72.28660914963 0.18700026531 
0.276411 72.25971520517 0.18718104791 
0.276917 72.19333498059 0.18215499576 
0.277424 72.26267947261 0.18480465682 
0.277931 72.24779820149 0.18508891795 
0.278437 71.92136300952 0.18211918836 
0.278944 72.07864156450 0.18379592528 
0.279450 72.30463425448 0.18328510632 
0.279957 71.81677387762 0.17960393562 
0.280464 72.21787046120 0.18159313434 
0.280970 71.96692797464 0.17983737641 
0.281477 71.81201613874 0.18028880242 
0.281983 72.03186213368 0.18032946590 
0.282490 72.22897793988 0.18272097911 
0.282996 71.99408797457 0.18271748866 
0.283503 72.03780841474 0.17924907391 
0.284010 71.72229258421 0.17983594908 
0.284516 71.97385872970 0.18227878564 
0.285023 71.88368199301 0.17659970437 
0.285529 71.96943285739 0.17643814490 
0.286036 71.73137982140 0.17545730742 
0.286542 71.55296168832 0.17011814924 
0.287049 71.82381447226 0.17393768678 
0.287556 71.59570862077 0.17242631971 
0.288062 71.13671218401 0.17154178340 
0.288569 71.31837348145 0.16773320516 
0.289075 71.29334627114 0.16999077235 
0.289582 71.15440502052 0.17037976333 
0.290088 71.43457972477 0.16513113403 
0.290595 71.43983824792 0.16733101951 
0.291102 71.30231058920 0.16813611260 
0.291608 71.19830235935 0.17097190440 
0.292115 71.39563703623 0.16486053368 
0.292621 71.40753300756 0.16839659996 
0.293128 70.94085444092 0.16775145387 
0.293634 71.22903083189 0.16492429863 
0.294141 71.29887904153 0.16551841766 
0.294647 70.88966230911 0.16769119446 
0.295154 70.89358258918 0.16220956936 
0.295661 70.63678283845 0.16601117923 
0.296167 70.87856790435 0.16628904721 
0.296674 70.82709319226 0.16663182991 
0.297180 70.67145919550 0.16514012440 
0.297687 70.94767592268 0.16488589129 
0.298193 70.50320683664 0.16375296859 
0.298700 70.84432846179 0.16285775678 
0.299207 70.56196612153 0.16561616885 
0.299713 70.63104654989 0.16360834922 
0.300220 70.48578023266 0.16094008771 
0.300726 70.48932102220 0.16095626630 
0.301233 70.25413364830 0.16317420489 
0.301739 70.48136682745 0.16384713452 
0.302246 70.27663564655 0.16415557790 
0.302752 70.21160025259 0.16183939578 
0.303259 70.34436740774 0.16195015719 
0.303765 70.38165375592 0.16242709364 
0.304272 69.97746888022 0.16072943128 
0.304779 70.01921689643 0.15771519815 
0.305285 70.08478652325 0.15834069484 
0.305792 70.22492209738 0.16231092108 
0.306298 70.35093604501 0.15946972955 
0.306805 69.81802564685 0.16432469041 
0.307311 69.83120586180 0.15739946793 
0.307818 70.01369248813 0.15981436173 
0.308324 69.82967954390 0.15710313899 
0.308831 69.62291702174 0.15540419051 
0.309337 69.28943589806 0.15407526744 
0.309844 69.06264566566 0.15328784698 
0.310350 69.13815187385 0.15548113040 
0.310857 69.00548540769 0.15069426771 
0.311364 68.41789131970 0.15212838409 
0.311870 68.46656019339 0.15166699412 
0.312377 68.13385578594 0.14804943548 
0.312883 68.00230568812 0.14474435776 
0.313390 67.94969935301 0.14826845259 
0.313896 67.90895629798 0.14856170312 
0.314403 67.90688114043 0.14312957008 
0.314909 67.88057920965 0.14121025211 
0.315416 67.23910209113 0.14225464218 
0.315922 67.53230494609 0.14487119124 
0.316429 67.41635575724 0.14256630250 
0.316935 67.44206353541 0.14338768774 
0.317442 67.21607968783 0.14290584487 
0.317948 67.24022810182 0.14379293960 
0.318455 66.92148014017 0.14281569736 
0.318961 66.92123918779 0.14073453755 
0.319468 66.79413905557 0.14065689810 
0.319975 66.92914348161 0.14216374359 
0.320481 66.82959370498 0.13916345565 
0.320988 66.82525802975 0.14216654897 
0.321494 66.68099606702 0.14036287702 
0.322001 66.43029998399 0.17137797572 
0.322507 66.63686626733 0.13906910518 
0.323014 66.67630600099 0.14271053526 
0.323520 66.75066650593 0.14354164328 
0.324027 66.66829266882 0.14084853822 
0.324533 66.34705395850 0.14200071477 
0.325040 66.31499324477 0.14132981077 
0.325546 66.46431556121 0.14068198605 
0.326053 66.15879057496 0.13825270215 
0.326559 66.43680419126 0.13730780870 
0.327066 66.32173499232 0.13675716154 
0.327572 66.26121974347 0.13436664871 
0.328079 65.96760660963 0.13762575791 
0.328585 66.06852217228 0.13864531442 
0.329092 66.07174120809 0.14226830989 
0.329598 66.12719235334 0.14069387777 
0.330105 66.07804072621 0.14054553335 
0.330611 65.92865031806 0.13933462820 
0.331118 65.87597103493 0.13927234647 
0.331624 65.95869572330 0.14247834691 
0.332131 66.05580399481 0.14105203323 
0.332637 65.93784927753 0.13787952095 
0.333144 66.20069446099 0.14013042839 
0.333650 66.09020716612 0.13964889103 
0.334157 65.76627129719 0.13903183719 
0.334663 65.81250460122 0.13867703752 
0.335170 65.76999949058 0.14184937261 
0.335676 65.70396567343 0.13528476640 
0.336183 65.49237266962 0.13926038471 
0.336689 65.43756086801 0.14090945122 
0.337196 65.57777963271 0.14039717869 
0.337702 65.79948736279 0.13874874126 
0.338209 65.77721629009 0.13736683490 
0.338715 65.34454320416 0.13847058596 
0.339222 65.25621323007 0.13897708573 
0.339728 65.46024963056 0.14031551737 
0.340235 65.26117221292 0.24143788044 
0.340741 65.26969134992 0.14248228319 
0.341248 65.30294667130 0.13866909564 
0.341754 65.51238847536 0.14063148091 
0.342261 65.33882348590 0.14254360474 
0.342767 65.28496910248 0.13939587075 
0.343274 65.38143194084 0.14186963494 
0.343780 65.02662751921 0.14035583986 
0.344287 65.33679774337 0.13911974646 
0.344793 64.99572797458 0.14166265175 
0.345300 65.20154399254 0.14159272318 
0.345806 65.15179221637 0.13998541360 
0.346313 64.84998859253 0.13969048812 
0.346819 65.05801398568 0.14150905929 
0.347325 65.06949600372 0.14117057386 
0.347832 64.73805367265 0.14438925428 
0.348338 64.90743645666 0.14592756284 
0.348845 64.60366019819 0.14455845155 
0.349351 64.82352473113 0.14927570786 
0.349858 64.78087182935 0.14744601568 
0.350364 64.75571979759 0.15029053448 
0.350871 64.45195572649 0.14572366508 
0.351377 64.55759200203 0.14747825639 
0.351884 64.55629877536 0.15153945237 
0.352390 64.57177139177 0.14783904972 
0.352897 64.69526769922 0.14792781533 
0.353403 64.32465059912 0.14799085416 
0.353910 64.34092891120 0.14800061645 
0.354416 64.07517803818 0.15358063602 
0.354923 64.17481997976 0.14904553345 
0.355429 64.23351665502 0.15375103097 
0.355935 64.20408943345 0.15171023090 
0.356442 64.02041955064 0.15218085364 
0.356948 64.49058304544 0.15443533907 
0.357455 63.96809840581 0.15616193869 
0.357961 63.72652351564 0.15702635660 
0.358468 63.60957417174 0.15731355268 
0.358974 63.71821473213 0.21983752747 
0.359481 63.98327442665 0.20347018002 
0.359987 63.87418664194 0.19930247759 
0.360494 63.98849075031 0.18992734967 
0.361000 63.77655981897 0.19119072890 
0.361506 63.88746302564 0.18664957151 
0.362013 64.02483184319 0.18804120012 
0.362519 63.70249852526 0.18207543388 
0.363026 63.47662825650 0.18749852980 
0.363532 63.86017487656 0.19027783221 
0.364039 63.63393906356 0.18005190429 
0.364545 63.86107006574 0.18486205796 
0.365052 63.57584117275 0.18696208688 
0.365558 63.81426012383 0.18223150088 
0.366064 63.75056907141 0.18099101833 
0.366571 63.73192230231 0.18107238407 
0.367077 63.66059485292 0.18504742370 
0.367584 63.92775664947 0.18917528595 
0.368090 63.43066996777 0.18676737104 
0.368597 63.46382786423 0.18885542027 
0.369103 63.54266188968 0.18724518340 
0.369610 63.78709362299 0.18785096626 
0.370116 63.45675027538 0.19118097418 
0.370622 63.38830908889 0.18742705787 
0.371129 63.44090428155 0.19656719723 
0.371635 63.61299305959 0.19325534214 
0.372142 63.55345150839 0.19292978190 
0.372648 63.42584591844 0.19065698076 
0.373155 63.62073131416 0.19631920495 
0.373661 63.59173846579 0.19577801281 
0.374167 63.61193572945 0.19804800901 
0.374674 63.51495183399 0.19987787524 
0.375180 63.63024697997 0.19560293908 
0.375687 63.41465452573 0.19983562379 
0.376193 63.37134453017 0.20113028997 
0.376700 63.52094875060 0.19886862733 
0.377206 63.28244479994 0.20359673705 
0.377712 63.26086831371 0.20467665426 
0.378219 63.38498270548 0.19755195162 
0.378725 63.09961259923 0.20146379875 
0.379232 63.53248609977 0.20641047004 
0.379738 63.20781523815 0.20321900350 
0.380245 63.19542820016 0.20653031044 
0.380751 63.29043776012 0.20518049500 
0.381257 63.24351893939 0.20774647071 
0.381764 63.28656736850 0.20599000880 
0.382270 63.23518593243 0.21331007773 
0.382777 62.94228301016 0.20452321067 
0.383283 63.13522425280 0.20975632888 
0.383789 63.05767155951 0.21409625406 
0.384296 62.85988744980 0.20528364042 
0.384802 62.91892056162 0.20945416651 
0.385309 62.88854420845 0.20823106685 
0.385815 63.13358643739 0.21300195134 
0.386321 63.05312512388 0.21636648337 
0.386828 62.91653302451 0.21442102460 
0.387334 63.16242768328 0.21039544788 
0.387841 62.98754848012 0.21485086441 
0.388347 62.56384366596 0.21264280715 
0.388853 62.63217313009 0.21403917032 
0.389360 62.73284241159 0.21638846742 
0.389866 63.11590271323 0.20940465605 
0.390373 62.94059899067 0.21766738931 
0.390879 62.92858565289 0.21422946027 
0.391385 62.65539350715 0.22096114885 
0.391892 62.68666210730 0.21905868088 
0.392398 63.22302263212 0.22064072336 
0.392905 62.44778237176 0.22011374951 
0.393411 62.90451981510 0.22609651209 
0.393917 62.89874547713 0.22915736139 
0.394424 62.59620875355 0.22883922633 
0.394930 62.81935522626 0.21962746086 
0.395437 62.66964084308 0.22851486361 
0.395943 62.95133644532 0.23099184097 
0.396449 62.35727827411 0.37936032528 
0.396956 62.51506255029 0.22656524186 
0.397462 62.46127723152 0.23355345719 
0.397969 62.63314391807 0.23460984831 
0.398475 62.41528362949 0.23101417032 
0.398981 62.22027166137 0.23853840839 
0.399488 62.49093259040 0.23522635679 
0.399994 62.35959170539 0.24480938068 
0.400500 62.34644913461 0.24138516076 
0.401007 62.56996020391 0.23489810391 
0.401513 62.77094466149 0.24440609237 
0.402020 62.35764854285 0.24199948981 
0.402526 62.75860756042 0.24192053166 
0.403032 62.40080571250 0.24098091937 
0.403539 62.33769508938 0.26073864389 
0.404045 62.46144809818 0.24067915686 
0.404551 62.06164990639 0.25870699131 
0.405058 62.46838423852 0.26681622702 
0.405564 62.35983442926 0.26541639511 
0.406071 61.91949344883 0.25292428420 
0.406577 62.37693154005 0.25459248330 
0.407083 62.45016521947 0.26355537378 
0.407590 61.77151462970 0.25922328844 
0.408096 62.03344324721 0.27576047028 
0.408602 62.32443271372 0.27493178634 
0.409109 62.21155127605 0.25947584535 
0.409615 62.15374607689 0.27196308064 
0.410121 62.51630604214 0.26522347921 
0.410628 62.13591218227 0.26721594268 
0.411134 62.23812160354 0.26577215498 
0.411641 62.20955466521 0.27500626264 
0.412147 62.03721152403 0.26968581598 
0.412653 61.57380617839 0.26966621872 
0.413160 61.91390329569 0.25980421376 
0.413666 62.02508759521 0.26757034599 
0.414172 61.84957725418 0.27883632572 
0.414679 62.03566819936 0.27254615255 
0.415185 62.32738059783 0.28370139159 
0.415691 61.75670221536 0.26754977832 
0.416198 61.63004320713 0.27498727345 
0.416704 62.28828436521 0.28216893076 
0.417210 61.87304546842 0.27800478351 
0.417717 61.97772162401 0.29282368272 
0.418223 61.93716446179 0.28065697225 
0.418729 61.59467542068 0.27438502749 
0.419236 62.23549616585 0.28202176499 
0.419742 61.63212647563 0.28326434574 
0.420248 62.00520601838 0.28356561769 
0.420755 61.67589630910 0.28324485218 
0.421261 61.66258418940 0.27747648321 
0.421767 61.63280655530 0.27949392607 
0.422274 61.89664214137 0.28442743976 
0.422780 62.28328374280 0.27863506011 
0.423286 61.54082325486 0.28139780755 
0.423793 61.68258373064 0.28039778804 
0.424299 61.40892551066 0.28403727227 
0.424805 61.85783515282 0.28185099044 
0.425312 61.68624763232 0.29630337538 
0.425818 61.73638585578 0.29082497349 
0.426324 61.68202552827 0.29786605540 
0.426831 61.97795047769 0.31595895636 
0.427337 61.57916415708 0.31120047402 
0.427843 61.76308969198 0.29160156230 
0.428350 61.63726025866 0.29916636137 
0.428856 61.49277481015 0.30971658599 
0.429362 61.38978916915 0.30876024570 
0.429869 61.67290646060 0.31696401414 
0.430375 61.33774047301 0.31351763169 
0.430881 61.15932706658 0.31236884360 
0.431388 61.36055572041 0.30638471850 
0.431894 61.37104903304 0.32606445194 
0.432400 61.65684537141 0.32166764178 
0.432907 61.27673147218 0.31247968929 
0.433413 61.63893184522 0.32585355500 
0.433919 61.38879326244 0.34419088686 
0.434425 61.05588588623 0.32459650341 
0.434932 61.34415960869 0.32972564670 
0.435438 61.09516436590 0.35120562197 
0.435944 61.36443751871 0.33792794171 
0.436451 61.37409756595 0.34390405707 
0.436957 61.68140823817 0.37288955856 
0.437463 61.52485164732 0.35215418971 
0.437970 61.40360841614 0.36031480979 
0.438476 61.71965995810 0.37560140676 
0.438982 61.72275652534 0.35767271526 
0.439489 62.33219930594 0.38062612879 
0.439995 60.88177704172 0.37096370122 
0.440501 61.08085632924 0.36457810123 
0.441007 61.60460246083 0.37367016635 
0.441514 61.37843370072 0.37927184100 
0.442020 61.19069711519 0.38999392827 
0.442526 61.02726057112 0.39225074098 
0.443033 60.62309021098 0.39966357284 
0.443539 61.15188009638 0.39272401176 
0.444045 60.90657892233 0.39322309517 
0.444551 60.89141416124 0.41457189249 
0.445058 61.22825788285 0.43105188670 
0.445564 60.90787641538 0.43891576767 
0.446070 61.22196266322 0.43800453157 
0.446577 60.74860599763 0.41155566071 
0.447083 60.64958116369 0.45997780273 
0.447589 60.64792968230 0.45148377913 
0.448095 60.33855240997 0.45862476019 
0.448602 60.60099032010 0.47612308602 
0.449108 60.13327977931 0.47323930746 
0.449614 60.84425607283 0.47848361803 
0.450121 60.91562878237 0.48042817232 
0.450627 59.98877643033 0.49719477196 
0.451133 60.14207808499 0.48450607189 
0.451639 60.79064786338 0.50993449009 
0.452146 61.22921263715 0.57598263609 
0.452652 60.31539711090 0.53512333368 
0.453158 60.31878731009 0.56784002391 
0.453664 60.16790123459 0.57948075017 
0.454171 60.44864889987 0.57903496687 
0.454677 61.29717868530 0.61295211500 
0.455183 60.55783110492 0.63383935628 
0.455689 59.99026709282 0.64077446674 
0.456196 60.05021125735 0.62463717013 
0.456702 59.95490758701 0.66165210726 
0.457208 59.46417894395 0.68104422665 
0.457714 59.68824150378 0.73399023465 
0.458221 60.71680945600 0.76645744414 
0.458727 59.34211142809 0.75822234002 
0.459233 60.20525738820 0.82133830698 
0.459740 61.01331124815 0.89659179642 
0.460246 60.11364170626 0.90378673491 
0.460752 59.15335042652 0.97430591313 
0.461258 60.13723313393 0.96600501901 
0.461765 59.93900205496 1.06111356643 
0.462271 60.40833004152 1.03384426081 
0.462777 59.86149035984 1.21752972951 
0.463283 60.20325898118 1.26789452122 
0.463789 60.33962849603 1.30027358511 
0.464296 61.06513047428 1.33034008859 
0.464802 59.31459700941 1.36884060375 
0.465308 60.67582111230 1.52465700650 
0.465814 60.47638486015 1.66248307087 
0.466321 58.81334322181 1.68526952005 
0.466827 60.61174208007 1.84120057821 
0.467333 59.38889909376 1.95148880672 
0.467839 58.07548004890 1.91484907087 
0.468346 59.44003866002 2.31586108643 
0.468852 59.26696690231 2.54736484759 
0.469358 56.92307510252 2.73869246434 
0.469864 58.93374980258 2.82707964473 
0.470371 59.83745501887 3.94774543884 
0.470877 58.17151810481 4.39657331373 
0.471383 55.91058787268 5.25144020157 
0.471889 56.34843738807 7.28372573989 
0.472395 56.16237631995 6.09504543427 
0.472902 51.10875800399 12.10088185262 
