0.010896 1353.66566042047 11.91861870928 
0.011402 1206.29418961815 10.75334480816 
0.011909 1087.09726698824 12.00506331099 
0.012416 964.86852991084 9.29796134678 
0.012923 882.73323853099 8.35634956047 
0.013430 831.35612834518 11.01310379329 
0.013936 798.00576121730 9.43903985502 
0.014443 738.31052628909 7.33427486141 
0.014950 682.82443071286 6.18843668180 
0.015457 630.03985144380 5.51459080306 
0.015963 581.33704015319 4.93539204101 
0.016470 544.88193806617 4.21718612912 
0.016977 511.55446832192 3.88487315902 
0.017484 476.15316325737 3.14606845241 
0.017990 450.58473695166 3.09751019295 
0.018497 425.11435407989 2.68097259869 
0.019004 404.16528454110 2.33167501946 
0.019511 380.52512059950 2.40663891562 
0.020018 362.87425250428 2.16535808996 
0.020524 342.35809353825 1.95647955200 
0.021031 328.37170351304 1.84900409000 
0.021538 313.34662200575 1.56644191058 
0.022045 301.57813045770 1.70813366349 
0.022551 290.45444760488 1.51462530707 
0.023058 277.90847879419 1.47737935047 
0.023565 269.63626429994 1.67054350235 
0.024072 262.43784154073 1.70858667788 
0.024579 250.62600665538 1.62007867461 
0.025085 243.98064225573 2.08722200961 
0.025592 235.83548963580 2.08030544639 
0.026099 229.31976354956 2.09584577465 
0.026606 223.64763006140 1.64976486962 
0.027112 219.04061514832 1.74891487231 
0.027619 212.68077702088 1.51051158235 
0.028126 206.33439952529 1.54813108894 
0.028633 203.58359920493 1.32499589530 
0.029139 198.73539714388 1.09933123407 
0.029646 193.85711875050 1.11600139228 
0.030153 190.23260867901 1.21209591954 
0.030660 186.61541059626 1.04427070524 
0.031167 182.84065092495 0.97740918093 
0.031673 178.89955654879 0.88342845047 
0.032180 175.87269177608 0.82360660858 
0.032687 172.70120316520 0.86434015429 
0.033194 169.97586626578 0.85564329002 
0.033700 168.29768826766 0.77844135705 
0.034207 165.70631736947 0.76300505569 
0.034714 162.54515866034 0.78102411877 
0.035221 160.24356595583 0.73828538494 
0.035727 157.59377962165 0.68391105116 
0.036234 156.23999622338 0.67184101590 
0.036741 153.65394901174 0.68401695073 
0.037248 152.66430603855 0.67850636533 
0.037755 150.28748887042 0.60377877603 
0.038261 148.15045253722 0.62332179160 
0.038768 145.77249156489 0.60178235649 
0.039275 146.74624281634 0.56703963413 
0.039782 144.48641624683 0.55904735181 
0.040288 142.19155299229 0.57322442572 
0.040795 141.79992939628 0.57372061058 
0.041302 139.64274362118 0.58423233080 
0.041809 139.03675279323 0.52543097058 
0.042315 137.98170328608 0.56031812460 
0.042822 136.48842439776 0.50885158786 
0.043329 135.20119395974 0.55643616297 
0.043836 134.12074094406 0.55324593344 
0.044343 132.99803860339 0.52835225222 
0.044849 131.16724561033 0.53248702737 
0.045356 131.37468311509 0.52264143188 
0.045863 130.12364241743 0.48919317686 
0.046370 129.63107743137 0.52064384802 
0.046876 127.66672863898 0.50668489844 
0.047383 127.23799720729 0.49514635688 
0.047890 125.98020641379 0.49492606605 
0.048397 125.46879682916 0.49409602545 
0.048903 124.91472425833 0.48462301629 
0.049410 123.81298210143 0.49893969105 
0.049917 122.86945168348 0.47595052004 
0.050424 122.34832590026 0.45980836053 
0.050931 121.42335794384 0.46521614072 
0.051437 121.07691351405 0.45434941473 
0.051944 119.64837106653 0.45086174542 
0.052451 118.80585311515 0.45100431991 
0.052958 118.54990188008 0.42823449454 
0.053464 117.80281422431 0.43813728190 
0.053971 117.14117201321 0.43377608317 
0.054478 116.76179640626 0.44667556101 
0.054985 115.65762704088 0.42752946311 
0.055491 115.17495354041 0.42934128696 
0.055998 114.90695756529 0.43013571103 
0.056505 114.83824769435 0.42778000418 
0.057012 114.38850997300 0.43723586962 
0.057519 112.47217796361 0.42172809997 
0.058025 112.13990406467 0.40540266862 
0.058532 111.65263502221 0.43343927256 
0.059039 111.40912611690 0.43151089711 
0.059546 110.90336945652 0.41935712713 
0.060052 110.09860427422 0.42660254502 
0.060559 110.15478038608 0.39534765082 
0.061066 109.79296436643 0.40585917867 
0.061573 109.44702889919 0.40224039058 
0.062079 108.48314189537 0.39084596385 
0.062586 107.67644447073 0.39622739946 
0.063093 107.87677058993 0.37363383080 
0.063600 107.04566282933 0.39261353808 
0.064106 107.25844569764 0.40324789385 
0.064613 105.77065979544 0.38998211412 
0.065120 105.77663110152 0.38825633507 
0.065627 106.19014861426 0.38544041690 
0.066134 105.31573670379 0.37879650478 
0.066640 105.10690592338 0.38585522427 
0.067147 104.53393781103 0.37672152163 
0.067654 103.93634327893 0.36887694487 
0.068161 104.42590516467 0.36876626401 
0.068667 103.23515650210 0.35142307919 
0.069174 102.72320439500 0.36766464452 
0.069681 103.19283363918 0.35382830846 
0.070188 102.96583150526 0.35958597326 
0.070694 101.93545634825 0.35287502187 
0.071201 102.11660693599 0.35635493706 
0.071708 102.01939474127 0.35475028266 
0.072215 100.87611622684 0.34565732017 
0.072721 100.91269375577 0.35681554067 
0.073228 100.10879985983 0.33603662044 
0.073735 100.29273141269 0.33710917760 
0.074242 100.13469550370 0.34414527660 
0.074748 100.30747517256 0.34762834437 
0.075255 99.46971273360 0.35039302687 
0.075762 99.61951398851 0.32941289027 
0.076269 98.76470452534 0.33235180399 
0.076776 99.15371590510 0.33131160433 
0.077282 98.65017456225 0.32904816544 
0.077789 98.14258307212 0.33054024362 
0.078296 98.07088332516 0.33337701150 
0.078803 97.69755934000 0.32580437410 
0.079309 97.71984743553 0.33942590213 
0.079816 97.08059072569 0.32750958138 
0.080323 96.93197870387 0.33584923857 
0.080830 96.83013675262 0.32605721918 
0.081336 96.93032011997 0.33210716725 
0.081843 97.50536592887 0.32633157715 
0.082350 96.44564167613 0.32090520903 
0.082857 97.04002399580 0.32833741446 
0.083363 96.35818951931 0.33133962453 
0.083870 96.30358630050 0.33390657486 
0.084377 96.04294134125 0.32433558377 
0.084884 95.67924159222 0.33196926864 
0.085390 96.05014275857 0.33129088456 
0.085897 95.39864457106 0.33104475019 
0.086404 95.31790736011 0.33669180437 
0.086911 95.20623970469 0.32689002452 
0.087417 95.17349470079 0.31294137147 
0.087924 94.43766616313 0.32801823047 
0.088431 94.49254235873 0.33910734846 
0.088938 94.90084929810 0.33248356554 
0.089444 94.02297727807 0.32772035729 
0.089951 94.61068390165 0.32643728562 
0.090458 94.36460587541 0.32727524416 
0.090965 93.74910044070 0.33350610555 
0.091471 94.29323276286 0.33208184545 
0.091978 93.48938884666 0.32951359002 
0.092485 92.27168703685 0.34232072052 
0.092992 93.14905603051 0.34325059676 
0.093498 92.98668558452 0.33485715918 
0.094005 93.61557535675 0.33324791647 
0.094512 92.68041647294 0.32639884086 
0.095019 92.76390685548 0.34234869408 
0.095525 92.88496789584 0.34551975947 
0.096032 92.54414920201 0.32878862649 
0.096539 91.91888705206 0.32565270519 
0.097046 91.76980186796 0.32710108074 
0.097552 92.12437505142 0.32750124694 
0.098059 92.19930526482 0.31757986533 
0.098566 91.89951606865 0.32305045736 
0.099073 91.88583607417 0.33163456630 
0.099579 91.41037349624 0.33178570338 
0.100086 91.09122849019 0.33211591095 
0.100593 91.53469410195 0.31907038315 
0.101100 90.92539222997 0.32035528820 
0.101606 91.11686682901 0.31282063231 
0.102113 89.99616876351 0.31602631730 
0.102620 89.65338032806 0.30722807034 
0.103127 89.63152646816 0.29154567219 
0.103633 89.18515479249 0.29331415276 
0.104140 88.55668093069 0.29112552896 
0.104647 88.60546745339 0.29370706405 
0.105154 89.18733495752 0.29911876095 
0.105660 88.76076090416 0.31266267765 
0.106167 88.22561743710 0.30536963465 
0.106674 88.38700226157 0.31718831437 
0.107181 88.27442428147 0.29633508207 
0.107687 88.19517823326 0.30553957804 
0.108194 88.25830741633 0.29301665709 
0.108701 88.16152975612 0.29723407684 
0.109208 87.64530140384 0.29874450107 
0.109714 87.50639133462 0.29271870440 
0.110221 88.27250037882 0.28539898294 
0.110728 87.49406404648 0.29072886707 
0.111235 87.19794536707 0.29112126149 
0.111741 87.23282196447 0.27676509965 
0.112248 87.35400357271 0.28036515124 
0.112755 87.00645940274 0.28647352627 
0.113262 87.11567150326 0.28835507884 
0.113768 87.24371177747 0.27984882235 
0.114275 87.15556940152 0.28362722530 
0.114782 86.90503084146 0.28051608695 
0.115289 86.84014562412 0.27493107332 
0.115795 86.63915771764 0.27372429998 
0.116302 86.51850120969 0.27534034880 
0.116809 86.05023575141 0.27144428034 
0.117316 86.51905769831 0.27223327887 
0.117822 86.18105393310 0.27466469482 
0.118329 86.49881216557 0.27392709612 
0.118836 85.87303049390 0.27351804714 
0.119342 86.23777214447 0.27122243243 
0.119849 86.27988243355 0.27020710193 
0.120356 85.88544321920 0.27034774604 
0.120863 86.07422481030 0.27638078800 
0.121369 85.98605247839 0.26636293023 
0.121876 85.67502513447 0.26046354895 
0.122383 85.48874380646 0.26313430800 
0.122890 85.34869817086 0.27290664427 
0.123396 85.47956561777 0.26642315976 
0.123903 85.40574516018 0.26355430942 
0.124410 85.40798236686 0.26839014918 
0.124917 85.26339147156 0.26479961002 
0.125423 85.05560224088 0.26091151611 
0.125930 85.45122604519 0.26239525566 
0.126437 84.90846449650 0.25636721487 
0.126944 85.02792120731 0.25126170252 
0.127450 84.59413179741 0.25376657418 
0.127957 84.95048264323 0.25179841412 
0.128464 84.99911979857 0.25244345469 
0.128970 84.71820742685 0.25639621514 
0.129477 84.37493946474 0.25438456016 
0.129984 84.46910919218 0.25912482174 
0.130491 84.58539806321 0.25815160575 
0.130997 84.48624787945 0.25494333206 
0.131504 84.35694387420 0.24944159244 
0.132011 84.18486364776 0.25320850079 
0.132518 84.40805185724 0.25098500032 
0.133024 84.67523630628 0.24331046410 
0.133531 84.06272257702 0.25155676774 
0.134038 84.37964394561 0.24648460129 
0.134545 83.79804150866 0.24821753239 
0.135051 84.26525974991 0.24932569029 
0.135558 83.69259367206 0.24604582446 
0.136065 83.77777524860 0.25289054483 
0.136571 83.95148643575 0.23805322231 
0.137078 83.63174224119 0.24687563282 
0.137585 83.45669074625 0.25100511790 
0.138092 83.50256488513 0.24562029851 
0.138598 83.52595275983 0.24917223644 
0.139105 83.54575038799 0.24211470737 
0.139612 83.65515647596 0.23584412741 
0.140119 83.20200708429 0.24524251841 
0.140625 83.26008723294 0.24989551646 
0.141132 83.12577877647 0.23829948380 
0.141639 82.80474295590 0.23944151265 
0.142145 82.95034432663 0.24308927633 
0.142652 83.05262121843 0.24350689188 
0.143159 82.68977833444 0.23476516716 
0.143666 82.64369925965 0.24087405552 
0.144172 82.40630062588 0.24336321402 
0.144679 82.03436786168 0.24401160091 
0.145186 82.15299229345 0.24065509790 
0.145692 82.25199367910 0.24317076865 
0.146199 82.01733540627 0.24510339188 
0.146706 81.88796342058 0.24224584804 
0.147213 81.85230167641 0.24466717934 
0.147719 81.54990271423 0.24456000857 
0.148226 81.90094136473 0.23953688416 
0.148733 81.46885027441 0.24714524263 
0.149240 81.40991247038 0.23922334207 
0.149746 81.37472749576 0.23995384156 
0.150253 81.40229509184 0.24617522546 
0.150760 81.78679571560 0.23877128943 
0.151266 81.38194954294 0.24207160574 
0.151773 80.85211729858 0.23548656724 
0.152280 81.36346698478 0.24252880651 
0.152787 81.25214400177 0.23543408500 
0.153293 80.96373850078 0.23741082278 
0.153800 81.26191316549 0.24069294604 
0.154307 80.84386152614 0.23628744471 
0.154813 80.88786164083 0.24048656947 
0.155320 80.75947268684 0.23671462755 
0.155827 80.81300067911 0.23912665795 
0.156334 80.64559325375 0.23944150024 
0.156840 80.30331160889 0.24501075590 
0.157347 80.40220314738 0.23273049621 
0.157854 80.16625593638 0.23603961550 
0.158360 80.30186319471 0.23618006764 
0.158867 80.39631764539 0.23330160282 
0.159374 79.71058678859 0.23600069400 
0.159881 79.81036955830 0.23776233084 
0.160387 79.92392421799 0.23196293886 
0.160894 79.80665070448 0.23549122105 
0.161401 80.18576885062 0.24111843606 
0.161907 80.00536554388 0.23424159663 
0.162414 80.10811662469 0.23498800211 
0.162921 79.52778569354 0.23277104144 
0.163427 79.69960737411 0.23295155555 
0.163934 79.26517950793 0.23571793700 
0.164441 79.38791773963 0.22830049546 
0.164948 79.65519030495 0.22981159230 
0.165454 79.53003317094 0.22898918302 
0.165961 79.24891954812 0.22865699327 
0.166468 78.96616321250 0.23100672638 
0.166974 79.45727579204 0.22872450745 
0.167481 79.09093450719 0.23078179238 
0.167988 79.03871630636 0.23125465856 
0.168495 78.92801954829 0.22930163397 
0.169001 79.10344706218 0.23627313304 
0.169508 79.08564692063 0.23842148061 
0.170015 79.47373405963 0.23398178293 
0.170521 78.89433006543 0.23173097414 
0.171028 79.38532068276 0.24036992419 
0.171535 79.03811872707 0.23043181605 
0.172041 79.19839882815 0.23882485132 
0.172548 78.57692167996 0.23320414229 
0.173055 79.21468475319 0.23111217682 
0.173562 78.90830519710 0.24059526226 
0.174068 78.90126827182 0.23252175514 
0.174575 78.97485287117 0.23780421538 
0.175082 79.20534884514 0.23532192139 
0.175588 78.71198037672 0.23852043159 
0.176095 78.80824765547 0.24238513319 
0.176602 79.25110321723 0.23888032507 
0.177108 78.67036288032 0.24162947829 
0.177615 78.47851647585 0.23774211518 
0.178122 78.85779191239 0.23698469629 
0.178629 78.77061183198 0.24370777982 
0.179135 78.60967176177 0.23988627885 
0.179642 78.69098751635 0.23597089225 
0.180149 78.70862190835 0.23436558601 
0.180655 78.55507949697 0.23661160273 
0.181162 78.33173020862 0.23290353426 
0.181669 78.77150135953 0.23719357279 
0.182175 79.13922514290 0.24566787646 
0.182682 79.26169665174 0.24455198188 
0.183189 78.88932684591 0.24385456439 
0.183695 78.42367007601 0.23997797405 
0.184202 78.72860822451 0.24292241466 
0.184709 78.38297800320 0.24570997605 
0.185216 78.56617454567 0.24098531355 
0.185722 78.17133720242 0.24723226055 
0.186229 78.07310608075 0.24858201336 
0.186736 77.93346364574 0.24132344982 
0.187242 78.06443652113 0.24836453630 
0.187749 78.30478233953 0.24595410105 
0.188256 77.81082689368 0.24217217396 
0.188762 77.74741300420 0.24320945110 
0.189269 77.73642233693 0.24550825701 
0.189776 77.59893565517 0.24484626348 
0.190282 78.02559642231 0.24763756773 
0.190789 77.72684761840 0.24228727958 
0.191296 77.13742331852 0.24123788492 
0.191802 77.93297982805 0.24545725169 
0.192309 77.17509472289 0.24393505572 
0.192816 76.91737444092 0.24079823533 
0.193323 77.12959682089 0.23524303086 
0.193829 76.06805817227 0.23606173168 
0.194336 76.82758345954 0.23517009468 
0.194843 76.52367872115 0.23209486471 
0.195349 76.65372211017 0.23689928547 
0.195856 76.47795761386 0.23849734659 
0.196363 76.00704854971 0.23485145023 
0.196869 76.43988035585 0.23447418624 
0.197376 76.25185808700 0.22831724561 
0.197883 75.93155092832 0.23026020113 
0.198389 76.11399667491 0.23253103766 
0.198896 76.17536747587 0.22488608629 
0.199403 76.08232781188 0.22877556744 
0.199909 76.10491208020 0.22453180331 
0.200416 75.82259069955 0.22284784176 
0.200923 75.97613890243 0.22296935288 
0.201429 76.10268520604 0.21917060192 
0.201936 75.69137338567 0.21813836263 
0.202443 75.90798858534 0.22031605682 
0.202949 75.62624093664 0.22202577475 
0.203456 75.58423165037 0.21978439130 
0.203963 75.18312632580 0.21668666611 
0.204469 75.59035049407 0.21824147867 
0.204976 75.59910176827 0.21729121861 
0.205483 75.79722991589 0.21810946238 
0.205989 75.47984953745 0.21710962097 
0.206496 75.02591409006 0.21623491929 
0.207003 75.44701899553 0.21489353281 
0.207509 75.39557371475 0.21565739013 
0.208016 75.20856669012 0.21323815125 
0.208523 75.11443701463 0.21049892326 
0.209029 75.09923447433 0.21185698684 
0.209536 74.95502718915 0.21514983676 
0.210043 75.29004262175 0.21189568609 
0.210549 75.30685020078 0.21531023138 
0.211056 75.14038520572 0.20941059100 
0.211563 75.17079859255 0.21059636082 
0.212069 75.04038344818 0.21150434892 
0.212576 74.67974296948 0.20564498273 
0.213083 74.93038523478 0.20846865559 
0.213589 74.90733705406 0.21469499499 
0.214096 74.72266340376 0.20012177797 
0.214603 74.91154385462 0.21012970681 
0.215109 74.63891164353 0.20989333571 
0.215616 75.10644531286 0.20945774134 
0.216123 74.89603413625 0.20954586937 
0.216629 74.91990816992 0.20420515137 
0.217136 74.31296063080 0.20680292980 
0.217643 74.27206777318 0.21093747020 
0.218149 74.21297624667 0.20688682593 
0.218656 74.41957035141 0.20626355977 
0.219163 74.44858737014 0.20681686008 
0.219669 74.31808915433 0.21119093505 
0.220176 74.06420889794 0.20528434688 
0.220683 74.07925206729 0.20547124363 
0.221189 73.94284253613 0.20331149527 
0.221696 73.89253891323 0.20425727678 
0.222203 74.07942083107 0.20779961882 
0.222709 73.88042940535 0.20040092359 
0.223216 73.79257876041 0.19907089208 
0.223722 73.84032367322 0.20308523360 
0.224229 73.66979768919 0.20416919921 
0.224736 73.61419052523 0.20225428451 
0.225242 73.53662882982 0.20538274550 
0.225749 73.78622871128 0.20292293863 
0.226256 73.74285772777 0.20801513090 
0.226762 73.40602683294 0.20423999545 
0.227269 73.57167751286 0.20488303581 
0.227776 73.83941822985 0.20215833086 
0.228282 73.66315938318 0.20264240061 
0.228789 73.46002708645 0.20388600648 
0.229296 73.24787768783 0.20154437340 
0.229802 73.35449337968 0.19651001552 
0.230309 73.35679203149 0.19659177261 
0.230816 73.17523033299 0.20243175007 
0.231322 73.22132633965 0.20197746110 
0.231829 73.14114863070 0.20194935280 
0.232335 72.89764996680 0.19729100262 
0.232842 72.95009009866 0.20602267875 
0.233349 72.93304039500 0.19978692342 
0.233855 73.04562300885 0.19952580483 
0.234362 72.79190937874 0.19917278536 
0.234869 72.73081394112 0.19956837652 
0.235375 72.52757240077 0.19634621250 
0.235882 72.55741785421 0.19710980106 
0.236389 72.92794050278 0.19983703625 
0.236895 72.52324916139 0.19595725423 
0.237402 72.42562724807 0.20043792682 
0.237908 72.20635142132 0.19999428793 
0.238415 72.54014244049 0.20196842024 
0.238922 72.31706293354 0.19655220926 
0.239428 72.32949843438 0.19954996815 
0.239935 72.14422418027 0.19874911548 
0.240442 72.19061108306 0.19479175812 
0.240948 71.95119901370 0.19652632115 
0.241455 72.22906837137 0.20065425633 
0.241962 72.14654284870 0.19743500868 
0.242468 71.84610057333 0.19741837585 
0.242975 72.05622206755 0.19349782982 
0.243481 71.87293660686 0.19597255295 
0.243988 71.57901449318 0.19966479684 
0.244495 71.65798013724 0.19699501849 
0.245001 71.85284912116 0.19694802426 
0.245508 71.76416904780 0.19864426883 
0.246015 71.87237711101 0.20007091241 
0.246521 71.74906631615 0.20217429626 
0.247028 71.49157269796 0.19609673838 
0.247534 71.43776121765 0.19413300073 
0.248041 71.67492466480 0.19850088505 
0.248548 71.31444841891 0.19831835562 
0.249054 71.31054362342 0.19821138909 
0.249561 71.33441245063 0.20006736411 
0.250068 71.34580900743 0.19907088745 
0.250574 71.31828561323 0.19507255003 
0.251081 71.25428455312 0.19770027698 
0.251587 71.13083897408 0.19809577363 
0.252094 71.11854340347 0.19648712462 
0.252601 71.01114623955 0.19983556101 
0.253107 71.06518229441 0.19556936357 
0.253614 71.21951299854 0.19608627105 
0.254120 71.27928470360 0.19542749967 
0.254627 71.09565883678 0.19462454220 
0.255134 70.97300999225 0.19542487047 
0.255640 70.94552928203 0.19819780385 
0.256147 71.17650990415 0.19354943125 
0.256654 70.90956981298 0.19895099418 
0.257160 71.00910612879 0.19794317842 
0.257667 71.37625754469 0.19573659227 
0.258173 71.71233420788 0.19815321478 
0.258680 71.71850474145 0.19983197600 
0.259187 71.29652691570 0.19721786634 
0.259693 71.57861650564 0.19661826348 
0.260200 71.49603519045 0.19617688792 
0.260706 71.74381720816 0.19666176031 
0.261213 71.84781476234 0.19597633120 
0.261720 71.79064636701 0.19620794401 
0.262226 71.69072377610 0.19428856268 
0.262733 71.74677564060 0.19652429340 
0.263239 71.50749776790 0.19405305774 
0.263746 71.89610969993 0.19418922405 
0.264253 71.62506372867 0.19656598762 
0.264759 71.87630752395 0.19314874111 
0.265266 71.71906067464 0.19528732983 
0.265772 72.15639969383 0.19112184941 
0.266279 71.79613282158 0.19354232508 
0.266786 71.88100220727 0.19019484629 
0.267292 71.85654732522 0.19039812571 
0.267799 71.55522864776 0.19034257014 
0.268305 71.59800257174 0.19509767850 
0.268812 71.61625538423 0.19364949722 
0.269319 71.68014957391 0.19129070960 
0.269825 71.67224049901 0.18552610539 
0.270332 71.79220737716 0.19032946698 
0.270838 72.15452325373 0.19184542579 
0.271345 72.02778963720 0.19190265398 
0.271852 72.16806334984 0.19258960674 
0.272358 72.21364583481 0.19439592499 
0.272865 72.12380202584 0.19369985559 
0.273371 72.33269303443 0.18904297426 
0.273878 72.52639728526 0.19523617950 
0.274385 72.67125389811 0.18906693974 
0.274891 72.28352517343 0.18961627306 
0.275398 72.40016128592 0.18437703136 
0.275904 72.44897896776 0.18782401526 
0.276411 72.25993881982 0.18609047808 
0.276917 72.05641930287 0.18255526569 
0.277424 72.37048694562 0.18199293586 
0.277931 72.36501205870 0.18625192331 
0.278437 72.13090042265 0.18543755141 
0.278944 72.31715928637 0.18660847710 
0.279450 72.36228446857 0.18210494821 
0.279957 72.26468974228 0.18613534777 
0.280464 72.22285375681 0.18451589927 
0.280970 72.13798066598 0.18278216434 
0.281477 72.02985398303 0.17811653703 
0.281983 72.17365613315 0.18315202445 
0.282490 72.09882595331 0.18302843079 
0.282996 72.10955333624 0.18385414525 
0.283503 72.33682545335 0.18415950837 
0.284010 72.06855607428 0.18097500108 
0.284516 71.72297331870 0.17621247705 
0.285023 71.71144723757 0.17875404416 
0.285529 71.69741000577 0.17798496276 
0.286036 71.88257648563 0.17774968537 
0.286542 71.63325269165 0.17389546122 
0.287049 71.63202458368 0.17431418538 
0.287556 71.44349983252 0.17119414614 
0.288062 71.34705032587 0.17012604132 
0.288569 71.66039089463 0.17208519666 
0.289075 71.65020053691 0.16994314850 
0.289582 71.18689726907 0.17254377231 
0.290088 71.46231270767 0.17173869194 
0.290595 71.35907245058 0.17025993494 
0.291102 71.13805921811 0.16672410349 
0.291608 71.26309717401 0.16851344269 
0.292115 71.05918673770 0.16874891399 
0.292621 71.08841660548 0.16907172427 
0.293128 71.11038453889 0.16609308840 
0.293634 71.01854529021 0.16866483611 
0.294141 71.06195055675 0.16462179874 
0.294647 70.72167914123 0.16674812596 
0.295154 70.80079390184 0.16805459773 
0.295661 70.63781038051 0.16462921918 
0.296167 71.19810163888 0.16358151068 
0.296674 71.18129799341 0.16852742564 
0.297180 70.65347056312 0.16223267894 
0.297687 70.76885494685 0.16525783176 
0.298193 70.71344638140 0.16681166915 
0.298700 70.76752874545 0.16284349369 
0.299207 70.64488032228 0.16506628485 
0.299713 70.74033217996 0.16740980908 
0.300220 70.65650871192 0.17073625508 
0.300726 70.42951486202 0.16384259491 
0.301233 70.36971473091 0.16332837044 
0.301739 70.40138734846 0.16343096498 
0.302246 70.21037331416 0.16239053102 
0.302752 70.22221847896 0.15896629239 
0.303259 70.45435276180 0.16567151640 
0.303765 70.59509797613 0.16422658045 
0.304272 70.39423867800 0.15953109428 
0.304779 69.96311979542 0.16163578823 
0.305285 70.24936096808 0.15911675165 
0.305792 70.13671361606 0.15774906297 
0.306298 70.19062066010 0.15871448036 
0.306805 70.12781639358 0.16429333074 
0.307311 70.17036463889 0.15970996419 
0.307818 70.06757979106 0.15715735242 
0.308324 69.76341459995 0.15924034696 
0.308831 69.40391372894 0.15620600032 
0.309337 69.56322343809 0.15483401844 
0.309844 69.34721935362 0.15525387868 
0.310350 69.08204980027 0.15240606117 
0.310857 69.01245642882 0.15295578950 
0.311364 68.64941378951 0.15074263466 
0.311870 68.48432916724 0.14905341688 
0.312377 68.19031186604 0.14984759940 
0.312883 68.23247007337 0.14825041195 
0.313390 68.34558364312 0.14806634823 
0.313896 67.90633232555 0.15019308422 
0.314403 67.83748844204 0.14449316188 
0.314909 67.56312005123 0.14439994763 
0.315416 67.60065798746 0.14424625762 
0.315922 67.45738638291 0.14438619860 
0.316429 67.17695375138 0.14334744216 
0.316935 67.21705866608 0.14400498167 
0.317442 67.17026842070 0.14186072987 
0.317948 66.93913844861 0.14223417590 
0.318455 67.00935040497 0.14096260951 
0.318961 67.02448898465 0.14037389464 
0.319468 67.15799771198 0.14191729376 
0.319975 66.97531944733 0.14448559052 
0.320481 66.84895750477 0.14207732818 
0.320988 66.83345833950 0.14714096487 
0.321494 66.73732964594 0.14347349515 
0.322001 66.88820626096 0.15099304516 
0.322507 66.88383534303 0.14062931640 
0.323014 66.75773048132 0.14218127646 
0.323520 66.72089477613 0.14164489783 
0.324027 66.48419888164 0.14407893749 
0.324533 66.54815204604 0.14009110420 
0.325040 66.48079816125 0.13942321600 
0.325546 66.26817538434 0.13926075123 
0.326053 66.51781014872 0.13789499591 
0.326559 66.40344223461 0.14041076910 
0.327066 66.12675178562 0.13805393990 
0.327572 66.20903751656 0.13897417101 
0.328079 66.12852760212 0.14100800557 
0.328585 66.04589453056 0.13980095679 
0.329092 66.32985420948 0.13689043451 
0.329598 66.20718831674 0.13699750370 
0.330105 66.29711117853 0.14044644978 
0.330611 66.22578623339 0.13974008026 
0.331118 65.75051377299 0.13740224133 
0.331624 65.88194749019 0.13893940268 
0.332131 65.95586696939 0.13796538853 
0.332637 65.88462394650 0.13689293290 
0.333144 66.00818845600 0.14142772866 
0.333650 65.83799538941 0.13945569716 
0.334157 65.52422113792 0.13921447770 
0.334663 65.84825130248 0.13817526031 
0.335170 65.72866368788 0.13988227713 
0.335676 65.80300000254 0.13802340146 
0.336183 65.57553056200 0.13707709372 
0.336689 65.58636598253 0.14296878397 
0.337196 65.70078709828 0.13795860137 
0.337702 65.46658257239 0.13955023026 
0.338209 65.48727738440 0.13974015143 
0.338715 65.42317855933 0.13892462834 
0.339222 65.61426832485 0.13754755022 
0.339728 65.29329601176 0.13736482696 
0.340235 65.40358507388 0.19121595124 
0.340741 65.32083972220 0.13966805501 
0.341248 65.48455000279 0.13870042705 
0.341754 65.16616599698 0.13597324492 
0.342261 65.07541700128 0.13745702023 
0.342767 65.30547051053 0.14123128541 
0.343274 65.34118608915 0.13773727606 
0.343780 65.41121773767 0.13982727916 
0.344287 65.14681722325 0.14056718497 
0.344793 65.35627065434 0.13825353975 
0.345300 65.18353895045 0.14548943788 
0.345806 64.98491515857 0.14060706723 
0.346313 65.02268398687 0.14289036523 
0.346819 64.98299848575 0.14496849772 
0.347325 65.00075162549 0.14601252763 
0.347832 65.05149317019 0.14346527478 
0.348338 65.16469490916 0.14635387905 
0.348845 64.63906347601 0.14726031254 
0.349351 64.96448720414 0.14907825072 
0.349858 64.71013045747 0.14968925765 
0.350364 64.51177838447 0.14712594827 
0.350871 64.45332333781 0.14939265284 
0.351377 64.47566545010 0.14756465061 
0.351884 64.53471571099 0.14869309353 
0.352390 64.53038505051 0.14827044482 
0.352897 64.65089945708 0.15103989949 
0.353403 64.37507215307 0.15012367911 
0.353910 64.28105439862 0.15107398374 
0.354416 64.38410485690 0.14809554039 
0.354923 64.37477727536 0.15115206740 
0.355429 63.93438327027 0.15103320516 
0.355935 64.24043892632 0.15051781857 
0.356442 63.84164405812 0.15537158830 
0.356948 64.05039162072 0.15055847700 
0.357455 63.97285693653 0.15576917720 
0.357961 63.81647440678 0.15382970115 
0.358468 64.01466798123 0.15379528949 
0.358974 63.92130556191 0.22321145053 
0.359481 63.86770199795 0.20589456990 
0.359987 63.83100921789 0.20018252277 
0.360494 63.83668511478 0.19192565046 
0.361000 63.87489677929 0.18670851876 
0.361506 63.77178303675 0.18161387322 
0.362013 63.76322954964 0.18896804897 
0.362519 63.73183576148 0.18360363521 
0.363026 63.82912093698 0.18616964727 
0.363532 63.41133768243 0.18612430846 
0.364039 63.63381568108 0.18505492370 
0.364545 63.96005478795 0.17664244004 
0.365052 63.81179136659 0.18409101764 
0.365558 63.97714002158 0.18279545431 
0.366064 63.67139992444 0.18363616193 
0.366571 63.66390995072 0.18383021561 
0.367077 63.73187647371 0.18718707860 
0.367584 63.90888880384 0.18742428930 
0.368090 63.58682716066 0.18084840860 
0.368597 63.67431866570 0.18925634778 
0.369103 63.75668808123 0.19000538691 
0.369610 64.05008103985 0.19116941044 
0.370116 63.46817885555 0.18885949204 
0.370622 63.41911091073 0.19293552214 
0.371129 63.38519830823 0.19176001256 
0.371635 63.72228629385 0.19198855324 
0.372142 63.53440480355 0.19461841217 
0.372648 63.75056270198 0.18838939937 
0.373155 63.34375153325 0.19692666096 
0.373661 63.27610826615 0.19230351887 
0.374167 63.50096129490 0.19747422401 
0.374674 63.54729818066 0.20124482831 
0.375180 63.31221521727 0.19568502396 
0.375687 63.48559292029 0.19523273597 
0.376193 63.22667931232 0.20369337956 
0.376700 63.52477634081 0.19814506818 
0.377206 63.57260688493 0.20229523939 
0.377712 63.53597905435 0.19729998944 
0.378219 63.26289439679 0.20111309127 
0.378725 63.59515886566 0.20761674330 
0.379232 63.60831888667 0.20665739671 
0.379738 63.17162981349 0.20119719639 
0.380245 63.38204399328 0.20799903162 
0.380751 63.29944660077 0.20405802917 
0.381257 63.51348731375 0.20801425278 
0.381764 63.31136084528 0.21091272418 
0.382270 63.07845576610 0.20292749018 
0.382777 62.88503594123 0.20971404931 
0.383283 63.38502923970 0.21019756612 
0.383789 62.89331187630 0.21100536653 
0.384296 63.14255725265 0.20991184896 
0.384802 63.45422710824 0.21454537690 
0.385309 63.19480045078 0.20523259742 
0.385815 62.76407312199 0.21020505306 
0.386321 62.98618973477 0.21102416259 
0.386828 63.11690118542 0.21059574560 
0.387334 62.88099556937 0.21225336811 
0.387841 63.01178471043 0.21032183932 
0.388347 63.10249571017 0.21339682434 
0.388853 63.17350356082 0.21199856573 
0.389360 62.55592623610 0.21576429321 
0.389866 62.93515566192 0.22087923156 
0.390373 62.88810440201 0.21611052798 
0.390879 62.88277872731 0.21260103189 
0.391385 62.85152858301 0.21613197056 
0.391892 62.70587249539 0.21879378766 
0.392398 62.58898672438 0.22322145253 
0.392905 62.76387200019 0.22424165246 
0.393411 62.87592757149 0.22341166275 
0.393917 62.75503825183 0.23135439827 
0.394424 62.84351591081 0.22656521021 
0.394930 62.59821132833 0.22731374024 
0.395437 62.54930562611 0.22548094013 
0.395943 62.77042214264 0.22634510345 
0.396449 62.82415957658 0.28630946532 
0.396956 62.92487841230 0.22844390248 
0.397462 62.43783785613 0.23099435601 
0.397969 62.61675606603 0.24036566509 
0.398475 62.67504635829 0.23201912080 
0.398981 62.77501403788 0.24125342962 
0.399488 62.71377296284 0.23852551584 
0.399994 62.49285957454 0.23255659992 
0.400500 62.46840821108 0.24583694207 
0.401007 62.09316131786 0.24148421675 
0.401513 62.56062175525 0.24400126013 
0.402020 62.63819201610 0.24829647697 
0.402526 62.47208795009 0.24488741647 
0.403032 62.58750499503 0.23934434277 
0.403539 62.44218896378 0.25546707706 
0.404045 62.54165674950 0.24482928466 
0.404551 62.85822233093 0.26683597345 
0.405058 62.07072079957 0.26781806922 
0.405564 62.17476148531 0.25849197178 
0.406071 62.24027165393 0.25230859327 
0.406577 62.34826217070 0.25238467597 
0.407083 62.35734679437 0.26204630333 
0.407590 62.26231164860 0.26354924507 
0.408096 61.97534676814 0.27357533123 
0.408602 61.78076564902 0.27107698479 
0.409109 61.99061021841 0.25973156216 
0.409615 62.35624267350 0.27370491790 
0.410121 62.12008208269 0.25717013979 
0.410628 61.91261334649 0.26021691893 
0.411134 62.32974268050 0.27050996166 
0.411641 61.83043636341 0.27207687621 
0.412147 62.43611620813 0.26570660821 
0.412653 62.34436144908 0.27320994387 
0.413160 62.09212798080 0.26090689114 
0.413666 61.94503606100 0.26063612009 
0.414172 61.64549219531 0.27652767921 
0.414679 61.87843984162 0.27328251473 
0.415185 62.16716091900 0.29428975179 
0.415691 62.41617915392 0.26902880982 
0.416198 61.57176999856 0.27391746077 
0.416704 61.97144023140 0.27685847091 
0.417210 61.71246354026 0.28535661902 
0.417717 61.73406662829 0.29467964665 
0.418223 61.84815433600 0.27436790435 
0.418729 61.82025187674 0.27681614083 
0.419236 62.03497572169 0.27618470195 
0.419742 61.98978499981 0.26905162637 
0.420248 61.80708101195 0.27052846085 
0.420755 61.43482022566 0.28235144086 
0.421261 62.00225102288 0.27431016338 
0.421767 61.99707907555 0.27695799301 
0.422274 62.09743894633 0.27838959552 
0.422780 61.67408203015 0.27606297227 
0.423286 61.93461295895 0.28995933777 
0.423793 62.11722914623 0.27629653414 
0.424299 61.41869445321 0.28711070325 
0.424805 61.89216664139 0.28080691606 
0.425312 61.77211969899 0.29527666132 
0.425818 61.50632286304 0.28812106401 
0.426324 61.46447245959 0.30606119460 
0.426831 61.70411854327 0.28113865857 
0.427337 61.67237940769 0.29550476950 
0.427843 61.91588826021 0.29801859991 
0.428350 61.94706598875 0.29958609851 
0.428856 61.60494488640 0.29354469931 
0.429362 61.50508123782 0.29835915183 
0.429869 61.55533038339 0.31381640135 
0.430375 61.38200410656 0.31136652486 
0.430881 61.52312342322 0.30499439134 
0.431388 60.85552333738 0.31629513794 
0.431894 61.59125348176 0.32680365544 
0.432400 61.71460160157 0.33254344941 
0.432907 61.60714242218 0.32866595604 
0.433413 61.64759684451 0.33605893944 
0.433919 61.43252268347 0.33464693053 
0.434425 61.58507528249 0.33965154454 
0.434932 61.95873335424 0.32369836017 
0.435438 61.87291642114 0.35599763772 
0.435944 61.28798862776 0.34422641169 
0.436451 61.79732032780 0.33999457152 
0.436957 61.90152658840 0.35413874859 
0.437463 61.04365374890 0.34488021706 
0.437970 61.32554200003 0.35048618441 
0.438476 61.49732963562 0.35321053555 
0.438982 62.05379853798 0.37532518940 
0.439489 61.55661350270 0.38739090289 
0.439995 61.22745793122 0.35886745959 
0.440501 60.99404882156 0.37601218598 
0.441007 61.04501427385 0.37140246721 
0.441514 61.25264404776 0.37770742263 
0.442020 61.51173439913 0.40796975749 
0.442526 60.71502035834 0.39554094131 
0.443033 61.25556140253 0.39085944859 
0.443539 61.13109792827 0.41565026317 
0.444045 60.72642013911 0.41685727130 
0.444551 60.89863282689 0.41021095493 
0.445058 61.34205681795 0.42086492074 
0.445564 61.19847181373 0.42911372139 
0.446070 61.32776870467 0.44871877641 
0.446577 61.61260488268 0.43631653770 
0.447083 61.08209992845 0.46892593351 
0.447589 60.77512854525 0.46695467922 
0.448095 60.39949461657 0.45797079551 
0.448602 61.03937158430 0.46052308801 
0.449108 60.76018772590 0.46940075525 
0.449614 60.15660604884 0.48471831751 
0.450121 60.85995241320 0.49312888605 
0.450627 60.05716196765 0.49371130099 
0.451133 60.54582254733 0.50085534968 
0.451639 60.02012243586 0.50928425054 
0.452146 61.01309361930 0.53933906599 
0.452652 60.64129993004 0.53674045181 
0.453158 60.69325624749 0.58335583672 
0.453664 59.91689080468 0.57319718977 
0.454171 61.01907254316 0.57789168100 
0.454677 60.67809884241 0.57383341621 
0.455183 60.92521713268 0.63316855531 
0.455689 59.66986682831 0.63242514978 
0.456196 60.99724102472 0.65825636772 
0.456702 59.82743037287 0.65227725361 
0.457208 60.97824532395 0.72264896627 
0.457714 60.01059780642 0.77518524628 
0.458221 60.62378596811 0.74181994529 
0.458727 59.98817475684 0.77008915023 
0.459233 59.80076561439 0.86259374157 
0.459740 60.57051197506 0.85238999662 
0.460246 60.12622478402 0.91298513554 
0.460752 60.75487968419 0.98928544899 
0.461258 61.11218674353 0.97564385329 
0.461765 60.55529749689 1.08584572432 
0.462271 61.05451885866 1.02992812186 
0.462777 60.67314369404 1.22975720611 
0.463283 60.64327600256 1.24332267787 
0.463789 60.85339191175 1.39452849451 
0.464296 61.60498793452 1.34074829129 
0.464802 59.74342847664 1.30586152163 
0.465308 59.64233199784 1.50703764192 
0.465814 59.83347012462 1.68188637012 
0.466321 59.42276323227 1.74720496247 
0.466827 60.04465641204 1.80012595125 
0.467333 60.21257496199 1.98763752393 
0.467839 59.49286459614 1.87958687127 
0.468346 60.51542165730 2.42753453124 
0.468852 60.29841311731 2.66560840409 
0.469358 55.71862932112 2.87139632400 
0.469864 61.23553208604 3.07168151463 
0.470371 50.41717772884 3.45362104798 
0.470877 49.36418652553 4.02881312864 
0.471383 47.12122738893 4.88879925502 
0.471889 43.05502798741 6.51788012825 
0.472395 52.05974168694 5.92674161781 
0.472902 34.96898351846 10.10290244506 
