0.010896 1348.55092167989 10.87727709978 
0.011402 1195.34482404451 10.26466736304 
0.011909 1081.25488685791 10.96768473475 
0.012416 976.01454089286 8.86540506198 
0.012923 876.46557736933 6.92520896063 
0.013430 825.35612571909 10.66196792672 
0.013936 783.86617934739 9.12626389640 
0.014443 731.88562041923 7.43450371709 
0.014950 680.31093695091 6.62169655953 
0.015457 624.81740958626 5.38973878401 
0.015963 578.49415716424 4.99244135561 
0.016470 540.70209180044 4.17288047334 
0.016977 508.59828379338 3.62174702620 
0.017484 472.53146879486 3.11629421574 
0.017990 449.37301777981 3.27936612530 
0.018497 423.14131834744 2.63968947048 
0.019004 401.61942702068 2.44664900231 
0.019511 378.81953979909 2.25691736270 
0.020018 361.30088343984 2.07169050465 
0.020524 345.09264174862 1.72371693939 
0.021031 326.27646832526 1.85816586586 
0.021538 313.59593363622 1.70996998678 
0.022045 302.15483291787 1.64693970716 
0.022551 290.23438551084 1.58421550160 
0.023058 278.48100511241 1.56653825744 
0.023565 268.16404139850 1.60676285060 
0.024072 260.83068256808 1.68321347304 
0.024579 250.32420353861 1.63399479786 
0.025085 242.44428867561 2.14643158978 
0.025592 235.50708623444 2.11919008536 
0.026099 228.54696555607 2.19032569002 
0.026606 222.97485099656 1.66752282062 
0.027112 218.10760565044 1.67896577266 
0.027619 212.51922821330 1.53225591128 
0.028126 206.72226261964 1.46754968020 
0.028633 204.04208973253 1.41038519808 
0.029139 197.67636143597 1.18969032941 
0.029646 194.87509808550 1.11978996416 
0.030153 189.33373386264 1.10675322694 
0.030660 186.11270785312 1.04381755975 
0.031167 181.88340526737 0.90122353446 
0.031673 179.00566379455 0.96802683391 
0.032180 175.97139030211 0.90338452490 
0.032687 172.33971479773 0.88170786075 
0.033194 169.98826713552 0.82126119621 
0.033700 167.54434918045 0.77983267819 
0.034207 165.80140894739 0.78873150167 
0.034714 162.20743250861 0.75969119912 
0.035221 160.25664870992 0.72107042693 
0.035727 158.64443846017 0.66180286573 
0.036234 155.65263819707 0.64991841252 
0.036741 154.77702213948 0.68154501217 
0.037248 152.77448121489 0.66437702721 
0.037755 152.11260511071 0.60766180193 
0.038261 148.95456154374 0.58516708914 
0.038768 147.96296120499 0.59851935410 
0.039275 146.55296858419 0.58806690946 
0.039782 144.04373841274 0.57779936069 
0.040288 143.40837765926 0.56820119123 
0.040795 141.44568197365 0.59564690405 
0.041302 139.70043141924 0.58631347244 
0.041809 138.17717542458 0.55858885876 
0.042315 138.37160149188 0.54345191700 
0.042822 135.57063057574 0.55964024317 
0.043329 135.04375442180 0.55145420584 
0.043836 133.47617180237 0.53719023441 
0.044343 133.15672601920 0.54316115744 
0.044849 132.36893580920 0.53189344124 
0.045356 130.86338431445 0.52295907475 
0.045863 129.70628602143 0.50924189913 
0.046370 129.90367466495 0.51787036399 
0.046876 128.39123633529 0.50175070791 
0.047383 127.14220602625 0.50268340179 
0.047890 125.85932867782 0.48594455067 
0.048397 125.69502476566 0.46862308869 
0.048903 125.03495057763 0.49481701918 
0.049410 123.95749561465 0.48657592675 
0.049917 123.33768626890 0.48641870117 
0.050424 122.42890110909 0.49203923477 
0.050931 121.53464413362 0.47143627292 
0.051437 121.10471166683 0.45593596255 
0.051944 120.18796177412 0.44466465551 
0.052451 120.59524869069 0.45366627515 
0.052958 118.84697820728 0.42883991167 
0.053464 118.39023873047 0.45812197783 
0.053971 117.11034994319 0.44697838949 
0.054478 116.37647606651 0.44056437409 
0.054985 116.15979760410 0.43564373378 
0.055491 115.89671299103 0.45249697649 
0.055998 114.68377412958 0.41753786561 
0.056505 114.41772968807 0.43693631752 
0.057012 113.16697549684 0.44325550648 
0.057519 112.63500618813 0.42141882707 
0.058025 112.50048213946 0.42407246918 
0.058532 112.45284629211 0.41701883899 
0.059039 110.49937694921 0.40856574098 
0.059546 110.81584091547 0.42319960347 
0.060052 111.24518521234 0.41686020514 
0.060559 109.90211792305 0.39701440698 
0.061066 109.64045781349 0.41075946303 
0.061573 109.38075220253 0.39186641347 
0.062079 109.30127776019 0.40435386845 
0.062586 107.59234233755 0.38713109812 
0.063093 108.45667086659 0.39333887925 
0.063600 107.21989902263 0.39127046214 
0.064106 107.17521951415 0.38306607574 
0.064613 106.59841767169 0.39076539038 
0.065120 106.39062179508 0.37663126075 
0.065627 105.37057175012 0.40548636117 
0.066134 105.55979245511 0.37637696162 
0.066640 104.61354562093 0.38712786389 
0.067147 104.79342317998 0.37254274532 
0.067654 103.86515754173 0.36414426621 
0.068161 103.59091788011 0.37609324152 
0.068667 103.74222215664 0.36253730592 
0.069174 102.92824631308 0.38173186431 
0.069681 103.01810919041 0.36542955230 
0.070188 102.76291639656 0.37152733758 
0.070694 102.29984760443 0.36008117911 
0.071201 101.85589923546 0.35976370608 
0.071708 101.85125198298 0.35476143264 
0.072215 100.84636210341 0.35018266780 
0.072721 100.95936459954 0.34439631432 
0.073228 99.65842415932 0.34620433060 
0.073735 100.55864410207 0.35872246172 
0.074242 99.80051782343 0.34302862847 
0.074748 99.93310886417 0.34741271502 
0.075255 98.94115686236 0.33179767063 
0.075762 98.81666867492 0.33475710071 
0.076269 99.16966675646 0.34174558839 
0.076776 98.85469760393 0.33568465616 
0.077282 98.59241133415 0.32664882416 
0.077789 98.32019608242 0.32590007813 
0.078296 98.00082275055 0.33377008365 
0.078803 97.76984014420 0.32838464735 
0.079309 97.68707263833 0.32271193307 
0.079816 97.66690190390 0.33817882808 
0.080323 97.40419126567 0.33610962350 
0.080830 97.44411371530 0.33096749711 
0.081336 97.11912954837 0.33024070264 
0.081843 97.43903343536 0.33103309763 
0.082350 96.35623008771 0.32434902252 
0.082857 96.42977902445 0.33154200343 
0.083363 96.50512112500 0.33137380813 
0.083870 96.30955116458 0.34503159606 
0.084377 96.12300279008 0.32815315632 
0.084884 95.71909819155 0.33046897251 
0.085390 95.39558887011 0.33246182998 
0.085897 95.60252944686 0.35295720789 
0.086404 94.84769255053 0.34449218095 
0.086911 95.19472634963 0.34229992937 
0.087417 94.74720148424 0.32005370083 
0.087924 95.24051529868 0.34579923601 
0.088431 94.71449509053 0.32245504845 
0.088938 94.70105484329 0.33323451883 
0.089444 94.29247802450 0.32945363713 
0.089951 94.02240172608 0.32810099005 
0.090458 94.56761959569 0.33156473636 
0.090965 93.93202139200 0.33616956153 
0.091471 93.68240957656 0.33058723557 
0.091978 93.64131430483 0.34106149894 
0.092485 92.92807657533 0.35895985399 
0.092992 93.43107550556 0.34639602297 
0.093498 92.66119317468 0.34266114412 
0.094005 92.39409976279 0.33806817582 
0.094512 92.91968140564 0.33935317408 
0.095019 92.09066279704 0.32510416763 
0.095525 92.74791690637 0.32896970181 
0.096032 92.31156771130 0.31967055994 
0.096539 92.52704825545 0.32288404340 
0.097046 92.12080557007 0.33097724353 
0.097552 92.09139987748 0.33224531603 
0.098059 92.14264629871 0.32355691143 
0.098566 91.53500744041 0.32223254393 
0.099073 91.80039097781 0.32431665834 
0.099579 90.95928987034 0.31865227841 
0.100086 91.69335857027 0.31426876266 
0.100593 91.43572596996 0.33525064256 
0.101100 90.99316779186 0.31977887853 
0.101606 91.15221879123 0.30425350799 
0.102113 90.47657884678 0.30546897309 
0.102620 89.90930805853 0.29990722967 
0.103127 89.48617180719 0.29644960183 
0.103633 89.49392947789 0.29481027855 
0.104140 88.77849681419 0.29772858807 
0.104647 88.73019168497 0.29458480650 
0.105154 88.70615648157 0.30633202553 
0.105660 88.33206246546 0.30508038795 
0.106167 88.43320794007 0.29576953234 
0.106674 88.02314034894 0.31490241213 
0.107181 88.02808340273 0.30404546581 
0.107687 88.08220597307 0.29196970908 
0.108194 88.11336959726 0.29686516704 
0.108701 87.75040010534 0.29166642161 
0.109208 87.22203402936 0.28899360047 
0.109714 88.00059011250 0.28598866600 
0.110221 87.20232189052 0.29267359334 
0.110728 87.23731042156 0.29005399878 
0.111235 87.22565473939 0.29148047887 
0.111741 87.29509817395 0.27627054837 
0.112248 86.94173557057 0.27424909456 
0.112755 87.17669009868 0.28903906818 
0.113262 86.77544227087 0.27923551873 
0.113768 87.34617138695 0.29197334554 
0.114275 86.98685588023 0.26675305825 
0.114782 86.20242479198 0.27425242802 
0.115289 86.51431468258 0.27794667610 
0.115795 86.29370383264 0.27423083735 
0.116302 86.03396138795 0.26900571461 
0.116809 86.30021760594 0.27676297021 
0.117316 86.04072746917 0.27404791372 
0.117822 86.08607967674 0.27085528141 
0.118329 86.28357174539 0.27005332317 
0.118836 85.92684258222 0.26949135477 
0.119342 85.60480176707 0.27244224086 
0.119849 85.70531795790 0.27491223879 
0.120356 85.90499650600 0.26675951225 
0.120863 85.19932854373 0.26609166111 
0.121369 85.41034000834 0.27646638339 
0.121876 85.50026965361 0.26355327924 
0.122383 85.34542753561 0.25599172807 
0.122890 85.41818527384 0.26324731341 
0.123396 85.35143545442 0.26268005297 
0.123903 85.18652623953 0.25845049245 
0.124410 84.82746843463 0.26839120551 
0.124917 84.93044856014 0.25937662813 
0.125423 85.01347967665 0.26259077678 
0.125930 85.13347265999 0.25967257946 
0.126437 84.78064055341 0.25014439075 
0.126944 84.76919612966 0.26824977974 
0.127450 84.49341682797 0.25796605385 
0.127957 84.71292296190 0.25905051186 
0.128464 84.26693765543 0.25150156401 
0.128970 84.17200922547 0.24820245436 
0.129477 84.44613370586 0.25969406596 
0.129984 84.54686474431 0.25128819866 
0.130491 84.10266729267 0.24572492699 
0.130997 83.61025981806 0.24680458988 
0.131504 84.12445603898 0.24834668614 
0.132011 84.10481683466 0.24530122091 
0.132518 84.26392216173 0.24600118524 
0.133024 83.78522978949 0.24803761518 
0.133531 83.82243342082 0.24353019220 
0.134038 83.67049692780 0.24994401432 
0.134545 83.90215230907 0.24993025488 
0.135051 83.83557829059 0.24501306273 
0.135558 83.27677036989 0.24697155256 
0.136065 83.54737755813 0.24718658139 
0.136571 82.93231135972 0.24726921714 
0.137078 83.24154326778 0.24674945114 
0.137585 83.23577673321 0.24005803932 
0.138092 83.30454127496 0.24119014355 
0.138598 83.08481053638 0.24909492233 
0.139105 83.09756148426 0.24173471001 
0.139612 83.24157816772 0.24757356730 
0.140119 83.09906039892 0.24151721433 
0.140625 83.05769578358 0.24192792442 
0.141132 82.68070151554 0.24051491742 
0.141639 82.86829070210 0.23538677327 
0.142145 82.36036800790 0.23956602915 
0.142652 82.92026074535 0.23840931633 
0.143159 82.23808638299 0.23261031527 
0.143666 82.06817936234 0.23839734271 
0.144172 82.12765997293 0.24403003361 
0.144679 81.99403346858 0.24466874239 
0.145186 82.07862166061 0.24015430107 
0.145692 81.94168608056 0.23728634734 
0.146199 81.57154879960 0.23811942960 
0.146706 81.80322817527 0.23678654607 
0.147213 81.58910557093 0.24265298347 
0.147719 81.70712402565 0.23893537474 
0.148226 81.53136915054 0.24186355287 
0.148733 81.49368941445 0.24353822858 
0.149240 81.76599422837 0.24480296870 
0.149746 81.36101489996 0.24198079304 
0.150253 81.16592712299 0.23792542123 
0.150760 81.16391035968 0.23857756807 
0.151266 81.13101630038 0.24236935340 
0.151773 80.90640645156 0.24009620398 
0.152280 80.66400187648 0.23791467480 
0.152787 80.86503605542 0.23881849342 
0.153293 80.78767730536 0.23368624755 
0.153800 80.36555230681 0.23690252830 
0.154307 80.52730558952 0.23611924244 
0.154813 80.77939418917 0.23877756353 
0.155320 80.14586738345 0.23999937522 
0.155827 80.52672331033 0.23876437210 
0.156334 80.26519712902 0.24699567667 
0.156840 80.25737990669 0.24380284138 
0.157347 79.93204283662 0.23575232432 
0.157854 79.86976068838 0.23363910114 
0.158360 79.89994990351 0.23263767023 
0.158867 79.86552545923 0.23366343550 
0.159374 79.71181813938 0.23569255696 
0.159881 79.72348805207 0.23164895679 
0.160387 80.10647855226 0.23379568851 
0.160894 79.59631180486 0.23357240708 
0.161401 79.90103854789 0.23352602499 
0.161907 79.65013760896 0.23393595921 
0.162414 79.42544131241 0.22936168894 
0.162921 79.55655429479 0.23060394161 
0.163427 79.46750189167 0.22738919846 
0.163934 79.41245589222 0.23050931090 
0.164441 79.30884669447 0.23622391491 
0.164948 79.04719458033 0.23086982217 
0.165454 79.27791942633 0.23281123311 
0.165961 79.11432940939 0.23292815426 
0.166468 79.03012093713 0.23548029954 
0.166974 78.77254962137 0.23167971383 
0.167481 78.60325091610 0.22575676489 
0.167988 79.15474641731 0.23230190598 
0.168495 78.95856078709 0.23361033959 
0.169001 79.22879690990 0.23442289331 
0.169508 79.03585037221 0.23585374887 
0.170015 79.07802495698 0.23337715837 
0.170521 78.99023469202 0.22587396512 
0.171028 78.87825079312 0.23419485861 
0.171535 79.05729678943 0.23074058673 
0.172041 78.96698455769 0.23759367940 
0.172548 78.67212413377 0.23673464042 
0.173055 79.14732430343 0.23739559545 
0.173562 78.97498447934 0.23384862254 
0.174068 78.86381553128 0.23198856479 
0.174575 78.74984923484 0.23800935176 
0.175082 79.06150248654 0.23830807646 
0.175588 78.59672872678 0.23711205112 
0.176095 78.82224275644 0.23285859594 
0.176602 78.66381745200 0.23628047617 
0.177108 78.64472255157 0.23820230779 
0.177615 78.42664925941 0.24061167581 
0.178122 78.55630445572 0.23565792079 
0.178629 78.26684491034 0.23953236828 
0.179135 78.30275145894 0.23772833204 
0.179642 78.28850824408 0.23427438914 
0.180149 78.45808797413 0.23581125641 
0.180655 78.26581918743 0.23557798564 
0.181162 78.56923265453 0.23805220646 
0.181669 78.56521069354 0.24364734321 
0.182175 78.74129709602 0.24186356594 
0.182682 78.77827777248 0.24349535818 
0.183189 78.89589609747 0.24350935720 
0.183695 78.56084956132 0.24426760436 
0.184202 78.14977892721 0.24142721506 
0.184709 78.39885728995 0.23860569085 
0.185216 78.23500123879 0.24145349833 
0.185722 78.23728215887 0.24486286847 
0.186229 78.03028239057 0.24963408966 
0.186736 78.02501017475 0.24293838780 
0.187242 77.96067231502 0.24310415279 
0.187749 77.50349774600 0.24162023573 
0.188256 77.89830425777 0.25135257664 
0.188762 77.41515684614 0.24926523404 
0.189269 77.58098909519 0.24137910376 
0.189776 77.18310820935 0.24625165679 
0.190282 77.65426547014 0.25130776442 
0.190789 77.71197995927 0.24937220899 
0.191296 77.30035719407 0.24794114407 
0.191802 77.13685132405 0.24031554464 
0.192309 77.00513286609 0.23641103694 
0.192816 76.42211558447 0.23974363268 
0.193323 76.79328833798 0.23561353608 
0.193829 76.44659605039 0.23858261764 
0.194336 76.40605311051 0.23917334204 
0.194843 76.44553328204 0.23492911275 
0.195349 76.31617548954 0.23217015081 
0.195856 76.05271368946 0.23551843585 
0.196363 76.04739222447 0.22811214892 
0.196869 75.96601478154 0.23224678682 
0.197376 76.09268152791 0.22677065078 
0.197883 75.97775693642 0.22939853945 
0.198389 75.85015757257 0.22531822957 
0.198896 76.00741788270 0.22570785732 
0.199403 75.53675262972 0.22231096656 
0.199909 75.75502158070 0.22475164860 
0.200416 75.80925635481 0.22249018054 
0.200923 75.63815789169 0.22225642776 
0.201429 75.81446825137 0.22326558220 
0.201936 75.30569634557 0.21496243638 
0.202443 75.66022889377 0.21525163867 
0.202949 75.45249544984 0.22106595558 
0.203456 75.64113201350 0.22252741592 
0.203963 75.48133237897 0.21013382828 
0.204469 75.52771346163 0.21620788031 
0.204976 75.29833053889 0.21581348228 
0.205483 75.43071165992 0.22041665268 
0.205989 75.12189154626 0.21701525760 
0.206496 75.28836390600 0.21473694384 
0.207003 75.15459157920 0.21303393276 
0.207509 75.21718922569 0.21353059009 
0.208016 75.32906731125 0.21528891631 
0.208523 74.96020558870 0.21569781340 
0.209029 75.06140354070 0.20784677434 
0.209536 75.03721193908 0.21251881386 
0.210043 75.22250655341 0.20824392146 
0.210549 75.09425662049 0.20814498208 
0.211056 74.93964274372 0.20954759017 
0.211563 74.82566440826 0.20988927524 
0.212069 75.08553102687 0.21158269446 
0.212576 74.92072016553 0.20753002531 
0.213083 74.91614248205 0.20826030336 
0.213589 74.89661058080 0.20987089255 
0.214096 74.80216362041 0.20750712201 
0.214603 74.73993960447 0.20779926031 
0.215109 74.51881639289 0.20632512560 
0.215616 74.58827353792 0.20847332264 
0.216123 73.97749239597 0.20223524421 
0.216629 74.23533243612 0.20339564929 
0.217136 74.38135286422 0.20658049725 
0.217643 73.98022075039 0.20308372325 
0.218149 74.04874227605 0.20347408094 
0.218656 74.11312755657 0.20620572971 
0.219163 73.83307658258 0.20603299566 
0.219669 74.02575474413 0.20543286085 
0.220176 74.01106937178 0.20676290013 
0.220683 73.73239363810 0.20731214651 
0.221189 74.13804771223 0.20412960081 
0.221696 74.04046620585 0.20318242160 
0.222203 73.93912171281 0.20595926961 
0.222709 73.80575017759 0.20779468743 
0.223216 73.84480367700 0.20051558405 
0.223722 73.85187682390 0.20258803678 
0.224229 73.81465246660 0.20288197501 
0.224736 73.65031961062 0.20240695613 
0.225242 73.66490674772 0.20032825247 
0.225749 73.56838045354 0.20568492598 
0.226256 73.17211420214 0.19858746429 
0.226762 73.26705914847 0.20464330485 
0.227269 73.41830901877 0.20594796733 
0.227776 73.46649805790 0.20389186534 
0.228282 73.26305746325 0.19844417488 
0.228789 73.30064220253 0.20306158519 
0.229296 73.23429329956 0.20436441073 
0.229802 72.90350705627 0.19818730799 
0.230309 73.19193418392 0.19689012659 
0.230816 73.29608486927 0.20323550789 
0.231322 73.02056727667 0.20085980415 
0.231829 73.03420006274 0.20226560200 
0.232335 72.98804331414 0.20252418887 
0.232842 73.09710188700 0.20572788231 
0.233349 72.70650436928 0.20194846630 
0.233855 72.62209757416 0.20002774612 
0.234362 73.07789065449 0.20091814324 
0.234869 72.43910754011 0.20046791748 
0.235375 72.59476139689 0.19563004368 
0.235882 72.55550754456 0.19948532862 
0.236389 72.65320466077 0.20298156842 
0.236895 72.67185108562 0.19676185705 
0.237402 72.54837096434 0.19765471405 
0.237908 72.26561383240 0.20095770165 
0.238415 72.51688117450 0.20079002024 
0.238922 72.21977415078 0.19632416810 
0.239428 72.22031955946 0.20207474478 
0.239935 71.97646330587 0.19976994194 
0.240442 72.32061507873 0.19755663657 
0.240948 72.11916904011 0.19989117852 
0.241455 72.05665865608 0.19618374965 
0.241962 72.32023267495 0.19957936730 
0.242468 71.81553322460 0.19599411852 
0.242975 72.11974065270 0.19879500402 
0.243481 71.60442463360 0.20079886469 
0.243988 71.69115365012 0.19839049001 
0.244495 71.38264219967 0.19484149038 
0.245001 71.81891897129 0.19893605456 
0.245508 71.92811941540 0.19457589806 
0.246015 71.73844599410 0.19617288809 
0.246521 71.53935910379 0.19350994072 
0.247028 71.70056630051 0.19580727108 
0.247534 71.40746819477 0.19745020738 
0.248041 71.21500677201 0.19922695918 
0.248548 71.37903399562 0.19866260559 
0.249054 71.56036533508 0.19675491876 
0.249561 71.35525551099 0.19495646758 
0.250068 71.06426264098 0.19636426386 
0.250574 71.19901016336 0.19750316118 
0.251081 71.21441666898 0.20022682804 
0.251587 71.19883531595 0.19722237316 
0.252094 71.07520380799 0.20210947028 
0.252601 71.21456368253 0.19285221783 
0.253107 71.30364084364 0.20273940846 
0.253614 71.24223651729 0.19731014088 
0.254120 71.11324044070 0.19707812578 
0.254627 70.91134255117 0.19348989968 
0.255134 70.90459762455 0.19591495071 
0.255640 71.05734371131 0.19759802814 
0.256147 70.87586027560 0.19351637710 
0.256654 70.95988458508 0.19613363651 
0.257160 71.32707295530 0.19706457884 
0.257667 71.07589811216 0.19610706906 
0.258173 71.28762004733 0.19223509612 
0.258680 71.08228608113 0.19650088035 
0.259187 71.65342162709 0.19462133365 
0.259693 71.47577321654 0.19337219504 
0.260200 71.50518354362 0.19315656671 
0.260706 71.57018046306 0.19106638514 
0.261213 71.55588996166 0.19261415161 
0.261720 71.62380715113 0.19473863102 
0.262226 71.57055267631 0.19179284155 
0.262733 71.60393720316 0.19113300872 
0.263239 71.66688795474 0.19495107544 
0.263746 71.91134272548 0.19473865513 
0.264253 71.72680515760 0.19555270101 
0.264759 71.51745000330 0.19111304702 
0.265266 71.56866780605 0.19080309939 
0.265772 71.70868837722 0.19079456516 
0.266279 71.63579641633 0.19391134002 
0.266786 71.73303679575 0.19222613685 
0.267292 71.55491235328 0.19580828114 
0.267799 71.66790817953 0.19081220614 
0.268305 71.57633669438 0.18844348438 
0.268812 71.65624072737 0.19014059562 
0.269319 71.58902290501 0.19041593361 
0.269825 71.53795328538 0.18963299220 
0.270332 71.70083586572 0.18480422477 
0.270838 71.82779515107 0.18749181206 
0.271345 72.05885427681 0.19520358491 
0.271852 72.08767845692 0.18852167637 
0.272358 72.10955834061 0.19537934488 
0.272865 72.18368731073 0.19215631994 
0.273371 72.60171021819 0.19264086864 
0.273878 72.33132224367 0.19393830320 
0.274385 72.41172575529 0.19063954601 
0.274891 72.42672986780 0.18583702568 
0.275398 72.06629485106 0.19225653638 
0.275904 72.25767185709 0.18569459989 
0.276411 72.14784489758 0.18529634236 
0.276917 72.33617166916 0.18245686419 
0.277424 72.28953472977 0.18469442269 
0.277931 72.15963047979 0.18425343893 
0.278437 72.01126064134 0.18360561425 
0.278944 72.19810791788 0.18505315922 
0.279450 72.07751787912 0.18318228931 
0.279957 72.13586628245 0.18059503102 
0.280464 72.00198948159 0.18313196019 
0.280970 72.25574725573 0.18136935536 
0.281477 72.10182396569 0.18159150627 
0.281983 71.87493420688 0.17971700754 
0.282490 71.81690026111 0.18400430582 
0.282996 71.91164964621 0.18074899038 
0.283503 72.23918456602 0.17939023435 
0.284010 72.10445270775 0.17869333270 
0.284516 72.07193385928 0.18224688021 
0.285023 71.85580290667 0.17795611543 
0.285529 71.60953800197 0.17647659733 
0.286036 71.81925228116 0.17535100288 
0.286542 71.56931866816 0.17420823150 
0.287049 71.58589557241 0.17308088000 
0.287556 71.55517130565 0.17431698634 
0.288062 71.37902331059 0.17301611745 
0.288569 71.42003563496 0.17210337708 
0.289075 71.45292353769 0.17045157952 
0.289582 71.41520873139 0.17096224961 
0.290088 71.28873935076 0.17039277913 
0.290595 71.39077632180 0.16993828840 
0.291102 71.28336047851 0.17032814594 
0.291608 71.43621567426 0.16941037466 
0.292115 71.08972534369 0.16823286131 
0.292621 70.92987920055 0.16687747005 
0.293128 71.02827727733 0.16628583629 
0.293634 71.21205510784 0.16971750608 
0.294141 70.79287489525 0.16735141341 
0.294647 71.13467857265 0.16567797006 
0.295154 71.10812830650 0.16757368045 
0.295661 70.93713259112 0.16732327792 
0.296167 70.74311299396 0.16587626421 
0.296674 70.91262090620 0.16669180031 
0.297180 70.83154238439 0.16516251067 
0.297687 70.77801414773 0.16779540956 
0.298193 70.79771055705 0.16586324477 
0.298700 70.53685615335 0.16259790441 
0.299207 70.96654397319 0.16452373983 
0.299713 70.50776834826 0.16245998221 
0.300220 70.34644722423 0.16346666959 
0.300726 70.35626092246 0.16254517260 
0.301233 70.39674924545 0.16300139749 
0.301739 70.36896255200 0.16360880637 
0.302246 70.18024552791 0.16080906550 
0.302752 70.36370363040 0.16232136963 
0.303259 70.11740457120 0.16397257047 
0.303765 69.92557494349 0.16327521282 
0.304272 70.15785898588 0.16134214293 
0.304779 69.82350998055 0.15780800040 
0.305285 70.02642027487 0.16180237329 
0.305792 70.03181685231 0.15885607987 
0.306298 70.06988791177 0.16183229160 
0.306805 69.91021219485 0.16158630537 
0.307311 70.08535247621 0.15766523547 
0.307818 70.11119653430 0.15863330244 
0.308324 69.52561302399 0.15947195187 
0.308831 69.54193369444 0.15317874185 
0.309337 69.41819643806 0.15619093233 
0.309844 69.12651137192 0.15387973321 
0.310350 69.16834163829 0.15503575298 
0.310857 68.75141505475 0.15566066452 
0.311364 68.56838506913 0.15146955242 
0.311870 68.28474326356 0.14722106973 
0.312377 68.28838493816 0.14830066869 
0.312883 68.22114686582 0.14732539894 
0.313390 68.02931465233 0.14794155870 
0.313896 67.63746654790 0.14627002734 
0.314403 67.70992863859 0.14508651094 
0.314909 67.53763171259 0.14206981683 
0.315416 67.70314442535 0.14411287112 
0.315922 67.22238031729 0.14567563963 
0.316429 67.37932095982 0.14223453237 
0.316935 67.39892295268 0.14287431056 
0.317442 67.48607614503 0.14405058290 
0.317948 67.14677799112 0.14001543784 
0.318455 66.98046998162 0.14298901170 
0.318961 67.25376048296 0.14238941224 
0.319468 67.05865952554 0.14353016225 
0.319975 66.82875207655 0.14159354409 
0.320481 66.69318190580 0.14246364178 
0.320988 66.52041813770 0.14198230802 
0.321494 66.88460281474 0.13807359677 
0.322001 66.62127870905 0.15556734174 
0.322507 66.53157489250 0.14286875414 
0.323014 66.50871544891 0.14034691964 
0.323520 66.41696074500 0.14461586005 
0.324027 66.45683079612 0.14460204586 
0.324533 66.41975438675 0.14034832808 
0.325040 66.52053006612 0.13880565866 
0.325546 66.52758116182 0.14147122980 
0.326053 66.32088293304 0.13930222537 
0.326559 66.01503839182 0.13874466400 
0.327066 66.40264776099 0.13748017729 
0.327572 66.36535009507 0.13860982324 
0.328079 65.98797870659 0.14202361540 
0.328585 66.30940164049 0.13773779404 
0.329092 66.15781843764 0.13837488148 
0.329598 66.29557476421 0.13980595919 
0.330105 66.13647024696 0.13939402618 
0.330611 66.05926581253 0.14008368217 
0.331118 66.23091111045 0.13837445388 
0.331624 65.90226690083 0.13896100479 
0.332131 65.70901466721 0.13603493795 
0.332637 65.75073235406 0.13665020320 
0.333144 65.85427321151 0.13734772582 
0.333650 65.87545448393 0.13833815641 
0.334157 66.02730490005 0.13935160253 
0.334663 65.73802181208 0.13949068115 
0.335170 65.49564113627 0.13746558426 
0.335676 65.60736087708 0.13629295850 
0.336183 65.73772691676 0.14040786004 
0.336689 65.70128255561 0.13798608650 
0.337196 65.61862299017 0.14090282409 
0.337702 65.43314106424 0.13615645845 
0.338209 65.50918091686 0.13937635190 
0.338715 65.49475080088 0.13839378997 
0.339222 65.24478013398 0.14297555603 
0.339728 65.53386437803 0.13703275819 
0.340235 65.46438693580 0.21883338474 
0.340741 65.35370106179 0.13945617964 
0.341248 65.25589353964 0.13944513946 
0.341754 64.99284150279 0.13813203717 
0.342261 65.35627459138 0.13870055623 
0.342767 65.08830518403 0.13956747720 
0.343274 65.01998485365 0.14047469623 
0.343780 65.17703901133 0.14036676191 
0.344287 65.06834706085 0.13837704773 
0.344793 64.93206396707 0.13667966586 
0.345300 65.24641836218 0.14303345061 
0.345806 64.94408254630 0.14020206390 
0.346313 65.16693642276 0.14575532146 
0.346819 65.10012502453 0.14537664418 
0.347325 64.87769132741 0.14540261713 
0.347832 64.98534625727 0.14566545357 
0.348338 65.05875748133 0.14209913319 
0.348845 64.82983136257 0.14419880956 
0.349351 65.12097200192 0.14575695605 
0.349858 64.70906473327 0.15051808373 
0.350364 64.71444220768 0.14963715279 
0.350871 64.62777880130 0.14551348819 
0.351377 64.62092233392 0.14663844094 
0.351884 64.34843324314 0.14678990230 
0.352390 64.70349847982 0.14671552275 
0.352897 64.56972659023 0.14718671783 
0.353403 64.42857738123 0.14566012369 
0.353910 64.18510934071 0.15183206789 
0.354416 64.50162884056 0.15268567243 
0.354923 64.23952030060 0.15361588577 
0.355429 64.16516490423 0.15415507870 
0.355935 64.04277387284 0.14745724331 
0.356442 64.14478692002 0.15330580363 
0.356948 64.05681016667 0.15235150273 
0.357455 63.81042299207 0.16045391531 
0.357961 63.80734858248 0.15653836641 
0.358468 63.83505074581 0.15423849681 
0.358974 63.80176876771 0.22247850559 
0.359481 63.67208267432 0.20429252590 
0.359987 63.75868397126 0.19950175172 
0.360494 63.87794161649 0.18993750059 
0.361000 63.58993605015 0.18779721742 
0.361506 63.87759391058 0.18325780990 
0.362013 63.90325343087 0.18581018848 
0.362519 63.80902388387 0.18435379759 
0.363026 63.57890134485 0.17939121053 
0.363532 63.84572795713 0.18621198437 
0.364039 63.99927794465 0.18573930362 
0.364545 63.83197451869 0.17844866854 
0.365052 63.50890299754 0.18553607011 
0.365558 63.89865597910 0.18333812598 
0.366064 63.91871134214 0.18068651301 
0.366571 63.68236819790 0.18582908828 
0.367077 64.01583052278 0.18547753306 
0.367584 63.66748718774 0.18751083811 
0.368090 63.84645729713 0.18714961045 
0.368597 63.72225300572 0.19034797224 
0.369103 63.44394885503 0.18765961436 
0.369610 63.86500188890 0.18970728182 
0.370116 63.77615357602 0.18689115480 
0.370622 63.80291439520 0.18948204861 
0.371129 63.88899702020 0.18865119415 
0.371635 63.47260352132 0.19445769194 
0.372142 63.06792268709 0.19567404823 
0.372648 63.47896819198 0.19535125202 
0.373155 63.40370788140 0.19321542658 
0.373661 63.41347333506 0.19325538395 
0.374167 63.53505764817 0.19573482956 
0.374674 63.18840180980 0.19577087617 
0.375180 63.15202916624 0.19474729441 
0.375687 63.55510538848 0.19849211712 
0.376193 63.73182163996 0.19859836484 
0.376700 63.55522672152 0.20451583430 
0.377206 63.18099913567 0.20207959748 
0.377712 63.30583386288 0.20628342400 
0.378219 63.22073765615 0.20279034279 
0.378725 63.15593849556 0.20480967625 
0.379232 63.15703296933 0.20696511999 
0.379738 63.23817612740 0.20517220040 
0.380245 63.22219955361 0.21060915184 
0.380751 63.34626566558 0.20704344287 
0.381257 63.43048308226 0.20958240171 
0.381764 63.37073728649 0.20895670187 
0.382270 63.46039668502 0.20624722778 
0.382777 63.19282268819 0.20826345942 
0.383283 63.06656484997 0.21052488764 
0.383789 62.80752266675 0.21164231121 
0.384296 63.21880800725 0.21420420481 
0.384802 63.00874544191 0.20983857255 
0.385309 62.77092944379 0.21400963587 
0.385815 63.19517950270 0.20913029539 
0.386321 63.08510140207 0.21378181531 
0.386828 63.27877911855 0.21789500625 
0.387334 63.38137524895 0.21601413210 
0.387841 62.90417275769 0.21545800596 
0.388347 62.97741901867 0.21014093438 
0.388853 62.78829351124 0.21257673720 
0.389360 62.79148214876 0.21426651401 
0.389866 63.11827806249 0.21426475032 
0.390373 63.12311171515 0.21745310995 
0.390879 62.59512172955 0.21028516843 
0.391385 62.59539483451 0.21847533834 
0.391892 62.77240300551 0.21805008021 
0.392398 62.91637490519 0.22021732451 
0.392905 62.48738012214 0.22015786751 
0.393411 62.70070136913 0.22372162313 
0.393917 63.05066302632 0.22655488590 
0.394424 62.71332203032 0.22227865227 
0.394930 62.89002683728 0.23122065569 
0.395437 62.62233590106 0.22888793806 
0.395943 62.79076014859 0.23117214195 
0.396449 63.08671611785 0.26273983934 
0.396956 62.23963852652 0.22482850639 
0.397462 62.47364409601 0.22736064633 
0.397969 62.35413680828 0.22396396945 
0.398475 62.20598521051 0.23984802475 
0.398981 62.29483502186 0.23317170716 
0.399488 62.76874766263 0.23040069792 
0.399994 62.34974292631 0.23979055494 
0.400500 63.33240743143 0.23842035366 
0.401007 62.38481146010 0.23981490667 
0.401513 62.65287494086 0.24619581426 
0.402020 62.06097286056 0.23926578622 
0.402526 62.65488642029 0.24798643610 
0.403032 62.59695681703 0.24438219686 
0.403539 61.99564504435 0.25468064355 
0.404045 62.30162510589 0.25257785689 
0.404551 62.36716524032 0.26643903764 
0.405058 62.56897412019 0.27193084409 
0.405564 61.92525226186 0.26516568892 
0.406071 61.94155526648 0.25474947884 
0.406577 62.52185729650 0.26023560450 
0.407083 62.03071356807 0.26585711160 
0.407590 62.47045785424 0.26429602362 
0.408096 62.20029614061 0.26758889374 
0.408602 62.20505392529 0.26913215748 
0.409109 62.10044636511 0.26158472515 
0.409615 62.19960847607 0.27476577000 
0.410121 62.17018758963 0.26252662207 
0.410628 62.23306076230 0.25666871991 
0.411134 62.00795092420 0.26942986849 
0.411641 61.93767636009 0.27097680592 
0.412147 61.82251241111 0.26615527248 
0.412653 62.01766689342 0.27392110690 
0.413160 62.24339708845 0.26584215851 
0.413666 61.99819955636 0.26692172880 
0.414172 62.06280805764 0.28168272263 
0.414679 61.79690969397 0.28200268145 
0.415185 61.77097991370 0.28466244549 
0.415691 62.21632222410 0.27454309356 
0.416198 61.84770353875 0.28060129781 
0.416704 62.20836375068 0.28492347656 
0.417210 61.82145315108 0.28456798922 
0.417717 61.68061517700 0.29214432176 
0.418223 61.69533149431 0.27770649728 
0.418729 61.80829482955 0.28255232445 
0.419236 61.75893226040 0.28381492134 
0.419742 61.45753902572 0.26841212695 
0.420248 61.47646813561 0.26981154387 
0.420755 62.02948741492 0.28201463269 
0.421261 61.38392682775 0.27094629403 
0.421767 61.74540179624 0.27879469775 
0.422274 61.51438767823 0.27860344537 
0.422780 61.30120663180 0.26953264497 
0.423286 61.49296084887 0.28933226616 
0.423793 61.70804237115 0.28358045087 
0.424299 61.53149665016 0.28555643482 
0.424805 61.30446270359 0.29470425719 
0.425312 61.57897705022 0.30418616479 
0.425818 61.67963226164 0.28290572256 
0.426324 61.74861901466 0.30547516402 
0.426831 61.72762047347 0.29183821369 
0.427337 61.75429394190 0.31225434308 
0.427843 61.91894972285 0.29876453736 
0.428350 62.07186483493 0.31087962677 
0.428856 61.75318030148 0.32101055160 
0.429362 61.63288620415 0.30228172833 
0.429869 62.04486904214 0.31165687990 
0.430375 61.35873770212 0.30473604930 
0.430881 61.73066562954 0.30605133543 
0.431388 61.49909801601 0.32312665896 
0.431894 61.47656309149 0.32620487731 
0.432400 61.11488733938 0.32003604867 
0.432907 61.29564009914 0.32703762002 
0.433413 61.62064844100 0.33405106777 
0.433919 61.21558470589 0.33295809650 
0.434425 61.61927974139 0.33138190939 
0.434932 61.41208487642 0.34364640004 
0.435438 61.03428283247 0.36193313220 
0.435944 61.01487377603 0.33364965208 
0.436451 61.34877017893 0.33528115308 
0.436957 61.67204654215 0.35245471386 
0.437463 61.48868922081 0.36176908620 
0.437970 61.42462506602 0.36378471547 
0.438476 61.58647426363 0.36150160505 
0.438982 61.08311474941 0.35630403962 
0.439489 61.06039856636 0.36289534635 
0.439995 61.58731972118 0.36147094206 
0.440501 61.75422790347 0.36319615641 
0.441007 61.25288376541 0.39490877623 
0.441514 61.22235712964 0.38280982782 
0.442020 61.58464431542 0.40195105888 
0.442526 61.61983406074 0.40268485323 
0.443033 61.00641050174 0.39164332317 
0.443539 61.45738911684 0.39665783042 
0.444045 61.36951709367 0.41374582877 
0.444551 61.17165993556 0.42493294300 
0.445058 61.18195259113 0.41422911741 
0.445564 61.38330948804 0.42236811305 
0.446070 61.08564154559 0.44035018236 
0.446577 60.65253358346 0.43786896150 
0.447083 60.84890142378 0.47490148668 
0.447589 60.84817019037 0.44856512775 
0.448095 60.55773729887 0.45212350318 
0.448602 61.21848742430 0.45936503698 
0.449108 60.96006046550 0.46647555545 
0.449614 61.18632753323 0.48933729449 
0.450121 60.38785130201 0.49278012037 
0.450627 61.15569375464 0.51152061640 
0.451133 59.89718820064 0.51361415655 
0.451639 60.46898176659 0.53552290114 
0.452146 60.19619951390 0.52451537938 
0.452652 60.42334156203 0.55573398942 
0.453158 60.09193187226 0.56835474244 
0.453664 60.07510817068 0.56568776380 
0.454171 60.07706721595 0.58514899820 
0.454677 60.60660777346 0.60788995474 
0.455183 59.99978070669 0.62158161695 
0.455689 59.18732302036 0.61929916206 
0.456196 60.17183793240 0.68631300855 
0.456702 61.05752924458 0.65525290154 
0.457208 60.00946826305 0.67502557299 
0.457714 60.55164277014 0.77565426898 
0.458221 60.27046852121 0.74856706265 
0.458727 59.76053709863 0.79162120136 
0.459233 59.75829022018 0.81927331178 
0.459740 60.06014300174 0.86852996067 
0.460246 59.80373053485 0.93182983841 
0.460752 59.71291068562 0.99646220169 
0.461258 59.85933574193 1.00009733488 
0.461765 59.52193361306 1.05888916389 
0.462271 60.35831259185 1.02919748602 
0.462777 60.22889264358 1.14331619761 
0.463283 61.43556908095 1.26246515619 
0.463789 60.93790250895 1.32015476260 
0.464296 60.77203541858 1.39078349616 
0.464802 58.88614075628 1.29794991562 
0.465308 60.97334287882 1.50133855165 
0.465814 59.06389293146 1.61785019063 
0.466321 59.53543622428 1.63655227257 
0.466827 59.03223859373 1.83910267411 
0.467333 62.04423700928 1.93982588335 
0.467839 60.46894327534 1.96375937620 
0.468346 60.71217799334 2.46287882720 
0.468852 58.56165242569 2.55953148473 
0.469358 57.21186426100 2.80971801274 
0.469864 58.27570186969 2.87013296970 
0.470371 57.22529638154 3.85653173217 
0.470877 58.68276476673 4.45042835757 
0.471383 57.81166492792 5.55930936576 
0.471889 55.50771659363 7.18195999369 
0.472395 53.82675985900 6.02913909882 
0.472902 51.30462739405 12.18917938045 
