0.010896 1343.47493888416 13.96985208770 
0.011402 1209.86785284730 12.54108665670 
0.011909 1080.04589626556 10.14896261117 
0.012416 984.66816020080 9.47830368507 
0.012923 891.42615314942 6.89362980052 
0.013430 823.82513206647 12.05964595769 
0.013936 792.51902763984 9.00430117641 
0.014443 737.51400174779 7.82661688046 
0.014950 682.24330364354 6.49552616593 
0.015457 627.20363634124 5.58896730205 
0.015963 585.92992271313 4.78446997484 
0.016470 546.88092096016 4.32879161712 
0.016977 513.94282374029 3.82380480137 
0.017484 480.22987278511 3.42409898684 
0.017990 456.06727559215 2.91009673336 
0.018497 423.28971734757 2.81580065067 
0.019004 403.54486526700 2.40986630904 
0.019511 381.93528582600 1.96157224881 
0.020018 364.54284886631 2.23813620728 
0.020524 348.60732358106 1.97903601170 
0.021031 332.89583606460 2.01193734308 
0.021538 319.14213535963 1.57669633823 
0.022045 304.94304738700 1.68440654083 
0.022551 294.13420462920 1.50289928967 
0.023058 283.24656592271 1.48014557793 
0.023565 271.78599322395 1.55065148391 
0.024072 265.25267716114 1.68965594924 
0.024579 254.49878680361 1.67694726321 
0.025085 247.33350551901 2.04465285275 
0.025592 240.10235068703 2.16184757507 
0.026099 233.38785147579 2.18697906366 
0.026606 225.20128477340 1.64606133784 
0.027112 221.47422907264 1.77087173580 
0.027619 216.20221405239 1.52444022124 
0.028126 210.17120627288 1.50052352950 
0.028633 205.99891548483 1.45036669600 
0.029139 200.77376578893 1.19825566304 
0.029646 197.71346016883 1.20652939008 
0.030153 193.33185477465 1.09699584192 
0.030660 188.87172301274 1.04144565001 
0.031167 186.86964395549 0.88417909329 
0.031673 182.22593535165 0.93326283372 
0.032180 178.53066544884 0.88430579780 
0.032687 175.75905720901 0.89946247259 
0.033194 172.56681172592 0.87392031335 
0.033700 170.60179328607 0.79474384002 
0.034207 168.35886499403 0.75776114960 
0.034714 165.56621112247 0.77759184018 
0.035221 163.31848907049 0.72738456632 
0.035727 160.64315481475 0.69491386251 
0.036234 158.09554030654 0.67294658560 
0.036741 156.81568712518 0.65918182767 
0.037248 153.56931627325 0.70647329843 
0.037755 152.76641022260 0.62205346968 
0.038261 151.89801734825 0.65438765185 
0.038768 151.01019631925 0.59773639696 
0.039275 148.19434569416 0.62984109160 
0.039782 145.97109477278 0.57806860946 
0.040288 144.91192320684 0.57920512597 
0.040795 143.26169765277 0.55135649523 
0.041302 142.41396523098 0.58246205021 
0.041809 140.45019028082 0.58402403818 
0.042315 138.95636844390 0.54478962024 
0.042822 138.08942661702 0.55409201809 
0.043329 136.77181130819 0.54897568257 
0.043836 136.02873583186 0.53091765648 
0.044343 134.97624196038 0.50516247071 
0.044849 134.64184194807 0.51596275357 
0.045356 132.43798206816 0.52084147218 
0.045863 131.45236514553 0.52727564351 
0.046370 131.24731184000 0.53458684283 
0.046876 130.40893335199 0.50389893009 
0.047383 129.60093793962 0.48398573055 
0.047890 127.97208273026 0.49892993424 
0.048397 127.06437043621 0.52266721007 
0.048903 125.79764708925 0.48434626349 
0.049410 124.98078610579 0.49421546280 
0.049917 124.51845719015 0.48343190872 
0.050424 124.06128489647 0.44537421684 
0.050931 122.69637320220 0.46978553701 
0.051437 122.12432122505 0.44717838035 
0.051944 121.87369317493 0.45354023580 
0.052451 120.96725762005 0.45755748226 
0.052958 120.98527590400 0.44390243420 
0.053464 120.12370147204 0.44266165100 
0.053971 118.46975634905 0.44814458860 
0.054478 117.70637845381 0.45589241893 
0.054985 117.91600258240 0.45028221689 
0.055491 116.54852436912 0.44341887002 
0.055998 115.59964365102 0.43945038290 
0.056505 115.95568892620 0.42081706874 
0.057012 114.99154972413 0.42712402376 
0.057519 114.35314354630 0.43058619187 
0.058025 112.85390098175 0.41250913805 
0.058532 112.98854686907 0.40180751772 
0.059039 112.42794010347 0.41481274985 
0.059546 112.69489805513 0.42708038706 
0.060052 111.31216436939 0.41553660767 
0.060559 111.10689873195 0.39938649833 
0.061066 110.42687851182 0.41467797391 
0.061573 109.71226916347 0.38106954736 
0.062079 109.72070482220 0.40526013968 
0.062586 108.97029603299 0.41633102050 
0.063093 108.46094425939 0.38647182737 
0.063600 108.67451538229 0.40214065077 
0.064106 107.82435514397 0.38957164486 
0.064613 107.35632268174 0.40310554115 
0.065120 106.92370595281 0.37839924622 
0.065627 106.00810322970 0.37789312904 
0.066134 106.63730922010 0.38222520049 
0.066640 105.77055810096 0.38711391525 
0.067147 104.91009560230 0.38912375741 
0.067654 104.86858745626 0.37967501358 
0.068161 104.42588300943 0.35861140973 
0.068667 103.84635466704 0.35987462023 
0.069174 104.04614166835 0.36041400371 
0.069681 103.38472465364 0.36641395650 
0.070188 102.90434915171 0.35797401763 
0.070694 102.43366095338 0.36181203217 
0.071201 103.26569808207 0.36794169068 
0.071708 102.07587499763 0.35167400736 
0.072215 102.09759540674 0.33815898507 
0.072721 101.46155616550 0.35565738668 
0.073228 101.67319757329 0.34644571131 
0.073735 100.59566158532 0.34722911603 
0.074242 100.57248452628 0.33484942947 
0.074748 100.23162153202 0.35142012840 
0.075255 99.30373633388 0.33877354489 
0.075762 99.91949897242 0.34385070475 
0.076269 99.44486293337 0.34859794642 
0.076776 99.46697673413 0.33177257974 
0.077282 99.18678596746 0.32925815936 
0.077789 99.00862437251 0.32719801218 
0.078296 98.76064779422 0.32167696343 
0.078803 98.35984646358 0.33156107164 
0.079309 98.29261562411 0.33219373118 
0.079816 97.97022535981 0.33695492570 
0.080323 98.01335577048 0.34202776584 
0.080830 97.75641151179 0.33572443092 
0.081336 97.69320654772 0.32605193515 
0.081843 97.39235765551 0.33244759624 
0.082350 97.60089651492 0.34059469262 
0.082857 96.94555076260 0.33566406958 
0.083363 96.62235083419 0.33631283047 
0.083870 97.02665706331 0.33520184193 
0.084377 96.65745362216 0.32902683632 
0.084884 95.96922556525 0.34203216834 
0.085390 95.64652006266 0.33650114356 
0.085897 96.44051919565 0.32584488746 
0.086404 95.72945856814 0.33549146778 
0.086911 96.17054078786 0.32380157812 
0.087417 95.10612945557 0.32097474259 
0.087924 94.96668863083 0.33273500373 
0.088431 94.81620351097 0.31753055106 
0.088938 94.81471537809 0.32818250141 
0.089444 94.62835865525 0.33774800942 
0.089951 94.70923637884 0.33237917127 
0.090458 94.23392658959 0.33440735957 
0.090965 94.44661561397 0.32173467367 
0.091471 94.34719239324 0.32790770918 
0.091978 94.07076270851 0.32867702337 
0.092485 92.85705725632 0.35211117360 
0.092992 93.78495180467 0.34136613673 
0.093498 93.17484691584 0.33728238826 
0.094005 93.00542797301 0.32793903285 
0.094512 93.11846350607 0.33282847555 
0.095019 93.04678913012 0.32941729084 
0.095525 92.54527657421 0.32672220363 
0.096032 92.60298062187 0.33002044087 
0.096539 92.63927953664 0.31547559111 
0.097046 92.19089182033 0.32725842158 
0.097552 92.10163191197 0.33535281409 
0.098059 92.44395276799 0.33000852153 
0.098566 92.40171373755 0.31986734228 
0.099073 91.98003201304 0.33892243219 
0.099579 91.44184781147 0.32294851858 
0.100086 91.70548796176 0.32349702429 
0.100593 91.69312534709 0.31946854317 
0.101100 91.23413570918 0.30399158101 
0.101606 90.67038088743 0.31336046709 
0.102113 90.33567707097 0.31173578401 
0.102620 90.04422495031 0.30241615661 
0.103127 89.46953578548 0.29802077724 
0.103633 89.47745367967 0.30227325930 
0.104140 88.32533372218 0.29674005380 
0.104647 88.79898394756 0.29247384616 
0.105154 89.12542328309 0.30550726483 
0.105660 88.59653864877 0.30675881682 
0.106167 88.75429780127 0.30568685469 
0.106674 88.35402394555 0.31042224136 
0.107181 88.02929375822 0.29915789790 
0.107687 88.24390630861 0.30938300431 
0.108194 88.35922930306 0.30717567269 
0.108701 88.24889896156 0.29586439734 
0.109208 87.73361284978 0.28982647283 
0.109714 87.98269170546 0.28972219607 
0.110221 87.73323995505 0.28360313943 
0.110728 88.02929636716 0.28808754188 
0.111235 87.52728392110 0.29226973387 
0.111741 87.43362277259 0.28342131623 
0.112248 87.00329922839 0.27703850300 
0.112755 86.87269487670 0.28059389712 
0.113262 86.86856358058 0.27255235044 
0.113768 87.39719028391 0.28127556121 
0.114275 87.02471989772 0.29046963498 
0.114782 86.84932565428 0.28098186406 
0.115289 86.61558777512 0.28218220824 
0.115795 86.77577182602 0.27332314261 
0.116302 86.34332966574 0.28383497064 
0.116809 86.38029837918 0.26633861743 
0.117316 86.07606100471 0.27560895861 
0.117822 86.04432908739 0.26854202919 
0.118329 86.19324775220 0.27198961507 
0.118836 85.70323551942 0.26410784505 
0.119342 85.99291398845 0.26499660299 
0.119849 85.77862944091 0.27475231886 
0.120356 85.81166749569 0.26315465835 
0.120863 85.72495948162 0.26323515290 
0.121369 85.20557911659 0.26003004671 
0.121876 85.80364998897 0.27127147448 
0.122383 85.12916188639 0.26455663972 
0.122890 85.25491449943 0.26441831376 
0.123396 84.99848486569 0.26240713558 
0.123903 85.10735592504 0.26299404028 
0.124410 84.83690419919 0.26276517338 
0.124917 85.35573370286 0.26265802577 
0.125423 84.77940924498 0.26239358568 
0.125930 85.07631783694 0.26263580768 
0.126437 84.73006209393 0.25961945069 
0.126944 84.91550206849 0.26043862827 
0.127450 85.06900146329 0.25609412946 
0.127957 84.86233439999 0.25279268747 
0.128464 84.73388661627 0.25795963422 
0.128970 84.29478562959 0.25372980119 
0.129477 84.93368465618 0.26004174210 
0.129984 84.76801870174 0.25126890662 
0.130491 84.58334475159 0.24653953744 
0.130997 84.01670365474 0.25162414874 
0.131504 84.19451509859 0.25397130603 
0.132011 84.17752892923 0.25379442961 
0.132518 84.49205209152 0.25033246285 
0.133024 84.73117750372 0.25253723657 
0.133531 83.78023747996 0.24530247081 
0.134038 83.85283813040 0.24877846608 
0.134545 83.93311723959 0.24878222670 
0.135051 83.51857846955 0.25020569032 
0.135558 83.48813906801 0.24501526452 
0.136065 83.30715727222 0.24536640784 
0.136571 83.97940761433 0.24948939139 
0.137078 83.25757326105 0.24676174721 
0.137585 83.28185572995 0.24662743828 
0.138092 83.17855535440 0.24577270884 
0.138598 83.31278470950 0.24432073593 
0.139105 83.46842235594 0.24608989884 
0.139612 83.44668669109 0.24505940695 
0.140119 82.91612125352 0.24596015714 
0.140625 82.97715321148 0.24377237850 
0.141132 82.75182761267 0.23881368203 
0.141639 82.70335554587 0.24460200480 
0.142145 82.62288709667 0.24343974844 
0.142652 82.50811214290 0.23977551460 
0.143159 82.64206647770 0.23877554149 
0.143666 82.48405853204 0.23873642182 
0.144172 82.04317889426 0.23892220673 
0.144679 81.95283316974 0.24171949565 
0.145186 82.58449286995 0.24399690669 
0.145692 82.29969242600 0.24277665204 
0.146199 81.80557230453 0.24394877930 
0.146706 82.00422280198 0.24094219870 
0.147213 81.56860083228 0.24388892186 
0.147719 81.91129706632 0.23957702746 
0.148226 81.78980209398 0.23600038550 
0.148733 81.98253989180 0.24564285116 
0.149240 81.47883435356 0.23885116524 
0.149746 81.43409168035 0.24429969537 
0.150253 81.08596079581 0.24122779345 
0.150760 81.12954222199 0.24544963219 
0.151266 80.90206756623 0.23895480376 
0.151773 81.25713499093 0.23833527949 
0.152280 81.42335377368 0.23767496166 
0.152787 81.14515213314 0.24805005882 
0.153293 80.79407909608 0.24191205172 
0.153800 80.87190828232 0.23861516193 
0.154307 80.90359226078 0.24620806871 
0.154813 80.85419382722 0.23664185503 
0.155320 80.45661681641 0.23903244542 
0.155827 80.93282904881 0.23404875644 
0.156334 80.79491585853 0.23824162920 
0.156840 80.57892465215 0.24299009575 
0.157347 80.61792362430 0.23507961821 
0.157854 80.30432453073 0.23951680865 
0.158360 79.92384264512 0.23283648976 
0.158867 80.12971398740 0.23817195558 
0.159374 80.25704625735 0.24076155839 
0.159881 80.20537545063 0.23298222376 
0.160387 80.01507389039 0.23944114795 
0.160894 79.78624157440 0.24076398022 
0.161401 80.20509413019 0.23379864675 
0.161907 79.76187058480 0.23406368610 
0.162414 79.55696470585 0.23011551552 
0.162921 79.55000109806 0.23205367535 
0.163427 79.25341378606 0.22729740688 
0.163934 79.55123016012 0.23142008067 
0.164441 79.42232524067 0.23461269617 
0.164948 79.45912779774 0.22531584097 
0.165454 79.26679463936 0.22319003446 
0.165961 79.36247131680 0.23176284816 
0.166468 79.02635656247 0.23101695855 
0.166974 79.10651033078 0.22979030715 
0.167481 78.97503494302 0.23152542934 
0.167988 79.36403655513 0.22779273910 
0.168495 79.33384011762 0.23347241287 
0.169001 78.60279166397 0.22985433571 
0.169508 79.06320354387 0.22888082208 
0.170015 79.43085845691 0.23516371318 
0.170521 79.20515757785 0.23191588227 
0.171028 79.07170047192 0.23676132308 
0.171535 79.31022729263 0.23550624850 
0.172041 79.49401767124 0.23674837928 
0.172548 78.99253501540 0.23459198788 
0.173055 78.97806364595 0.23401057189 
0.173562 78.76067217862 0.22970886354 
0.174068 79.05151433411 0.23653601465 
0.174575 78.90770295520 0.23715794683 
0.175082 78.91130651203 0.23594692406 
0.175588 78.76530341928 0.23688159434 
0.176095 78.77576135911 0.23861684186 
0.176602 78.78866479555 0.23879771595 
0.177108 78.61814252861 0.23927812288 
0.177615 78.64416061582 0.23731604584 
0.178122 78.56035605184 0.23596193115 
0.178629 78.66454833548 0.23634855195 
0.179135 78.51836203783 0.23347718776 
0.179642 78.52929645836 0.24260078235 
0.180149 78.39140503254 0.23759429923 
0.180655 78.52756770164 0.23663224464 
0.181162 78.74658941047 0.24355872003 
0.181669 78.80232633396 0.24088151000 
0.182175 78.67308116074 0.24576944716 
0.182682 78.71569447918 0.24325074924 
0.183189 79.07777539988 0.23955498755 
0.183695 78.49653789074 0.24008248812 
0.184202 78.09443370080 0.23909105033 
0.184709 78.21408822551 0.23745012187 
0.185216 78.23177175080 0.24833776459 
0.185722 78.18821154091 0.24065157670 
0.186229 77.80952735625 0.24364488798 
0.186736 78.21013046207 0.25019782889 
0.187242 78.10772150094 0.23701127802 
0.187749 77.89784352427 0.24582853108 
0.188256 77.88329170423 0.24638647855 
0.188762 77.96073377207 0.24175717159 
0.189269 77.73804684535 0.25130143578 
0.189776 77.37956188377 0.24642729691 
0.190282 77.39209941877 0.24113398859 
0.190789 76.94782932400 0.24217525760 
0.191296 77.68369214531 0.24412842457 
0.191802 77.32741124025 0.24525619087 
0.192309 77.01502616563 0.23307026264 
0.192816 76.94818569928 0.23850894065 
0.193323 76.64753284736 0.24067516127 
0.193829 76.75531895747 0.23685169724 
0.194336 76.43898541916 0.23640365176 
0.194843 76.84966536046 0.23566037547 
0.195349 76.50906494910 0.23727062940 
0.195856 76.06751885451 0.23489307855 
0.196363 76.36641800917 0.23619821909 
0.196869 76.14531820083 0.22736060137 
0.197376 76.29799925258 0.22487473165 
0.197883 75.85410197153 0.22954201871 
0.198389 76.07907787506 0.22573745493 
0.198896 75.80682602859 0.22488680524 
0.199403 75.77753988935 0.22403529070 
0.199909 75.84879870529 0.22371440437 
0.200416 75.96475778755 0.22281033789 
0.200923 75.65605277686 0.22031394870 
0.201429 75.88792781030 0.22123495382 
0.201936 75.43742168899 0.21699182073 
0.202443 75.67512979843 0.21579612573 
0.202949 75.56086672193 0.22216461850 
0.203456 75.26722774077 0.22531439049 
0.203963 75.50953703762 0.21355890131 
0.204469 75.41263425376 0.21613737303 
0.204976 75.30327887419 0.22015335661 
0.205483 75.15407669382 0.21903693317 
0.205989 75.15740068106 0.21551147162 
0.206496 75.42308917145 0.21933028550 
0.207003 75.42115144145 0.21529080206 
0.207509 75.36412484834 0.21521774764 
0.208016 75.21081379209 0.21645799161 
0.208523 75.17228016051 0.21728565934 
0.209029 75.35295926876 0.21138354686 
0.209536 75.21136450939 0.21425227750 
0.210043 75.28709277167 0.21714716904 
0.210549 75.22795732461 0.21415969828 
0.211056 75.20053879833 0.21153660423 
0.211563 75.16477523655 0.20926536863 
0.212069 75.25193473694 0.20852974301 
0.212576 74.78051756869 0.21186546175 
0.213083 74.97566330516 0.21296594831 
0.213589 74.62250241985 0.21151558187 
0.214096 74.83989469774 0.20316177297 
0.214603 74.77536002377 0.21160478071 
0.215109 74.64318386792 0.20852363557 
0.215616 74.57551120816 0.20757331891 
0.216123 74.40971081393 0.20712867240 
0.216629 74.55274809976 0.20844749403 
0.217136 74.31009402388 0.20534722237 
0.217643 74.32904701645 0.21117739596 
0.218149 74.10392116816 0.20704824745 
0.218656 74.24405634676 0.20725171001 
0.219163 74.09173837250 0.20497056021 
0.219669 74.04137991883 0.20690778060 
0.220176 74.06752971954 0.20381682908 
0.220683 73.72936350365 0.20591016796 
0.221189 73.88992566949 0.20174944187 
0.221696 74.03863439200 0.20610987482 
0.222203 73.85881594388 0.20362583980 
0.222709 73.93609373686 0.20728709057 
0.223216 73.71556083876 0.20274721886 
0.223722 73.73438725554 0.20496277939 
0.224229 73.60522601461 0.20346974739 
0.224736 73.45157926029 0.20159811734 
0.225242 73.64165625180 0.20033812956 
0.225749 73.66597886294 0.20234775475 
0.226256 73.66567997961 0.20640041913 
0.226762 73.39776751027 0.20322209937 
0.227269 73.39166024440 0.20000837076 
0.227776 73.28374417938 0.20576801760 
0.228282 73.26624479141 0.20251950261 
0.228789 73.12090431658 0.20087355295 
0.229296 73.05673421810 0.20078687804 
0.229802 72.95766347732 0.20476689286 
0.230309 73.21863242732 0.19940775225 
0.230816 73.19061739323 0.19610221963 
0.231322 73.31413628887 0.19811377478 
0.231829 73.35299638631 0.19896907074 
0.232335 72.88828796356 0.20124092159 
0.232842 72.61613831063 0.20038386908 
0.233349 72.84111379085 0.19995565191 
0.233855 72.71049899034 0.19732230923 
0.234362 73.01046592024 0.19924285325 
0.234869 72.57677049341 0.20121131170 
0.235375 72.53254061295 0.20195581057 
0.235882 72.59330721489 0.19737910223 
0.236389 72.96969107796 0.20296443660 
0.236895 72.43976480446 0.19591460538 
0.237402 72.16920873556 0.19451864681 
0.237908 72.49671499945 0.19866270122 
0.238415 72.38896750788 0.20372955640 
0.238922 72.58927765195 0.20306266845 
0.239428 72.25677350471 0.19773908617 
0.239935 72.39766364559 0.20090330798 
0.240442 72.34389242327 0.19663742814 
0.240948 72.11638993497 0.19888335478 
0.241455 72.15462323314 0.19635971136 
0.241962 71.81495343416 0.19938695325 
0.242468 71.81730735156 0.19873617506 
0.242975 71.89580544864 0.20233862563 
0.243481 71.99332702075 0.19829199441 
0.243988 71.82176265660 0.19827638113 
0.244495 71.57622552502 0.19748223294 
0.245001 71.54804015003 0.19893541677 
0.245508 71.61443351594 0.19830247705 
0.246015 71.69957210179 0.19633363302 
0.246521 71.68758178455 0.19686128856 
0.247028 71.41295266044 0.19636210647 
0.247534 71.70227523322 0.19483325377 
0.248041 71.38110372829 0.20065903545 
0.248548 71.41973229941 0.19627695512 
0.249054 71.62507129970 0.19450102426 
0.249561 71.56916287658 0.19762088303 
0.250068 71.52510951343 0.19593256587 
0.250574 71.19808917054 0.19607638956 
0.251081 71.04349934246 0.19653141472 
0.251587 71.14951889561 0.19470206747 
0.252094 71.11280365266 0.19613015652 
0.252601 71.27783407948 0.19808724500 
0.253107 71.26931481515 0.19774632263 
0.253614 71.00155084649 0.19331640730 
0.254120 71.05070243863 0.19435591698 
0.254627 71.06155395536 0.19518109579 
0.255134 70.88774993012 0.19471793331 
0.255640 71.08712532427 0.19565401960 
0.256147 70.84126229650 0.19349903740 
0.256654 70.82716863320 0.19529616655 
0.257160 71.08250226046 0.19550569103 
0.257667 71.06138045027 0.19773626820 
0.258173 71.20475262386 0.19649710145 
0.258680 71.47131411153 0.19758050465 
0.259187 71.25362699524 0.19253693647 
0.259693 71.45391627344 0.19401666268 
0.260200 71.46992669407 0.19445829257 
0.260706 71.66317946747 0.19811157388 
0.261213 71.68603927397 0.19473846843 
0.261720 71.79377911421 0.19438421086 
0.262226 71.58393780845 0.18982168900 
0.262733 71.69807491024 0.19267848580 
0.263239 71.58560340802 0.19288060337 
0.263746 71.74117890863 0.19580309133 
0.264253 71.43270669373 0.19189327752 
0.264759 71.75060311901 0.19225355495 
0.265266 71.46989842697 0.19435216387 
0.265772 71.67419084166 0.19348934829 
0.266279 71.70040731667 0.19046736387 
0.266786 71.62762749223 0.19299699580 
0.267292 71.55709273466 0.19201758231 
0.267799 71.50250334621 0.19134044888 
0.268305 71.64924144609 0.18766023197 
0.268812 71.56582782533 0.19410820073 
0.269319 71.77340325032 0.18507247832 
0.269825 71.69722607140 0.18880822263 
0.270332 71.77987106521 0.19208020158 
0.270838 71.82317977653 0.19069626669 
0.271345 72.09125681946 0.19126972052 
0.271852 72.04817668773 0.19120010044 
0.272358 72.08532207047 0.19539517181 
0.272865 72.14772025243 0.18851067384 
0.273371 72.63459697154 0.19459796908 
0.273878 72.26236852338 0.19741158180 
0.274385 72.29346135013 0.19221566640 
0.274891 72.11994056108 0.19000043804 
0.275398 72.52195912445 0.18657201784 
0.275904 72.25305732456 0.18520460388 
0.276411 72.47957592690 0.18768105967 
0.276917 72.19782945950 0.18626518273 
0.277424 72.02015021930 0.18428133845 
0.277931 72.07181839682 0.18414497319 
0.278437 72.34791168888 0.18058986031 
0.278944 72.14401314984 0.18667087464 
0.279450 72.12326003564 0.18456231412 
0.279957 71.99220689105 0.18095029029 
0.280464 72.25918252078 0.18430419335 
0.280970 72.01780768246 0.17854435843 
0.281477 72.18269672348 0.18069644952 
0.281983 72.10088229085 0.18364268639 
0.282490 72.34139579384 0.18108479868 
0.282996 72.28461784056 0.17665298471 
0.283503 71.97564537755 0.18257826752 
0.284010 72.07441719991 0.17529430467 
0.284516 71.50190175335 0.18202343739 
0.285023 71.67443334268 0.17773890208 
0.285529 71.76345220111 0.17282452739 
0.286036 71.71984952380 0.17624581342 
0.286542 71.59007919070 0.17325660766 
0.287049 71.57195024867 0.17271361570 
0.287556 71.36228598347 0.17375884845 
0.288062 71.61288505202 0.17166063238 
0.288569 71.62579931965 0.17220459215 
0.289075 71.49040879877 0.17398287793 
0.289582 71.40579261107 0.17058416358 
0.290088 71.56606077920 0.17094542849 
0.290595 71.33164634392 0.16835486836 
0.291102 71.15549639368 0.16890896969 
0.291608 71.35179870232 0.16844637284 
0.292115 71.08644133770 0.16747928025 
0.292621 71.23558933938 0.16910085733 
0.293128 71.17922182583 0.16577824753 
0.293634 70.96977785591 0.16675050860 
0.294141 70.78723831733 0.16606461583 
0.294647 71.02649249912 0.16778722652 
0.295154 70.99945545132 0.16606729070 
0.295661 70.88887777766 0.16464562151 
0.296167 70.84618555396 0.16829648109 
0.296674 70.71312267443 0.16674738366 
0.297180 70.60196012111 0.16373838621 
0.297687 70.72664409339 0.16456348895 
0.298193 70.60589822008 0.16380707362 
0.298700 70.71963842186 0.16717134533 
0.299207 70.49837339954 0.16421920212 
0.299713 70.65035610392 0.16426842049 
0.300220 70.45699232695 0.16067652647 
0.300726 70.78975026968 0.16331530274 
0.301233 70.73213818484 0.16469611514 
0.301739 70.39901918676 0.16470639792 
0.302246 70.32084943861 0.16052953158 
0.302752 70.38360887736 0.16315881027 
0.303259 70.05235219796 0.16228270951 
0.303765 70.18444430994 0.16352339702 
0.304272 70.12101780357 0.15878349618 
0.304779 70.21585505772 0.16213045883 
0.305285 70.07886481459 0.15974245213 
0.305792 70.39933367780 0.16204360554 
0.306298 70.05977311838 0.15904444228 
0.306805 70.16431636346 0.16380393767 
0.307311 69.98130365592 0.15925877632 
0.307818 69.67908950682 0.15987483597 
0.308324 69.68359148943 0.15567759346 
0.308831 69.64045447796 0.15589688508 
0.309337 69.52710942759 0.15511367305 
0.309844 69.22635522337 0.15435435898 
0.310350 69.10922514030 0.15531420085 
0.310857 69.06781709047 0.15335299704 
0.311364 68.74059011613 0.15227068369 
0.311870 68.62220046085 0.14908974573 
0.312377 68.42800496029 0.15151154295 
0.312883 68.20474404615 0.14919622113 
0.313390 68.17430450703 0.14606011588 
0.313896 67.91938754534 0.14516874862 
0.314403 67.38961794818 0.14608616586 
0.314909 67.71914275626 0.14834650244 
0.315416 67.50338402646 0.14602939477 
0.315922 67.29641274610 0.14200058997 
0.316429 67.61473768898 0.14301217581 
0.316935 67.41434817197 0.14534725506 
0.317442 67.16906531461 0.14155897007 
0.317948 67.20491278164 0.14065556816 
0.318455 67.26372402638 0.14148491896 
0.318961 66.91933382238 0.14071119133 
0.319468 66.91016439174 0.14180889550 
0.319975 66.64454851498 0.14062410805 
0.320481 66.83171884131 0.13867174349 
0.320988 66.49769369051 0.14330065838 
0.321494 66.74670000911 0.14057570760 
0.322001 66.79420572858 0.14976973300 
0.322507 66.67691707091 0.14044947290 
0.323014 66.47767694866 0.13914684086 
0.323520 66.45245970959 0.14279040616 
0.324027 66.46650968447 0.14180045101 
0.324533 66.62215906240 0.14228125627 
0.325040 66.69557443665 0.13874818364 
0.325546 66.14166805895 0.14083827380 
0.326053 66.27590120108 0.13739157590 
0.326559 66.46749926328 0.13968651742 
0.327066 66.39426813221 0.13896200813 
0.327572 66.22238889233 0.13705918953 
0.328079 65.96560325329 0.13718623857 
0.328585 66.44377834632 0.13906531375 
0.329092 65.81758143451 0.13850321946 
0.329598 66.11116472517 0.13933759537 
0.330105 66.01091822274 0.13784024447 
0.330611 66.20397508876 0.13827026023 
0.331118 66.17233316897 0.13757450122 
0.331624 65.98286284405 0.14071707927 
0.332131 65.86996674727 0.14030406578 
0.332637 65.85413110097 0.13887746354 
0.333144 65.68112960027 0.13699516142 
0.333650 65.86309292870 0.13765322362 
0.334157 66.01845792008 0.13766414531 
0.334663 66.02489900696 0.13700089095 
0.335170 65.69613661440 0.14057755466 
0.335676 65.85096615798 0.13864624374 
0.336183 65.45319137712 0.14182496459 
0.336689 65.60981829011 0.14072488686 
0.337196 65.40521396826 0.14063148437 
0.337702 65.39713192334 0.13635435163 
0.338209 65.62675569506 0.13780017381 
0.338715 65.43054059764 0.13984812186 
0.339222 65.36778590490 0.13722263066 
0.339728 65.32082594790 0.13691644999 
0.340235 65.21410166643 0.21099820949 
0.340741 65.55523251429 0.14037477478 
0.341248 65.26724701489 0.13854464303 
0.341754 65.28581669585 0.14002163376 
0.342261 65.26477969679 0.14094247398 
0.342767 65.39153890400 0.13829981851 
0.343274 65.27573049560 0.14066070987 
0.343780 65.27276157349 0.13977745495 
0.344287 65.04570492511 0.14161511275 
0.344793 65.06508688637 0.13682643544 
0.345300 65.22496333235 0.14019718983 
0.345806 64.91841172552 0.14084187301 
0.346313 64.97406363312 0.14208158841 
0.346819 64.98716526749 0.14227903736 
0.347325 64.81245874992 0.14470757310 
0.347832 64.78031329403 0.14692349364 
0.348338 64.82779495643 0.14534590262 
0.348845 64.99212290801 0.14412298524 
0.349351 64.76157441917 0.14795098654 
0.349858 64.75167412330 0.15159204970 
0.350364 64.63889190505 0.14663687922 
0.350871 64.82533932029 0.14630646339 
0.351377 64.53040090968 0.14799522711 
0.351884 64.70760635942 0.14591536031 
0.352390 64.51019268923 0.14858135098 
0.352897 64.32002609588 0.14746471612 
0.353403 64.46503799572 0.14830991710 
0.353910 64.28825060719 0.14998507277 
0.354416 64.11567718408 0.15322040214 
0.354923 64.10310015644 0.15240368118 
0.355429 64.29341253010 0.15380714526 
0.355935 63.96164368930 0.15164205227 
0.356442 63.84643179523 0.15074167354 
0.356948 64.00825061718 0.15523836169 
0.357455 63.95532115096 0.15344944835 
0.357961 63.87681798386 0.15485090536 
0.358468 63.97286744727 0.15603418721 
0.358974 63.85100542013 0.22270197074 
0.359481 63.80745754399 0.20308191009 
0.359987 63.85607677153 0.20265955372 
0.360494 64.01692131264 0.18696327807 
0.361000 63.82952065255 0.18744120733 
0.361506 63.52266699129 0.18098822239 
0.362013 63.87728885928 0.18649625141 
0.362519 63.96390839468 0.18393789063 
0.363026 63.79544497659 0.18434169754 
0.363532 63.83998110102 0.18856564609 
0.364039 63.48726880539 0.17901779206 
0.364545 63.81680013462 0.18067615947 
0.365052 63.76712839032 0.18710456071 
0.365558 63.94414715413 0.18412367472 
0.366064 63.72504975065 0.18198203559 
0.366571 63.47856720713 0.18476139105 
0.367077 63.79006005050 0.18549938605 
0.367584 63.68405075921 0.18410439375 
0.368090 63.65793453848 0.18429842205 
0.368597 63.76129074259 0.18713983033 
0.369103 63.52968707312 0.18643043450 
0.369610 63.75367165304 0.19223186278 
0.370116 63.53694629474 0.18793364498 
0.370622 63.63019830030 0.19397522537 
0.371129 63.53377612962 0.19386985668 
0.371635 63.84185371252 0.19294169695 
0.372142 63.53250752766 0.19019815821 
0.372648 63.62399215514 0.19345123509 
0.373155 63.65355912699 0.19321541364 
0.373661 63.44612765448 0.19640376444 
0.374167 63.56074993656 0.20165422323 
0.374674 63.29898830997 0.19943880015 
0.375180 63.52579925012 0.19621872165 
0.375687 63.33540324289 0.19763498801 
0.376193 63.45429318149 0.19748418252 
0.376700 63.34762931314 0.19594469311 
0.377206 63.58058240210 0.20058606381 
0.377712 63.30204358279 0.20649143795 
0.378219 63.19532008410 0.20051045975 
0.378725 63.12408599457 0.20402740686 
0.379232 63.13764510563 0.20634572404 
0.379738 63.59832598230 0.20902906865 
0.380245 63.10664787952 0.20706077048 
0.380751 63.24306546006 0.21071165725 
0.381257 63.37559112078 0.20396994622 
0.381764 63.17560945119 0.20830192552 
0.382270 63.46616580050 0.20929001732 
0.382777 62.89145763026 0.20772001921 
0.383283 62.89777871625 0.20712646869 
0.383789 63.11278230189 0.20985113112 
0.384296 63.19773303719 0.20802696722 
0.384802 63.28852064762 0.21280910976 
0.385309 62.84073416277 0.21031296017 
0.385815 63.04432266579 0.21124346522 
0.386321 63.10073033677 0.20782006003 
0.386828 62.93580250035 0.21638583710 
0.387334 62.82706403747 0.21288961127 
0.387841 63.04441111280 0.21278060866 
0.388347 62.86266430171 0.21560883594 
0.388853 62.88941734022 0.21211075661 
0.389360 62.85876269017 0.21220983893 
0.389866 62.74561668995 0.21204402718 
0.390373 62.87736552308 0.21243446072 
0.390879 62.96515373469 0.21744282498 
0.391385 62.86872481649 0.22425536367 
0.391892 62.36160300705 0.22079087602 
0.392398 62.65339816040 0.22677803965 
0.392905 62.95921366978 0.21559434720 
0.393411 62.67968956246 0.22053343391 
0.393917 62.50955623298 0.22233563646 
0.394424 62.76508995179 0.22792708779 
0.394930 62.63264513291 0.22151807920 
0.395437 62.95275490713 0.22474296615 
0.395943 62.38258552869 0.22426681752 
0.396449 62.44834290072 0.35964460514 
0.396956 62.87499552889 0.23251877224 
0.397462 62.85066817377 0.23137471342 
0.397969 62.50945322420 0.23215361822 
0.398475 61.97492092509 0.23165460213 
0.398981 62.93885540864 0.23863831916 
0.399488 62.54039562074 0.23503978741 
0.399994 62.78163138419 0.24219616299 
0.400500 61.88190003285 0.24554730112 
0.401007 62.67464755102 0.24024426995 
0.401513 62.91571726171 0.24361090998 
0.402020 62.38980968376 0.24672851267 
0.402526 62.46445358713 0.24901381740 
0.403032 62.16564908084 0.24614842711 
0.403539 62.31820460931 0.26228216987 
0.404045 62.29957888066 0.24679270491 
0.404551 62.18791756513 0.26447492965 
0.405058 62.65779576837 0.27102465979 
0.405564 62.30170417576 0.25904416763 
0.406071 62.67633614975 0.26409268931 
0.406577 62.31750910486 0.25030131803 
0.407083 61.55896813699 0.25940172150 
0.407590 62.43046780298 0.27053469560 
0.408096 61.98637296189 0.27309290222 
0.408602 61.93281578780 0.27181205718 
0.409109 62.25314925768 0.26935455762 
0.409615 62.21564425915 0.27551550846 
0.410121 61.77550609091 0.26272680529 
0.410628 62.30239242766 0.26622745459 
0.411134 61.92905463460 0.26547137872 
0.411641 61.93848715533 0.26869674665 
0.412147 62.01927001459 0.26247337637 
0.412653 62.16435128467 0.26677914526 
0.413160 62.00474528879 0.26899153765 
0.413666 62.30567642368 0.26695680571 
0.414172 62.24343662960 0.28157719534 
0.414679 62.17120381170 0.27103173552 
0.415185 61.66758079454 0.28531627116 
0.415691 61.88526043086 0.26915053458 
0.416198 61.53720968041 0.27186383348 
0.416704 61.71131620147 0.27866280386 
0.417210 62.25155725435 0.28834801108 
0.417717 61.69469198852 0.29045877508 
0.418223 62.00193168251 0.28029279210 
0.418729 62.01083350110 0.27515614884 
0.419236 62.01117718409 0.27866751496 
0.419742 62.07539208526 0.27456223310 
0.420248 61.88104452030 0.27069878116 
0.420755 62.14692532008 0.28567817549 
0.421261 61.64847576078 0.27519574867 
0.421767 61.78480096993 0.27445992512 
0.422274 61.68521865282 0.27624373811 
0.422780 61.86117974409 0.28056550493 
0.423286 61.60148423433 0.28623278652 
0.423793 61.48626955460 0.28156467483 
0.424299 61.20102116581 0.28772100697 
0.424805 61.73501984699 0.29126148933 
0.425312 61.39957228519 0.28716673271 
0.425818 61.77868801628 0.29089677966 
0.426324 61.94964963733 0.29450894624 
0.426831 61.66759216213 0.29716091299 
0.427337 61.36096678943 0.30343202598 
0.427843 61.98697436472 0.30722309778 
0.428350 62.05383703308 0.31029598231 
0.428856 61.66257777880 0.29740728809 
0.429362 61.38898700820 0.31611413291 
0.429869 61.97148794703 0.31821071211 
0.430375 61.51980473997 0.31689649030 
0.430881 61.39693122877 0.31486151221 
0.431388 61.59377929199 0.31195594270 
0.431894 60.85948471026 0.31801654616 
0.432400 60.94292329577 0.32477199260 
0.432907 61.38358990154 0.32653703991 
0.433413 61.49565829991 0.32860975603 
0.433919 61.02767556820 0.32255266072 
0.434425 61.44274598827 0.33723149232 
0.434932 61.86020694074 0.34709817102 
0.435438 62.16690829232 0.35543639299 
0.435944 61.79490158848 0.33550572095 
0.436451 61.72544675699 0.34108612069 
0.436957 61.76493160096 0.35555179983 
0.437463 61.50786545170 0.35390553286 
0.437970 61.11222384840 0.34097488987 
0.438476 61.51849626390 0.35335546019 
0.438982 61.11894325107 0.36728506073 
0.439489 61.62977977938 0.38577823235 
0.439995 61.41035249729 0.37079858289 
0.440501 61.49937707541 0.38685010640 
0.441007 61.12591565501 0.37314514492 
0.441514 61.04953507695 0.37463013758 
0.442020 61.36587142746 0.40197808635 
0.442526 60.92499379328 0.37370517305 
0.443033 61.37721460946 0.39193915245 
0.443539 61.65570512196 0.41240642310 
0.444045 61.21027852179 0.39664432121 
0.444551 60.81388756905 0.40493216242 
0.445058 61.05660381626 0.40542913891 
0.445564 61.00736393722 0.42460811639 
0.446070 60.77613634724 0.42464746026 
0.446577 60.60903984989 0.44343514276 
0.447083 61.43408237217 0.48152850375 
0.447589 60.88581021094 0.45611691857 
0.448095 60.57423588349 0.42578855802 
0.448602 60.87766441102 0.45250381042 
0.449108 60.81500011589 0.49581235534 
0.449614 60.89918322299 0.49702334559 
0.450121 60.62760072067 0.48787084448 
0.450627 61.05858764686 0.49102326619 
0.451133 60.20279692390 0.49524999062 
0.451639 61.04278906886 0.51235875737 
0.452146 59.78798924215 0.53565662237 
0.452652 59.52435636632 0.53592750825 
0.453158 60.36850230048 0.54776826589 
0.453664 60.03858831600 0.57177530965 
0.454171 59.58404806170 0.58278841599 
0.454677 60.08769872345 0.60561344044 
0.455183 60.22424476947 0.61078539897 
0.455689 60.27026487759 0.61777585418 
0.456196 60.44892785885 0.67014043967 
0.456702 59.98992412485 0.61626278588 
0.457208 60.29995967174 0.72292829572 
0.457714 60.30089810898 0.75620024117 
0.458221 60.86914984798 0.77490030841 
0.458727 61.37525587018 0.79320997799 
0.459233 60.81871484877 0.83919894648 
0.459740 60.39885444473 0.85651451538 
0.460246 60.29162084480 0.91504769984 
0.460752 59.56999668542 0.99275795365 
0.461258 59.94689573943 0.97925811862 
0.461765 59.64051655951 1.09290526844 
0.462271 60.55622466619 1.03298647892 
0.462777 61.40963133735 1.23875875951 
0.463283 60.32841608972 1.23525363874 
0.463789 61.23668544140 1.38975910312 
0.464296 60.28296693342 1.28898004501 
0.464802 60.70345532999 1.36119073929 
0.465308 61.43119560564 1.48212351472 
0.465814 60.81022320504 1.68228860549 
0.466321 60.57949591067 1.83212892300 
0.466827 60.16121083355 1.87150170234 
0.467333 60.31995075102 1.90475525103 
0.467839 61.23388583404 2.01818155348 
0.468346 59.19868580071 2.33997587607 
0.468852 59.61263720075 2.58347657261 
0.469358 62.15865269349 3.00975610671 
0.469864 57.36359720136 2.83692835658 
0.470371 56.78335862990 3.76138615139 
0.470877 56.64903007250 4.33242874840 
0.471383 56.52541777036 5.37452299418 
0.471889 55.24886686071 6.99018417690 
0.472395 56.09134243760 6.16720027238 
0.472902 49.36133422866 11.82235646441 
