0.010896 1362.79784806723 13.32642496441 
0.011402 1225.67789789721 13.49277057665 
0.011909 1092.87992653543 11.41605688097 
0.012416 991.66918516122 8.59011832154 
0.012923 909.12753389707 7.67885734024 
0.013430 834.67907076811 11.32671846306 
0.013936 790.01832078205 9.64761866105 
0.014443 750.10600859482 8.03629144046 
0.014950 690.58331654443 6.57179499279 
0.015457 638.33738829174 5.77372874615 
0.015963 593.36555346546 5.22461106747 
0.016470 548.57993070724 4.18238488563 
0.016977 516.91947689157 3.65200423894 
0.017484 482.35618383261 3.39535713871 
0.017990 458.18123469440 3.21173682495 
0.018497 426.07487775833 2.76521915671 
0.019004 405.39725535165 2.42320132677 
0.019511 385.20533188935 2.06497671804 
0.020018 366.56498691797 2.36753111784 
0.020524 346.27300151276 1.98486629621 
0.021031 332.87656418726 2.04630875360 
0.021538 317.57225168905 1.72731620246 
0.022045 306.43784721585 1.68950476770 
0.022551 293.13934070600 1.56009106222 
0.023058 281.17941506531 1.55180012485 
0.023565 273.50283386170 1.50533775729 
0.024072 262.55084095882 1.59740633285 
0.024579 252.39508061378 1.73432236174 
0.025085 247.23192351788 2.15655496929 
0.025592 237.94904951343 2.15144064241 
0.026099 232.09987942237 2.19349276185 
0.026606 225.40029374241 1.65905282567 
0.027112 219.86287142690 1.76217625059 
0.027619 213.90228517227 1.49782357003 
0.028126 208.63232182874 1.62333389626 
0.028633 204.41753653457 1.35830454135 
0.029139 200.49739687882 1.17838717290 
0.029646 195.31066609350 1.13780076857 
0.030153 190.40757430283 1.15028762733 
0.030660 187.19257168760 1.05341242061 
0.031167 184.36578442938 0.94580674829 
0.031673 180.54429270140 0.88396606361 
0.032180 176.95498391955 0.91995325309 
0.032687 173.76969327172 0.88040567639 
0.033194 170.82365146154 0.86141191721 
0.033700 168.94388926680 0.77398738454 
0.034207 165.39996791980 0.72782575363 
0.034714 163.10917035520 0.75032257825 
0.035221 160.38993173682 0.75189354541 
0.035727 157.66700195363 0.68105522518 
0.036234 156.45505879895 0.66587885760 
0.036741 153.88594763771 0.68789757522 
0.037248 153.41661780781 0.62890460138 
0.037755 151.62488460730 0.61713037499 
0.038261 149.70253149648 0.59947566555 
0.038768 147.67627189417 0.61765136191 
0.039275 145.89244245986 0.60850024596 
0.039782 145.10078952078 0.56489746289 
0.040288 142.86636686575 0.58069901815 
0.040795 142.03559250217 0.55847397600 
0.041302 141.30030942147 0.59553332610 
0.041809 138.75978937556 0.54380147386 
0.042315 138.30995896077 0.52783272004 
0.042822 136.66254255311 0.55900999548 
0.043329 135.13293860194 0.55132644116 
0.043836 133.28497617899 0.52327369246 
0.044343 134.10378238805 0.53237140430 
0.044849 132.55772069639 0.51299653105 
0.045356 131.57025021090 0.51305116929 
0.045863 130.16583306529 0.50469892015 
0.046370 129.37499721462 0.52310906847 
0.046876 128.15143733669 0.49366943058 
0.047383 127.02039062475 0.51569789903 
0.047890 125.69428434782 0.48949638285 
0.048397 126.56239538641 0.48778851534 
0.048903 123.72900506827 0.47299593699 
0.049410 124.33551267377 0.50414945537 
0.049917 123.24131089172 0.46754414235 
0.050424 122.69350576886 0.46448111622 
0.050931 122.02076845800 0.46757033456 
0.051437 120.91197252310 0.46015902972 
0.051944 120.05917833708 0.44329928846 
0.052451 119.08559432567 0.45424054188 
0.052958 119.18652693824 0.45445050223 
0.053464 118.34167729019 0.43031109975 
0.053971 117.93125741776 0.44186219215 
0.054478 116.77798055253 0.45820572178 
0.054985 116.79864895809 0.44699034941 
0.055491 114.84662297519 0.44114696687 
0.055998 114.49855244402 0.43537756114 
0.056505 114.29463693367 0.43122248842 
0.057012 113.64753548285 0.43791062977 
0.057519 113.29545927320 0.44060600819 
0.058025 112.07221378199 0.39705848992 
0.058532 112.18129644070 0.41162354576 
0.059039 111.06337100017 0.41441225311 
0.059546 110.84345322966 0.41729975055 
0.060052 110.31639165427 0.41882342813 
0.060559 110.08206579309 0.39841046074 
0.061066 109.80198839671 0.40083402561 
0.061573 108.73193855986 0.39232555642 
0.062079 108.69187334924 0.39152294798 
0.062586 108.49817666829 0.39755925272 
0.063093 107.30829267226 0.38932010762 
0.063600 107.66159246938 0.39409711551 
0.064106 107.26396919983 0.39098969772 
0.064613 106.49705420556 0.38890183239 
0.065120 106.29194166628 0.38302101950 
0.065627 105.73317230165 0.37558702598 
0.066134 105.43096158758 0.37614934180 
0.066640 105.64954202838 0.37762872260 
0.067147 104.58953623721 0.37731963468 
0.067654 104.18438357661 0.37342498182 
0.068161 103.87928739185 0.36869973433 
0.068667 102.99017194434 0.37046546365 
0.069174 103.01927979293 0.36553704113 
0.069681 102.18300719786 0.35638441639 
0.070188 101.99221452304 0.36276787359 
0.070694 102.44337572303 0.36825241781 
0.071201 101.96667726864 0.36175426448 
0.071708 101.55160306079 0.36641779241 
0.072215 101.65160631012 0.34657431452 
0.072721 101.48549239322 0.35291462099 
0.073228 100.02815769029 0.34863470974 
0.073735 99.60596368083 0.34936172013 
0.074242 100.37713387522 0.34516752747 
0.074748 100.21915091853 0.33825255693 
0.075255 99.18373084769 0.32982877390 
0.075762 99.32442919401 0.33011290708 
0.076269 98.95022806839 0.32912949715 
0.076776 99.08555829352 0.32959502257 
0.077282 98.41399481492 0.32847534023 
0.077789 97.82640777974 0.32269070509 
0.078296 98.60592130552 0.32699096869 
0.078803 97.57736619349 0.33140034768 
0.079309 97.87198856131 0.32038344134 
0.079816 97.53190001346 0.33291947447 
0.080323 97.23684054311 0.33267487928 
0.080830 97.17212944669 0.31628044138 
0.081336 96.96735686858 0.33223684726 
0.081843 96.95049424722 0.33305133200 
0.082350 96.77941617129 0.33424836642 
0.082857 96.81254944738 0.33769464386 
0.083363 96.39559737486 0.33415900727 
0.083870 96.20572005404 0.33161163480 
0.084377 95.96831456604 0.33338126511 
0.084884 95.82255898355 0.33179367597 
0.085390 95.91574277952 0.33406488148 
0.085897 95.64749126255 0.34141945241 
0.086404 95.54662110667 0.32765301094 
0.086911 95.13569970743 0.33089404623 
0.087417 95.23978038712 0.33447098236 
0.087924 94.48452565681 0.32970084973 
0.088431 94.87020673647 0.33300679496 
0.088938 94.92578124293 0.33244806637 
0.089444 94.53055400481 0.32957985202 
0.089951 94.32556430234 0.31704226296 
0.090458 93.89389033443 0.33330067567 
0.090965 93.37407236941 0.34115635227 
0.091471 93.26675038792 0.33355119216 
0.091978 92.91625390640 0.32985558893 
0.092485 92.72822105043 0.34631109281 
0.092992 92.85958576230 0.34034378824 
0.093498 92.92553209764 0.32548017642 
0.094005 92.82756213423 0.32619864455 
0.094512 92.35772108348 0.32279627735 
0.095019 93.13950860097 0.33958528021 
0.095525 92.35416581825 0.32927530973 
0.096032 92.54569597864 0.33321660955 
0.096539 92.15022413526 0.34539209524 
0.097046 92.20874129752 0.33089303130 
0.097552 92.28216285792 0.34298847564 
0.098059 91.97571948448 0.32013934188 
0.098566 92.03016281715 0.32511197456 
0.099073 92.22753855604 0.32619911519 
0.099579 91.78823661155 0.32133965806 
0.100086 91.54322307292 0.32523103189 
0.100593 90.86052285049 0.32747234842 
0.101100 91.54556210602 0.31714101086 
0.101606 91.49992589865 0.30476991912 
0.102113 90.12188305290 0.29915827390 
0.102620 89.49150660339 0.30571403328 
0.103127 89.22280031870 0.29875605237 
0.103633 88.99681213322 0.28882275128 
0.104140 88.61557930172 0.29504156146 
0.104647 88.64136397816 0.30556874576 
0.105154 88.47172169960 0.30517176923 
0.105660 88.86580433415 0.29676029551 
0.106167 88.04900263090 0.29971501782 
0.106674 88.73642252760 0.29557841175 
0.107181 88.26973601974 0.30746122032 
0.107687 87.93742158484 0.30139448548 
0.108194 88.76865575306 0.30256813104 
0.108701 88.00440248616 0.29430736727 
0.109208 87.71275220402 0.29580885577 
0.109714 87.46022963780 0.29076461808 
0.110221 87.91406579064 0.29170267727 
0.110728 87.08471484775 0.28288442017 
0.111235 87.33358576037 0.28038416303 
0.111741 87.58716031326 0.28207767002 
0.112248 87.66265467692 0.28343771385 
0.112755 87.32216667449 0.28498826370 
0.113262 86.94235956021 0.28620955872 
0.113768 86.90501980312 0.28152080095 
0.114275 87.43416071444 0.27766746861 
0.114782 87.07255422382 0.28130448567 
0.115289 86.80030174456 0.27937738529 
0.115795 87.09551397390 0.27507488330 
0.116302 86.31799566267 0.26678576163 
0.116809 86.90037836989 0.26548541374 
0.117316 86.43028445323 0.27005161436 
0.117822 86.21939460494 0.27188537325 
0.118329 86.13075678194 0.27271367755 
0.118836 85.95315194219 0.27034168621 
0.119342 85.63869334949 0.26795634030 
0.119849 86.05175843419 0.27927326139 
0.120356 85.60553980593 0.25499910690 
0.120863 85.80407806009 0.26618570357 
0.121369 85.62655112313 0.25359704325 
0.121876 85.87580081818 0.26624274292 
0.122383 86.04492123499 0.25895869580 
0.122890 85.46958418027 0.26663720661 
0.123396 85.80521776712 0.26387868478 
0.123903 85.29131214211 0.25613192043 
0.124410 85.45136500916 0.26386028167 
0.124917 85.36798635428 0.25461751587 
0.125423 85.29194811321 0.26188685292 
0.125930 85.46271734669 0.25363994037 
0.126437 85.65811921123 0.25883604376 
0.126944 85.31203871461 0.25733341324 
0.127450 85.44702430713 0.26219650029 
0.127957 84.69894674378 0.25314916732 
0.128464 84.74571157366 0.25822384155 
0.128970 84.67645215117 0.25479356582 
0.129477 84.55624143396 0.25453435600 
0.129984 84.57409670959 0.26108737958 
0.130491 84.66281410813 0.25035671029 
0.130997 84.60433087147 0.25233516273 
0.131504 84.25491252443 0.25217862564 
0.132011 84.86064661119 0.24806301896 
0.132518 84.33044371418 0.24563484105 
0.133024 83.94843735376 0.24642355217 
0.133531 83.98516038626 0.25187492409 
0.134038 84.46029711995 0.24468747613 
0.134545 84.08812349445 0.25279833782 
0.135051 83.96989300409 0.24924531917 
0.135558 83.75658973251 0.25294773048 
0.136065 83.97851494823 0.24676122211 
0.136571 83.73940377008 0.24465905577 
0.137078 83.53770700853 0.24160388728 
0.137585 83.62943513625 0.24660754319 
0.138092 83.54311021263 0.24344129137 
0.138598 83.50304370604 0.24317890835 
0.139105 83.42605371774 0.24114303427 
0.139612 82.89414249980 0.24419737622 
0.140119 83.14297801554 0.24370744511 
0.140625 83.09376447978 0.23702707740 
0.141132 82.77656512570 0.24186727336 
0.141639 82.88655979818 0.24361002949 
0.142145 83.07825616228 0.24156040523 
0.142652 83.21600585437 0.24058088642 
0.143159 82.65521447257 0.24580401155 
0.143666 82.79309320581 0.24238579540 
0.144172 82.20639955641 0.24199754215 
0.144679 82.84464553576 0.23804750906 
0.145186 82.54438708761 0.24362757697 
0.145692 82.21975800390 0.23878957704 
0.146199 81.91046834883 0.23349499389 
0.146706 82.18650260248 0.24036977202 
0.147213 81.79419713608 0.24198045786 
0.147719 82.15737021293 0.24152953031 
0.148226 81.94425399638 0.24214375599 
0.148733 81.87080336449 0.23188816757 
0.149240 81.74780049098 0.23770206199 
0.149746 81.67467383211 0.24421781692 
0.150253 81.42246769316 0.23943862516 
0.150760 81.50146451825 0.23549296479 
0.151266 81.50181549341 0.24151939547 
0.151773 80.99892529736 0.24487569987 
0.152280 81.01688171672 0.23871433536 
0.152787 81.03068376136 0.23676861351 
0.153293 81.28134549895 0.24167746678 
0.153800 81.11792399629 0.23903880764 
0.154307 80.83253061799 0.24393900290 
0.154813 80.92756639712 0.24350521826 
0.155320 80.75089898460 0.24199596748 
0.155827 80.57139989862 0.23388278120 
0.156334 80.94726176597 0.24009578062 
0.156840 80.69632514639 0.23807584613 
0.157347 80.58002807107 0.24020285624 
0.157854 80.61497696563 0.23483464074 
0.158360 80.44515215784 0.23305205123 
0.158867 80.33910064282 0.23903124638 
0.159374 80.10023930641 0.23758251028 
0.159881 79.98054922649 0.23505644644 
0.160387 80.35454518616 0.23444733358 
0.160894 80.31310914276 0.24009347255 
0.161401 80.31018525193 0.22813865790 
0.161907 80.15020081547 0.23120673353 
0.162414 79.75489729313 0.23255647301 
0.162921 80.09846459984 0.23451505496 
0.163427 79.77470725810 0.22853078590 
0.163934 79.93027830085 0.23578713788 
0.164441 79.35826185147 0.22867166830 
0.164948 79.76438079972 0.22894174870 
0.165454 79.64770774717 0.23505397886 
0.165961 79.42954791731 0.22630906824 
0.166468 79.23772322391 0.22612274334 
0.166974 79.48379861262 0.22672485401 
0.167481 79.02636167084 0.23439676827 
0.167988 79.19529793474 0.22929746317 
0.168495 79.55421584317 0.23521738302 
0.169001 79.02408571261 0.23838484786 
0.169508 78.95165556558 0.23088339256 
0.170015 79.22405882211 0.23419855492 
0.170521 78.99081667248 0.22902065655 
0.171028 79.11656000358 0.23446241006 
0.171535 79.25973383089 0.23190695768 
0.172041 79.20529537760 0.23974065392 
0.172548 78.94366189518 0.23612506609 
0.173055 79.33510988754 0.23423232784 
0.173562 79.06603662547 0.23673294034 
0.174068 79.39561130155 0.24177501942 
0.174575 79.15766011040 0.23440779584 
0.175082 79.13028526693 0.23391956866 
0.175588 79.36663288250 0.23828872089 
0.176095 78.76262312058 0.23986895650 
0.176602 78.93199737259 0.23308195447 
0.177108 79.20923646187 0.23449916392 
0.177615 78.80139983186 0.23513184129 
0.178122 78.88025702720 0.23780081902 
0.178629 78.54354680432 0.23836714005 
0.179135 78.52028311210 0.23246484084 
0.179642 78.60828418225 0.23192660186 
0.180149 78.31126426267 0.23486869094 
0.180655 79.04775431297 0.23318806412 
0.181162 78.86765711818 0.23394424416 
0.181669 78.94232297455 0.23755949198 
0.182175 78.77333596292 0.24300934455 
0.182682 78.85421114369 0.23967034208 
0.183189 78.71314706698 0.24485045854 
0.183695 79.03296666941 0.24422467477 
0.184202 78.44620744555 0.23958131647 
0.184709 78.46045520231 0.24128404000 
0.185216 78.43652271564 0.23840590833 
0.185722 78.49761950526 0.24725804555 
0.186229 78.07298392440 0.24550076088 
0.186736 77.82569095082 0.24017149479 
0.187242 77.90913684520 0.24256763507 
0.187749 78.15737119018 0.24660478603 
0.188256 78.02579298021 0.24471246992 
0.188762 77.77763248330 0.24298072760 
0.189269 77.69997788583 0.24246397675 
0.189776 77.60216337238 0.24598746888 
0.190282 78.13314786432 0.24700350945 
0.190789 77.98267792680 0.24816002369 
0.191296 77.43563345987 0.24679916635 
0.191802 77.32750327285 0.24203809804 
0.192309 77.35945926916 0.24525956098 
0.192816 77.40439653623 0.23825672367 
0.193323 76.89489374765 0.23616841640 
0.193829 76.77043708952 0.23384564931 
0.194336 76.73773736517 0.23599011137 
0.194843 76.73832779516 0.23245970276 
0.195349 76.36049691968 0.23668020163 
0.195856 76.45184659911 0.23470369120 
0.196363 76.64097846966 0.22695685319 
0.196869 76.64724554837 0.22881719319 
0.197376 76.24501719901 0.22939610015 
0.197883 76.14390229340 0.22672347469 
0.198389 76.38033740938 0.22766164189 
0.198896 76.18258197267 0.22315241008 
0.199403 75.91768382031 0.22682161927 
0.199909 76.04744923271 0.23037468075 
0.200416 75.75608928754 0.22752929413 
0.200923 76.04580905753 0.22626050644 
0.201429 75.88318656729 0.22063163338 
0.201936 75.88171757562 0.22164584647 
0.202443 75.70102147308 0.22005861399 
0.202949 75.82372119070 0.22173716098 
0.203456 75.71665112948 0.22594610915 
0.203963 76.14419869899 0.22032604756 
0.204469 75.66851450759 0.21782627191 
0.204976 75.99932466572 0.21416892138 
0.205483 75.53825882254 0.21877879157 
0.205989 75.70710528596 0.21567311896 
0.206496 75.32362106413 0.21745823288 
0.207003 75.52400602168 0.21639506286 
0.207509 75.60107353141 0.21723139590 
0.208016 75.40477020941 0.20956600728 
0.208523 75.48333160784 0.21061478822 
0.209029 75.34021270656 0.21260556650 
0.209536 75.18681624001 0.21719749005 
0.210043 75.15218095337 0.21425476953 
0.210549 75.23802174939 0.21244917362 
0.211056 75.04552514012 0.20987570852 
0.211563 75.10048806096 0.20950178366 
0.212069 75.01152655061 0.21535465977 
0.212576 74.90072901425 0.20636935999 
0.213083 74.70210537046 0.21178480386 
0.213589 75.08263940314 0.21203126686 
0.214096 74.87347650206 0.20700764670 
0.214603 74.93849314218 0.21406073007 
0.215109 74.76646414020 0.20863421920 
0.215616 74.80972021485 0.20717423855 
0.216123 74.44877355310 0.20739179834 
0.216629 74.59381761635 0.20723738716 
0.217136 74.57871940176 0.20618949821 
0.217643 74.27102558908 0.20655366468 
0.218149 74.37511934005 0.20831650248 
0.218656 74.00326260497 0.20623609324 
0.219163 74.35212650726 0.20856729934 
0.219669 74.20886608809 0.20754366854 
0.220176 74.35495737344 0.20215107937 
0.220683 73.71985832397 0.20434496501 
0.221189 74.10999433759 0.20241566477 
0.221696 74.10879831264 0.20463014271 
0.222203 73.96953688897 0.20664900673 
0.222709 73.94468671198 0.20250135752 
0.223216 74.05153184969 0.20108301980 
0.223722 73.88089947453 0.20521872336 
0.224229 73.78003664324 0.20560321011 
0.224736 73.86258719088 0.20534889056 
0.225242 73.60612687314 0.20060466728 
0.225749 73.41569807133 0.20444731493 
0.226256 73.64261911255 0.20427850446 
0.226762 73.57110904779 0.20053205700 
0.227269 73.48329199362 0.20081391553 
0.227776 73.18358966615 0.19959668506 
0.228282 73.40222768870 0.19783886152 
0.228789 73.56360232698 0.20393076784 
0.229296 73.31541475197 0.20178162030 
0.229802 73.62418255706 0.20105801011 
0.230309 73.19410603283 0.19759766312 
0.230816 73.16994135483 0.20220121974 
0.231322 73.23527457605 0.20185219155 
0.231829 73.19073769742 0.19893028394 
0.232335 72.93057473311 0.19862731179 
0.232842 73.11259330770 0.19959638078 
0.233349 72.89735872241 0.19990116958 
0.233855 73.08020304563 0.19693985351 
0.234362 72.90608888337 0.20169373166 
0.234869 72.92278021092 0.19925234060 
0.235375 72.66615147932 0.19850547367 
0.235882 72.64539918135 0.19888545554 
0.236389 72.69667203004 0.19882903723 
0.236895 72.73798293060 0.19643454629 
0.237402 72.60790841736 0.20064281854 
0.237908 72.62413339257 0.20392958869 
0.238415 72.51506615461 0.19759259856 
0.238922 72.19878535358 0.20002609227 
0.239428 72.22788783955 0.19903448925 
0.239935 71.88811213496 0.19788240758 
0.240442 71.92000475320 0.19650133632 
0.240948 71.79302036382 0.19687422597 
0.241455 72.15169015968 0.20327267883 
0.241962 71.92974558450 0.19888518124 
0.242468 72.03028027075 0.19805265047 
0.242975 71.79267746410 0.19679621438 
0.243481 71.97690385212 0.19812294035 
0.243988 72.03672668104 0.19970455684 
0.244495 71.85550899021 0.19827514763 
0.245001 71.72282441096 0.19944151493 
0.245508 71.65715906106 0.19737838192 
0.246015 71.78567777922 0.19660810360 
0.246521 72.12837073999 0.19722973262 
0.247028 71.77678089163 0.19624144025 
0.247534 71.65067017490 0.19927674462 
0.248041 71.30940688980 0.19426579335 
0.248548 71.57876617978 0.19805537381 
0.249054 71.59378474361 0.19932046076 
0.249561 71.38808630393 0.19277274897 
0.250068 71.06507175351 0.19216374139 
0.250574 71.57499811385 0.19588013721 
0.251081 71.18036198108 0.19626850979 
0.251587 71.40660868266 0.19748772155 
0.252094 71.34340852885 0.19961633812 
0.252601 71.16474083662 0.19809404617 
0.253107 71.12255496672 0.19588950074 
0.253614 70.74164010006 0.19483573635 
0.254120 70.97876996018 0.19605163864 
0.254627 70.83112131958 0.19225336783 
0.255134 71.17328154176 0.19389483131 
0.255640 71.12610620670 0.19731592403 
0.256147 71.11259986337 0.19362790613 
0.256654 70.84616416656 0.20019919070 
0.257160 71.30991504837 0.19680863943 
0.257667 71.24837064013 0.19762682423 
0.258173 71.39533794785 0.19464500296 
0.258680 71.31857189102 0.19545894290 
0.259187 71.49522147700 0.19515090458 
0.259693 71.38870677263 0.19452814333 
0.260200 71.70513125928 0.19543716318 
0.260706 71.59556536149 0.19453108402 
0.261213 71.70135999674 0.19668379260 
0.261720 71.65506367073 0.19388144304 
0.262226 71.57586656308 0.19117707073 
0.262733 71.59750659067 0.19176068423 
0.263239 71.57251794870 0.19249175588 
0.263746 71.73434949780 0.19476139657 
0.264253 71.70163076217 0.19301237821 
0.264759 71.51896906639 0.19102638617 
0.265266 71.53163180191 0.19232447192 
0.265772 71.43303919315 0.19255403816 
0.266279 72.09607573167 0.19464448972 
0.266786 71.70332976973 0.19366839590 
0.267292 72.05517200041 0.19104447698 
0.267799 71.75855215899 0.19040070244 
0.268305 71.68384511437 0.18798839608 
0.268812 71.84977777576 0.19255246649 
0.269319 71.69424358945 0.18831485499 
0.269825 71.92591265085 0.18702769403 
0.270332 71.90115836804 0.19096618237 
0.270838 71.74777427726 0.19181532297 
0.271345 72.06560617041 0.19049772276 
0.271852 72.20317806244 0.19044346333 
0.272358 72.33058822506 0.19395585647 
0.272865 72.35131986136 0.19156485231 
0.273371 72.18011344808 0.19145743878 
0.273878 72.37961805470 0.18774477484 
0.274385 72.50045555610 0.19090744695 
0.274891 72.26206264169 0.19034494835 
0.275398 72.02221680289 0.18721977926 
0.275904 72.08012992998 0.18130873401 
0.276411 72.43676997537 0.18221684337 
0.276917 72.36432787334 0.18375365693 
0.277424 72.17795225708 0.18696640410 
0.277931 72.37501562424 0.18403090379 
0.278437 72.19165322734 0.18287695425 
0.278944 71.99612538555 0.18590193189 
0.279450 72.42928601169 0.18272986527 
0.279957 71.86243440296 0.18793606224 
0.280464 72.24365180094 0.18267840488 
0.280970 72.09267814126 0.18178614413 
0.281477 72.18272746307 0.18056530987 
0.281983 72.31307506562 0.18269987350 
0.282490 72.17298635567 0.18493073766 
0.282996 72.13503429623 0.18055914758 
0.283503 72.16572455044 0.18139634436 
0.284010 72.11653100860 0.18001447610 
0.284516 71.80275004468 0.18039655711 
0.285023 71.82518597806 0.17407309943 
0.285529 71.66845800125 0.17523784057 
0.286036 71.53669790568 0.17364196136 
0.286542 71.60085993435 0.17467631099 
0.287049 71.52797195775 0.17352531329 
0.287556 71.42591722008 0.17484910515 
0.288062 71.54374293730 0.17532834084 
0.288569 71.43149599838 0.17198209661 
0.289075 71.55066344021 0.17109861410 
0.289582 71.25018865111 0.16823059932 
0.290088 71.25379179803 0.16905686946 
0.290595 71.31488426242 0.16658737228 
0.291102 71.36080203841 0.16469702711 
0.291608 71.22177956134 0.16828876550 
0.292115 71.38373521785 0.17081596278 
0.292621 71.25084025257 0.16832645023 
0.293128 70.92206139356 0.16449890345 
0.293634 71.28551077684 0.16677648325 
0.294141 71.15604311803 0.16526891229 
0.294647 70.85354252234 0.16480968297 
0.295154 70.83543564430 0.16884729459 
0.295661 70.72764250094 0.16773514857 
0.296167 70.89958434026 0.16595786134 
0.296674 70.86851261178 0.16804489921 
0.297180 70.56862314860 0.16479783856 
0.297687 70.69715521355 0.16361521172 
0.298193 70.46512985432 0.16375057469 
0.298700 70.66045317397 0.16539757724 
0.299207 70.77076480353 0.16629822434 
0.299713 70.53047971780 0.16142127055 
0.300220 70.48320098284 0.16556352728 
0.300726 70.51861485464 0.16100388747 
0.301233 70.40564708541 0.16220663339 
0.301739 70.58874314080 0.16586366242 
0.302246 70.38060764578 0.16425948659 
0.302752 70.30382033658 0.16150029127 
0.303259 70.29183165390 0.15994862968 
0.303765 70.16895556542 0.15986788559 
0.304272 70.15290230026 0.15852805904 
0.304779 70.08199825375 0.15958897608 
0.305285 70.18247350250 0.16082431714 
0.305792 70.18963390751 0.16249146662 
0.306298 70.02556034106 0.15939419194 
0.306805 70.17746135646 0.16279647070 
0.307311 70.08533175989 0.16124319037 
0.307818 69.71622884461 0.15897310244 
0.308324 69.68097830014 0.15494788912 
0.308831 69.67071297067 0.15770340730 
0.309337 69.24537589543 0.15440569246 
0.309844 69.04477301066 0.15367536873 
0.310350 69.12600062911 0.15194904665 
0.310857 68.87659135192 0.15308891761 
0.311364 68.64912394702 0.15139380128 
0.311870 68.59522086233 0.15044963899 
0.312377 68.39454739702 0.15082334715 
0.312883 68.02523511293 0.14615974167 
0.313390 68.40859304236 0.14843333014 
0.313896 68.13321782688 0.14741805008 
0.314403 67.74132946832 0.14719381675 
0.314909 67.77099605513 0.14492767192 
0.315416 67.40813137962 0.14162055010 
0.315922 67.58415062190 0.14554119672 
0.316429 67.39096895027 0.14354751153 
0.316935 67.08339421074 0.13925347682 
0.317442 67.20098779818 0.14346860140 
0.317948 67.18931419462 0.14176920847 
0.318455 67.21250665128 0.13837317888 
0.318961 67.03295356788 0.14604709456 
0.319468 66.87820231881 0.14037542927 
0.319975 67.15302470270 0.14348352773 
0.320481 66.52778744076 0.13956909466 
0.320988 66.84510440867 0.14128061693 
0.321494 66.76268266810 0.13928729035 
0.322001 66.84023231610 0.14745369135 
0.322507 66.61210531104 0.14474262493 
0.323014 66.84381683225 0.14465417672 
0.323520 66.59802391109 0.14156521488 
0.324027 66.68932509765 0.14178397432 
0.324533 66.43751555672 0.14238833303 
0.325040 66.22319385041 0.13897843284 
0.325546 66.35663306651 0.13983404987 
0.326053 66.27620981497 0.13902791117 
0.326559 66.28666449027 0.13755057544 
0.327066 66.52726520963 0.13793879412 
0.327572 66.08648522376 0.13689116282 
0.328079 66.36137036122 0.13969757815 
0.328585 66.36097217510 0.13663701520 
0.329092 66.05525224490 0.13937405891 
0.329598 66.14478923684 0.13723603442 
0.330105 66.27225355851 0.13780193695 
0.330611 66.08273665578 0.13820796352 
0.331118 65.95410717656 0.13820987318 
0.331624 65.95916294638 0.13725688859 
0.332131 65.77615470089 0.13711829789 
0.332637 65.93345096146 0.13976161955 
0.333144 66.04489515325 0.13947942680 
0.333650 65.78100723281 0.13884315230 
0.334157 65.83262451038 0.14047064095 
0.334663 65.78803136976 0.13865926553 
0.335170 65.62831796321 0.13870229063 
0.335676 65.65967714041 0.14290880723 
0.336183 65.87292760840 0.13960859176 
0.336689 65.66139281990 0.13794948036 
0.337196 65.88451728358 0.13805635438 
0.337702 65.59435062902 0.13805273108 
0.338209 65.34728607820 0.13904441479 
0.338715 65.48960908229 0.14000932024 
0.339222 65.36358030009 0.13854332699 
0.339728 65.47661676211 0.13949492946 
0.340235 65.14301924934 0.21977702054 
0.340741 65.33278983080 0.13728912451 
0.341248 65.03087163041 0.14015713203 
0.341754 65.63649994015 0.14084144458 
0.342261 65.27510893314 0.13646064758 
0.342767 65.32967517122 0.14018812254 
0.343274 65.10980765418 0.13984263846 
0.343780 65.37645366319 0.13870081383 
0.344287 65.27548431495 0.13988768933 
0.344793 65.09609299609 0.14005286718 
0.345300 65.19452235223 0.14115675548 
0.345806 65.14739895867 0.14159468178 
0.346313 65.14017766213 0.14239516915 
0.346819 65.12578165947 0.14435440962 
0.347325 64.89477207250 0.14564482101 
0.347832 64.72893306374 0.14634076108 
0.348338 64.98924866542 0.14412947109 
0.348845 64.89636203750 0.14489288663 
0.349351 64.74830853053 0.15041377827 
0.349858 64.87065075396 0.14614709618 
0.350364 64.54595450998 0.14669418111 
0.350871 64.52959780240 0.14589566149 
0.351377 64.33177122946 0.14717536647 
0.351884 64.60489629186 0.14877999336 
0.352390 64.27299738535 0.14835520940 
0.352897 64.53944297194 0.15067016604 
0.353403 64.51416789023 0.14793096533 
0.353910 64.39511747753 0.15225609639 
0.354416 64.01975754859 0.15017635534 
0.354923 64.17061639158 0.15347856923 
0.355429 64.11963209215 0.15338512768 
0.355935 63.98026743768 0.15110619186 
0.356442 64.13250685124 0.15443451062 
0.356948 63.95226510891 0.14959352600 
0.357455 63.87402557816 0.15471778361 
0.357961 63.67231843318 0.15642766538 
0.358468 63.73988965774 0.15335259248 
0.358974 63.76262359982 0.22204069612 
0.359481 63.95125849787 0.20173536160 
0.359987 63.92756499174 0.19930769573 
0.360494 63.90430579520 0.19095079808 
0.361000 63.57127937326 0.18666708858 
0.361506 63.97773533709 0.18799971352 
0.362013 63.63804088384 0.18418355487 
0.362519 64.03011700337 0.18251467724 
0.363026 63.50557628669 0.18345855737 
0.363532 63.63237790585 0.18770054366 
0.364039 63.46406946342 0.17999185173 
0.364545 63.64626750333 0.18321852495 
0.365052 63.74621265633 0.18893067738 
0.365558 63.89581689053 0.18069399824 
0.366064 63.73540793421 0.17992147205 
0.366571 63.44680182017 0.18426350212 
0.367077 63.85087355784 0.19279216280 
0.367584 63.93000799437 0.18774736030 
0.368090 63.82659082559 0.18535443007 
0.368597 63.79814143292 0.18668682143 
0.369103 63.74917392794 0.18847265172 
0.369610 63.22583353042 0.18472738263 
0.370116 63.63599564161 0.18979098373 
0.370622 63.72957319331 0.19113499017 
0.371129 63.58539397232 0.19612139386 
0.371635 63.49524554231 0.18803939007 
0.372142 63.55952945416 0.19611487405 
0.372648 63.46108880085 0.19262481955 
0.373155 63.71090146345 0.19692157465 
0.373661 63.58443714932 0.19679341262 
0.374167 63.46649867417 0.19587237403 
0.374674 63.53880346430 0.19837322889 
0.375180 63.45837081397 0.19467237306 
0.375687 63.39586371910 0.19613299019 
0.376193 63.36501337520 0.20074007105 
0.376700 63.61430371910 0.20083046409 
0.377206 63.22758088596 0.19774372588 
0.377712 63.28326041004 0.20256107845 
0.378219 63.25111661598 0.20282752007 
0.378725 63.41296441773 0.20499206822 
0.379232 63.00566445533 0.20853169994 
0.379738 63.27708411105 0.20005536534 
0.380245 63.57481527373 0.20587738150 
0.380751 63.45984478721 0.20938495699 
0.381257 63.38084607325 0.20838077477 
0.381764 63.32711608453 0.20510512693 
0.382270 62.91466653569 0.20405140682 
0.382777 63.32000297629 0.21226104821 
0.383283 63.02896338945 0.20797756354 
0.383789 63.21993531360 0.20871751274 
0.384296 63.34556604297 0.21373780173 
0.384802 63.30223638715 0.21266127743 
0.385309 63.16249540629 0.20809091976 
0.385815 63.15760251558 0.20989986810 
0.386321 63.32225298494 0.21057154292 
0.386828 63.16070432458 0.21208091606 
0.387334 63.19338058059 0.21197323163 
0.387841 63.04973064082 0.21849295190 
0.388347 63.08091269616 0.21297870771 
0.388853 62.97955192465 0.21755648898 
0.389360 62.78669425317 0.22400392127 
0.389866 62.84326474281 0.21594260733 
0.390373 63.16682017183 0.21917218965 
0.390879 63.01511869890 0.21841199762 
0.391385 62.41251050325 0.22185702764 
0.391892 63.07567168906 0.22098671448 
0.392398 63.22790952467 0.22113733440 
0.392905 62.67135048254 0.22040468449 
0.393411 62.38738658761 0.22127096349 
0.393917 62.73217805405 0.22076019619 
0.394424 63.02687339241 0.22326378738 
0.394930 62.58146527589 0.23072160396 
0.395437 62.74413680743 0.23002512986 
0.395943 62.67249600718 0.22710145429 
0.396449 62.19341680887 0.36821800623 
0.396956 62.80719657901 0.22474368082 
0.397462 62.36303173866 0.23136305036 
0.397969 62.71254333176 0.23011706239 
0.398475 62.89691051074 0.22739848974 
0.398981 62.65156150523 0.23743249361 
0.399488 62.59785804957 0.23235921415 
0.399994 62.54703730787 0.24349060978 
0.400500 62.52376549038 0.24138543115 
0.401007 62.26980620799 0.23682721170 
0.401513 62.69264606749 0.24552400290 
0.402020 62.61154698245 0.24407894679 
0.402526 62.40553778350 0.24489643443 
0.403032 62.32916633939 0.23877325630 
0.403539 61.91958762657 0.25168413626 
0.404045 62.33122339148 0.25148271796 
0.404551 62.27124782387 0.26197202386 
0.405058 62.73976543405 0.26462338769 
0.405564 62.26401684224 0.26703265892 
0.406071 62.30449777371 0.25680709263 
0.406577 62.22507561146 0.25701258545 
0.407083 61.86369012546 0.26000262691 
0.407590 61.88578146255 0.26519017615 
0.408096 62.33839394253 0.26962842687 
0.408602 62.21287274024 0.27233998761 
0.409109 62.04831514887 0.26612196248 
0.409615 62.33834824516 0.26320313716 
0.410121 61.91599100339 0.24910017489 
0.410628 62.21027975966 0.26824532936 
0.411134 62.08042424423 0.26271502700 
0.411641 62.09176962009 0.26764332709 
0.412147 62.16876955509 0.26088867463 
0.412653 62.03157147845 0.27029689870 
0.413160 61.61476782535 0.26039736663 
0.413666 62.04891484475 0.27108382616 
0.414172 61.96767473950 0.28338676444 
0.414679 61.64925594407 0.27517129224 
0.415185 61.94269552947 0.28162345805 
0.415691 61.92767728412 0.26784920619 
0.416198 61.94980915465 0.27636603678 
0.416704 62.05228028901 0.28333438817 
0.417210 62.05318600915 0.28496220356 
0.417717 61.61530662593 0.29686977812 
0.418223 61.62395266254 0.27582159762 
0.418729 61.69135193228 0.28094248771 
0.419236 61.79133523593 0.27182677018 
0.419742 61.76315421022 0.26606360439 
0.420248 61.54049353990 0.27350184433 
0.420755 61.73317860588 0.27658048574 
0.421261 61.71262765085 0.27143707252 
0.421767 61.45744276792 0.27506486787 
0.422274 62.00992224389 0.27754721889 
0.422780 61.66372918223 0.27428822043 
0.423286 61.55131682505 0.28493599184 
0.423793 61.84203427159 0.27277713421 
0.424299 61.76642112571 0.29400664170 
0.424805 61.58827244035 0.29070459399 
0.425312 61.51106096123 0.29124219175 
0.425818 61.83806452024 0.29302708537 
0.426324 61.92227252489 0.29610535768 
0.426831 61.53565108638 0.29117891681 
0.427337 61.57779681076 0.30680019944 
0.427843 61.97113084293 0.29607443257 
0.428350 62.20702881270 0.30458652928 
0.428856 61.84761503238 0.30905765977 
0.429362 61.84448919385 0.30537055718 
0.429869 61.42555880290 0.31589926695 
0.430375 61.82985600499 0.31293997828 
0.430881 61.70932676971 0.30744974237 
0.431388 61.38627533058 0.31372592275 
0.431894 61.05538364676 0.30447557338 
0.432400 61.01554004128 0.32631779309 
0.432907 60.99983240022 0.31436960878 
0.433413 61.79979601399 0.33544107104 
0.433919 61.92347735656 0.33585715519 
0.434425 61.68526143272 0.33278783673 
0.434932 61.45094788957 0.34518732798 
0.435438 61.57331075458 0.34841763577 
0.435944 60.96320536060 0.31876847346 
0.436451 61.50901890031 0.33646716471 
0.436957 61.28179644916 0.36633687910 
0.437463 61.01933330861 0.34579715753 
0.437970 61.04178302590 0.35278912992 
0.438476 61.38045294655 0.35537939780 
0.438982 61.11355141520 0.36098436970 
0.439489 61.32956349110 0.38590942666 
0.439995 61.70614049196 0.37120744154 
0.440501 61.27538771495 0.36556005938 
0.441007 61.31011597049 0.37724482690 
0.441514 61.16354855047 0.37970955758 
0.442020 61.08767048482 0.38892672800 
0.442526 61.24350951183 0.39641877424 
0.443033 61.11362510736 0.40120787821 
0.443539 61.09752902205 0.39914725256 
0.444045 60.42234216427 0.40353235542 
0.444551 61.14955048328 0.42604553479 
0.445058 61.20406213707 0.41054397864 
0.445564 61.09443268741 0.42464956000 
0.446070 60.99246401964 0.42786101508 
0.446577 61.72956842907 0.45960319858 
0.447083 60.61679644834 0.47231762097 
0.447589 60.91886087730 0.45266901003 
0.448095 60.84993641549 0.45424196136 
0.448602 60.89385076818 0.46818403759 
0.449108 60.67122862289 0.48811685739 
0.449614 61.45009900562 0.49681489154 
0.450121 61.10832571621 0.49183477221 
0.450627 60.47818234141 0.49609759985 
0.451133 60.20826633270 0.49501547851 
0.451639 61.71426330788 0.53841564544 
0.452146 60.07893869664 0.52185391742 
0.452652 59.87916561543 0.53437286095 
0.453158 60.36690309255 0.59441316986 
0.453664 60.39790100331 0.57846540412 
0.454171 60.32092815310 0.60624074807 
0.454677 61.16144257822 0.62420443720 
0.455183 60.14425401487 0.61869379595 
0.455689 60.29845219106 0.63588781907 
0.456196 60.75043267179 0.68041119933 
0.456702 59.88534823526 0.63645111096 
0.457208 60.68701550846 0.69352937440 
0.457714 59.12580955464 0.70882378070 
0.458221 60.59678411210 0.74516653780 
0.458727 60.78252249222 0.81608397670 
0.459233 59.84569237049 0.84913133540 
0.459740 60.42222369308 0.83394400704 
0.460246 60.98164404300 0.91427408389 
0.460752 61.06663690992 0.97581048330 
0.461258 59.99843138160 0.96020055699 
0.461765 59.89764243415 1.04175910256 
0.462271 59.97313979840 1.00729056103 
0.462777 61.23623072811 1.17359136386 
0.463283 59.73876212041 1.24439135470 
0.463789 59.72653132222 1.33040488882 
0.464296 58.39359501989 1.31786834673 
0.464802 58.81934686116 1.30623943896 
0.465308 61.44170066044 1.55557114903 
0.465814 59.32562353132 1.62469255166 
0.466321 61.02383488425 1.72006661630 
0.466827 59.90864678483 1.89039735383 
0.467333 60.65945461341 1.88688198556 
0.467839 58.01245175041 1.92981950821 
0.468346 59.18840656100 2.30218735031 
0.468852 61.09925862568 2.60219745348 
0.469358 55.84791034449 2.67330923002 
0.469864 57.49636235734 2.89302917860 
0.470371 58.63309808715 3.89606471314 
0.470877 58.84752978810 4.49572565355 
0.471383 57.49951566241 5.44042498891 
0.471889 56.01189177575 7.34880898334 
0.472395 54.58633816277 5.68836990331 
0.472902 59.17769784671 14.21391798955 
