0.010896 1341.92660461318 12.33743167466 
0.011402 1202.88003064897 12.29304819538 
0.011909 1067.97129561189 10.79765536636 
0.012416 984.72302825033 8.52463645386 
0.012923 883.56426014423 7.69659033906 
0.013430 821.17061336934 10.49849430532 
0.013936 788.39647274954 9.21284138959 
0.014443 737.68104617889 7.65365127182 
0.014950 678.52455867986 6.36901957393 
0.015457 622.65212214832 5.47062620684 
0.015963 580.53626985152 4.74977183365 
0.016470 540.47257821495 4.08655201534 
0.016977 506.54893639905 3.88513116059 
0.017484 474.24055575521 3.36452369872 
0.017990 450.94590903284 3.29220424053 
0.018497 423.54490644566 2.75839800889 
0.019004 396.75577026306 2.38794918357 
0.019511 380.70053645596 2.40625746696 
0.020018 359.38598195772 2.13533516584 
0.020524 344.44638110493 1.96411305268 
0.021031 329.78432316293 1.98064575961 
0.021538 314.22413316026 1.65670576808 
0.022045 301.51362588636 1.68373686670 
0.022551 288.76232342742 1.56027353052 
0.023058 279.55105072861 1.53568755357 
0.023565 269.18699310687 1.58849696505 
0.024072 259.57195695530 1.60275470619 
0.024579 251.74767935558 1.73030128790 
0.025085 242.48199047507 2.17300573173 
0.025592 236.81561004674 2.21435844789 
0.026099 229.78425241444 2.15330169002 
0.026606 223.56517386273 1.69169814484 
0.027112 219.24320052258 1.69357485316 
0.027619 212.90768752838 1.53795902922 
0.028126 206.20041336565 1.57234587956 
0.028633 202.71889434531 1.36021187848 
0.029139 197.78256634018 1.16008431050 
0.029646 193.99972658527 1.10134692308 
0.030153 190.67344141798 1.10437557183 
0.030660 186.50561243846 1.04226718360 
0.031167 183.42186280134 0.93333817971 
0.031673 178.97763569216 0.92108743191 
0.032180 176.97321855158 0.85671375999 
0.032687 172.38423938692 0.91723557140 
0.033194 169.85237571420 0.82426375728 
0.033700 168.97806486018 0.77955972994 
0.034207 165.90273538974 0.75424425863 
0.034714 162.14675649664 0.76224571970 
0.035221 161.84796419300 0.71660568032 
0.035727 157.82747909170 0.70404028246 
0.036234 155.67526074283 0.64557440586 
0.036741 154.68604517621 0.64843275177 
0.037248 151.28514029132 0.63642973030 
0.037755 151.35876711924 0.58273552500 
0.038261 148.59504378291 0.59805715450 
0.038768 147.99080364015 0.60374159035 
0.039275 146.47501447341 0.60571871872 
0.039782 145.15557940577 0.57244173504 
0.040288 143.43196518387 0.57315150598 
0.040795 141.45854211141 0.55589815052 
0.041302 139.39688480658 0.56936161789 
0.041809 138.59940601937 0.53631096252 
0.042315 137.79350150616 0.55975630035 
0.042822 136.20533465874 0.54789902096 
0.043329 134.87547181974 0.55005122001 
0.043836 134.35244971509 0.53367478635 
0.044343 133.45136999113 0.52104274879 
0.044849 132.85450391904 0.50898859084 
0.045356 131.58485544835 0.49905001684 
0.045863 129.58257275857 0.51805859220 
0.046370 128.17044451080 0.49774929363 
0.046876 128.96468899272 0.50252294931 
0.047383 127.60591039475 0.49278359570 
0.047890 126.79712833005 0.49206945822 
0.048397 125.74221708499 0.48777447557 
0.048903 124.16848897057 0.48837684762 
0.049410 123.88057165064 0.48518832910 
0.049917 122.84902052987 0.46759708613 
0.050424 121.86699823692 0.45468767872 
0.050931 121.35437507606 0.44103645665 
0.051437 120.95757582990 0.43175722589 
0.051944 120.47317370267 0.42544186792 
0.052451 120.30949704966 0.44689719177 
0.052958 118.89817782050 0.45727773065 
0.053464 117.80990711617 0.43577739664 
0.053971 116.99269323005 0.43505608753 
0.054478 116.87042063044 0.44723318001 
0.054985 115.96370359329 0.44302990152 
0.055491 115.35813065202 0.43848459001 
0.055998 115.31111435234 0.43450200661 
0.056505 114.65430739946 0.43165380539 
0.057012 113.91719063481 0.42287841325 
0.057519 112.88083802091 0.41255828756 
0.058025 111.97343542604 0.41824679335 
0.058532 111.96131483938 0.41569501615 
0.059039 111.75252133922 0.41278711643 
0.059546 111.17319087436 0.40251406645 
0.060052 111.26805171130 0.43751797271 
0.060559 109.98154813565 0.41708869745 
0.061066 109.58334309203 0.40154545592 
0.061573 108.88738964154 0.40897294665 
0.062079 108.73173585383 0.40930455890 
0.062586 107.90094969728 0.38399269087 
0.063093 107.27865996580 0.40538769404 
0.063600 106.84648033961 0.40456130377 
0.064106 106.31539566300 0.39656149911 
0.064613 106.95869740119 0.40574275395 
0.065120 106.63311005189 0.37331913907 
0.065627 105.27871822830 0.37441505357 
0.066134 105.31437444989 0.39285935700 
0.066640 104.98136760758 0.36542253901 
0.067147 104.32218777863 0.37250548089 
0.067654 104.04180460994 0.36768088163 
0.068161 103.93226816930 0.37633327067 
0.068667 103.77677926899 0.36795886101 
0.069174 102.79528842510 0.38051862054 
0.069681 102.64554682566 0.36715089225 
0.070188 103.12541241840 0.35683975595 
0.070694 101.31642447037 0.35947980874 
0.071201 101.91459062483 0.36936627917 
0.071708 102.13717781969 0.35432417363 
0.072215 101.44662762818 0.34964812162 
0.072721 100.92177610297 0.34651460130 
0.073228 100.21898320128 0.34799642121 
0.073735 100.37403302016 0.34515430459 
0.074242 100.36150392957 0.34207444710 
0.074748 99.59676759477 0.34669622420 
0.075255 99.25303239002 0.33795858673 
0.075762 98.86649959228 0.34304796984 
0.076269 99.48271892994 0.33300586151 
0.076776 98.97706882826 0.34273818264 
0.077282 98.65668486271 0.33642831015 
0.077789 98.60894809775 0.32562972962 
0.078296 98.44599161623 0.33162642197 
0.078803 98.10418445488 0.32833496642 
0.079309 97.88959605739 0.33190783172 
0.079816 96.95759080062 0.33975847434 
0.080323 97.66892378580 0.33454082788 
0.080830 97.11412413620 0.33565790489 
0.081336 97.42993494856 0.33564592153 
0.081843 97.48295086977 0.33499314711 
0.082350 96.62545637323 0.33808723134 
0.082857 96.56802849543 0.32296502734 
0.083363 96.17702387575 0.33766991676 
0.083870 96.31009187391 0.33838532524 
0.084377 96.04477174557 0.32816290404 
0.084884 96.28467042328 0.31666791454 
0.085390 95.98260735366 0.33405601808 
0.085897 95.51513791797 0.33254290999 
0.086404 95.76233319550 0.33993639747 
0.086911 95.58627599578 0.31937914555 
0.087417 95.01272239734 0.32840813096 
0.087924 95.22098057438 0.33685953522 
0.088431 94.89932683502 0.32422255998 
0.088938 94.35093812861 0.35044328513 
0.089444 94.44683069892 0.33233183921 
0.089951 94.67778607012 0.32131316670 
0.090458 94.65929808813 0.32752560001 
0.090965 93.95136916273 0.33041949785 
0.091471 94.14988360591 0.32847141746 
0.091978 93.55546799081 0.32912839715 
0.092485 93.05518175589 0.34752800278 
0.092992 93.22784422648 0.34192150164 
0.093498 93.18469661886 0.32826415886 
0.094005 93.12590395127 0.33028948484 
0.094512 92.49256029817 0.33387047710 
0.095019 92.32131180525 0.33425102335 
0.095525 92.25165814251 0.32734914867 
0.096032 92.46204548312 0.33711367238 
0.096539 92.40673639963 0.33265249454 
0.097046 92.08938063943 0.32965035631 
0.097552 91.98726507740 0.33059009642 
0.098059 91.79168491641 0.31503019566 
0.098566 91.97635928462 0.32443886133 
0.099073 91.76175702092 0.32873377137 
0.099579 92.12167728430 0.32543507371 
0.100086 91.47502485687 0.31941194238 
0.100593 91.35497050264 0.32540318086 
0.101100 91.14680255427 0.31418932525 
0.101606 91.08509618834 0.31511922919 
0.102113 89.96659200252 0.30853899785 
0.102620 89.19726087414 0.30018200272 
0.103127 89.65565762883 0.29934797660 
0.103633 89.02244726268 0.30151744393 
0.104140 89.10206477404 0.30174934789 
0.104647 88.97852482931 0.29264141229 
0.105154 88.58888255654 0.31577307104 
0.105660 88.40220528590 0.31026934469 
0.106167 88.37538738745 0.30056562730 
0.106674 87.93658545415 0.30628658678 
0.107181 87.96648900556 0.29955504203 
0.107687 87.76052500388 0.29720713763 
0.108194 87.83630551369 0.29560881012 
0.108701 87.80433292938 0.28776771204 
0.109208 87.91420232952 0.29291719026 
0.109714 87.59567305465 0.28312026716 
0.110221 87.29182053699 0.28834067234 
0.110728 87.25511393658 0.28617334898 
0.111235 87.16188593736 0.29080186016 
0.111741 87.61323502532 0.28680834313 
0.112248 87.23550022493 0.28262702692 
0.112755 87.12939100792 0.27814672109 
0.113262 87.00318853283 0.28306982167 
0.113768 86.67853777267 0.28444654288 
0.114275 87.43792634684 0.27445382831 
0.114782 87.12233588316 0.27198070360 
0.115289 86.33362717291 0.27615574817 
0.115795 86.93859345991 0.27983543323 
0.116302 86.34241429938 0.27763436779 
0.116809 86.14559248430 0.27391321415 
0.117316 86.44856998925 0.26579161596 
0.117822 86.56073909032 0.27375519954 
0.118329 86.45908255343 0.26747402513 
0.118836 85.74786122475 0.26755354886 
0.119342 86.05501584674 0.27714984236 
0.119849 85.80463756060 0.27329709683 
0.120356 85.68333196228 0.26642878817 
0.120863 85.55290351403 0.27344977979 
0.121369 85.22864026388 0.25752670239 
0.121876 85.69056710758 0.26634740536 
0.122383 85.44452520438 0.26717145617 
0.122890 85.20932952687 0.26488666408 
0.123396 85.84887869575 0.26683720091 
0.123903 84.74400311912 0.25962607745 
0.124410 85.05793413536 0.26607094651 
0.124917 84.94388308753 0.26733837801 
0.125423 84.80447530591 0.25956511485 
0.125930 84.87780031476 0.25992038827 
0.126437 84.78114516781 0.25537029386 
0.126944 84.60746321141 0.26054971701 
0.127450 85.03731661842 0.26469612761 
0.127957 84.88020687827 0.26067229096 
0.128464 84.69795790008 0.25839361478 
0.128970 84.82427991122 0.25129577193 
0.129477 84.43660230939 0.24449700628 
0.129984 84.27290839361 0.26014491987 
0.130491 84.62296088992 0.25588157132 
0.130997 84.51986591172 0.24503394699 
0.131504 84.21038746296 0.25715742720 
0.132011 84.39813760122 0.25361357183 
0.132518 84.25268118167 0.24194967313 
0.133024 84.49279921055 0.24572888433 
0.133531 83.98649731953 0.24587011147 
0.134038 83.71730635518 0.25109621462 
0.134545 83.81257981425 0.24398831756 
0.135051 83.95048091093 0.25091506716 
0.135558 83.58013899782 0.24407583497 
0.136065 83.37780148715 0.24175213148 
0.136571 83.61482393825 0.24484187623 
0.137078 83.80081764184 0.24492897769 
0.137585 83.18143093518 0.24222545822 
0.138092 83.48939583990 0.23956432019 
0.138598 83.59331704904 0.24326026360 
0.139105 82.98685159401 0.24369182441 
0.139612 83.49501145645 0.24529278609 
0.140119 83.07323972235 0.24600719497 
0.140625 83.27261371880 0.24087772336 
0.141132 82.60862326092 0.24238119095 
0.141639 82.84102698007 0.24155928679 
0.142145 82.66427353951 0.24229613440 
0.142652 82.50091199813 0.24118639943 
0.143159 82.46996222045 0.24168635233 
0.143666 82.36841994785 0.23920999341 
0.144172 82.76111993267 0.24500820104 
0.144679 82.37198109037 0.24208435468 
0.145186 81.96421635961 0.24291010487 
0.145692 81.75336920918 0.24126865789 
0.146199 82.11422256049 0.23814991988 
0.146706 82.20696465805 0.24309653194 
0.147213 81.70151754525 0.23593073623 
0.147719 81.67256602022 0.24158961411 
0.148226 81.26367830857 0.23869967233 
0.148733 81.62419148778 0.24086771193 
0.149240 81.40140490978 0.23772932587 
0.149746 81.75897372237 0.24091984527 
0.150253 81.21023921659 0.23719144980 
0.150760 81.43189355368 0.24049369821 
0.151266 81.14103169205 0.23994484376 
0.151773 81.08016712848 0.23640979727 
0.152280 81.08128119008 0.23776650202 
0.152787 80.74543080251 0.24352216074 
0.153293 80.88967273553 0.24149949591 
0.153800 80.53586808621 0.23560354292 
0.154307 81.03160773000 0.24257653142 
0.154813 80.46817633622 0.24169370264 
0.155320 80.84522189554 0.23911054577 
0.155827 80.79844376344 0.24152934970 
0.156334 80.25175386133 0.23953766923 
0.156840 80.40434592981 0.23839244496 
0.157347 80.35971487649 0.23720133296 
0.157854 80.26324254253 0.24367662419 
0.158360 80.16350506247 0.23655755082 
0.158867 79.51322415131 0.23839406899 
0.159374 80.03190404468 0.23269440689 
0.159881 79.97288934532 0.23516945124 
0.160387 79.72342122043 0.23368101377 
0.160894 80.04438028562 0.23291969508 
0.161401 79.99981964319 0.23541499357 
0.161907 79.78918949474 0.23483519830 
0.162414 79.83750783775 0.23687059753 
0.162921 79.47814476399 0.23532655756 
0.163427 79.65264964383 0.23504359018 
0.163934 79.43274620893 0.23332887061 
0.164441 79.51683029409 0.22904486032 
0.164948 79.43803145754 0.22844871386 
0.165454 79.33696354990 0.23221588609 
0.165961 79.42241070204 0.23296937752 
0.166468 79.19835193424 0.22738520109 
0.166974 78.97966984989 0.22976270623 
0.167481 78.91500562165 0.22357522628 
0.167988 78.88501558146 0.22789283079 
0.168495 78.96036223902 0.23456310749 
0.169001 79.16984621231 0.23118032660 
0.169508 78.98156216284 0.23110737942 
0.170015 79.16146661395 0.22772582864 
0.170521 79.38801595248 0.24089558546 
0.171028 79.17575895072 0.23519635576 
0.171535 78.91810019610 0.23173513586 
0.172041 79.17618780932 0.23551392595 
0.172548 79.20114823316 0.23581727333 
0.173055 78.86282219119 0.23820118994 
0.173562 79.23125593123 0.24117041867 
0.174068 78.85923487596 0.23398575568 
0.174575 78.95175550720 0.23514919924 
0.175082 78.73699000446 0.23967946198 
0.175588 78.85056891359 0.23798613531 
0.176095 78.57071860963 0.24348169760 
0.176602 78.60782505961 0.23705941169 
0.177108 78.71387219745 0.23613511981 
0.177615 78.13154128664 0.23620057935 
0.178122 78.66787644125 0.23621002187 
0.178629 78.78211980008 0.23012596414 
0.179135 78.76936639562 0.23105923934 
0.179642 78.59327617645 0.23013414638 
0.180149 78.43365547178 0.23519609834 
0.180655 78.60013029814 0.23584700363 
0.181162 78.41218825608 0.23507292084 
0.181669 78.59990336556 0.23486871600 
0.182175 78.39087889867 0.24429833482 
0.182682 78.72203505272 0.24260061029 
0.183189 78.56042946034 0.24174308777 
0.183695 78.23430863552 0.23873719497 
0.184202 78.21584573959 0.24067337739 
0.184709 78.86213121813 0.24667850825 
0.185216 78.60485011475 0.24079012243 
0.185722 78.44121931045 0.24513574299 
0.186229 78.14628687951 0.24443827725 
0.186736 77.85415655361 0.24285140051 
0.187242 77.96782344070 0.24397969980 
0.187749 77.75302985317 0.24528830027 
0.188256 77.90529765687 0.24653487977 
0.188762 77.96311630681 0.24357705413 
0.189269 77.53771370225 0.24997285229 
0.189776 77.73759866425 0.24553519119 
0.190282 77.76078700618 0.24110154539 
0.190789 77.21620247717 0.24317492208 
0.191296 77.59043721968 0.24620888069 
0.191802 77.00802789837 0.23938688659 
0.192309 77.22378856430 0.23816715369 
0.192816 76.82864820861 0.24048354484 
0.193323 76.90300357460 0.23852384707 
0.193829 76.87155936084 0.23209054009 
0.194336 76.87060288864 0.23858285809 
0.194843 76.83401515311 0.22812732737 
0.195349 76.41677775908 0.23002999030 
0.195856 76.27488521438 0.23190779798 
0.196363 76.07911893775 0.23290011599 
0.196869 76.00467343687 0.23233809138 
0.197376 76.15509987345 0.23057783174 
0.197883 76.05633895561 0.22715553946 
0.198389 75.81344816415 0.22505828730 
0.198896 75.92216561842 0.22331344444 
0.199403 76.33191646953 0.22650017266 
0.199909 75.85753588204 0.22792967792 
0.200416 75.98787767740 0.22429335757 
0.200923 75.73918239750 0.23054947831 
0.201429 75.84785758945 0.21781372037 
0.201936 75.62964794518 0.21716117838 
0.202443 75.52049086922 0.21785568382 
0.202949 75.42498886063 0.22582499731 
0.203456 75.54301163444 0.21908029383 
0.203963 75.65601455736 0.21587572900 
0.204469 75.62651284307 0.21986221466 
0.204976 75.37337202394 0.21714841339 
0.205483 75.16518411779 0.21587567008 
0.205989 75.32594306266 0.21818249525 
0.206496 75.38500041828 0.22121150990 
0.207003 75.58927301563 0.21445070057 
0.207509 75.71730054529 0.21637017433 
0.208016 75.26630216277 0.21077421533 
0.208523 75.38601802560 0.21237393789 
0.209029 75.11831376824 0.21870076977 
0.209536 75.21327042889 0.21131648724 
0.210043 75.03192202319 0.21343477876 
0.210549 75.35448186982 0.21384618296 
0.211056 75.11073881470 0.20981575715 
0.211563 74.87326316004 0.20929021165 
0.212069 74.91284947240 0.21099973051 
0.212576 74.74280202788 0.21019076085 
0.213083 74.97609182372 0.20789878838 
0.213589 75.02256548024 0.21326968854 
0.214096 74.64983313815 0.20609672162 
0.214603 74.83056520993 0.20771559686 
0.215109 74.64031682871 0.21113825226 
0.215616 74.71257421841 0.20822024076 
0.216123 74.42978293166 0.20520070197 
0.216629 74.43850623335 0.20648722947 
0.217136 74.29186728050 0.21019443907 
0.217643 73.86109116225 0.20968166629 
0.218149 74.15893718553 0.20973440463 
0.218656 73.98120311018 0.20615582611 
0.219163 74.22950644045 0.20649907318 
0.219669 74.15945214970 0.20866758366 
0.220176 74.23610433524 0.20154197314 
0.220683 74.17615945114 0.20448492714 
0.221189 73.81315769269 0.20563381438 
0.221696 74.08513190229 0.20355113118 
0.222203 74.22104965147 0.20348674206 
0.222709 73.84667220134 0.20487884500 
0.223216 74.15579072679 0.21007600242 
0.223722 73.98767952973 0.20295228062 
0.224229 73.72954863557 0.20393412032 
0.224736 73.95638924573 0.20260986588 
0.225242 73.39703390962 0.20633918055 
0.225749 73.73032182872 0.19950768259 
0.226256 73.79762416757 0.20174998154 
0.226762 73.38893893260 0.20010776781 
0.227269 73.53126087012 0.20400149074 
0.227776 73.54082192352 0.20441654287 
0.228282 73.56572337910 0.19912056281 
0.228789 73.33678559348 0.20214904178 
0.229296 73.33118717110 0.20248372704 
0.229802 73.52241350360 0.19949706729 
0.230309 73.48309486026 0.20332798302 
0.230816 73.28901034975 0.19987988957 
0.231322 73.06317927172 0.20118380169 
0.231829 72.98998687417 0.20036974097 
0.232335 72.97760908970 0.20480502872 
0.232842 72.71864442775 0.20091249208 
0.233349 73.04317897268 0.20121599738 
0.233855 72.94961863021 0.19960132953 
0.234362 72.98376691926 0.19601479283 
0.234869 72.82805354078 0.19914854675 
0.235375 72.58792022252 0.19819772384 
0.235882 72.74518947845 0.19899932829 
0.236389 72.62628844239 0.19637750376 
0.236895 72.91072658868 0.20008405121 
0.237402 72.52830246264 0.19808544033 
0.237908 72.27809571445 0.19633872084 
0.238415 72.26319406831 0.19824559561 
0.238922 72.28225956590 0.20151264386 
0.239428 71.96916524122 0.19905259697 
0.239935 71.98194309487 0.19505027974 
0.240442 72.05848990129 0.20041053260 
0.240948 72.36009679405 0.19892122090 
0.241455 72.20913172938 0.20191602025 
0.241962 72.22986851704 0.19984600604 
0.242468 72.24218792881 0.19827055660 
0.242975 71.88337178739 0.19897364609 
0.243481 71.65758486071 0.19884345755 
0.243988 71.79282464052 0.20019592095 
0.244495 71.72025751746 0.19530881836 
0.245001 71.56954089135 0.19933868310 
0.245508 71.78178128519 0.19556173538 
0.246015 71.74917337023 0.19333376318 
0.246521 71.95510833130 0.19331367336 
0.247028 71.58825181638 0.19792711054 
0.247534 71.30098872923 0.19542802453 
0.248041 71.38567993755 0.19689419856 
0.248548 71.71525865109 0.20020374146 
0.249054 71.68059745272 0.19716764854 
0.249561 71.40190733918 0.19565886942 
0.250068 71.39504745545 0.19823371110 
0.250574 71.58886899620 0.19990013324 
0.251081 71.33277526708 0.19807539493 
0.251587 71.33841757587 0.19562470602 
0.252094 71.36570483278 0.19731779067 
0.252601 71.49558837538 0.19749810484 
0.253107 71.10097341208 0.19687249955 
0.253614 71.11033977726 0.19490134131 
0.254120 70.95504545551 0.19649436203 
0.254627 71.08116695780 0.19711276302 
0.255134 71.26270827606 0.19834154818 
0.255640 71.25042257464 0.19304761673 
0.256147 70.91293689820 0.19412007254 
0.256654 71.06416727291 0.19673611737 
0.257160 71.26621472589 0.19694766640 
0.257667 71.44259664096 0.19647434880 
0.258173 71.55012211291 0.19533668412 
0.258680 71.64262865041 0.19821333238 
0.259187 71.71399463924 0.19620023409 
0.259693 71.57405062655 0.19145880555 
0.260200 71.66692756524 0.19386707770 
0.260706 71.73458305394 0.19544276063 
0.261213 71.80023569984 0.19275925219 
0.261720 71.48965448836 0.19521410832 
0.262226 71.57119383363 0.19178347897 
0.262733 71.74638958204 0.19541483164 
0.263239 71.58095849893 0.19722631219 
0.263746 71.64918608655 0.19377841377 
0.264253 71.66241291070 0.19202443345 
0.264759 71.66037087176 0.18857981295 
0.265266 71.80479230788 0.19381192305 
0.265772 71.62525261231 0.19561251500 
0.266279 71.71825054107 0.19131624248 
0.266786 71.76596471621 0.19200099589 
0.267292 71.64535722424 0.19012276521 
0.267799 71.60247062627 0.19287133217 
0.268305 71.82707313769 0.19182693529 
0.268812 71.65116892640 0.19501522129 
0.269319 71.81056750653 0.18891197680 
0.269825 71.96401460619 0.18829488907 
0.270332 71.85098525479 0.19244965835 
0.270838 71.99836586731 0.19576970274 
0.271345 71.93906061379 0.19495489734 
0.271852 72.37362137375 0.18855920113 
0.272358 72.11811229038 0.19187331081 
0.272865 72.17121172598 0.19166771031 
0.273371 72.37130243177 0.19295038539 
0.273878 72.59189889363 0.19317272459 
0.274385 72.53876032385 0.19046869482 
0.274891 72.46857029263 0.19170082483 
0.275398 72.20030237079 0.18833128376 
0.275904 72.46287948652 0.18396691524 
0.276411 72.16128650470 0.18688269758 
0.276917 72.43212985673 0.18882105980 
0.277424 71.96197068147 0.18332168312 
0.277931 72.24974672019 0.18024869576 
0.278437 72.14033237236 0.17923287546 
0.278944 72.12215008895 0.18270606095 
0.279450 72.03416381332 0.18581768759 
0.279957 72.55262724110 0.18156229207 
0.280464 71.96359162950 0.17944226499 
0.280970 72.05320148317 0.18349579220 
0.281477 72.33188306626 0.18240765864 
0.281983 72.24347930183 0.17913907850 
0.282490 72.04268279868 0.18110132816 
0.282996 71.87545718551 0.17980626609 
0.283503 72.02085858224 0.17900943055 
0.284010 72.07793635391 0.17880402917 
0.284516 71.80924300778 0.17372829957 
0.285023 71.94494196604 0.17644417901 
0.285529 71.51792985479 0.17520260738 
0.286036 71.52270704098 0.17454509949 
0.286542 71.53404315453 0.17743098401 
0.287049 71.65209364248 0.17305804341 
0.287556 71.58289511488 0.17254399411 
0.288062 71.68535359881 0.17277830722 
0.288569 71.35569387625 0.16937506414 
0.289075 71.54238822001 0.17173065207 
0.289582 71.62908476420 0.17343954129 
0.290088 71.28833480285 0.16777126292 
0.290595 71.32223826112 0.17033062734 
0.291102 71.41179830589 0.16845307846 
0.291608 71.11928462642 0.16731039563 
0.292115 71.24303733429 0.16761014956 
0.292621 71.08971500034 0.16906298721 
0.293128 71.17144259105 0.16574201624 
0.293634 70.84569967598 0.16661735273 
0.294141 70.84753742952 0.16416984350 
0.294647 71.27253825242 0.16945024168 
0.295154 70.81380431272 0.16593098377 
0.295661 70.91879927207 0.16701625246 
0.296167 70.98736800741 0.16667499083 
0.296674 70.95503685073 0.16540010846 
0.297180 70.88170742841 0.16296495785 
0.297687 70.70312650046 0.16632880692 
0.298193 70.74445360663 0.16223944570 
0.298700 70.75310113495 0.16593428460 
0.299207 70.54519807646 0.16741087580 
0.299713 70.57454771596 0.16614622518 
0.300220 70.67805200368 0.16183595802 
0.300726 70.52372749046 0.16198129452 
0.301233 70.29828915715 0.16560202347 
0.301739 70.54551833163 0.16367370842 
0.302246 70.31518651686 0.16191905054 
0.302752 70.54587431154 0.16243282927 
0.303259 70.15948237553 0.16320940746 
0.303765 70.48200315763 0.16153501552 
0.304272 70.31327806374 0.16244261025 
0.304779 70.23688873333 0.15928509750 
0.305285 70.03875552251 0.16051496371 
0.305792 70.40183171768 0.15782788083 
0.306298 70.14984378079 0.15841902379 
0.306805 70.14984952335 0.16325102049 
0.307311 70.34426562609 0.15759860639 
0.307818 70.13082695373 0.15603576652 
0.308324 69.63966987667 0.15647713377 
0.308831 69.61778913630 0.15767868621 
0.309337 69.26542585861 0.15320115350 
0.309844 69.21923416774 0.15203447813 
0.310350 69.10794849810 0.15449569161 
0.310857 69.16239192798 0.15276463628 
0.311364 68.68885685853 0.15143817792 
0.311870 68.51895094815 0.14968011076 
0.312377 68.20245487257 0.14865483488 
0.312883 68.18754271617 0.14375371558 
0.313390 68.18323084299 0.14942138923 
0.313896 67.86640452900 0.14641432218 
0.314403 67.88451276744 0.14714992654 
0.314909 67.99875491670 0.14315086451 
0.315416 67.83652184754 0.14646677358 
0.315922 67.59300337811 0.14551772514 
0.316429 67.40041146007 0.14327803616 
0.316935 67.35812512229 0.14141649751 
0.317442 67.19503241332 0.14214343944 
0.317948 67.34135507341 0.14243480439 
0.318455 66.88658808739 0.14013972369 
0.318961 67.19312690534 0.14046853950 
0.319468 66.94623961453 0.13946042880 
0.319975 67.01963461041 0.14159857115 
0.320481 66.77262522934 0.14078794921 
0.320988 66.65931377000 0.14204018587 
0.321494 66.69919890663 0.14140532956 
0.322001 66.65647158594 0.15841315134 
0.322507 66.48346406063 0.13972299575 
0.323014 66.46175545531 0.14150831547 
0.323520 66.65058926837 0.14219606793 
0.324027 66.52547471699 0.14274651490 
0.324533 66.37073610895 0.14094873997 
0.325040 66.38498102586 0.13854451593 
0.325546 66.46241405866 0.14124104467 
0.326053 66.36225701161 0.14169321811 
0.326559 66.33147474533 0.13840287384 
0.327066 66.78305281299 0.14020435186 
0.327572 65.96965621719 0.13650785964 
0.328079 66.15614669667 0.13994126574 
0.328585 66.29667091947 0.13825137622 
0.329092 66.13508742581 0.13806270678 
0.329598 65.88265224290 0.14015612450 
0.330105 66.29111717128 0.13610548158 
0.330611 65.82650731906 0.13857483908 
0.331118 65.95130513034 0.13691493215 
0.331624 66.12545317750 0.13920153103 
0.332131 66.00843693406 0.14072566532 
0.332637 65.70734039614 0.13607138687 
0.333144 65.94845295807 0.13904902268 
0.333650 65.81238298632 0.13796479260 
0.334157 65.67562832386 0.13778421112 
0.334663 65.98760421084 0.13809579461 
0.335170 65.79486805676 0.14179682860 
0.335676 65.68434945548 0.14149703752 
0.336183 65.75794878847 0.13864050938 
0.336689 65.65833946534 0.13807489635 
0.337196 65.55012632640 0.13491901478 
0.337702 65.75567329434 0.13835661943 
0.338209 65.53564831179 0.13741011294 
0.338715 65.54397823054 0.13840310440 
0.339222 65.56548646124 0.13699361326 
0.339728 65.48905731074 0.13943690163 
0.340235 65.43905279626 0.23602699083 
0.340741 65.55905437149 0.14074008065 
0.341248 65.18372544891 0.13772298311 
0.341754 65.30283509546 0.13809972428 
0.342261 65.42632992814 0.13985268268 
0.342767 65.29780216130 0.13772269328 
0.343274 65.21888166493 0.14018796236 
0.343780 65.16541003814 0.13872540095 
0.344287 65.36694921900 0.13597701429 
0.344793 65.17111123070 0.13858503438 
0.345300 65.29112766616 0.14169967161 
0.345806 65.22293069382 0.13984802689 
0.346313 64.82211674948 0.14238345752 
0.346819 64.97316692908 0.14016556099 
0.347325 65.15015396165 0.14465269208 
0.347832 64.90241718193 0.14316366304 
0.348338 65.01349185412 0.14429878667 
0.348845 64.75913433093 0.14670631955 
0.349351 64.98592001787 0.14878443596 
0.349858 64.86774782722 0.14929594020 
0.350364 64.61803086418 0.14454385872 
0.350871 64.70363646643 0.14876639202 
0.351377 64.75083083029 0.14888027315 
0.351884 64.67436112209 0.14442807598 
0.352390 64.39843948865 0.14996530475 
0.352897 64.56678192298 0.14882458535 
0.353403 64.69991334271 0.14605409840 
0.353910 64.64060919287 0.15331695618 
0.354416 64.17503484249 0.15106526821 
0.354923 64.24228928173 0.14872617004 
0.355429 64.15466318126 0.15197493882 
0.355935 64.15746683311 0.15200352267 
0.356442 64.02348221649 0.15240299715 
0.356948 63.90982180205 0.15209982047 
0.357455 63.79274450611 0.15785071740 
0.357961 63.75824535324 0.15591865496 
0.358468 63.71987375983 0.15186201136 
0.358974 63.79837314180 0.22175636988 
0.359481 63.88259272517 0.20321754866 
0.359987 63.66209976124 0.19897477845 
0.360494 63.86563694544 0.18934872415 
0.361000 64.08174470675 0.18626847139 
0.361506 63.96738756743 0.18409999719 
0.362013 63.89003533110 0.18436635742 
0.362519 63.92905035146 0.18077509650 
0.363026 64.03679847324 0.18454607649 
0.363532 63.84903411118 0.18559319849 
0.364039 64.10266326601 0.18018069079 
0.364545 63.84542133130 0.18134359186 
0.365052 64.02307886381 0.18476404671 
0.365558 64.11723824767 0.18470874349 
0.366064 63.75947653740 0.18123908331 
0.366571 63.94446303420 0.18770038090 
0.367077 63.66547157005 0.18098927015 
0.367584 63.63545233000 0.18773323572 
0.368090 63.67937193870 0.18211397815 
0.368597 63.56380025522 0.18710966538 
0.369103 63.98115731584 0.18724626013 
0.369610 63.85116810535 0.18932629994 
0.370116 63.56605901327 0.18969515296 
0.370622 63.44185341223 0.19040654682 
0.371129 63.78723841072 0.19133131493 
0.371635 63.54049590440 0.18996816398 
0.372142 63.51677671608 0.19284218957 
0.372648 63.45003493002 0.19561446525 
0.373155 63.55520203889 0.19805642570 
0.373661 63.49223392526 0.19340798081 
0.374167 63.38278603050 0.19602065175 
0.374674 63.71836457815 0.19928718980 
0.375180 63.64412427504 0.19734672227 
0.375687 63.71727589435 0.20006818056 
0.376193 63.54037997107 0.19852347836 
0.376700 63.33542950260 0.20260008662 
0.377206 63.26238182746 0.19948175848 
0.377712 63.44801003240 0.20034788383 
0.378219 63.55373285132 0.20228089359 
0.378725 63.34327489704 0.20304027680 
0.379232 63.10007329540 0.20335417051 
0.379738 63.45910145287 0.20325019744 
0.380245 63.40423373370 0.20316122177 
0.380751 63.22461950607 0.20253272316 
0.381257 63.19366737045 0.20694402936 
0.381764 63.13542837112 0.20695216889 
0.382270 63.27298254619 0.21399024012 
0.382777 63.05922571195 0.20943682899 
0.383283 63.49728965443 0.20844500092 
0.383789 63.13495488830 0.20458358578 
0.384296 63.22135460255 0.20801876435 
0.384802 63.25294701582 0.21066523798 
0.385309 62.99690838445 0.20745683095 
0.385815 63.02574505793 0.21110431827 
0.386321 62.96259431292 0.21576914603 
0.386828 63.06613276700 0.21210587954 
0.387334 63.12087485498 0.21300150289 
0.387841 63.19771151803 0.21258503907 
0.388347 62.70837604178 0.21737606545 
0.388853 63.23064637739 0.21690189687 
0.389360 63.13175963021 0.21151214870 
0.389866 62.48437256962 0.21144782114 
0.390373 63.20011692809 0.21794556268 
0.390879 62.79123849128 0.21264062947 
0.391385 63.28641620450 0.21949445182 
0.391892 62.95180414148 0.21922639670 
0.392398 62.82430554884 0.22246240745 
0.392905 62.64244159579 0.22030638979 
0.393411 62.90294214387 0.21593949662 
0.393917 62.85316868643 0.22088274023 
0.394424 62.62769912833 0.22404674479 
0.394930 62.93242556615 0.22979521704 
0.395437 63.13434240625 0.23038763509 
0.395943 62.51571175789 0.22270726864 
0.396449 62.73079525661 0.33975691068 
0.396956 62.93458289305 0.22683702789 
0.397462 62.64036973273 0.22446172884 
0.397969 62.76228662703 0.23146496483 
0.398475 62.46620298879 0.22550711387 
0.398981 62.58430007832 0.23859780767 
0.399488 62.54641918496 0.23903040648 
0.399994 62.60235503870 0.23263516072 
0.400500 62.45507634939 0.24464322973 
0.401007 62.72629830503 0.24436430630 
0.401513 62.72694518346 0.25013509140 
0.402020 62.09416715901 0.23594513489 
0.402526 62.56740812966 0.24661657486 
0.403032 62.71505729763 0.24809959537 
0.403539 62.38688204713 0.25630109045 
0.404045 62.35501456331 0.25218550062 
0.404551 62.29694358792 0.26874254010 
0.405058 61.83232478650 0.26722109824 
0.405564 62.26345060980 0.25867815871 
0.406071 62.43006849508 0.25628374298 
0.406577 62.63515296029 0.25464322581 
0.407083 61.99125314246 0.26366978439 
0.407590 62.69704624850 0.26776602620 
0.408096 62.37179760137 0.27230862471 
0.408602 61.78427846626 0.27433427064 
0.409109 62.09445661119 0.26392671014 
0.409615 62.16656761092 0.26839234348 
0.410121 62.48860459650 0.26383354373 
0.410628 61.86701556596 0.26243663102 
0.411134 62.16720497457 0.26252229844 
0.411641 62.39246161076 0.27323044882 
0.412147 61.89723202304 0.26532619939 
0.412653 61.88739387616 0.27386662470 
0.413160 61.80933391515 0.26064453218 
0.413666 62.22621978334 0.26245673793 
0.414172 62.11789607818 0.27676772070 
0.414679 61.70400260660 0.27146214829 
0.415185 62.37124632325 0.28477343920 
0.415691 61.89514900355 0.26319539802 
0.416198 62.18539399617 0.28074608923 
0.416704 62.06267196261 0.28139418480 
0.417210 61.44670184963 0.28194465328 
0.417717 61.96401234666 0.29351779534 
0.418223 61.93263425451 0.27620269063 
0.418729 61.85515350546 0.28339699346 
0.419236 62.40610882124 0.27899793390 
0.419742 61.68401359542 0.26823560828 
0.420248 62.01226388136 0.27226767740 
0.420755 62.29491642154 0.27459607449 
0.421261 61.97332767287 0.26749391279 
0.421767 61.14906782472 0.27975112280 
0.422274 61.76998280589 0.27500027013 
0.422780 61.86878356255 0.28778285031 
0.423286 61.87268458286 0.27757961733 
0.423793 61.66101261074 0.28147140456 
0.424299 61.85229062416 0.29208756587 
0.424805 61.65035568800 0.28648596582 
0.425312 61.62650673105 0.28457742834 
0.425818 61.80192190885 0.27900148613 
0.426324 62.11257996451 0.29099449901 
0.426831 61.25445651763 0.28864841877 
0.427337 61.39969540534 0.29528727094 
0.427843 62.18396767056 0.29950606897 
0.428350 61.77377862466 0.30026781867 
0.428856 60.87355927131 0.30580578042 
0.429362 61.54694491199 0.30095433500 
0.429869 61.82161519398 0.31316485591 
0.430375 61.30263941265 0.31563877820 
0.430881 61.56145940607 0.31408484104 
0.431388 62.16439614491 0.30973591586 
0.431894 61.30760320980 0.30139190445 
0.432400 61.34385921395 0.32470128305 
0.432907 62.04704619492 0.32775913240 
0.433413 61.64582562603 0.33462458737 
0.433919 61.31792464689 0.33856797065 
0.434425 61.11721332520 0.32897531165 
0.434932 61.58976945000 0.34384334154 
0.435438 61.11245278096 0.34955523820 
0.435944 61.60238483168 0.35242197752 
0.436451 61.25552577099 0.34129954606 
0.436957 61.66344868978 0.34833429129 
0.437463 60.84957625399 0.35451837097 
0.437970 61.54499485828 0.35026906611 
0.438476 61.59868698926 0.36820979139 
0.438982 61.52363602480 0.37410632495 
0.439489 61.80146792263 0.37416776845 
0.439995 61.10615917103 0.37149749858 
0.440501 61.33077138933 0.37059837647 
0.441007 61.42856646513 0.37291096627 
0.441514 61.52541713543 0.37138126236 
0.442020 61.44202563833 0.38855949339 
0.442526 60.83623955257 0.39648267252 
0.443033 61.18765192974 0.39319424843 
0.443539 60.83776763154 0.39012485511 
0.444045 61.09052306878 0.40583645398 
0.444551 60.92533789216 0.40548267355 
0.445058 61.19475246057 0.42153460523 
0.445564 60.99099562787 0.44229847757 
0.446070 61.29533398357 0.44026652393 
0.446577 61.77691145684 0.43647259392 
0.447083 61.37984119040 0.46492223062 
0.447589 61.06560637116 0.44370113526 
0.448095 61.25158355460 0.45857025242 
0.448602 60.98580034842 0.46831682770 
0.449108 60.35968066667 0.49051004463 
0.449614 61.08367501237 0.50096911324 
0.450121 60.34820522382 0.49664806117 
0.450627 60.59981640564 0.49454437579 
0.451133 60.57542842650 0.51025341081 
0.451639 60.69443049371 0.53044529831 
0.452146 59.84943232572 0.53207189168 
0.452652 60.12766885323 0.55800377529 
0.453158 60.64563588764 0.57682330055 
0.453664 60.02987569587 0.54099022954 
0.454171 60.71872004450 0.55433752024 
0.454677 60.33456316151 0.59210726439 
0.455183 59.96111633602 0.60966464758 
0.455689 59.31172362522 0.61982189847 
0.456196 60.00899117712 0.62103385745 
0.456702 59.80136188360 0.67216791273 
0.457208 60.74378430292 0.70526518828 
0.457714 60.66592800154 0.73663052347 
0.458221 60.58395430092 0.76905241043 
0.458727 59.98235680936 0.75901692490 
0.459233 60.50115469326 0.81468365686 
0.459740 61.24828520968 0.87362855950 
0.460246 60.30489635294 0.91518444337 
0.460752 60.85414710294 0.99112325727 
0.461258 61.23469165842 1.03136772705 
0.461765 61.02851318546 1.11101236361 
0.462271 60.43947904016 0.98841533778 
0.462777 60.22505619425 1.19529536765 
0.463283 60.91543624137 1.24456240471 
0.463789 60.20643403476 1.30419916405 
0.464296 59.91887022271 1.45591406082 
0.464802 62.25134789335 1.46307357681 
0.465308 60.76739279048 1.49884205424 
0.465814 60.02084705543 1.67163853420 
0.466321 59.68993921830 1.78391581118 
0.466827 60.42774272036 1.87579636015 
0.467333 58.85562777515 1.91442977262 
0.467839 58.19288554910 1.89762166531 
0.468346 61.53324934289 2.40855543408 
0.468852 59.51635608963 2.52597112603 
0.469358 61.09177708398 2.94064564728 
0.469864 60.13949896171 2.94796275231 
0.470371 60.43501636403 3.98596662572 
0.470877 56.86605446589 4.27997874892 
0.471383 55.39223933708 5.34401362238 
0.471889 56.07635374372 7.44343845181 
0.472395 57.13326840319 6.49453417884 
0.472902 48.90576623871 11.95893853357 
