0.010896 1340.49783571236 14.21728190996 
0.011402 1186.41617291207 12.24594578474 
0.011909 1084.84532253720 11.53738470705 
0.012416 981.23048005964 9.50916233869 
0.012923 889.49257740221 7.35640330505 
0.013430 818.63018926819 11.18806956519 
0.013936 785.06332556757 9.30631288967 
0.014443 731.32324156051 7.47247317276 
0.014950 676.80022880269 6.54495280889 
0.015457 625.75467510803 5.25825291266 
0.015963 576.74841883522 4.83961148890 
0.016470 543.23011923053 4.33697618521 
0.016977 507.47771956787 3.79514166811 
0.017484 473.94944987457 3.28408966542 
0.017990 448.72456903794 2.92661087960 
0.018497 422.28886362923 2.61371818635 
0.019004 401.90394512236 2.30638884198 
0.019511 378.52841180660 2.35108158874 
0.020018 359.32092008497 2.10765816761 
0.020524 344.57831838712 1.95569462024 
0.021031 328.57598891454 1.85918925044 
0.021538 314.91284748213 1.66104474985 
0.022045 301.95851878229 1.69275380448 
0.022551 288.15968073873 1.56371614519 
0.023058 280.92756819079 1.46978178936 
0.023565 268.16212354982 1.61521231552 
0.024072 259.30004035049 1.70303232055 
0.024579 249.66173792179 1.64851153154 
0.025085 245.01922861208 2.09688538954 
0.025592 236.62048723927 2.13542927085 
0.026099 230.28774891933 2.13678267053 
0.026606 223.26712094714 1.68190028536 
0.027112 219.36441955090 1.64244627888 
0.027619 211.84257959283 1.44894888643 
0.028126 207.26015696696 1.50721636979 
0.028633 202.41429278057 1.42177901635 
0.029139 198.18500037237 1.21881483240 
0.029646 194.12088563744 1.09355190639 
0.030153 190.93164116087 1.12277911641 
0.030660 186.72933836280 1.07691419105 
0.031167 182.85858883418 0.92352673695 
0.031673 179.08566096775 0.87563339603 
0.032180 176.19734179675 0.88224583318 
0.032687 174.76302896383 0.91640886546 
0.033194 170.68533653182 0.79735039438 
0.033700 167.37020092214 0.75787214332 
0.034207 164.91890421120 0.75059914821 
0.034714 162.77426170211 0.76798822924 
0.035221 160.65471180346 0.70897895305 
0.035727 158.55431274452 0.68891698486 
0.036234 156.66859581133 0.69071698699 
0.036741 154.12975030024 0.67275575863 
0.037248 152.15974872038 0.63346598668 
0.037755 151.24840377970 0.62099224949 
0.038261 149.33706858573 0.59208815043 
0.038768 148.39990495927 0.59267562208 
0.039275 145.43512506813 0.59558925969 
0.039782 144.76888477900 0.62706422285 
0.040288 143.02364952598 0.56943470280 
0.040795 141.39384934158 0.58401413234 
0.041302 139.96303425012 0.57225533297 
0.041809 138.76248562018 0.56553749037 
0.042315 137.28758221814 0.55346726816 
0.042822 136.18052722426 0.53509167755 
0.043329 135.01862075486 0.55613845305 
0.043836 134.25427545001 0.52689469447 
0.044343 134.38526947513 0.51593708213 
0.044849 132.20273686840 0.49500949081 
0.045356 130.99208789366 0.50553255097 
0.045863 129.48092767446 0.51885526798 
0.046370 128.77426631582 0.49741586359 
0.046876 129.33760514367 0.47868688215 
0.047383 127.31647989073 0.48533205975 
0.047890 126.42741540163 0.49488736099 
0.048397 125.15495454078 0.48572942628 
0.048903 124.45308532989 0.47452411025 
0.049410 124.46748486309 0.48129524337 
0.049917 123.21241114137 0.46272004101 
0.050424 122.75664376917 0.45877704607 
0.050931 121.84745234825 0.45903537481 
0.051437 120.98896874653 0.43633528325 
0.051944 120.70616121084 0.43889174841 
0.052451 119.09978172151 0.46579622772 
0.052958 118.43114940261 0.45046463169 
0.053464 118.16695477246 0.45688906640 
0.053971 116.79084423800 0.44672377641 
0.054478 116.64918656042 0.45692339515 
0.054985 116.48524113416 0.42946033756 
0.055491 115.33702630029 0.43794461619 
0.055998 114.37123569337 0.43539659350 
0.056505 114.64242656020 0.42861772050 
0.057012 113.49210377862 0.42086445330 
0.057519 113.11654175173 0.42933369101 
0.058025 112.64004870298 0.43079887336 
0.058532 112.23498227321 0.42083558744 
0.059039 110.83596056727 0.42870438797 
0.059546 110.61140349991 0.39935974148 
0.060052 110.24070879975 0.41185569822 
0.060559 110.36505513281 0.40773257921 
0.061066 109.09007410137 0.40014495329 
0.061573 108.40590384109 0.39949808386 
0.062079 108.88702290487 0.39035130211 
0.062586 108.07396987729 0.39988372051 
0.063093 108.04526535942 0.38738943363 
0.063600 106.94764072980 0.40866877633 
0.064106 106.95960540652 0.38170878112 
0.064613 106.46820734857 0.38662593117 
0.065120 106.09818006772 0.39311492861 
0.065627 105.79442560453 0.38146667953 
0.066134 105.49412273398 0.37171416387 
0.066640 105.30480901591 0.37697465183 
0.067147 104.52274976093 0.36967007770 
0.067654 104.14599460143 0.36660873959 
0.068161 103.60412160335 0.35845799331 
0.068667 103.64899754994 0.37046215202 
0.069174 102.78542339255 0.38900808776 
0.069681 102.62453523003 0.36520382306 
0.070188 102.61091538390 0.35310146830 
0.070694 102.04992982192 0.35300185864 
0.071201 101.63110763621 0.35979550110 
0.071708 101.82155536470 0.36592354654 
0.072215 101.10108422644 0.35235655137 
0.072721 100.99791600120 0.35455185551 
0.073228 100.32121427010 0.34600110414 
0.073735 100.02385923377 0.35655256165 
0.074242 99.68372326403 0.33334184993 
0.074748 99.86211466214 0.34489908456 
0.075255 99.53439244986 0.34543506481 
0.075762 100.09148059921 0.35313315686 
0.076269 99.46893859426 0.34395036659 
0.076776 98.41074133869 0.33577242738 
0.077282 98.35294865856 0.34392564498 
0.077789 98.23313845332 0.32856903517 
0.078296 98.05424735667 0.33478511563 
0.078803 97.92986579634 0.33130957766 
0.079309 97.69688566055 0.33582620370 
0.079816 97.86057108188 0.33372481850 
0.080323 97.51369645730 0.33014123143 
0.080830 96.86231634141 0.33180848337 
0.081336 97.11680395510 0.33979506300 
0.081843 97.36596634527 0.32750049273 
0.082350 96.62926165732 0.33109685381 
0.082857 97.13477215699 0.33903384117 
0.083363 96.14887883921 0.32999780074 
0.083870 96.53256222309 0.33091988435 
0.084377 96.22426108981 0.32606204684 
0.084884 96.03106402879 0.33574957793 
0.085390 95.22840280550 0.33263033121 
0.085897 95.81840119846 0.32876857797 
0.086404 95.49341367081 0.33255804729 
0.086911 95.44374278747 0.32498519608 
0.087417 95.20759605253 0.31994530051 
0.087924 94.98832076863 0.33048470663 
0.088431 95.01273158957 0.33479513968 
0.088938 94.00892505132 0.33557503726 
0.089444 94.62265627889 0.33306342168 
0.089951 94.31539771182 0.32604006779 
0.090458 94.50356907883 0.33114190495 
0.090965 94.00143922421 0.33155091208 
0.091471 94.25883205552 0.32527147987 
0.091978 93.91030931722 0.32622339438 
0.092485 92.84131898236 0.34292294679 
0.092992 92.94153480517 0.33786082074 
0.093498 93.25095242010 0.35946977764 
0.094005 92.87916523521 0.32650772262 
0.094512 92.53816299838 0.32733630343 
0.095019 92.76348169801 0.32917923521 
0.095525 92.59220632649 0.32792587760 
0.096032 92.41719211084 0.33326383708 
0.096539 91.96966426315 0.32761626489 
0.097046 91.91307994573 0.33356757610 
0.097552 91.48613787378 0.34385802381 
0.098059 92.45743587459 0.33502267243 
0.098566 91.77372818345 0.32147076225 
0.099073 91.42935918538 0.32219649174 
0.099579 91.33314485800 0.31901654905 
0.100086 91.84425488798 0.32282970065 
0.100593 91.37135874535 0.32555784301 
0.101100 91.87994495831 0.32598238573 
0.101606 90.90381170591 0.31410052017 
0.102113 90.32467196716 0.30085466682 
0.102620 89.72750960531 0.30220335367 
0.103127 89.43142886089 0.29486265942 
0.103633 89.42883877432 0.29632245667 
0.104140 89.32823293791 0.29336002404 
0.104647 88.69481048326 0.29875837747 
0.105154 88.21832583030 0.30542796706 
0.105660 88.24578257286 0.29253504052 
0.106167 88.48178557596 0.30722531541 
0.106674 88.19597156418 0.30839655440 
0.107181 87.98527168335 0.29658150515 
0.107687 88.26756049138 0.30047972970 
0.108194 87.70745955032 0.29405510119 
0.108701 88.36984127214 0.28424842590 
0.109208 88.09016759477 0.29404849384 
0.109714 87.61011943985 0.29084274309 
0.110221 87.73193196587 0.29087143418 
0.110728 87.63752648893 0.28359674108 
0.111235 87.18869617986 0.27887799878 
0.111741 87.60681818860 0.27747385565 
0.112248 87.32616986189 0.28723728683 
0.112755 87.10111865190 0.28954054410 
0.113262 86.64659053894 0.27778094722 
0.113768 86.97882667268 0.26779304141 
0.114275 87.11922678848 0.28032603214 
0.114782 86.54418757941 0.27403556489 
0.115289 86.76704278627 0.27139210248 
0.115795 86.39500251119 0.28162689780 
0.116302 86.97389452761 0.28097386709 
0.116809 86.47744575277 0.26941244047 
0.117316 86.60237011070 0.27383233709 
0.117822 86.66971109065 0.27378110391 
0.118329 86.54949219347 0.27606161919 
0.118836 86.31992751548 0.27511975386 
0.119342 86.11866192230 0.27471377761 
0.119849 86.12971360276 0.27248471234 
0.120356 85.90696643635 0.26818123877 
0.120863 85.63578682389 0.26906899043 
0.121369 85.13652239706 0.27141699112 
0.121876 85.70434129167 0.26258166355 
0.122383 85.21961463716 0.26619563263 
0.122890 85.04878648170 0.26684488017 
0.123396 85.71714745162 0.26828721961 
0.123903 84.92671909560 0.26822549136 
0.124410 85.25635967287 0.26345871680 
0.124917 85.03705783096 0.26052683240 
0.125423 84.83133499414 0.25725947223 
0.125930 85.22703591385 0.26303376176 
0.126437 84.70657508976 0.25755387279 
0.126944 85.17638700605 0.25156486003 
0.127450 84.43845139488 0.26563879587 
0.127957 84.99910976716 0.25188944556 
0.128464 84.70381809831 0.25755704511 
0.128970 84.54014262385 0.24508145350 
0.129477 84.65782432119 0.25364273230 
0.129984 83.90447099926 0.25827735385 
0.130491 84.38030478639 0.25238803881 
0.130997 83.98597930257 0.24864161402 
0.131504 83.92980096973 0.24837954349 
0.132011 84.12448343127 0.25710370323 
0.132518 84.04729867719 0.24931341258 
0.133024 83.91874859283 0.24912594769 
0.133531 83.89182285541 0.25062835463 
0.134038 83.57435614215 0.24629587195 
0.134545 83.53500494810 0.24828757432 
0.135051 83.95297471371 0.25356984248 
0.135558 83.34971284584 0.24499826529 
0.136065 83.28622502373 0.25151827197 
0.136571 83.48121471964 0.24300190021 
0.137078 83.64784497203 0.24965391648 
0.137585 83.66334075256 0.24506597748 
0.138092 83.26588932304 0.24788226284 
0.138598 83.35923193848 0.24785424518 
0.139105 83.26051939629 0.24677258984 
0.139612 83.16776136415 0.24917594354 
0.140119 83.30085338198 0.24538889534 
0.140625 83.11084065242 0.23719019359 
0.141132 82.80315038549 0.24175052564 
0.141639 82.68394392726 0.24284366629 
0.142145 82.83750226329 0.23853865611 
0.142652 82.46117053461 0.24229951886 
0.143159 82.64162309168 0.23628844342 
0.143666 81.98280887700 0.23885172790 
0.144172 82.61531419887 0.25103617997 
0.144679 82.34384387495 0.24126827714 
0.145186 82.22147731990 0.24263855112 
0.145692 82.03496069744 0.24537934960 
0.146199 81.71827150945 0.23050620078 
0.146706 81.83938194559 0.23690436142 
0.147213 81.90816437108 0.25073681496 
0.147719 81.54020890767 0.24044654674 
0.148226 81.43138769756 0.23694863476 
0.148733 81.50120805099 0.23940673895 
0.149240 81.19937072864 0.24312577391 
0.149746 81.45291350310 0.24513499303 
0.150253 81.36494301530 0.24124340175 
0.150760 80.88638871653 0.24396818453 
0.151266 81.31316934362 0.24379479195 
0.151773 81.57201084505 0.24518740291 
0.152280 81.07296221354 0.24303204919 
0.152787 80.86900354248 0.24852775445 
0.153293 80.49752542761 0.23737841140 
0.153800 80.70053438105 0.24068103874 
0.154307 80.87419193115 0.23922679393 
0.154813 80.64207324339 0.23657077809 
0.155320 80.51408815991 0.23819828645 
0.155827 80.83624678624 0.23759990550 
0.156334 80.60677059762 0.24148834428 
0.156840 80.43230504722 0.23698908787 
0.157347 80.31745927722 0.24355701652 
0.157854 80.22962230811 0.23629173353 
0.158360 80.28357358902 0.23724442618 
0.158867 79.67189325497 0.23687765503 
0.159374 80.11875202599 0.23628131343 
0.159881 80.16650553040 0.23250408778 
0.160387 79.39703965620 0.22847153153 
0.160894 79.62780158645 0.23969322770 
0.161401 79.80467272895 0.23316776151 
0.161907 79.83777654954 0.23772652484 
0.162414 79.36961546800 0.22963091083 
0.162921 79.30019116817 0.23239238788 
0.163427 79.40630631568 0.23590387975 
0.163934 79.73104071400 0.23601864825 
0.164441 79.39653847028 0.23316005740 
0.164948 79.44633095271 0.23495685710 
0.165454 79.47097326305 0.23186402622 
0.165961 79.16641030677 0.23369225585 
0.166468 79.32914142906 0.22491875956 
0.166974 79.00408169068 0.23102001633 
0.167481 78.78343215287 0.22862461175 
0.167988 78.81543395492 0.22828323206 
0.168495 78.89645275852 0.23309901162 
0.169001 79.15096585852 0.23739445848 
0.169508 79.02606585467 0.23517795865 
0.170015 79.09075644878 0.23268830949 
0.170521 79.17519406151 0.23346332331 
0.171028 78.92673250134 0.23471736960 
0.171535 79.07020573982 0.22887639424 
0.172041 79.17646245751 0.23787863163 
0.172548 78.68652997184 0.23531525708 
0.173055 79.30278078659 0.24167041007 
0.173562 78.84226442325 0.23512995054 
0.174068 79.11305799677 0.23758936163 
0.174575 78.97966244721 0.23570710457 
0.175082 79.07697568102 0.23747083143 
0.175588 78.81087581264 0.23315536507 
0.176095 78.69331306396 0.23549990901 
0.176602 78.81325844750 0.23692387136 
0.177108 78.92506106478 0.23917909031 
0.177615 78.75127486924 0.23508226909 
0.178122 78.61616387182 0.23964175384 
0.178629 78.65511546147 0.23246746163 
0.179135 78.64586698017 0.23472288727 
0.179642 78.33108126241 0.23928513494 
0.180149 78.47469600789 0.23971258838 
0.180655 78.42677735262 0.23580820258 
0.181162 78.58961913703 0.23550985507 
0.181669 78.63898298714 0.23857618909 
0.182175 78.75302053312 0.24489772072 
0.182682 78.63961056766 0.24675500843 
0.183189 78.63638347219 0.23976751111 
0.183695 78.71120989908 0.24330585413 
0.184202 78.53610789657 0.24276534573 
0.184709 78.34868073262 0.24768359689 
0.185216 78.44090327062 0.24707311992 
0.185722 78.33151694048 0.24798204211 
0.186229 77.97658156797 0.24350069372 
0.186736 77.69019124834 0.24575686397 
0.187242 77.65318931970 0.23938294940 
0.187749 77.56302319737 0.24389355378 
0.188256 77.68231622166 0.24633565595 
0.188762 77.60909294736 0.24767537830 
0.189269 77.70462875791 0.24641839394 
0.189776 77.62027661767 0.24306630861 
0.190282 77.23342378041 0.24692981818 
0.190789 77.72050521206 0.24549969648 
0.191296 77.27443249160 0.24557289774 
0.191802 77.20006503021 0.24870814529 
0.192309 77.17963693521 0.23971354496 
0.192816 77.03179901048 0.24415003560 
0.193323 76.96048461045 0.23871035955 
0.193829 76.47375789294 0.23722023965 
0.194336 76.29216207328 0.23407977533 
0.194843 76.30616809309 0.23716197253 
0.195349 76.13523124680 0.23600842828 
0.195856 76.21782714959 0.24007814590 
0.196363 76.26170367587 0.23376122730 
0.196869 76.07746378927 0.23050907335 
0.197376 76.01933718837 0.23313513462 
0.197883 76.21989889090 0.23502532666 
0.198389 76.15007610224 0.23217213138 
0.198896 76.14370536365 0.22396066321 
0.199403 75.92941218768 0.22801052256 
0.199909 75.89542552128 0.22522505506 
0.200416 76.07961833840 0.22583794262 
0.200923 75.28958995818 0.22223607896 
0.201429 75.85651453816 0.22156466035 
0.201936 76.15948069007 0.22512150953 
0.202443 75.70643285705 0.22462783196 
0.202949 75.55563679398 0.21935917053 
0.203456 75.39247823525 0.22457273354 
0.203963 75.45738645478 0.21957633691 
0.204469 75.45438062162 0.21989610653 
0.204976 75.33073242117 0.21719018309 
0.205483 75.12328847078 0.21632434471 
0.205989 75.57826272927 0.21590604055 
0.206496 75.40461553125 0.21641850093 
0.207003 75.24743337151 0.21580039896 
0.207509 75.26072087122 0.21766525949 
0.208016 75.01699251997 0.21715422141 
0.208523 75.29839035043 0.21164944361 
0.209029 75.26250283351 0.21292493516 
0.209536 75.33030932780 0.21190864965 
0.210043 75.11164906842 0.21137232037 
0.210549 74.93733230924 0.21285814411 
0.211056 75.03014240830 0.21321085421 
0.211563 75.25289745150 0.20636014197 
0.212069 74.86489511737 0.21017391619 
0.212576 74.89009463587 0.21137771262 
0.213083 74.99270706391 0.20688193784 
0.213589 74.84676387106 0.21060062002 
0.214096 74.69485902899 0.20811278094 
0.214603 74.79195201035 0.20655179537 
0.215109 74.67207412108 0.20776717347 
0.215616 74.57479769711 0.20974053762 
0.216123 74.21609836205 0.20527864600 
0.216629 74.38962479713 0.20594065180 
0.217136 74.33982907306 0.21054841889 
0.217643 74.00281762093 0.20589086332 
0.218149 74.09752364713 0.20486259950 
0.218656 73.92181887103 0.21137859424 
0.219163 73.95423279305 0.20853334319 
0.219669 73.85605895593 0.20412781437 
0.220176 73.62852995697 0.20578599818 
0.220683 74.07939803112 0.20440276133 
0.221189 73.85682827175 0.20812306909 
0.221696 74.15194621832 0.20059159350 
0.222203 73.88706761362 0.20577120720 
0.222709 73.82357380544 0.20295187953 
0.223216 73.87055687063 0.20064754496 
0.223722 73.91250937111 0.20782055763 
0.224229 73.42261416411 0.20168682416 
0.224736 73.84676873961 0.20265953307 
0.225242 73.42826420895 0.20374425171 
0.225749 73.67006172007 0.20161504111 
0.226256 73.45063946516 0.20536830062 
0.226762 73.58522331573 0.20537094864 
0.227269 73.26193494645 0.20382194191 
0.227776 73.59867509634 0.20058091835 
0.228282 73.64842534827 0.20569113514 
0.228789 73.26403610559 0.20604924517 
0.229296 73.23319990083 0.20446191317 
0.229802 73.30612063471 0.19803121495 
0.230309 72.87137596922 0.20067136368 
0.230816 73.05715005544 0.19973789788 
0.231322 73.38415874970 0.20483610633 
0.231829 72.84400017618 0.19973251977 
0.232335 72.87906628967 0.19770544244 
0.232842 72.99237953430 0.20349363530 
0.233349 72.90833827125 0.19711475402 
0.233855 72.69968085297 0.19800416015 
0.234362 72.54013222801 0.19504422754 
0.234869 72.84305508500 0.19975130399 
0.235375 72.50093998165 0.19866736338 
0.235882 72.76631248801 0.20138372366 
0.236389 72.49029977726 0.19743537661 
0.236895 72.29433735520 0.19716832225 
0.237402 72.37731404583 0.19891058607 
0.237908 72.59420319459 0.20093318370 
0.238415 72.48425746385 0.20377606115 
0.238922 72.21711216328 0.19790136936 
0.239428 72.56948451800 0.20090927588 
0.239935 72.14416557479 0.19643893279 
0.240442 72.27895043710 0.20177660068 
0.240948 72.41470562338 0.19718862296 
0.241455 71.96036005919 0.19917434047 
0.241962 72.02597039910 0.19731008109 
0.242468 72.06299700239 0.19905445474 
0.242975 71.77679335530 0.19474971188 
0.243481 72.03395689793 0.19843820183 
0.243988 71.86301108440 0.20111960973 
0.244495 71.79445816958 0.20198194565 
0.245001 71.45706732557 0.19674314468 
0.245508 71.75741919025 0.19457556167 
0.246015 71.62547323506 0.19999571449 
0.246521 71.83834011661 0.19873777856 
0.247028 71.45255607609 0.20186802041 
0.247534 71.35567787874 0.19650058111 
0.248041 71.43874839627 0.19917156240 
0.248548 71.45161972557 0.19795096319 
0.249054 71.51550576302 0.19959882115 
0.249561 71.20096011715 0.19701623796 
0.250068 70.92176965464 0.19610374837 
0.250574 71.05612531924 0.20000686754 
0.251081 71.32780659382 0.19232525854 
0.251587 70.98002136700 0.19426851722 
0.252094 71.14571669451 0.19686922270 
0.252601 71.27356283207 0.19492707670 
0.253107 71.23002561581 0.20169316355 
0.253614 71.09507418943 0.19905906541 
0.254120 71.19215406601 0.19629779594 
0.254627 70.96993734182 0.19531489755 
0.255134 71.20512742123 0.19529335784 
0.255640 70.76925627427 0.19441906612 
0.256147 71.04815530997 0.19450922972 
0.256654 70.92503527730 0.19753639232 
0.257160 71.11390972624 0.19567666772 
0.257667 70.95137404884 0.19601032360 
0.258173 71.31259698158 0.19476829084 
0.258680 71.53715328387 0.19624663638 
0.259187 71.41742209604 0.19084941339 
0.259693 71.33954110891 0.19247276941 
0.260200 71.28291809864 0.19707855569 
0.260706 71.66196910310 0.19431699306 
0.261213 71.67988819330 0.19193978891 
0.261720 71.57897388182 0.19475048960 
0.262226 71.73327413788 0.19309828949 
0.262733 71.85554183741 0.19380271896 
0.263239 71.41996358511 0.19490696412 
0.263746 71.53042291500 0.19516545063 
0.264253 71.50693620623 0.19042699936 
0.264759 71.75543186850 0.19266322931 
0.265266 71.94357184240 0.19700721139 
0.265772 71.77678606962 0.19311419080 
0.266279 71.83946202502 0.19073548054 
0.266786 71.66342879574 0.19233736036 
0.267292 72.00176508567 0.19590527877 
0.267799 71.60525342204 0.19278981723 
0.268305 71.89086621214 0.19391923238 
0.268812 71.58009543139 0.19235514694 
0.269319 71.66329907539 0.18719314848 
0.269825 71.64810363955 0.18929273933 
0.270332 71.96259092048 0.19524443246 
0.270838 72.01998827238 0.19163767685 
0.271345 71.83986447922 0.19152932929 
0.271852 71.89073680608 0.19426815509 
0.272358 72.12057145711 0.19073476647 
0.272865 72.27440700796 0.19153092991 
0.273371 72.58886341178 0.19393977466 
0.273878 72.15048474426 0.19211688587 
0.274385 72.32512932072 0.19089125660 
0.274891 72.48784150642 0.19377851097 
0.275398 72.17576884385 0.18612314921 
0.275904 72.28885632548 0.18621665413 
0.276411 72.20457948015 0.18648057543 
0.276917 72.25149830288 0.18588409123 
0.277424 72.09166258918 0.18534036515 
0.277931 72.24067414077 0.18733540929 
0.278437 72.11442710768 0.18279192832 
0.278944 72.26288035701 0.18171962709 
0.279450 72.26485487491 0.18185240000 
0.279957 72.12586587706 0.18311274885 
0.280464 71.88209163561 0.18493273504 
0.280970 72.15414194822 0.18102858376 
0.281477 72.03533517149 0.18070005956 
0.281983 72.17560582738 0.18267469262 
0.282490 72.06492651256 0.18233008023 
0.282996 72.12236370646 0.18183513672 
0.283503 71.98479161502 0.18044132804 
0.284010 72.18806835340 0.17735531231 
0.284516 71.71352766673 0.17673540866 
0.285023 71.72999040462 0.17608250042 
0.285529 72.04587136548 0.17662257040 
0.286036 71.63523343854 0.17578205096 
0.286542 71.45747512740 0.17070589343 
0.287049 71.71296202159 0.17291413857 
0.287556 71.43510040628 0.17426515152 
0.288062 71.47728059622 0.16995699544 
0.288569 71.66293818565 0.17359450067 
0.289075 71.50513067346 0.17083376926 
0.289582 71.33136579769 0.17283356117 
0.290088 71.46693499451 0.16768181495 
0.290595 71.61316048399 0.16971962847 
0.291102 71.13073420310 0.16877594382 
0.291608 70.96625299084 0.17016193428 
0.292115 70.94382363302 0.17010012921 
0.292621 71.24464695684 0.16978612741 
0.293128 71.20828328303 0.16543250698 
0.293634 71.20110943716 0.16682264122 
0.294141 71.13775594252 0.16625848472 
0.294647 70.93195534014 0.16988654749 
0.295154 71.00365133401 0.16311927154 
0.295661 70.71897033664 0.16499257316 
0.296167 70.69369098723 0.16508332932 
0.296674 70.77459593980 0.16543264153 
0.297180 70.47995336815 0.16569249778 
0.297687 70.63872591635 0.16608642142 
0.298193 70.48929767045 0.16492274014 
0.298700 70.51498971444 0.16545739312 
0.299207 70.62000787085 0.16690788216 
0.299713 70.42449686362 0.16620465553 
0.300220 70.50336560196 0.16621666569 
0.300726 70.50560232797 0.16073997030 
0.301233 70.37193090345 0.15977715521 
0.301739 70.39713389491 0.16480515714 
0.302246 70.53699730859 0.16042118034 
0.302752 70.44736701145 0.16236217972 
0.303259 70.34082814649 0.16160357378 
0.303765 70.41087609508 0.16435835538 
0.304272 70.22100231808 0.16265708086 
0.304779 70.28325391013 0.16128842237 
0.305285 70.12404941814 0.16120529988 
0.305792 70.29933600601 0.16098846206 
0.306298 69.97422149498 0.16296771477 
0.306805 70.19122136805 0.16167327584 
0.307311 70.02563374637 0.16107225034 
0.307818 69.86177115133 0.16070926011 
0.308324 69.65170874225 0.15491459865 
0.308831 69.76055909576 0.15649877077 
0.309337 69.29476838110 0.15580580354 
0.309844 69.09771970780 0.15483017463 
0.310350 69.22098600244 0.15424159767 
0.310857 68.89171365520 0.15330104600 
0.311364 68.63659627881 0.15111423694 
0.311870 68.39983007960 0.14683007495 
0.312377 68.12384937628 0.14702434557 
0.312883 67.94149692249 0.14749098215 
0.313390 67.90593295105 0.14927032848 
0.313896 67.89055227994 0.14680002527 
0.314403 68.01774879387 0.14768138350 
0.314909 67.47016276547 0.14640491146 
0.315416 67.48457539554 0.14259741848 
0.315922 67.19373024072 0.14597794657 
0.316429 67.10485102421 0.14461657733 
0.316935 67.16193776116 0.14175232152 
0.317442 67.17213052059 0.13807525914 
0.317948 67.25384175791 0.14037313797 
0.318455 66.86946664408 0.14044083354 
0.318961 67.01428452738 0.13871370518 
0.319468 66.91439675503 0.14224005070 
0.319975 66.71766751173 0.14065342876 
0.320481 66.75009769522 0.14054431113 
0.320988 66.75205449950 0.14444591762 
0.321494 66.64599233608 0.13820060009 
0.322001 66.94833942043 0.17015892502 
0.322507 66.52973267803 0.14123249928 
0.323014 66.63004044298 0.14253910706 
0.323520 66.36800968709 0.14190097452 
0.324027 66.43083021595 0.14351764663 
0.324533 66.68065404709 0.14319987183 
0.325040 66.65926246519 0.14224284663 
0.325546 66.22298568420 0.13909531116 
0.326053 66.29572422065 0.13893654685 
0.326559 66.19736605262 0.13811326460 
0.327066 66.22609564922 0.13833444571 
0.327572 66.27929588390 0.13918380834 
0.328079 66.34628921699 0.13825486696 
0.328585 65.86501491692 0.13501739850 
0.329092 66.17808754562 0.13799626744 
0.329598 66.05027261582 0.13835600632 
0.330105 66.07228536976 0.13792568198 
0.330611 65.71770881808 0.13799877671 
0.331118 66.01830091868 0.13801710361 
0.331624 66.07067526282 0.13982918174 
0.332131 66.09810647477 0.13850656718 
0.332637 65.66230191081 0.13937861783 
0.333144 65.89500987934 0.14050329745 
0.333650 65.62401542312 0.13993952148 
0.334157 65.64605595979 0.13890557339 
0.334663 65.69786639316 0.13906520589 
0.335170 65.81415500088 0.14026367830 
0.335676 65.82001458408 0.14061448189 
0.336183 65.55720430988 0.13956131275 
0.336689 65.41300445139 0.14105959480 
0.337196 65.69524929345 0.13979290192 
0.337702 65.64838525088 0.13694838662 
0.338209 65.39574126678 0.13840239991 
0.338715 65.66012643265 0.14115564040 
0.339222 65.48595899515 0.13879497367 
0.339728 65.42589357426 0.13840902592 
0.340235 65.75552563487 0.22763584840 
0.340741 65.36756208918 0.13898464556 
0.341248 65.43514578320 0.13693070674 
0.341754 65.11801804793 0.13929560678 
0.342261 65.26733751286 0.13931200196 
0.342767 65.27979738896 0.13881171456 
0.343274 65.40970691911 0.13794313827 
0.343780 65.31396929902 0.13832002508 
0.344287 65.22805925758 0.13948599413 
0.344793 65.07569405617 0.14020228270 
0.345300 65.05183447512 0.14288315969 
0.345806 65.30884868044 0.14147948493 
0.346313 65.00005445492 0.14014101815 
0.346819 65.05799138849 0.14167038484 
0.347325 65.02761810425 0.14525165252 
0.347832 64.92814288753 0.14446943118 
0.348338 65.13873490685 0.14267575936 
0.348845 64.60808485889 0.14567329995 
0.349351 64.56243849271 0.15050652677 
0.349858 64.66214209652 0.14824288350 
0.350364 64.58686631857 0.14529274105 
0.350871 64.59796800995 0.14638583432 
0.351377 64.55883564205 0.14643534370 
0.351884 64.58225113340 0.14683998659 
0.352390 64.67660008493 0.14620214710 
0.352897 64.50029209956 0.14654880311 
0.353403 64.33848886543 0.15018837346 
0.353910 64.06731322052 0.14779412753 
0.354416 64.23156221850 0.15077138381 
0.354923 64.07270802177 0.15246250571 
0.355429 63.95569489998 0.15531691613 
0.355935 64.37417192757 0.15108378604 
0.356442 63.76687018021 0.15532126992 
0.356948 64.27777232908 0.15482140710 
0.357455 63.65819310431 0.15337827585 
0.357961 63.49516465799 0.15887177020 
0.358468 63.69813484715 0.15353739859 
0.358974 63.88882221003 0.22287145261 
0.359481 63.88901066480 0.20474081429 
0.359987 63.88878472908 0.19544048910 
0.360494 63.90631788850 0.18962660515 
0.361000 63.87934053841 0.18690675490 
0.361506 63.65125788559 0.18501063608 
0.362013 63.73549613835 0.18879474086 
0.362519 63.79294044674 0.18268327352 
0.363026 63.73928258823 0.18376814462 
0.363532 63.89850927805 0.18947060199 
0.364039 63.77557017929 0.18177050979 
0.364545 63.82767677293 0.18191959592 
0.365052 63.93050454789 0.18365461695 
0.365558 63.58255888195 0.18490238967 
0.366064 63.81811923241 0.18254249060 
0.366571 63.86647709200 0.18623353278 
0.367077 63.91519337217 0.18582144246 
0.367584 63.92813267484 0.18917224488 
0.368090 63.94211257181 0.18410363037 
0.368597 63.53949367495 0.18906433003 
0.369103 63.64005476797 0.18940336428 
0.369610 63.37224975785 0.18455643394 
0.370116 63.69685451278 0.18796353638 
0.370622 63.86823197426 0.19156975409 
0.371129 63.44223471178 0.19259837240 
0.371635 63.37732300195 0.19175462706 
0.372142 63.46047228461 0.19530902663 
0.372648 63.70083401338 0.19298963308 
0.373155 63.38156402175 0.19676333205 
0.373661 63.51486683108 0.19845582075 
0.374167 63.54912143480 0.19667844251 
0.374674 63.46031109276 0.19729948684 
0.375180 63.30468056800 0.20225060348 
0.375687 63.44600758413 0.20002644908 
0.376193 63.62704554457 0.20107538615 
0.376700 63.36001776809 0.20135597448 
0.377206 63.64990693368 0.20288297834 
0.377712 63.32580599525 0.20347523527 
0.378219 63.18747191950 0.20202318660 
0.378725 63.26301164469 0.20330018194 
0.379232 63.28835286953 0.20936360516 
0.379738 63.27641178866 0.20212356157 
0.380245 63.13242829906 0.20749953119 
0.380751 63.26917096587 0.21040892054 
0.381257 63.12740788238 0.20868467890 
0.381764 63.37266970353 0.20862446547 
0.382270 63.61533074986 0.20194638400 
0.382777 62.93862643868 0.21089522015 
0.383283 63.20305497610 0.20867561587 
0.383789 63.07196009128 0.20689104345 
0.384296 62.86060099681 0.21389149534 
0.384802 62.73337886198 0.20836867521 
0.385309 62.95800806439 0.21009078950 
0.385815 62.97393939382 0.20911817802 
0.386321 63.21152089653 0.21305618858 
0.386828 62.73558972242 0.21239690730 
0.387334 63.23486152290 0.21712104031 
0.387841 62.66466163233 0.21390022020 
0.388347 63.09400254474 0.21402907937 
0.388853 63.04972068825 0.20856315843 
0.389360 63.17402180685 0.21659158777 
0.389866 62.71146067054 0.20990707426 
0.390373 62.63072790945 0.21169316191 
0.390879 62.53496906859 0.21711011425 
0.391385 62.32898709294 0.21804058560 
0.391892 62.61054506793 0.22068958391 
0.392398 63.15546958685 0.22555927283 
0.392905 62.45290268192 0.22377446013 
0.393411 62.90965304671 0.21992987849 
0.393917 62.86384229898 0.22576603071 
0.394424 62.69285130242 0.22400078147 
0.394930 62.70399902144 0.22062525532 
0.395437 62.68680623543 0.23061899641 
0.395943 62.86537262525 0.22497813734 
0.396449 62.33794285661 0.28640745120 
0.396956 63.01865062656 0.22200890343 
0.397462 62.83175322513 0.23060146500 
0.397969 62.52744309262 0.23615748111 
0.398475 62.22488039163 0.22890958855 
0.398981 62.77640458047 0.23990029797 
0.399488 62.55406473249 0.23520549386 
0.399994 62.42443118605 0.23759254175 
0.400500 62.86464710306 0.24433310260 
0.401007 62.64443891230 0.24019893735 
0.401513 62.48621925377 0.23986020987 
0.402020 62.77592737790 0.24699172549 
0.402526 62.60627863541 0.24732635630 
0.403032 62.64144341749 0.24406109198 
0.403539 62.22255885145 0.24902302905 
0.404045 62.50047264692 0.24876272406 
0.404551 62.00335584275 0.26526041176 
0.405058 62.33799741520 0.26771375929 
0.405564 61.99638889593 0.26122540135 
0.406071 62.29519803046 0.26171507216 
0.406577 62.59284953581 0.25835431749 
0.407083 61.97762463987 0.25755090840 
0.407590 62.23435958915 0.26827450427 
0.408096 62.26096588231 0.27461349997 
0.408602 62.18305525163 0.27399499852 
0.409109 62.18258415869 0.26525037771 
0.409615 62.19330288560 0.27508488280 
0.410121 62.10444297623 0.25699796125 
0.410628 62.19511631724 0.26759060970 
0.411134 62.08195268447 0.26253648752 
0.411641 62.16094122307 0.27941766144 
0.412147 61.98511198273 0.26504463536 
0.412653 61.89685378024 0.27110135142 
0.413160 62.17292843088 0.26315273100 
0.413666 61.95184920193 0.27364865684 
0.414172 61.91567427211 0.27531600374 
0.414679 62.37877304048 0.26919031884 
0.415185 62.06457766112 0.28552696570 
0.415691 61.85268590674 0.27269799978 
0.416198 62.14741786680 0.28359387240 
0.416704 61.40594429307 0.28037588767 
0.417210 61.40691095898 0.27595313040 
0.417717 61.60466879937 0.28682807953 
0.418223 61.88606708614 0.27465655730 
0.418729 61.87382074500 0.28257954868 
0.419236 61.70807935052 0.28806751558 
0.419742 61.67393272502 0.26896003856 
0.420248 61.61715349938 0.27738317822 
0.420755 62.46399322290 0.27727741280 
0.421261 62.11628477813 0.28688624641 
0.421767 61.57822532907 0.27504995359 
0.422274 61.93605139406 0.27936000416 
0.422780 61.83955117004 0.28490707467 
0.423286 61.66473929654 0.28589552620 
0.423793 61.44146923851 0.28415836384 
0.424299 61.53749446304 0.29260214761 
0.424805 61.78538513128 0.28691260092 
0.425312 61.22320305109 0.29761632350 
0.425818 61.64846056344 0.29020102326 
0.426324 62.06728647164 0.29709539697 
0.426831 61.51593263172 0.28879884995 
0.427337 61.31283552100 0.30492051044 
0.427843 61.08647413415 0.29540860055 
0.428350 62.02147387768 0.30954479417 
0.428856 61.38737573954 0.29125939824 
0.429362 61.67066652446 0.29819495755 
0.429869 61.21679320566 0.32009127547 
0.430375 61.06624531906 0.31771920200 
0.430881 61.61137271615 0.31880233989 
0.431388 61.97933874613 0.31727978675 
0.431894 61.84488770117 0.31658864187 
0.432400 61.13946883819 0.32883855951 
0.432907 62.12065416081 0.32520779449 
0.433413 61.46964909089 0.33879998421 
0.433919 61.31886675194 0.34390738211 
0.434425 61.42181040119 0.33246814511 
0.434932 61.54369682987 0.33421618491 
0.435438 61.54729040925 0.35705136398 
0.435944 61.65384474151 0.34002579513 
0.436451 60.84535031049 0.34212683061 
0.436957 61.45471920273 0.35780437626 
0.437463 60.67394544143 0.35971967083 
0.437970 61.40545315227 0.34934647431 
0.438476 61.20483133617 0.35681933003 
0.438982 61.32858306756 0.35763958945 
0.439489 61.14393063028 0.39424395011 
0.439995 61.71399077114 0.37586913279 
0.440501 61.04435365300 0.37664590615 
0.441007 61.95847348199 0.39295122738 
0.441514 61.24783359166 0.37770405119 
0.442020 61.08661520257 0.38899878747 
0.442526 61.37343431755 0.39893211866 
0.443033 61.20012899688 0.39325753758 
0.443539 60.73634331682 0.39523750515 
0.444045 61.68309333623 0.42144706390 
0.444551 61.06703578523 0.41271176442 
0.445058 60.98490389936 0.42090431868 
0.445564 60.81243928257 0.41130546573 
0.446070 60.72379582717 0.42352438642 
0.446577 61.17021496927 0.42627737238 
0.447083 61.29183080264 0.45065041970 
0.447589 60.90091969472 0.45392313621 
0.448095 60.90349512280 0.45436352577 
0.448602 60.76936930459 0.47825087037 
0.449108 61.51923280155 0.48424123982 
0.449614 60.27888603167 0.46784793937 
0.450121 60.15464094916 0.47692484345 
0.450627 60.69557009072 0.52850457723 
0.451133 59.86832411989 0.49335409946 
0.451639 59.71743952492 0.52889870120 
0.452146 59.97634466749 0.53621079467 
0.452652 60.04320769566 0.52732426987 
0.453158 60.28101620658 0.58428797098 
0.453664 60.94654482483 0.59621552798 
0.454171 60.17847154954 0.56816167620 
0.454677 59.98296442378 0.62066320162 
0.455183 60.25799926726 0.60941852480 
0.455689 59.77318690655 0.59745821771 
0.456196 60.74002113711 0.65275256828 
0.456702 60.22942941347 0.67430810730 
0.457208 59.13590773878 0.67089006609 
0.457714 60.91813163304 0.77540871720 
0.458221 60.36840313430 0.75101874557 
0.458727 59.75964741565 0.77307096310 
0.459233 59.18381270382 0.81758849755 
0.459740 59.68290665500 0.86157851485 
0.460246 60.28812242680 0.85086498410 
0.460752 61.02006486631 0.97002621343 
0.461258 59.26492887838 1.00030377912 
0.461765 59.87563670365 1.09752156112 
0.462271 59.21540092706 0.99712242028 
0.462777 61.98020511449 1.28139630185 
0.463283 60.89999163134 1.33280295822 
0.463789 60.52431455490 1.32479336506 
0.464296 59.14736678814 1.36943605677 
0.464802 60.39301335294 1.36939748664 
0.465308 60.81264228706 1.53875154094 
0.465814 59.24755792859 1.54606037228 
0.466321 60.40345421376 1.75613737667 
0.466827 58.41312456549 1.77634659961 
0.467333 61.00918803749 1.92190393818 
0.467839 58.58797620601 1.92222572482 
0.468346 60.04685277760 2.32544436465 
0.468852 59.02500942668 2.50304997177 
0.469358 58.37978607260 2.76512201146 
0.469864 58.32615076485 2.92443587343 
0.470371 58.32720397272 3.89724881716 
0.470877 62.25422361546 4.73467466659 
0.471383 60.57279312318 5.77749474193 
0.471889 57.48913970368 7.35749047663 
0.472395 53.47064795864 5.48643740051 
0.472902 48.79755796872 12.03847426700 
