0.010896 1341.93344190000 15.85073547880 
0.011402 1208.61788706298 12.81461180269 
0.011909 1075.55964861082 12.07048589458 
0.012416 973.41830443729 10.73849950430 
0.012923 888.80737917919 7.61708156608 
0.013430 819.75564257899 11.76989521619 
0.013936 787.43281767050 8.83084406554 
0.014443 735.83134907681 7.42475210007 
0.014950 679.93114875735 6.61165257752 
0.015457 624.70317720163 5.41370350418 
0.015963 577.69536416828 4.98907446031 
0.016470 545.37133009341 4.23663699436 
0.016977 506.76138017806 3.83646235399 
0.017484 475.49755236577 3.29073559441 
0.017990 448.24423849925 3.23829976049 
0.018497 422.93599511178 2.72568373118 
0.019004 399.36949041496 2.30576853965 
0.019511 377.50630032480 2.14095086033 
0.020018 363.46688450667 2.16105542653 
0.020524 344.51842461541 1.86827705152 
0.021031 329.37490464280 1.84045401204 
0.021538 316.90594917485 1.71938116638 
0.022045 302.71512846331 1.67169804833 
0.022551 287.80844310292 1.58836017558 
0.023058 278.28597112914 1.50220180263 
0.023565 268.76039556519 1.56712880936 
0.024072 259.81095471130 1.68348179895 
0.024579 249.80216004639 1.56810235207 
0.025085 244.16919336158 2.08436722830 
0.025592 235.43026712201 2.09564021753 
0.026099 228.30244072358 2.10995983325 
0.026606 222.94414941291 1.71185854633 
0.027112 218.24641047178 1.79000310010 
0.027619 211.94012641049 1.58030404324 
0.028126 206.46078956297 1.50364243629 
0.028633 202.48717117700 1.36552401963 
0.029139 197.69725236264 1.12301225893 
0.029646 193.39019855398 1.16615322391 
0.030153 189.05314212684 1.08215446171 
0.030660 185.10575496814 1.03926069717 
0.031167 181.88923836691 0.84639543520 
0.031673 178.94510423480 0.87732295070 
0.032180 176.40533500983 0.94212172957 
0.032687 172.57862076493 0.90297794374 
0.033194 169.69601774359 0.85200347440 
0.033700 167.32476490375 0.79708429171 
0.034207 164.88118646480 0.75319404443 
0.034714 161.18381490776 0.77102904229 
0.035221 159.75426662524 0.70290505027 
0.035727 158.12796598525 0.67759733225 
0.036234 155.52637284372 0.66256707193 
0.036741 154.98628506849 0.66720650483 
0.037248 152.95400078725 0.62297260654 
0.037755 150.41031974862 0.61856309010 
0.038261 148.37095131627 0.60521150978 
0.038768 146.82919720130 0.57190405099 
0.039275 145.20269049660 0.59189868970 
0.039782 144.07593517227 0.57697937112 
0.040288 142.01669798887 0.57115461695 
0.040795 141.35803207405 0.56579190091 
0.041302 139.90101274076 0.58755843447 
0.041809 138.80460518185 0.52853478643 
0.042315 137.54288530892 0.54888504264 
0.042822 135.64149742376 0.55106026163 
0.043329 134.80373807976 0.51699798249 
0.043836 133.72895249652 0.52781962569 
0.044343 132.45276948533 0.50812372705 
0.044849 130.87831705659 0.52950319117 
0.045356 130.88644075066 0.52032499923 
0.045863 130.11359801519 0.48866688236 
0.046370 128.67572978772 0.51993447808 
0.046876 127.98914264753 0.51140880909 
0.047383 127.26054811081 0.50314560442 
0.047890 126.21481792509 0.49043889241 
0.048397 125.66787816605 0.48208492086 
0.048903 124.48832902437 0.49736885497 
0.049410 122.81014744114 0.47615798769 
0.049917 122.68626317728 0.49012403375 
0.050424 121.78479960378 0.47281083900 
0.050931 121.63564332382 0.46721552068 
0.051437 120.35873364006 0.46360758839 
0.051944 119.80124204615 0.42969368829 
0.052451 119.60278447005 0.44545562484 
0.052958 119.24854544290 0.42314684153 
0.053464 118.11471489305 0.45835569428 
0.053971 117.19147630956 0.45172444206 
0.054478 116.24207405445 0.44641227005 
0.054985 116.13329322081 0.44514079441 
0.055491 114.98349047670 0.43060123651 
0.055998 114.21919262670 0.42282422049 
0.056505 113.69991171115 0.43097378501 
0.057012 113.09747694354 0.42073447493 
0.057519 113.04992631248 0.43181461490 
0.058025 112.15393448075 0.41655594791 
0.058532 112.17393891214 0.42328898842 
0.059039 110.90739055210 0.41406570658 
0.059546 110.41182977386 0.42389018899 
0.060052 110.04019853618 0.40904488684 
0.060559 109.73557015401 0.40917123256 
0.061066 109.88000573005 0.39614555368 
0.061573 108.15595995843 0.40201596843 
0.062079 108.15098191443 0.40653959785 
0.062586 108.30278626157 0.39381949499 
0.063093 107.58554680675 0.38553969559 
0.063600 107.58012831324 0.39233195420 
0.064106 106.63361032973 0.40087071048 
0.064613 106.54754100588 0.40430855998 
0.065120 105.68842435989 0.37122096487 
0.065627 105.56642875781 0.37849045127 
0.066134 104.88007866390 0.37070214245 
0.066640 104.50438926330 0.37065849874 
0.067147 104.86868968208 0.38180708587 
0.067654 103.21219937345 0.37271914393 
0.068161 104.41882803976 0.35536064512 
0.068667 103.41211608410 0.35192876948 
0.069174 103.09620272412 0.37862766075 
0.069681 101.83887730542 0.35861494107 
0.070188 102.25211044169 0.34185015977 
0.070694 102.45330256110 0.35987692131 
0.071201 101.62867705104 0.36331179821 
0.071708 101.87594081448 0.35788153427 
0.072215 100.68157139755 0.35658723081 
0.072721 100.97832711621 0.35156339257 
0.073228 100.11247569063 0.35463370995 
0.073735 99.81538345494 0.34803001565 
0.074242 99.76994749022 0.35900321301 
0.074748 99.83372516742 0.35586373580 
0.075255 99.44955110396 0.34951252818 
0.075762 98.96832976136 0.32917737551 
0.076269 98.93719282132 0.35221589230 
0.076776 98.90634603381 0.33926673429 
0.077282 98.29435579312 0.32348418627 
0.077789 98.10404885256 0.32675491622 
0.078296 98.12865826882 0.32769028906 
0.078803 97.61383494427 0.33205280006 
0.079309 97.75907850821 0.33143063457 
0.079816 97.30210003798 0.31805404926 
0.080323 97.27238911112 0.33015450061 
0.080830 97.15421122976 0.33663098039 
0.081336 97.07440014051 0.33436516467 
0.081843 96.96851723501 0.33301467021 
0.082350 97.12724331396 0.33725411094 
0.082857 96.35458840246 0.32558286491 
0.083363 96.32346111652 0.34680965372 
0.083870 95.91976023619 0.33304320388 
0.084377 96.14828566376 0.33790895048 
0.084884 95.67716260946 0.34128369544 
0.085390 95.86400959050 0.33984303322 
0.085897 96.13107881978 0.32564823373 
0.086404 95.56577143253 0.33395308085 
0.086911 95.40462651539 0.33904131805 
0.087417 94.77072894368 0.33276866435 
0.087924 94.58798481465 0.31671331651 
0.088431 94.75016901939 0.32681951970 
0.088938 94.80261059451 0.33120522740 
0.089444 94.14496376993 0.33574763457 
0.089951 94.51650493388 0.32431894841 
0.090458 94.51597246730 0.33113939971 
0.090965 94.25797786814 0.33124035628 
0.091471 93.53723204636 0.32449910901 
0.091978 93.31285816386 0.33383607196 
0.092485 91.96311125338 0.34915231949 
0.092992 92.99522534003 0.33635277165 
0.093498 92.74041841178 0.33729674721 
0.094005 92.93476148565 0.32885892812 
0.094512 92.36160926888 0.33415636972 
0.095019 92.54975346092 0.33205629618 
0.095525 92.62026381887 0.33309606890 
0.096032 92.15838775566 0.33070759463 
0.096539 92.26316197016 0.32812444113 
0.097046 92.06154248168 0.32207118557 
0.097552 92.35201998180 0.33118332538 
0.098059 91.77747837007 0.33036500771 
0.098566 91.73362030238 0.32141575929 
0.099073 91.97148340832 0.31978476985 
0.099579 91.74348044319 0.31893089411 
0.100086 91.51440447280 0.32523054323 
0.100593 91.61593376816 0.32303048295 
0.101100 90.72660485366 0.32887386098 
0.101606 90.61401946979 0.31067319782 
0.102113 90.23862972907 0.29595119039 
0.102620 90.22265207821 0.30191370498 
0.103127 89.12284638328 0.30104928776 
0.103633 88.98168070881 0.30102085784 
0.104140 88.45009574493 0.29645575624 
0.104647 88.96015590034 0.30409731660 
0.105154 88.40048173159 0.30251021665 
0.105660 88.47776380421 0.30816961258 
0.106167 87.65410417088 0.30393268718 
0.106674 88.43706957934 0.30523964087 
0.107181 88.27572884314 0.30076218068 
0.107687 87.67191711539 0.30380991123 
0.108194 88.00204179565 0.29338842525 
0.108701 87.63889030365 0.29761792340 
0.109208 87.48310257177 0.28912003431 
0.109714 87.77089286387 0.28943076369 
0.110221 87.64699234585 0.28548883025 
0.110728 87.22843656113 0.29410468593 
0.111235 87.49778263934 0.29180695602 
0.111741 87.08505729718 0.28388972758 
0.112248 87.25963364168 0.27968847033 
0.112755 86.73500626413 0.27665562520 
0.113262 87.04953110960 0.28090121126 
0.113768 86.91514253885 0.27277194629 
0.114275 86.53391222758 0.27577388281 
0.114782 86.69071505497 0.27532462188 
0.115289 86.87960753287 0.28225494638 
0.115795 86.38703279812 0.27473120382 
0.116302 86.24207983407 0.28105776699 
0.116809 85.76685033550 0.27895417213 
0.117316 86.71121478765 0.27306629120 
0.117822 85.85734165978 0.27833755931 
0.118329 86.29653658548 0.27112181116 
0.118836 85.82887554181 0.26741684821 
0.119342 86.05672713975 0.26222181508 
0.119849 85.42070747505 0.27220304933 
0.120356 86.06959506906 0.26934499966 
0.120863 85.71525636774 0.26846408937 
0.121369 85.55925775271 0.26437805666 
0.121876 85.50761076988 0.26765910026 
0.122383 85.55413034290 0.27429922283 
0.122890 85.27870370491 0.26756902051 
0.123396 85.17806585324 0.26410437816 
0.123903 85.45735999829 0.25955141429 
0.124410 85.60117424434 0.26872445267 
0.124917 85.08812703986 0.26444611086 
0.125423 85.16791003318 0.25732354832 
0.125930 84.97103519648 0.26531744203 
0.126437 84.78737447681 0.26201572046 
0.126944 84.96436844441 0.25332952539 
0.127450 84.56730164091 0.26211201159 
0.127957 84.39548630799 0.26084661449 
0.128464 84.24497956791 0.24777186168 
0.128970 83.95598253640 0.24994330333 
0.129477 84.45350071300 0.25141791390 
0.129984 84.28505438822 0.25737475568 
0.130491 84.68199621369 0.25029423894 
0.130997 84.81437745634 0.25296963398 
0.131504 84.12365715360 0.25361879327 
0.132011 84.30126187880 0.25528746162 
0.132518 83.98440057877 0.24690294316 
0.133024 84.10010417629 0.24076076533 
0.133531 83.85412926452 0.24887716847 
0.134038 83.73143612343 0.24671038200 
0.134545 83.98454533291 0.24545103043 
0.135051 83.87692799681 0.25076171152 
0.135558 83.38951558162 0.24753286333 
0.136065 83.62211203078 0.24622007253 
0.136571 83.41480804238 0.24191904571 
0.137078 83.21684646523 0.24335124317 
0.137585 83.32664558264 0.24916899534 
0.138092 83.10935921401 0.24375034221 
0.138598 82.95044796757 0.25218689312 
0.139105 83.53506163710 0.23733556761 
0.139612 83.43536668363 0.24453709994 
0.140119 82.92049529875 0.24344358910 
0.140625 82.69046793355 0.23834071270 
0.141132 83.00620047337 0.23756067531 
0.141639 82.87451013475 0.24285705700 
0.142145 82.63672438390 0.24710383381 
0.142652 82.65532382092 0.24270386196 
0.143159 82.54946902827 0.23666494906 
0.143666 82.68198483050 0.24639187019 
0.144172 82.16568227108 0.24246309530 
0.144679 82.28454636984 0.24143895077 
0.145186 82.30918614619 0.23765405648 
0.145692 82.58728535619 0.24763355887 
0.146199 82.01711752808 0.24175589718 
0.146706 82.09477781385 0.24156390684 
0.147213 81.96323247344 0.24151989014 
0.147719 81.77461190124 0.24718085087 
0.148226 81.84131638847 0.24312019067 
0.148733 81.69921575904 0.23962810666 
0.149240 81.11622020944 0.23489071079 
0.149746 81.34471441611 0.23864749161 
0.150253 81.26638850467 0.24077765228 
0.150760 81.67967850600 0.23267634413 
0.151266 80.97576610365 0.24550983768 
0.151773 80.92898768372 0.24155429605 
0.152280 80.91626077059 0.23937792849 
0.152787 80.76830433364 0.24427204878 
0.153293 81.15458072387 0.24215131490 
0.153800 80.78364298253 0.23478422023 
0.154307 81.08215526670 0.24344196504 
0.154813 80.71538703023 0.24050511307 
0.155320 80.31498178983 0.24254455710 
0.155827 80.62542169592 0.22955325473 
0.156334 80.65667093349 0.23663983973 
0.156840 80.45182430206 0.23284346249 
0.157347 80.64811570547 0.23678310583 
0.157854 80.66288149191 0.23560670498 
0.158360 80.14522753114 0.23375340887 
0.158867 80.30149078447 0.23480712182 
0.159374 80.28354369711 0.23832615434 
0.159881 80.08178487991 0.23921350757 
0.160387 79.94555444727 0.24510671082 
0.160894 79.73578615088 0.23454289134 
0.161401 79.72946172750 0.23495090447 
0.161907 79.87490665828 0.23439291717 
0.162414 79.59828863368 0.23608221277 
0.162921 79.73695587930 0.23111859299 
0.163427 79.58341581145 0.22961944105 
0.163934 79.43324742673 0.23045448900 
0.164441 79.17754492833 0.22743081514 
0.164948 79.60642106014 0.23009374990 
0.165454 79.20359267643 0.23732105329 
0.165961 79.03729605047 0.23215434453 
0.166468 79.21369984631 0.22837437461 
0.166974 78.98102835745 0.22692514267 
0.167481 79.23971552852 0.22828601612 
0.167988 79.10328418717 0.23155265277 
0.168495 79.26490065642 0.23096181061 
0.169001 78.88520007534 0.23495222938 
0.169508 79.11823668013 0.23497690478 
0.170015 78.96225370323 0.23181160674 
0.170521 78.91723282867 0.23338053131 
0.171028 79.03212580264 0.23331889073 
0.171535 79.21873213554 0.23583730766 
0.172041 78.79057804129 0.23043121985 
0.172548 79.22712785449 0.23911736647 
0.173055 78.79105289240 0.23616329682 
0.173562 78.85965856685 0.23201987596 
0.174068 78.64557453815 0.23451779624 
0.174575 79.06367115615 0.23576050413 
0.175082 78.94164251326 0.23398972995 
0.175588 78.83657797009 0.23594197280 
0.176095 78.65489844648 0.23545398783 
0.176602 78.52692231957 0.23906193674 
0.177108 78.73547521609 0.23996962344 
0.177615 78.66164959277 0.23610891753 
0.178122 78.56276908278 0.23588248875 
0.178629 78.45392350832 0.23592808033 
0.179135 78.70197874183 0.23341883096 
0.179642 78.58592350151 0.23581009779 
0.180149 78.59021001616 0.23680404842 
0.180655 78.43851339309 0.23245195633 
0.181162 78.87921992603 0.23908591070 
0.181669 78.66711384278 0.23600667984 
0.182175 79.06483662440 0.24569208588 
0.182682 78.55856003099 0.24181323364 
0.183189 79.13085614855 0.24331471782 
0.183695 78.29335584110 0.24463421323 
0.184202 78.34467799689 0.23887186361 
0.184709 78.32480426980 0.24651376883 
0.185216 78.14028606512 0.23975430429 
0.185722 78.24784915649 0.24515221987 
0.186229 77.89610315467 0.23766276197 
0.186736 77.77564060204 0.24741573790 
0.187242 78.14378052928 0.24171720097 
0.187749 77.85350558300 0.24321424013 
0.188256 77.57454888973 0.24463882268 
0.188762 77.93597484249 0.24791579693 
0.189269 77.79885447146 0.24705889200 
0.189776 77.63072942881 0.24778844502 
0.190282 77.29259301108 0.24349006464 
0.190789 77.69044419040 0.24391065876 
0.191296 77.39221162472 0.24828665146 
0.191802 77.59374186762 0.24364852977 
0.192309 77.07632236212 0.24171939391 
0.192816 77.28437939126 0.24228843838 
0.193323 76.84979013608 0.23335458228 
0.193829 76.72255016257 0.24006075370 
0.194336 76.62032405172 0.23545827197 
0.194843 76.78884137002 0.24241063797 
0.195349 76.45250204131 0.23674250637 
0.195856 76.05861165281 0.23493433856 
0.196363 76.15278045034 0.23420831460 
0.196869 76.10009726376 0.22693502657 
0.197376 76.18856635423 0.23371692480 
0.197883 76.10552222218 0.23085937859 
0.198389 75.82509682739 0.22883549178 
0.198896 75.82098491921 0.22522173603 
0.199403 76.14742812967 0.22627928863 
0.199909 76.07447086792 0.22620778060 
0.200416 75.63359738922 0.22603338792 
0.200923 75.79200508227 0.21369202191 
0.201429 75.92451968023 0.21682873834 
0.201936 75.42756104123 0.22514720445 
0.202443 75.90186408146 0.22200661896 
0.202949 75.50974840992 0.21729013615 
0.203456 75.56824026378 0.22057627305 
0.203963 75.57657958663 0.21647635160 
0.204469 75.48259124325 0.21855198649 
0.204976 75.75330947490 0.21861256739 
0.205483 75.54851064417 0.21864483269 
0.205989 75.33926474054 0.21587641198 
0.206496 75.36800497010 0.21573594373 
0.207003 75.41967092928 0.21212791257 
0.207509 75.38403019459 0.21711309863 
0.208016 75.35171385698 0.21764691321 
0.208523 75.49554414521 0.21474490506 
0.209029 75.17436287545 0.21009389962 
0.209536 75.03161653614 0.21175129648 
0.210043 75.23059354315 0.20918613258 
0.210549 75.34422638914 0.21408415278 
0.211056 75.17897992003 0.20696392668 
0.211563 75.03046485792 0.20786876223 
0.212069 74.86546116044 0.20881838993 
0.212576 74.86852070074 0.20800618232 
0.213083 74.81752991939 0.21318388584 
0.213589 74.95202714751 0.21334621437 
0.214096 75.03371937144 0.20483710735 
0.214603 74.64086736916 0.20931272494 
0.215109 74.78474598341 0.20687804751 
0.215616 74.81261118410 0.20638056446 
0.216123 74.47534416901 0.21135348340 
0.216629 74.73656019229 0.20848827767 
0.217136 74.50335357076 0.21118393084 
0.217643 73.93961717931 0.21032649166 
0.218149 74.28729177097 0.20800244994 
0.218656 74.08968853688 0.20564109258 
0.219163 74.04082318540 0.20633062356 
0.219669 74.00584159133 0.20496450795 
0.220176 74.09630924978 0.20272192663 
0.220683 74.02279320737 0.20820783340 
0.221189 74.17561559187 0.20651984524 
0.221696 74.07881282623 0.20545738213 
0.222203 73.85945645161 0.20692035965 
0.222709 73.93033077213 0.20353067774 
0.223216 73.84305352568 0.19759106062 
0.223722 73.87486796107 0.20615140444 
0.224229 73.88045676116 0.20451073579 
0.224736 73.79974656082 0.19958227021 
0.225242 73.32413441006 0.20426217076 
0.225749 73.54645302531 0.20060785984 
0.226256 73.43043704201 0.19797034806 
0.226762 73.57747528955 0.19538423531 
0.227269 73.34173338305 0.20120991774 
0.227776 73.45293530818 0.20334651157 
0.228282 73.75531135625 0.19860929953 
0.228789 73.50187606977 0.20533890764 
0.229296 73.55322969428 0.20623182510 
0.229802 73.28544990989 0.19931987991 
0.230309 73.27865614677 0.19952983119 
0.230816 73.21012662635 0.20387805952 
0.231322 73.33272064965 0.20059730923 
0.231829 72.97759267524 0.19903403375 
0.232335 72.94477092050 0.19965310922 
0.232842 72.86460023069 0.19607138609 
0.233349 72.92674080739 0.20195897629 
0.233855 72.91998570758 0.20450767343 
0.234362 72.74899387174 0.20391369447 
0.234869 72.80462232844 0.20399994622 
0.235375 72.36937769845 0.19961313270 
0.235882 72.46202038719 0.19994221378 
0.236389 72.76150707061 0.19656239555 
0.236895 72.77574249759 0.20249362297 
0.237402 72.54065469356 0.20141711115 
0.237908 72.52453647508 0.19997734401 
0.238415 72.04962906479 0.19954036221 
0.238922 72.34862602306 0.20246084827 
0.239428 72.44102300303 0.20380022626 
0.239935 72.25671283200 0.19766486514 
0.240442 72.31494501922 0.19815650072 
0.240948 72.05435926514 0.19848180903 
0.241455 72.33895522801 0.19783879781 
0.241962 72.08102357338 0.19627160144 
0.242468 71.70287538251 0.19369792433 
0.242975 71.80857497805 0.19664577946 
0.243481 72.08652010345 0.19729788844 
0.243988 71.74689262042 0.20005330518 
0.244495 71.83822868762 0.20129599012 
0.245001 71.68361775877 0.20127540124 
0.245508 71.76270772534 0.19710070868 
0.246015 71.74912945531 0.19862308422 
0.246521 71.45124082278 0.19719878026 
0.247028 71.58514114187 0.19975701597 
0.247534 71.44567901399 0.19868661879 
0.248041 71.33769537063 0.19839945413 
0.248548 71.46652744138 0.19340357300 
0.249054 71.59537916106 0.19749885003 
0.249561 71.40967298119 0.20227424567 
0.250068 71.24569405182 0.19645202037 
0.250574 71.44239616401 0.19735467472 
0.251081 71.12245702998 0.19888102520 
0.251587 71.31598165271 0.20082074647 
0.252094 70.96578800071 0.19934422074 
0.252601 71.22045781824 0.19569919474 
0.253107 71.10101665318 0.19537988171 
0.253614 71.29790448293 0.19800150265 
0.254120 70.95841810641 0.19803222424 
0.254627 70.65904896767 0.19412056850 
0.255134 71.05603504228 0.19958010077 
0.255640 70.84007170896 0.19441956942 
0.256147 70.90559607920 0.19608769192 
0.256654 70.52428034549 0.19844611771 
0.257160 71.11487064850 0.19958337576 
0.257667 71.41176168152 0.19676447660 
0.258173 71.03681230425 0.19619273113 
0.258680 71.38537876444 0.19516532725 
0.259187 71.62126309007 0.19761055898 
0.259693 71.26482252356 0.19593535014 
0.260200 71.21071365561 0.19284801121 
0.260706 71.47024245414 0.19824913866 
0.261213 71.63432415528 0.19482989233 
0.261720 71.55618504336 0.19549460188 
0.262226 71.42275900528 0.19491323398 
0.262733 71.71961841423 0.19160749941 
0.263239 71.66024473535 0.19390233209 
0.263746 71.70479046942 0.19147793619 
0.264253 71.64084128758 0.19238027767 
0.264759 71.57348109252 0.19571676308 
0.265266 71.58258135145 0.19629379104 
0.265772 71.63065990969 0.19020085405 
0.266279 71.78628568284 0.19631450352 
0.266786 71.72970371391 0.18868735835 
0.267292 71.91017266546 0.19331922820 
0.267799 71.81572808029 0.19189658095 
0.268305 71.67365709767 0.19158103007 
0.268812 71.76520510691 0.19056215376 
0.269319 71.75246669255 0.18906906328 
0.269825 71.63184162553 0.19248882245 
0.270332 71.88764075196 0.19542461485 
0.270838 72.04492195379 0.19139248066 
0.271345 72.13650792030 0.19270682911 
0.271852 72.10409874885 0.18819058220 
0.272358 72.25451061140 0.19652443015 
0.272865 72.19850706272 0.19392985470 
0.273371 72.38297233095 0.19391347981 
0.273878 72.35937126284 0.19096010459 
0.274385 72.58105988086 0.19018439595 
0.274891 72.08245670518 0.18789495886 
0.275398 72.24521743323 0.18768730674 
0.275904 72.41388423829 0.18194039282 
0.276411 72.05658820470 0.18681434671 
0.276917 72.32239056396 0.18441163936 
0.277424 72.03284826748 0.18601621216 
0.277931 72.02101736910 0.18373320628 
0.278437 72.24001382802 0.18419265689 
0.278944 72.25082772102 0.18539311253 
0.279450 72.23686049481 0.18455326470 
0.279957 72.03713927096 0.18183079727 
0.280464 72.20020878223 0.18050456459 
0.280970 72.02390664954 0.18248748741 
0.281477 72.12616259888 0.18087265542 
0.281983 72.08610216534 0.18417425508 
0.282490 71.96099319019 0.18485331044 
0.282996 72.41777214715 0.18450073581 
0.283503 72.08386460479 0.17935665085 
0.284010 72.09458668744 0.18290490587 
0.284516 71.75307345081 0.17505046548 
0.285023 71.75001707224 0.17614574438 
0.285529 71.84697916030 0.17540143474 
0.286036 71.69407971481 0.17273758042 
0.286542 71.49349955304 0.17377201133 
0.287049 71.48782056488 0.17486539932 
0.287556 71.61560524231 0.17580845657 
0.288062 71.60177774154 0.17484418717 
0.288569 71.45262900166 0.16988868527 
0.289075 71.41002592878 0.17137279152 
0.289582 71.29867086016 0.16945771668 
0.290088 71.34247709621 0.17044783926 
0.290595 71.40572542638 0.16998185492 
0.291102 71.15178965227 0.16712959751 
0.291608 71.22245373875 0.17021622635 
0.292115 71.06496085748 0.16740425002 
0.292621 71.55116334572 0.16843574153 
0.293128 71.06149338602 0.16417556983 
0.293634 71.05079146459 0.16665836716 
0.294141 70.88878424394 0.16418255788 
0.294647 71.20743583816 0.16585752790 
0.295154 70.93098220175 0.16704269218 
0.295661 71.01581124616 0.16593378592 
0.296167 70.86545947301 0.16514934318 
0.296674 70.71449800062 0.16668179730 
0.297180 70.58412297435 0.16632763602 
0.297687 70.62754078580 0.16414980982 
0.298193 70.57593606213 0.16264489457 
0.298700 70.74361536330 0.16307058126 
0.299207 70.71426826658 0.16317666899 
0.299713 70.36422786700 0.16418374345 
0.300220 70.51528578433 0.16471192807 
0.300726 70.45574932976 0.16167492494 
0.301233 70.50290148619 0.16264358220 
0.301739 70.35748408190 0.16626660941 
0.302246 70.14576461854 0.16273080051 
0.302752 70.07049698028 0.16044521079 
0.303259 70.19245615537 0.16151419836 
0.303765 70.28978573354 0.16395238047 
0.304272 70.02072300968 0.16209516104 
0.304779 70.09128517190 0.15974667027 
0.305285 70.07671755405 0.16132966944 
0.305792 70.04310884136 0.16103444092 
0.306298 69.85656731013 0.16062228353 
0.306805 70.18274139501 0.16210984607 
0.307311 69.92111213550 0.15873787530 
0.307818 69.81791912507 0.15940898379 
0.308324 69.75506731027 0.15583876943 
0.308831 69.50666457310 0.15687684584 
0.309337 69.34376104872 0.15526439155 
0.309844 69.53035636869 0.15468140057 
0.310350 69.19308756818 0.15564106233 
0.310857 68.77036751549 0.15167931975 
0.311364 68.78097032137 0.15012031333 
0.311870 68.67660587422 0.15126561599 
0.312377 68.16283949346 0.14975101268 
0.312883 68.32288028952 0.14658133828 
0.313390 67.96995847528 0.14551927031 
0.313896 67.96537041264 0.15082462606 
0.314403 67.92844637931 0.14605483982 
0.314909 67.41306407290 0.14298026354 
0.315416 67.28314737437 0.14290223675 
0.315922 67.39291460142 0.14422125848 
0.316429 67.39034813637 0.14242067188 
0.316935 67.21390136937 0.14193431182 
0.317442 67.31447862949 0.13925626328 
0.317948 67.26920144190 0.14382986869 
0.318455 67.07399663285 0.14027795819 
0.318961 67.09023416620 0.13958647893 
0.319468 67.16816424151 0.14107818490 
0.319975 67.04006958587 0.14598430150 
0.320481 66.83372634149 0.14336343016 
0.320988 66.79373207360 0.14333207575 
0.321494 66.75261291048 0.14011786518 
0.322001 66.67665748522 0.14755897542 
0.322507 66.68749945402 0.14263517548 
0.323014 66.31047155463 0.14207705622 
0.323520 66.57546432588 0.14413907170 
0.324027 66.43247820693 0.14326140830 
0.324533 66.48331679149 0.14079402991 
0.325040 66.29690896425 0.14087870708 
0.325546 66.37826610417 0.13985711335 
0.326053 66.24390814905 0.13867136990 
0.326559 66.28241382075 0.13855171317 
0.327066 66.07235090078 0.14192483679 
0.327572 65.96653649582 0.14091882810 
0.328079 66.16612183993 0.14123017035 
0.328585 66.34487788012 0.14019695188 
0.329092 66.06142476073 0.13646041027 
0.329598 65.97499657174 0.13960386792 
0.330105 65.98585161918 0.13826160414 
0.330611 65.95409807459 0.14088483984 
0.331118 65.69105810318 0.13751470717 
0.331624 66.02964288208 0.13759151971 
0.332131 66.00602348320 0.13521117768 
0.332637 66.07658490901 0.13981568928 
0.333144 65.74423724129 0.13748834873 
0.333650 66.00707856377 0.13847008667 
0.334157 65.67545782681 0.13640737199 
0.334663 65.79201208936 0.14018602410 
0.335170 65.72138733243 0.14010729764 
0.335676 65.77564163960 0.14080717989 
0.336183 65.67476862976 0.14029759522 
0.336689 65.39253429217 0.13693969587 
0.337196 65.53777766337 0.13956652551 
0.337702 65.70797464536 0.14021730688 
0.338209 65.56272997758 0.13910829296 
0.338715 65.43710085525 0.13689577508 
0.339222 65.49076596102 0.14140147003 
0.339728 65.36936504058 0.14259530270 
0.340235 65.56496949721 0.23005360556 
0.340741 65.25467349743 0.13899261222 
0.341248 65.19837803232 0.13965713849 
0.341754 65.18400937332 0.13894666366 
0.342261 65.25133823425 0.14116467950 
0.342767 65.32170256471 0.13909361573 
0.343274 65.23681350389 0.13786346449 
0.343780 65.37979518339 0.13931181865 
0.344287 65.02537070443 0.13784366058 
0.344793 65.18475960215 0.13872269712 
0.345300 65.12068026023 0.14115387998 
0.345806 65.06338125185 0.14129698140 
0.346313 65.08956373128 0.14023378244 
0.346819 64.78899933930 0.14229485406 
0.347325 64.74063169455 0.14354812817 
0.347832 64.92510304460 0.14411600547 
0.348338 64.89497373633 0.14446400813 
0.348845 64.77961655182 0.14419510118 
0.349351 64.85924459105 0.14741802717 
0.349858 64.73527664114 0.15115711094 
0.350364 64.65638673757 0.14849983406 
0.350871 64.62967304801 0.14767845000 
0.351377 64.70091586732 0.14946575948 
0.351884 64.27184736499 0.14849108071 
0.352390 64.43427689101 0.14922965143 
0.352897 64.31329107125 0.15028708132 
0.353403 64.25733129576 0.15016761195 
0.353910 64.39168444066 0.14930215841 
0.354416 64.47469252534 0.15266697415 
0.354923 64.65562936893 0.15367206035 
0.355429 64.12477853482 0.15334862195 
0.355935 64.21560894426 0.15020952403 
0.356442 64.01935014830 0.15406781444 
0.356948 64.03340592582 0.15256087542 
0.357455 63.95041025398 0.15680567491 
0.357961 63.90720146167 0.15544117583 
0.358468 63.81834434283 0.15529153586 
0.358974 64.00227317716 0.22110744017 
0.359481 63.85629758581 0.20472166450 
0.359987 63.91955770182 0.19985124441 
0.360494 63.99584781265 0.19355683791 
0.361000 63.95704947253 0.18926866143 
0.361506 63.87388027891 0.18405282452 
0.362013 63.68916197035 0.18550427808 
0.362519 63.78351193567 0.18470591582 
0.363026 63.87497699101 0.18444673117 
0.363532 63.60573367200 0.18586817236 
0.364039 63.90788021059 0.18572778400 
0.364545 63.79690648301 0.18299509047 
0.365052 63.76935054718 0.18377571615 
0.365558 63.52832388816 0.18608534399 
0.366064 63.78281469865 0.18249968752 
0.366571 63.70344140198 0.18439301335 
0.367077 63.95316070117 0.18598229594 
0.367584 63.73217616230 0.18404282335 
0.368090 63.67689591482 0.18368052228 
0.368597 63.64647935904 0.18927983769 
0.369103 63.37411664427 0.18686986225 
0.369610 63.85110016658 0.18655666797 
0.370116 63.43598698679 0.19211365281 
0.370622 63.44710334426 0.18924766863 
0.371129 63.50229396535 0.19653633989 
0.371635 63.58064155168 0.18730080265 
0.372142 63.67461598088 0.19358439539 
0.372648 63.71263827974 0.19581049758 
0.373155 63.49992390364 0.19573907109 
0.373661 63.61433750836 0.19635812585 
0.374167 63.51314614952 0.19702608267 
0.374674 63.10506183098 0.19900905261 
0.375180 63.55162991055 0.19567423482 
0.375687 63.29522072089 0.19912014743 
0.376193 63.75884772684 0.19946991877 
0.376700 63.76124281270 0.19699063206 
0.377206 63.48321587002 0.20271684346 
0.377712 63.35042935530 0.20664430358 
0.378219 63.38660597779 0.20492549908 
0.378725 63.47629890056 0.20683857768 
0.379232 63.46973421359 0.20651211419 
0.379738 63.34296471208 0.20780164193 
0.380245 63.32001337467 0.20791023207 
0.380751 63.12895993537 0.20730825889 
0.381257 63.33011788504 0.21124644713 
0.381764 63.34024487672 0.20690739855 
0.382270 62.79609758316 0.20772607633 
0.382777 63.32808524084 0.20985113283 
0.383283 63.26387649349 0.21112390640 
0.383789 63.24551989101 0.21170857909 
0.384296 63.07581870267 0.20841101976 
0.384802 63.12203404246 0.21359604322 
0.385309 62.86944694040 0.20786900776 
0.385815 62.78205317417 0.20955369544 
0.386321 63.35388951848 0.21351158389 
0.386828 63.19786430834 0.21459305475 
0.387334 62.88918379049 0.21461155985 
0.387841 63.12091753176 0.21526884849 
0.388347 62.85323368801 0.21623345628 
0.388853 62.76366331410 0.20775182384 
0.389360 62.86117404402 0.21943850178 
0.389866 63.10403972589 0.21518415213 
0.390373 62.84747201428 0.21729417973 
0.390879 62.82326110919 0.22193584281 
0.391385 62.72284023033 0.21841549678 
0.391892 63.08853333656 0.21800447408 
0.392398 62.82098877616 0.22103183351 
0.392905 62.59603316705 0.22213953968 
0.393411 62.92690540571 0.22488277979 
0.393917 62.76601192751 0.21860624080 
0.394424 62.95090035173 0.22819016052 
0.394930 62.50874420131 0.22779006996 
0.395437 62.73447199985 0.22715537865 
0.395943 62.77746506076 0.22543012688 
0.396449 62.40839431027 0.34687203184 
0.396956 62.98146943295 0.22942737365 
0.397462 62.29555713523 0.22737369433 
0.397969 62.23004072434 0.23555533917 
0.398475 62.50842731479 0.22925833868 
0.398981 62.51254843644 0.23773893572 
0.399488 62.47677639921 0.23811933830 
0.399994 62.73132442408 0.23989058133 
0.400500 62.57195402242 0.24170584059 
0.401007 62.03150435938 0.23898156391 
0.401513 62.42450339789 0.24610105771 
0.402020 62.30053033759 0.24329152168 
0.402526 62.62051527385 0.24313782223 
0.403032 62.34358669104 0.24559452698 
0.403539 62.31068125571 0.25810562088 
0.404045 61.95307617089 0.24643859421 
0.404551 62.58888039661 0.26568634935 
0.405058 62.49158563531 0.26822551114 
0.405564 62.17979285298 0.26129324055 
0.406071 62.17963491867 0.26237498865 
0.406577 62.66795676111 0.26005324394 
0.407083 62.23492463308 0.26816394608 
0.407590 62.47896501933 0.26602928105 
0.408096 61.91539239279 0.27653574702 
0.408602 62.02042417547 0.27770294698 
0.409109 61.75368450892 0.25426602594 
0.409615 62.37465014661 0.27527703321 
0.410121 62.13471489079 0.27264065269 
0.410628 61.73403199993 0.26458776571 
0.411134 61.81615178229 0.26069888222 
0.411641 62.11220883933 0.27963253807 
0.412147 62.39097511376 0.26649638763 
0.412653 62.05274977337 0.26474224319 
0.413160 62.22979565555 0.26626270496 
0.413666 61.98956125334 0.26976619974 
0.414172 61.88712261745 0.27233490539 
0.414679 61.68707549297 0.27077512830 
0.415185 62.02614060146 0.28937467711 
0.415691 62.51684621939 0.26882591656 
0.416198 61.58738828113 0.27310188483 
0.416704 61.74659902042 0.27818937673 
0.417210 62.29569092446 0.26967494682 
0.417717 61.44850050275 0.29587910446 
0.418223 61.81360578838 0.28339569707 
0.418729 62.20222454406 0.28043029569 
0.419236 61.74466168016 0.29002011895 
0.419742 61.79507947575 0.27692308762 
0.420248 61.57249407337 0.27827822953 
0.420755 61.79143919605 0.27354910756 
0.421261 61.92534352249 0.26906275566 
0.421767 61.12432659246 0.28175984019 
0.422274 61.93161547830 0.27512583732 
0.422780 61.42739385260 0.27999672642 
0.423286 61.94414100176 0.28171238187 
0.423793 62.01791901276 0.28271649794 
0.424299 61.30692828163 0.29277654161 
0.424805 61.82242892100 0.28247060162 
0.425312 61.69328061523 0.29567950906 
0.425818 61.38813585814 0.29312193521 
0.426324 61.87833470155 0.30256924100 
0.426831 61.22276974669 0.29405801349 
0.427337 61.66199830767 0.29812394072 
0.427843 61.63691807414 0.29537547575 
0.428350 61.56239497596 0.30834689246 
0.428856 61.70216007138 0.29319238728 
0.429362 61.52021992430 0.29534065167 
0.429869 61.97669872054 0.31606414011 
0.430375 61.42363010578 0.30669007747 
0.430881 61.79463162832 0.31955077922 
0.431388 61.37483795183 0.30774108180 
0.431894 61.46154196296 0.32377989162 
0.432400 61.51807701101 0.32723574206 
0.432907 61.42721549079 0.31806495711 
0.433413 61.38529142319 0.34116262467 
0.433919 61.47728687443 0.32631482538 
0.434425 61.21405936344 0.32194750021 
0.434932 61.51171391452 0.33658128438 
0.435438 60.96564825501 0.35016639546 
0.435944 61.01287304076 0.34547238331 
0.436451 61.76156579875 0.32829337412 
0.436957 61.28898302676 0.35248294578 
0.437463 61.46383747359 0.34886649870 
0.437970 61.32631237952 0.35583878907 
0.438476 61.32305352981 0.36329790600 
0.438982 61.00779536779 0.36802623891 
0.439489 61.29579406565 0.37754941847 
0.439995 62.01510259760 0.36609266184 
0.440501 61.17083015723 0.37485941210 
0.441007 61.41929893064 0.37591660594 
0.441514 61.18098910043 0.37657874563 
0.442020 61.36430379514 0.40139353988 
0.442526 61.23240870908 0.39471793616 
0.443033 61.63269163764 0.40343322250 
0.443539 60.64295342638 0.41047476755 
0.444045 61.18554610745 0.40947995919 
0.444551 60.47593782994 0.40806838881 
0.445058 60.82304969124 0.41199041468 
0.445564 61.41246441253 0.42834126467 
0.446070 61.22720623684 0.43088142197 
0.446577 61.54510369969 0.44253664726 
0.447083 61.20409903529 0.46012504193 
0.447589 60.69895013669 0.43670839261 
0.448095 61.45371010984 0.47159067175 
0.448602 60.98176582388 0.48597680884 
0.449108 61.33036991566 0.48037772526 
0.449614 60.23953243459 0.49052107661 
0.450121 60.23280321005 0.49244680939 
0.450627 60.81307982803 0.50393578356 
0.451133 60.27699203332 0.50940001709 
0.451639 60.38270261629 0.52120656539 
0.452146 59.94577372486 0.54736742629 
0.452652 60.76051194637 0.55299600162 
0.453158 61.16370532516 0.57964270315 
0.453664 60.75864102568 0.56129840977 
0.454171 60.53412059030 0.56690223834 
0.454677 60.61626976091 0.60835910351 
0.455183 60.19235598823 0.63452780660 
0.455689 59.85578318348 0.61623991702 
0.456196 60.71103775846 0.68512077715 
0.456702 59.46757303638 0.62993016232 
0.457208 59.68077315515 0.69246102673 
0.457714 60.48913648717 0.74064482017 
0.458221 60.45573820219 0.77283591529 
0.458727 60.06053148004 0.77638590654 
0.459233 59.46776290631 0.84473559133 
0.459740 61.22286834411 0.86128052579 
0.460246 60.64114884148 0.92162692207 
0.460752 60.09562651144 0.99695402298 
0.461258 60.36862459501 1.01033212965 
0.461765 59.84314552255 1.10890489187 
0.462271 61.62387861179 1.07674287840 
0.462777 60.49314817568 1.17692128941 
0.463283 60.10858058399 1.22447249074 
0.463789 61.56758191000 1.33536923775 
0.464296 60.70315809812 1.36887712274 
0.464802 59.69566479912 1.32153037965 
0.465308 61.16137962475 1.52674149340 
0.465814 59.03187536974 1.66081796911 
0.466321 60.76674714341 1.77132656443 
0.466827 60.64689876652 1.87656256035 
0.467333 59.91253523364 1.94561053279 
0.467839 58.08891992146 1.89155791769 
0.468346 59.73157791015 2.33106589624 
0.468852 59.28110626426 2.67115335781 
0.469358 59.20357896920 2.94739588407 
0.469864 58.14651963274 2.79040438155 
0.470371 58.22598650995 3.82568033511 
0.470877 59.28546178105 4.51242245066 
0.471383 60.04964231652 5.81458094270 
0.471889 60.08190942132 7.65913733722 
0.472395 57.06182733969 5.86421508103 
0.472902 50.45959734515 12.16779948082 
