0.010896 1358.07619281587 11.59198513790 
0.011402 1214.45954922635 11.89050020168 
0.011909 1090.42810561462 10.96339601421 
0.012416 980.29779849362 8.66737648039 
0.012923 896.84077941032 8.27310357829 
0.013430 825.06421613411 10.61502166095 
0.013936 790.69289413916 9.48907756404 
0.014443 739.40035008733 7.47813119792 
0.014950 677.90893791276 6.58263851118 
0.015457 632.09087101318 5.56923357036 
0.015963 582.90913417094 4.60296320568 
0.016470 546.73570080623 4.18139969903 
0.016977 509.78511107136 3.61713058272 
0.017484 477.57426596460 3.40888324399 
0.017990 452.03274771175 3.19039170988 
0.018497 425.12397158165 2.68454922301 
0.019004 401.21517159084 2.35014032881 
0.019511 379.80006406235 2.35222554537 
0.020018 362.14600598854 2.22153779792 
0.020524 346.16780756155 1.86041366120 
0.021031 328.94206281153 1.92779172700 
0.021538 314.59241242682 1.71995912308 
0.022045 301.94641221951 1.56857365871 
0.022551 292.40642912777 1.49446418331 
0.023058 278.80890921460 1.50319702358 
0.023565 268.57441414923 1.56114370359 
0.024072 260.30909002090 1.71109235082 
0.024579 251.44142547859 1.65177790093 
0.025085 242.06254512139 2.13657834821 
0.025592 236.61937188404 2.10799325264 
0.026099 229.64634725850 2.10515955952 
0.026606 222.67968863784 1.67675090090 
0.027112 217.99508866992 1.71772820490 
0.027619 213.73583344823 1.52083749535 
0.028126 206.84835047750 1.46475281046 
0.028633 201.71626740662 1.39954583734 
0.029139 197.17825258319 1.19841620653 
0.029646 194.13506283353 1.14970455363 
0.030153 189.21849226919 1.16744038096 
0.030660 186.84927657083 1.02759782242 
0.031167 182.78695291192 0.92342868137 
0.031673 177.06996999774 0.90500616434 
0.032180 175.70930088922 0.87516932311 
0.032687 172.59900799890 0.90434126578 
0.033194 170.00433572884 0.79033528098 
0.033700 167.89486402389 0.72177510145 
0.034207 165.46533629503 0.79288223133 
0.034714 162.51716379007 0.74823824379 
0.035221 160.73950737794 0.71117682335 
0.035727 157.67871772160 0.68224163580 
0.036234 155.87674807933 0.63390500794 
0.036741 153.70435421915 0.66265168831 
0.037248 152.07812721593 0.65666669354 
0.037755 150.71126465797 0.62912316557 
0.038261 147.83498317030 0.58094404008 
0.038768 147.72217588961 0.57257743902 
0.039275 145.96517251957 0.58298643273 
0.039782 144.26863312131 0.59466320800 
0.040288 141.84893542957 0.59332252531 
0.040795 140.69565233708 0.56795957685 
0.041302 139.80931894985 0.56598536724 
0.041809 139.57868670573 0.58166524141 
0.042315 137.21601500487 0.54185577257 
0.042822 136.60664583957 0.53511626537 
0.043329 134.84696669787 0.52918322830 
0.043836 133.82493452583 0.53608701173 
0.044343 133.55841842421 0.50849543339 
0.044849 131.84891155048 0.52543705426 
0.045356 130.42435841391 0.50342590652 
0.045863 129.57950881545 0.50113887612 
0.046370 128.53371440541 0.51991641213 
0.046876 127.67839975970 0.52079966931 
0.047383 126.58599150412 0.48489241622 
0.047890 125.81082522640 0.48899489436 
0.048397 125.17429101793 0.49662320424 
0.048903 123.84403891761 0.49519999503 
0.049410 123.44546535898 0.48483850167 
0.049917 122.55253582261 0.46917510016 
0.050424 121.95961929005 0.45311565446 
0.050931 121.21782010724 0.44966920087 
0.051437 120.68663096675 0.45817457114 
0.051944 119.93724568058 0.45494918344 
0.052451 118.97852920896 0.44153045024 
0.052958 118.13199398248 0.44548411751 
0.053464 117.97112192748 0.44395111350 
0.053971 116.85687022313 0.44891415471 
0.054478 117.16383361511 0.44493350886 
0.054985 115.23113883854 0.44364963834 
0.055491 115.54294875422 0.43820449816 
0.055998 115.16776678669 0.42757948657 
0.056505 113.98093209152 0.42824031814 
0.057012 113.34542780370 0.41945336613 
0.057519 112.22191933160 0.45034610793 
0.058025 112.06751703662 0.42579175576 
0.058532 111.72376034985 0.41832865976 
0.059039 111.45831267796 0.41676705763 
0.059546 110.26058453039 0.40120744782 
0.060052 110.12978703982 0.42911700763 
0.060559 109.48909197159 0.41423205745 
0.061066 109.14167718454 0.40999160769 
0.061573 108.55122001673 0.38668262672 
0.062079 108.02728089785 0.39892848595 
0.062586 107.89660805070 0.40971868913 
0.063093 108.16824722718 0.39906397651 
0.063600 106.72913750177 0.40102550547 
0.064106 107.13944153112 0.37944186593 
0.064613 106.59896611553 0.42262099487 
0.065120 105.75576042034 0.35825128774 
0.065627 104.85979521087 0.37610485537 
0.066134 105.52502818131 0.37306035152 
0.066640 105.02027251363 0.38222423023 
0.067147 104.42788099396 0.36141082107 
0.067654 104.14727142568 0.38672653620 
0.068161 103.46224278390 0.35303591669 
0.068667 103.01584922312 0.35553287644 
0.069174 102.69100568713 0.36521769828 
0.069681 102.66332349278 0.36046366683 
0.070188 102.34386582483 0.36235806829 
0.070694 101.89471573732 0.36494771683 
0.071201 101.47236508777 0.36089521097 
0.071708 101.44398282630 0.36447361579 
0.072215 100.54602726038 0.35284614957 
0.072721 100.35650974405 0.35322282229 
0.073228 100.25059030019 0.33545018117 
0.073735 100.47136584749 0.34591748216 
0.074242 99.99926793497 0.34873035201 
0.074748 99.80463528220 0.33966296712 
0.075255 98.70017083552 0.35419512249 
0.075762 98.80448458926 0.33730464073 
0.076269 98.90850256962 0.33191264638 
0.076776 98.70893535647 0.33981758593 
0.077282 98.48808138244 0.33495046578 
0.077789 98.35097512134 0.33700320618 
0.078296 97.89582605741 0.33135313613 
0.078803 97.09038593826 0.32955992547 
0.079309 97.97383278323 0.32753428912 
0.079816 97.21704758789 0.33551522069 
0.080323 97.37227451376 0.32945349643 
0.080830 97.06279362455 0.32944652895 
0.081336 96.85984547769 0.33009269382 
0.081843 96.75095895543 0.33587647271 
0.082350 97.00440604740 0.33748465909 
0.082857 96.56082376213 0.32166211337 
0.083363 95.89366961766 0.33526654421 
0.083870 95.93016180720 0.32782307936 
0.084377 95.62763680469 0.32668654143 
0.084884 95.27575427607 0.32342766045 
0.085390 95.82928011492 0.32521533544 
0.085897 95.69920965029 0.32670329666 
0.086404 95.17284653493 0.32398265661 
0.086911 95.10662021610 0.32976879436 
0.087417 94.92503872904 0.32982869921 
0.087924 94.70844944858 0.32179255308 
0.088431 95.02098743632 0.34017574904 
0.088938 95.22687540581 0.33548471250 
0.089444 94.28486352355 0.33393067108 
0.089951 94.04809943984 0.33380544040 
0.090458 94.34384143297 0.32101228773 
0.090965 93.83130152126 0.32591749668 
0.091471 94.28965468340 0.33538021588 
0.091978 93.11360277594 0.33055778254 
0.092485 92.87776380937 0.34928170755 
0.092992 93.29877084339 0.34503745834 
0.093498 92.94100532214 0.34123774768 
0.094005 92.71398915583 0.33716594967 
0.094512 92.23942372467 0.32596549802 
0.095019 92.40992013892 0.32776092922 
0.095525 92.87914169867 0.32527811236 
0.096032 92.30338886414 0.32929822646 
0.096539 92.41690141581 0.32630811601 
0.097046 92.38624937869 0.31643643316 
0.097552 92.12583958919 0.32544678117 
0.098059 91.56573561681 0.32887664534 
0.098566 91.58335656783 0.31449964528 
0.099073 91.72355151320 0.32387151585 
0.099579 91.75802741726 0.32534053592 
0.100086 91.28046509599 0.32746701674 
0.100593 91.31196002529 0.33254661783 
0.101100 91.18424509475 0.31880518648 
0.101606 90.46453693460 0.31163849779 
0.102113 89.99013960749 0.28955265890 
0.102620 89.34017257041 0.29423665124 
0.103127 89.63377270784 0.30412106259 
0.103633 89.03610470496 0.29078054259 
0.104140 88.10080298703 0.29143373721 
0.104647 88.50553736254 0.29675657915 
0.105154 88.19883122199 0.30264623677 
0.105660 88.41170705761 0.30695366645 
0.106167 88.85158697416 0.29963628635 
0.106674 88.00065287320 0.29514192421 
0.107181 87.96802608209 0.30392832805 
0.107687 87.71468667096 0.30399915857 
0.108194 87.81034420908 0.29034539297 
0.108701 87.85447814101 0.29057386944 
0.109208 88.10557650319 0.29536897317 
0.109714 87.79448353085 0.29578851931 
0.110221 87.37979700490 0.28727848489 
0.110728 87.27145539993 0.28914058594 
0.111235 87.83759794718 0.29149040686 
0.111741 87.19257451234 0.28844519062 
0.112248 87.45355451993 0.28109769534 
0.112755 86.84980258292 0.27863739455 
0.113262 87.02181374215 0.28432824177 
0.113768 86.58022393822 0.28153404120 
0.114275 86.47954869027 0.29427841846 
0.114782 86.57681065694 0.27627962256 
0.115289 86.60870957314 0.27958228241 
0.115795 86.73302888909 0.27426662763 
0.116302 86.46936425353 0.27100798145 
0.116809 86.09715477009 0.27172404806 
0.117316 86.51362794324 0.27957191418 
0.117822 86.45868828147 0.27259089951 
0.118329 86.42207843292 0.26581615670 
0.118836 86.01940183883 0.26648092712 
0.119342 86.42188644896 0.26753320488 
0.119849 86.01873876529 0.27495136629 
0.120356 86.00813971291 0.26788742806 
0.120863 85.63029188451 0.27423718014 
0.121369 85.91501078625 0.26008289222 
0.121876 85.57332739236 0.26183369942 
0.122383 85.78239186522 0.26418234653 
0.122890 85.54310403969 0.26051360076 
0.123396 85.47417654897 0.26346873567 
0.123903 84.99288433559 0.26167506138 
0.124410 85.28504152793 0.25330199169 
0.124917 84.86199660600 0.26720979511 
0.125423 84.89714159631 0.25955647063 
0.125930 84.95967688843 0.24975119555 
0.126437 84.78827158727 0.25809390685 
0.126944 85.00300194202 0.26036518736 
0.127450 84.57758871077 0.25665869449 
0.127957 84.15237383385 0.25231492965 
0.128464 84.46049441746 0.25518673176 
0.128970 84.58042434824 0.25453961407 
0.129477 84.30552520153 0.25310557657 
0.129984 84.47502081688 0.25610682565 
0.130491 84.59106144372 0.25431553993 
0.130997 84.35108043965 0.24922444470 
0.131504 84.13261312098 0.24540417705 
0.132011 84.10594654317 0.24995285441 
0.132518 84.04140266560 0.24540306708 
0.133024 84.13826682024 0.25062313112 
0.133531 83.80815892580 0.24353478553 
0.134038 84.03201747152 0.24715286618 
0.134545 84.15124064051 0.24481314844 
0.135051 83.73560259107 0.25069168895 
0.135558 83.81451332660 0.24820112788 
0.136065 83.60869320184 0.24802842946 
0.136571 83.53296143113 0.24367843859 
0.137078 83.49867291270 0.24299941400 
0.137585 83.60757001972 0.24521810025 
0.138092 83.25183423367 0.24197927526 
0.138598 83.51418415776 0.24352441285 
0.139105 83.56042517584 0.24386833253 
0.139612 83.53435237989 0.24886314541 
0.140119 83.12812425814 0.24439972272 
0.140625 82.80217160443 0.24271326106 
0.141132 82.83183542255 0.23516823324 
0.141639 82.69464963174 0.24811553309 
0.142145 82.60492008524 0.23884237930 
0.142652 82.47589638623 0.23859805713 
0.143159 82.35376509514 0.23784940919 
0.143666 82.46240780579 0.24137756024 
0.144172 82.27506371799 0.23974295162 
0.144679 82.35871004908 0.23897229331 
0.145186 82.19008187073 0.23892584409 
0.145692 81.75417478405 0.23596720669 
0.146199 81.96005714166 0.24453843353 
0.146706 81.52692601805 0.23885739813 
0.147213 81.47654600274 0.24723158483 
0.147719 81.52009179890 0.23987108900 
0.148226 81.60430140682 0.24535447959 
0.148733 81.80364800299 0.24520485533 
0.149240 82.03680257281 0.23458847102 
0.149746 81.68981772835 0.24757760628 
0.150253 81.59767504339 0.23886054473 
0.150760 81.66501326126 0.24495032877 
0.151266 81.31376601793 0.24171218799 
0.151773 81.01919194050 0.24160137155 
0.152280 81.12709344117 0.23587442406 
0.152787 80.81448324625 0.23626925155 
0.153293 80.81211310595 0.23689621233 
0.153800 80.85375347974 0.24418279629 
0.154307 80.66885789937 0.23539555231 
0.154813 80.68059801482 0.23353657058 
0.155320 80.61087234672 0.24325158738 
0.155827 80.74255022100 0.23556101221 
0.156334 80.24252475322 0.23972632198 
0.156840 80.32408632522 0.23710569952 
0.157347 80.41636320176 0.23756197802 
0.157854 80.32336675616 0.23346228482 
0.158360 80.13527960442 0.23840521913 
0.158867 80.33169619659 0.23818280055 
0.159374 80.60864687539 0.23286241351 
0.159881 79.96025545768 0.23271099901 
0.160387 79.93651017665 0.23653407276 
0.160894 80.34444887577 0.23376080686 
0.161401 80.19397038298 0.23892345391 
0.161907 79.61922640045 0.23516770688 
0.162414 79.75307777230 0.23576211702 
0.162921 79.60291488129 0.22789426429 
0.163427 79.53404673096 0.23841130462 
0.163934 79.80525661443 0.23375163758 
0.164441 79.72831439983 0.23117733820 
0.164948 79.38538975026 0.22958202174 
0.165454 79.41133285658 0.22870326498 
0.165961 79.44397198266 0.23276087103 
0.166468 79.47103616322 0.22814521825 
0.166974 78.95903858043 0.23428019824 
0.167481 78.95173346180 0.22934971925 
0.167988 79.20054988504 0.22782805390 
0.168495 79.23827208080 0.23095537796 
0.169001 79.07869903334 0.22871435722 
0.169508 79.41500158998 0.23191235180 
0.170015 79.14388538341 0.23697134912 
0.170521 79.30203725169 0.23122780498 
0.171028 79.32937340350 0.23822387627 
0.171535 79.24974817668 0.23838638151 
0.172041 79.03552273675 0.23771645053 
0.172548 79.13022190291 0.23081072872 
0.173055 78.76714203921 0.22943156418 
0.173562 78.85199091687 0.23590796320 
0.174068 79.06036591437 0.23595320523 
0.174575 78.68579698336 0.23693088598 
0.175082 79.19111807811 0.23213666231 
0.175588 78.72779608204 0.23871278762 
0.176095 78.62374976997 0.23095371350 
0.176602 78.48056613917 0.23543353352 
0.177108 78.82459188309 0.23645092167 
0.177615 78.77377732089 0.23932999001 
0.178122 78.91320983300 0.23123996015 
0.178629 78.65879203028 0.23476066635 
0.179135 78.64522799186 0.23985432041 
0.179642 78.73769286532 0.23270858908 
0.180149 78.58959780926 0.23573486589 
0.180655 79.00021446503 0.23761849361 
0.181162 78.39131571900 0.23724898565 
0.181669 78.57909157132 0.23433967986 
0.182175 78.78623642491 0.24634261225 
0.182682 78.71663706261 0.24647577321 
0.183189 79.16056249934 0.23960634569 
0.183695 79.09379993314 0.24494619034 
0.184202 78.52252858528 0.24299891853 
0.184709 78.16796567722 0.24902005046 
0.185216 78.21765456924 0.23584609234 
0.185722 78.50058514085 0.23686018353 
0.186229 78.39374737822 0.24272526101 
0.186736 77.76260676040 0.24003370686 
0.187242 78.26593274037 0.24403313589 
0.187749 78.02130310772 0.24963096243 
0.188256 77.85742928681 0.24659934990 
0.188762 77.58710398941 0.24262831688 
0.189269 77.52125142192 0.24599782517 
0.189776 77.62198566242 0.24624695643 
0.190282 77.38305702608 0.24188310330 
0.190789 77.49423557739 0.24234396101 
0.191296 77.74926635071 0.24515634128 
0.191802 77.76892146126 0.24803038954 
0.192309 77.10203550510 0.24174953329 
0.192816 77.23549180083 0.24191312897 
0.193323 76.86204236787 0.23725720684 
0.193829 76.96093113665 0.23708857190 
0.194336 76.38116830981 0.23453371106 
0.194843 76.79506187517 0.23236879108 
0.195349 76.48553061285 0.23486132910 
0.195856 76.19842769481 0.23441899412 
0.196363 76.14048956297 0.23308300483 
0.196869 76.54546720375 0.22846612179 
0.197376 76.45505612902 0.23329772965 
0.197883 76.13831023806 0.22620841616 
0.198389 76.08749724097 0.22930477570 
0.198896 76.06579518002 0.22782233011 
0.199403 75.99410617798 0.22698165589 
0.199909 75.65012070161 0.22806429436 
0.200416 75.66460546721 0.22442060205 
0.200923 76.11363858630 0.22226108000 
0.201429 75.43175695643 0.22390889910 
0.201936 75.90886024602 0.22032791110 
0.202443 75.74728783535 0.21887571479 
0.202949 75.95081815727 0.22432905530 
0.203456 75.61466686896 0.22049870220 
0.203963 75.74218062420 0.21758091639 
0.204469 75.50787431332 0.21686766923 
0.204976 75.54190219295 0.21725463661 
0.205483 75.71633978469 0.21954350981 
0.205989 75.53480040863 0.21631032043 
0.206496 75.38648350915 0.21671276084 
0.207003 75.28922627011 0.21825351720 
0.207509 74.92434890173 0.21657149433 
0.208016 75.60641629913 0.21112279260 
0.208523 75.16485414518 0.21444950887 
0.209029 74.94459312653 0.20757962208 
0.209536 75.12834737257 0.20901661125 
0.210043 75.16752335327 0.21426687539 
0.210549 75.04791532524 0.20929363605 
0.211056 75.17126076121 0.21146970000 
0.211563 74.99106628896 0.20621927933 
0.212069 74.84564238910 0.21260519930 
0.212576 74.84550627034 0.21548268000 
0.213083 74.70388354629 0.20817553689 
0.213589 75.14459450716 0.21056881107 
0.214096 74.92942110826 0.20475541274 
0.214603 74.62270018051 0.20947612169 
0.215109 74.64417711122 0.21123572893 
0.215616 74.70683406868 0.20105505312 
0.216123 74.08997535547 0.20606736480 
0.216629 74.31282757874 0.21170298484 
0.217136 73.95354056756 0.20506064305 
0.217643 74.31615715141 0.21048684822 
0.218149 74.28821245480 0.20819583559 
0.218656 74.44126414032 0.20438569462 
0.219163 73.97242853134 0.21068359109 
0.219669 73.91946351649 0.20680686070 
0.220176 74.15964006076 0.20442236133 
0.220683 73.94339485647 0.20668834604 
0.221189 73.73913669410 0.20451502117 
0.221696 74.06268611532 0.20050159899 
0.222203 73.98602332981 0.20511747353 
0.222709 73.86386879102 0.20277453954 
0.223216 73.75180738175 0.20505492406 
0.223722 73.66050674980 0.20715539741 
0.224229 73.86354512173 0.20799753402 
0.224736 73.76504342809 0.20608085564 
0.225242 73.72855892723 0.20209945930 
0.225749 73.74388274362 0.20309169064 
0.226256 73.56385333013 0.20258719153 
0.226762 73.56040213896 0.19901587285 
0.227269 73.44971904725 0.20440655582 
0.227776 73.35904098215 0.20378118845 
0.228282 73.12839225287 0.19928796793 
0.228789 73.44892411243 0.19756119702 
0.229296 73.27352423940 0.20222064282 
0.229802 73.31283042489 0.20342734671 
0.230309 73.31013115892 0.20042210805 
0.230816 73.22570207144 0.20240421599 
0.231322 73.10863194859 0.20695127040 
0.231829 73.03873218009 0.19902012735 
0.232335 72.90099061097 0.19997090212 
0.232842 72.88364335758 0.20242381004 
0.233349 72.75666395077 0.20008245415 
0.233855 72.72301703494 0.20039970707 
0.234362 72.96331812790 0.19839769860 
0.234869 72.98692066611 0.20073433552 
0.235375 72.28511880481 0.19759669580 
0.235882 72.68599926624 0.20261593634 
0.236389 72.55100676430 0.20207200886 
0.236895 72.54400465669 0.19846810256 
0.237402 72.62458914820 0.19824113104 
0.237908 72.35221780696 0.19787704557 
0.238415 72.21586608988 0.19711249339 
0.238922 72.53588585724 0.19600680788 
0.239428 72.29109349207 0.19714240936 
0.239935 71.93908522007 0.20291099945 
0.240442 71.96373504617 0.19909563750 
0.240948 72.11342840983 0.19853800997 
0.241455 72.07581519043 0.19708241558 
0.241962 72.26613343873 0.19669353953 
0.242468 72.11867697908 0.19421992440 
0.242975 72.24146289555 0.19897098370 
0.243481 71.62973164305 0.19903411044 
0.243988 71.77301789544 0.19437756840 
0.244495 71.65557656523 0.20070901386 
0.245001 71.85734848487 0.19531071078 
0.245508 71.77023600764 0.19915328138 
0.246015 71.51679078860 0.19513479794 
0.246521 71.89542492635 0.19794682973 
0.247028 71.59796404368 0.19960245115 
0.247534 71.58505123407 0.19533371002 
0.248041 71.51773926415 0.19313613307 
0.248548 71.44938470844 0.19488704551 
0.249054 71.31645597585 0.19627538047 
0.249561 71.37706803120 0.19772321428 
0.250068 71.34942435567 0.19742314103 
0.250574 71.27938699262 0.19398090152 
0.251081 71.17760262853 0.19924081063 
0.251587 71.30581729903 0.19824797187 
0.252094 70.82843311464 0.19452276127 
0.252601 71.12622477724 0.19442306756 
0.253107 71.02555733611 0.19798848456 
0.253614 71.21045910623 0.19951134743 
0.254120 70.92815415914 0.19966477185 
0.254627 71.08570319125 0.19482046588 
0.255134 70.84733844319 0.19134020552 
0.255640 70.91219322853 0.19317932221 
0.256147 70.71666261962 0.19186654701 
0.256654 70.64106004710 0.19481281307 
0.257160 71.22610797135 0.19971395714 
0.257667 71.33359520914 0.19388407538 
0.258173 71.20995527913 0.19873845652 
0.258680 71.38769430967 0.19716282016 
0.259187 71.47983325563 0.19507057870 
0.259693 71.63419066602 0.19457341314 
0.260200 71.39341905493 0.19380417048 
0.260706 71.42821464630 0.19302338358 
0.261213 71.64789387211 0.19285258903 
0.261720 71.71779680497 0.19507138662 
0.262226 71.59010636429 0.19188567564 
0.262733 71.52137520945 0.19055695555 
0.263239 71.78156483829 0.19373104021 
0.263746 71.86189443683 0.19553966070 
0.264253 71.65547653156 0.19119104768 
0.264759 71.69633515344 0.18797599490 
0.265266 71.79004107607 0.19516621329 
0.265772 71.62266373259 0.19039276654 
0.266279 71.65529768692 0.19513740489 
0.266786 71.73929461806 0.19417575223 
0.267292 71.96008996261 0.19531537533 
0.267799 71.56495073964 0.19283194597 
0.268305 71.49655190770 0.19148793319 
0.268812 71.79570198942 0.19117769641 
0.269319 71.69754046593 0.19012795159 
0.269825 71.97943819053 0.18723013462 
0.270332 72.01365778399 0.18986705038 
0.270838 71.99266726958 0.19068940362 
0.271345 72.18670056476 0.19137185646 
0.271852 72.10446742363 0.19168939985 
0.272358 72.15872060847 0.19653823904 
0.272865 72.33991138282 0.19319928487 
0.273371 72.13313490266 0.19208660542 
0.273878 72.34605734703 0.19445575281 
0.274385 72.33596670328 0.18984146390 
0.274891 72.53379212055 0.18850224159 
0.275398 72.29543673512 0.18891282002 
0.275904 71.98452456726 0.18671303901 
0.276411 72.23243574270 0.18338689278 
0.276917 72.11812687217 0.18458561118 
0.277424 72.12886981511 0.18413143351 
0.277931 72.01117582383 0.18774612381 
0.278437 72.20183128954 0.17977277869 
0.278944 72.31555443585 0.18116456994 
0.279450 72.15998958231 0.17998722462 
0.279957 72.11263208183 0.18372010361 
0.280464 72.33218461768 0.18140810579 
0.280970 71.94689541794 0.18317516973 
0.281477 72.20627448653 0.18648641965 
0.281983 71.86672607809 0.18048743522 
0.282490 71.76283685733 0.18167724000 
0.282996 71.93439753562 0.18183293339 
0.283503 72.00713375525 0.18120740172 
0.284010 72.02640494608 0.17799706052 
0.284516 71.74080915937 0.17782492375 
0.285023 71.84207249378 0.18080693432 
0.285529 71.80009357370 0.17557879096 
0.286036 71.60762802096 0.17268133027 
0.286542 71.47883231669 0.17196663765 
0.287049 71.64573900023 0.17297134907 
0.287556 71.46924656346 0.17288983249 
0.288062 71.73311327392 0.17432140458 
0.288569 71.16529869146 0.16957621936 
0.289075 71.45740572690 0.16981508620 
0.289582 71.24607891593 0.17015017442 
0.290088 71.15103798163 0.17060610589 
0.290595 71.49952672692 0.16972280387 
0.291102 71.30792091964 0.16963160238 
0.291608 71.32568153145 0.16659984836 
0.292115 71.14392243165 0.16731119351 
0.292621 71.26238329346 0.16692094271 
0.293128 71.19054436517 0.16896096891 
0.293634 70.82692497261 0.16570230750 
0.294141 71.19918611814 0.16627715724 
0.294647 71.08488471039 0.16632080736 
0.295154 70.92829486508 0.16357215046 
0.295661 71.15039724015 0.16618479343 
0.296167 70.68482050999 0.16261527116 
0.296674 70.81672831892 0.16406350523 
0.297180 70.95969746471 0.16863900440 
0.297687 70.63309623762 0.16633392192 
0.298193 70.41537893598 0.16189166879 
0.298700 70.76292796289 0.16541294996 
0.299207 70.41042396462 0.16451753289 
0.299713 70.71270178823 0.16484920843 
0.300220 70.25840608875 0.16402683008 
0.300726 70.39486049235 0.16380951849 
0.301233 70.23887368832 0.16351089783 
0.301739 70.45503650256 0.16364784852 
0.302246 70.21907875290 0.16281903809 
0.302752 70.22590710937 0.16015124001 
0.303259 70.41176220840 0.16082600551 
0.303765 70.34099801574 0.16302198933 
0.304272 69.96930211064 0.16149775810 
0.304779 69.90824217674 0.16040291333 
0.305285 69.78373589905 0.16183385928 
0.305792 70.05729500539 0.16108354926 
0.306298 70.13275114869 0.15718334535 
0.306805 69.88241384182 0.16104330844 
0.307311 69.79120237038 0.15864997825 
0.307818 69.75249560667 0.15837724434 
0.308324 69.60807880769 0.15529836891 
0.308831 69.49324750431 0.15394295092 
0.309337 69.49475528257 0.15310433400 
0.309844 69.25924824053 0.15154840095 
0.310350 68.92907422685 0.15333331735 
0.310857 69.00086409847 0.15215867793 
0.311364 68.60241869784 0.14827492407 
0.311870 68.28602498349 0.14857192232 
0.312377 68.13230776792 0.14843267994 
0.312883 68.14240275929 0.14606402870 
0.313390 68.05623061447 0.14799195365 
0.313896 67.97584492197 0.14913937727 
0.314403 67.71884477124 0.14786742723 
0.314909 67.55484258765 0.14428010960 
0.315416 67.36746477538 0.14546215812 
0.315922 67.34774730057 0.14613088038 
0.316429 67.39021472069 0.13961352202 
0.316935 67.30864407882 0.14525470279 
0.317442 67.08725165274 0.14443618630 
0.317948 66.78473012896 0.14077529326 
0.318455 66.96252122699 0.14355847890 
0.318961 67.13879681965 0.14180924929 
0.319468 67.13546201359 0.13978229505 
0.319975 66.81580136829 0.14358887114 
0.320481 66.90161639953 0.13810434727 
0.320988 66.71791137728 0.14315456571 
0.321494 66.70933272397 0.13880117666 
0.322001 66.55306513584 0.16836642198 
0.322507 66.69874108902 0.13743422607 
0.323014 66.39599041684 0.14346613184 
0.323520 66.63577261342 0.14338115326 
0.324027 66.41670926569 0.14129185035 
0.324533 66.32280925514 0.14254900159 
0.325040 66.43758225510 0.13874961053 
0.325546 66.23204928410 0.13971947584 
0.326053 66.08334504368 0.13787762186 
0.326559 66.36485940037 0.13765074594 
0.327066 66.16442592011 0.14176343762 
0.327572 66.36816271364 0.14044499166 
0.328079 66.25032557474 0.13725836917 
0.328585 66.32517175206 0.13604044924 
0.329092 66.14745237847 0.13548307164 
0.329598 65.99759132330 0.13752937524 
0.330105 66.01533420461 0.13815777379 
0.330611 65.99505014467 0.13912681986 
0.331118 65.76356117244 0.13539557050 
0.331624 66.17896398656 0.13780384949 
0.332131 65.92250444909 0.13733484928 
0.332637 65.81354544593 0.13815773150 
0.333144 65.60212075998 0.14085335910 
0.333650 65.86442234576 0.14011166334 
0.334157 65.84963168687 0.13837525989 
0.334663 65.97471796597 0.13842451474 
0.335170 65.71273324042 0.14019366909 
0.335676 65.56398044523 0.13948160445 
0.336183 65.64603301186 0.13663912275 
0.336689 65.57238014389 0.13996564011 
0.337196 65.54908729767 0.13810517188 
0.337702 65.46994006476 0.13634424680 
0.338209 65.59384613883 0.13930090178 
0.338715 65.41432180115 0.13787340769 
0.339222 65.61642908795 0.14145705329 
0.339728 65.40415410948 0.13767896226 
0.340235 65.43986095566 0.27307383810 
0.340741 65.21644483358 0.13696426171 
0.341248 65.51499903005 0.13905846511 
0.341754 65.21700546341 0.13703884661 
0.342261 65.44000373406 0.14150400688 
0.342767 65.06681408030 0.14061576159 
0.343274 65.21006639135 0.14260511442 
0.343780 65.16009065236 0.13953942919 
0.344287 65.23805867481 0.14056380045 
0.344793 65.11186608816 0.13889392968 
0.345300 65.07074278887 0.14333782773 
0.345806 65.31277273533 0.14468136004 
0.346313 64.84132465203 0.14247159662 
0.346819 64.96314415786 0.14397643178 
0.347325 64.85323305149 0.14467061922 
0.347832 64.94268224229 0.14645765144 
0.348338 64.80712238766 0.14218781075 
0.348845 64.87504316471 0.14732506505 
0.349351 64.81020633040 0.14750206491 
0.349858 64.78750980230 0.15005074399 
0.350364 64.77015765065 0.14497824541 
0.350871 64.70386016089 0.14670652505 
0.351377 64.90071337032 0.14514916947 
0.351884 64.22746462716 0.14638794701 
0.352390 64.45777563679 0.15017296932 
0.352897 64.25543833471 0.15106282229 
0.353403 64.57611274275 0.14918798946 
0.353910 64.34359770474 0.15039497434 
0.354416 64.23901369249 0.15012496592 
0.354923 64.32891736128 0.14959221315 
0.355429 63.86412201528 0.15274524892 
0.355935 64.12210930785 0.14994218036 
0.356442 64.04375334022 0.15150040611 
0.356948 64.05761540582 0.15604950171 
0.357455 63.92537341313 0.15657650750 
0.357961 63.78964703997 0.15579073192 
0.358468 64.03711025750 0.15506320248 
0.358974 63.90049218140 0.22160485881 
0.359481 63.94222164585 0.20100148704 
0.359987 64.02711758812 0.20194421573 
0.360494 63.95517864904 0.19149249945 
0.361000 63.65664770358 0.18585672406 
0.361506 63.62516052364 0.18563533080 
0.362013 63.94884376525 0.18270933465 
0.362519 64.03724947466 0.18368588078 
0.363026 63.73630929820 0.18234663057 
0.363532 63.57760507558 0.18641847608 
0.364039 63.91453155239 0.18057101245 
0.364545 64.20926029656 0.18241348634 
0.365052 63.83490097467 0.18414369608 
0.365558 63.73482872426 0.18163956345 
0.366064 63.73946147319 0.18336966645 
0.366571 63.52726125946 0.18365056726 
0.367077 63.59882849640 0.18556491855 
0.367584 63.72812612097 0.18430565937 
0.368090 63.65345314091 0.18506703782 
0.368597 63.35151473627 0.19098417690 
0.369103 63.77906558964 0.18868888292 
0.369610 63.76340702551 0.18533720553 
0.370116 63.70098748861 0.18928579397 
0.370622 63.96059921967 0.18790809651 
0.371129 63.56067893749 0.18769236604 
0.371635 63.41082778081 0.19227786893 
0.372142 63.77909986446 0.19468063533 
0.372648 63.48067716251 0.19082639643 
0.373155 63.64640088044 0.19471782933 
0.373661 63.63882619700 0.19682969771 
0.374167 63.57053243593 0.19652717902 
0.374674 63.50627427095 0.20052592035 
0.375180 63.40466468967 0.19548282725 
0.375687 63.48046129807 0.19980324223 
0.376193 63.27943444400 0.19820275189 
0.376700 63.29146201144 0.20343534639 
0.377206 63.35794838138 0.20155436057 
0.377712 63.50987052098 0.20404559057 
0.378219 63.32450134085 0.20715943400 
0.378725 63.40692751569 0.20373910331 
0.379232 63.37300358956 0.20477729090 
0.379738 63.19592267588 0.20542942084 
0.380245 63.39640980799 0.20638408223 
0.380751 63.23384054313 0.20686834389 
0.381257 62.76646308779 0.20639212458 
0.381764 63.09172452562 0.20764832633 
0.382270 63.20781885704 0.20533757161 
0.382777 63.35676810474 0.20870775538 
0.383283 62.97627769185 0.20990073832 
0.383789 63.31568660508 0.20755096910 
0.384296 63.18753833471 0.20701357007 
0.384802 63.20882212812 0.21308070528 
0.385309 62.95125434699 0.21202693631 
0.385815 62.87238461611 0.20813487377 
0.386321 63.43222551335 0.20952356952 
0.386828 63.03966026575 0.22036341562 
0.387334 62.88844253663 0.21243528904 
0.387841 62.45954452755 0.21362261680 
0.388347 62.92451944100 0.21255872735 
0.388853 62.46245001362 0.21230093403 
0.389360 62.91500673301 0.21935196671 
0.389866 62.71804288475 0.21553243378 
0.390373 62.97731962368 0.21106789171 
0.390879 62.94143062989 0.22161905911 
0.391385 62.59426523475 0.21988189782 
0.391892 62.74116696502 0.21731845989 
0.392398 62.86813772285 0.22322713538 
0.392905 62.01439831174 0.21897548578 
0.393411 62.45455371041 0.22361690808 
0.393917 62.56792272312 0.22429824440 
0.394424 62.56266571559 0.22428144111 
0.394930 62.48843772229 0.22601887007 
0.395437 62.68762152057 0.22565363894 
0.395943 62.62985447111 0.22390635233 
0.396449 62.67220358161 0.31610548065 
0.396956 62.93146143108 0.22700198958 
0.397462 62.68807304265 0.22591276221 
0.397969 62.41864218630 0.23370949460 
0.398475 62.49869164703 0.23028054533 
0.398981 62.47510961721 0.23476803030 
0.399488 62.75098890142 0.23558493080 
0.399994 62.57611082685 0.24292720446 
0.400500 62.67796587838 0.23724816716 
0.401007 62.25461781081 0.23543132178 
0.401513 62.20769170225 0.24233892360 
0.402020 62.51371076652 0.24180501366 
0.402526 62.29173049089 0.24023821709 
0.403032 62.32287560486 0.25120237557 
0.403539 62.30857904138 0.24698570343 
0.404045 62.32068542846 0.24720550071 
0.404551 62.37656081747 0.26837621145 
0.405058 62.60863867391 0.26613457990 
0.405564 62.13711682260 0.26748047568 
0.406071 62.27101474187 0.26002495874 
0.406577 62.20241634668 0.25434623761 
0.407083 62.53848107650 0.26551520917 
0.407590 62.32505394062 0.26282198874 
0.408096 61.96229437597 0.27594832784 
0.408602 62.31512057310 0.27775742539 
0.409109 62.10771516147 0.25954573027 
0.409615 62.05193280955 0.26704639881 
0.410121 62.47397660066 0.26016346960 
0.410628 62.53630854143 0.26398134373 
0.411134 61.90628008706 0.26878096654 
0.411641 61.90164981527 0.27415746710 
0.412147 62.07777403057 0.26629260933 
0.412653 61.86254361103 0.27101188829 
0.413160 62.01114898073 0.25960420072 
0.413666 61.90175987253 0.25636141229 
0.414172 61.48337736456 0.27358778727 
0.414679 61.73090305013 0.26853495863 
0.415185 62.39904185852 0.28959680057 
0.415691 61.91763960228 0.26918120538 
0.416198 61.45024593294 0.28785640054 
0.416704 61.75033427722 0.28088836259 
0.417210 61.47550543061 0.27733490958 
0.417717 61.76773030391 0.29439425469 
0.418223 62.19419730473 0.27259345605 
0.418729 61.80858927573 0.27826313055 
0.419236 61.80229059747 0.27834136672 
0.419742 61.42684794500 0.27524776294 
0.420248 61.41517178081 0.27806542985 
0.420755 61.99188535870 0.27644308119 
0.421261 61.37324371223 0.26937599248 
0.421767 61.81924938764 0.27528908323 
0.422274 61.68635119389 0.27316381943 
0.422780 62.24035506012 0.27289858233 
0.423286 61.55361895641 0.29084507887 
0.423793 61.34076049711 0.28166506656 
0.424299 61.70859802330 0.28876761357 
0.424805 61.31172648362 0.29379268446 
0.425312 61.69029181368 0.29331110737 
0.425818 61.35099634055 0.28498351566 
0.426324 61.94185057156 0.29691464786 
0.426831 61.37377901889 0.29353030830 
0.427337 61.52998876367 0.30903920314 
0.427843 61.22890410891 0.31131802623 
0.428350 62.08337846152 0.31069369151 
0.428856 61.31069463854 0.30649550364 
0.429362 61.22796678695 0.30716188063 
0.429869 61.86943333349 0.31779614507 
0.430375 61.49510210695 0.31682145444 
0.430881 60.94217626596 0.32863976914 
0.431388 61.75089296772 0.31336619163 
0.431894 61.57135098493 0.31477714274 
0.432400 61.46479344320 0.33017194765 
0.432907 61.12596433694 0.31537464531 
0.433413 61.01533279641 0.32309292406 
0.433919 61.81077376572 0.33791192573 
0.434425 61.58712676956 0.32808912904 
0.434932 61.45493550912 0.34403871633 
0.435438 61.65450669619 0.33637108219 
0.435944 61.75298751325 0.34601018888 
0.436451 61.65385775210 0.34779747665 
0.436957 61.56836355961 0.36470601654 
0.437463 61.24423175068 0.35458854108 
0.437970 61.13898723385 0.35997374184 
0.438476 60.91932858652 0.35713651456 
0.438982 60.89232143904 0.37027798954 
0.439489 60.77694041411 0.37500194294 
0.439995 61.82947137070 0.37955087328 
0.440501 61.26011168325 0.37515020759 
0.441007 60.67573477229 0.38113634523 
0.441514 61.40453251959 0.37705236110 
0.442020 61.17769729870 0.41033740710 
0.442526 60.76618489911 0.37317304885 
0.443033 61.48529631377 0.39996454155 
0.443539 61.31410026922 0.39170241978 
0.444045 60.94358943494 0.40828949564 
0.444551 60.90736289096 0.42143180228 
0.445058 61.22864840738 0.40980346348 
0.445564 61.57483503702 0.44267066715 
0.446070 61.13346855630 0.44553996942 
0.446577 61.09413071693 0.42962547852 
0.447083 60.60010682121 0.46656337100 
0.447589 60.37745220139 0.44783561673 
0.448095 61.01385554964 0.46137733905 
0.448602 60.52280414322 0.47675966563 
0.449108 61.11036413541 0.50204011480 
0.449614 60.97666436750 0.48962120134 
0.450121 60.07672345548 0.47598623115 
0.450627 60.53816741613 0.49274181408 
0.451133 60.86630260264 0.50048780738 
0.451639 60.51778211195 0.53647312711 
0.452146 60.99327460070 0.53932330885 
0.452652 61.24438448563 0.51875103166 
0.453158 60.76968356100 0.55298506812 
0.453664 60.62440722785 0.59370347812 
0.454171 59.80873283525 0.56392884653 
0.454677 60.52887818692 0.60524004771 
0.455183 60.06778755912 0.60459407737 
0.455689 60.54956426015 0.63459711988 
0.456196 60.72807808709 0.67079689951 
0.456702 59.90387994229 0.64390571941 
0.457208 59.36467536435 0.71061683343 
0.457714 59.50860425490 0.73889875308 
0.458221 60.45595232541 0.76825510171 
0.458727 60.62826599211 0.80334443381 
0.459233 61.66444784363 0.87996233615 
0.459740 59.72367508272 0.82979913871 
0.460246 60.39668252006 0.94029963619 
0.460752 59.85779435848 0.99368320024 
0.461258 60.28444339559 0.98131400006 
0.461765 59.72258265437 1.04314136394 
0.462271 59.95214541775 1.04814512847 
0.462777 60.74347043252 1.14697703946 
0.463283 59.88239556213 1.20663866581 
0.463789 60.20299506501 1.36148124596 
0.464296 59.61706538996 1.34742344122 
0.464802 59.70445394271 1.36534111416 
0.465308 60.76117566867 1.50032301144 
0.465814 59.45223549250 1.68340095823 
0.466321 58.79019327559 1.71663836054 
0.466827 60.72494170448 1.90675505081 
0.467333 61.10876470758 1.99175578509 
0.467839 59.00578887677 1.96430071242 
0.468346 59.87431134407 2.33470869926 
0.468852 61.90955814002 2.72472320893 
0.469358 60.04619036539 2.93084335799 
0.469864 58.79063756447 3.12203732859 
0.470371 58.13950175104 3.76795645919 
0.470877 54.69315093060 4.24922121206 
0.471383 57.58259647911 5.51166035293 
0.471889 57.30412757143 7.19034767924 
0.472395 54.66520981070 5.61307657305 
0.472902 55.62913699483 13.35353840212 
