0.010896 1327.20716249973 12.31989239514 
0.011402 1210.38793704650 11.87590184646 
0.011909 1080.44124727899 11.22984296081 
0.012416 984.03108925521 9.12037939898 
0.012923 891.57933973033 7.97046415103 
0.013430 825.87793881243 10.67756280849 
0.013936 780.90228533725 9.38327332428 
0.014443 734.14510203506 7.27581561431 
0.014950 680.33685361451 5.90540016574 
0.015457 629.89468613326 5.24157642483 
0.015963 579.14635778290 4.98952003631 
0.016470 541.92488198466 4.05847950009 
0.016977 510.04359627938 3.82992957503 
0.017484 476.54005889255 3.52341588907 
0.017990 450.24502027209 3.08034749892 
0.018497 423.71374433339 2.64763210116 
0.019004 401.91059218963 2.19353057870 
0.019511 381.54146922582 2.26337503637 
0.020018 362.49515640901 2.23162639741 
0.020524 344.68837808957 1.97410206194 
0.021031 328.75395874494 1.83346186341 
0.021538 316.45343701802 1.72686967392 
0.022045 303.45408852777 1.61250316395 
0.022551 290.47923745286 1.54318104816 
0.023058 278.48715867659 1.46292194186 
0.023565 270.28108744015 1.50232430425 
0.024072 261.24826578864 1.65332349776 
0.024579 251.18487926725 1.67195901256 
0.025085 243.88494898276 2.14053851376 
0.025592 238.22841617652 2.10398031821 
0.026099 229.27053713762 2.16548593882 
0.026606 225.33617774356 1.58632781683 
0.027112 218.21740570934 1.73708247527 
0.027619 212.65171833944 1.46754564319 
0.028126 207.89435291602 1.51862030573 
0.028633 203.21452616478 1.34030039737 
0.029139 198.85137670368 1.19499979068 
0.029646 193.15049333865 1.11510469087 
0.030153 190.32649038122 1.15236625714 
0.030660 187.64554404937 1.05326133805 
0.031167 182.96929805414 0.96940816807 
0.031673 179.35994822085 0.98269935529 
0.032180 176.92476911746 0.87141676630 
0.032687 174.07632905768 0.81890047088 
0.033194 170.19679357820 0.84996234582 
0.033700 167.97636496328 0.79870505898 
0.034207 166.82078437252 0.77172821413 
0.034714 163.42848251622 0.74388507258 
0.035221 160.84784315996 0.75894522322 
0.035727 157.91233349552 0.70221298745 
0.036234 156.44695616652 0.66469086222 
0.036741 155.29393885709 0.68437579769 
0.037248 152.64641396921 0.65630715493 
0.037755 151.69187250234 0.59807310297 
0.038261 149.20171776688 0.61174845188 
0.038768 148.90689725987 0.61617485609 
0.039275 145.89317146386 0.57470714978 
0.039782 143.96469359581 0.61068290001 
0.040288 142.52596585978 0.60621937621 
0.040795 142.20392100951 0.59067699752 
0.041302 140.55224001600 0.55522064230 
0.041809 139.24940559067 0.55940441479 
0.042315 137.61179664951 0.56725657525 
0.042822 137.35889082448 0.54229325163 
0.043329 135.84281170098 0.54573711902 
0.043836 133.89870474651 0.56597732053 
0.044343 133.35370150011 0.50891919912 
0.044849 132.59602714333 0.54475928351 
0.045356 131.43811896312 0.51290999035 
0.045863 130.15566313807 0.51446087128 
0.046370 129.29413509416 0.49577835231 
0.046876 129.13085294378 0.48659657454 
0.047383 128.13472704886 0.48282922961 
0.047890 127.34796745309 0.47686424690 
0.048397 126.13046386186 0.48879257183 
0.048903 125.13413111176 0.50189316069 
0.049410 124.00911124903 0.49339827644 
0.049917 123.02704226478 0.47280654179 
0.050424 123.38156962383 0.46922056574 
0.050931 121.68255775009 0.46848192036 
0.051437 120.52763310296 0.45936058625 
0.051944 119.95336405240 0.45366480974 
0.052451 119.81308736039 0.46585457099 
0.052958 118.80569913036 0.41785117124 
0.053464 118.47285929348 0.44766878591 
0.053971 117.40369195017 0.46178826582 
0.054478 116.75126842892 0.46422857257 
0.054985 116.28387873827 0.41985163551 
0.055491 115.02644303481 0.42729199619 
0.055998 115.68663332070 0.42243861059 
0.056505 114.34498978586 0.42718233816 
0.057012 114.07240332610 0.45665495624 
0.057519 112.85689977762 0.42722665741 
0.058025 112.89535623920 0.41388790281 
0.058532 113.04304395840 0.41779602514 
0.059039 112.01439608641 0.40511901263 
0.059546 111.05324960041 0.41527408593 
0.060052 110.56410104486 0.41118555060 
0.060559 110.51643258141 0.40075517808 
0.061066 109.48969988062 0.39204760638 
0.061573 109.18170918914 0.41473511734 
0.062079 108.64018181526 0.42381157335 
0.062586 108.25573814674 0.41210476640 
0.063093 107.66392384018 0.39032007724 
0.063600 107.75792666927 0.39095565891 
0.064106 106.70873584496 0.40213006113 
0.064613 106.62331907043 0.38706449696 
0.065120 106.05913566147 0.39165042786 
0.065627 106.00337042166 0.37946113798 
0.066134 105.66414331218 0.36526304502 
0.066640 104.86115302292 0.39088193053 
0.067147 105.10242846926 0.37555189482 
0.067654 104.35823454660 0.36797975710 
0.068161 103.81462607129 0.37414211893 
0.068667 103.69435574834 0.35776381052 
0.069174 103.03250784662 0.36127981495 
0.069681 102.88324149096 0.35076032206 
0.070188 102.08145306547 0.35569908906 
0.070694 101.84992519884 0.36903820685 
0.071201 101.44981917033 0.36242828672 
0.071708 101.83317161296 0.36607837376 
0.072215 100.54365195772 0.35072224888 
0.072721 101.31968390635 0.35531452863 
0.073228 100.86557571907 0.34827905885 
0.073735 100.68835311470 0.34227196815 
0.074242 100.21188511235 0.33988949131 
0.074748 99.99786082984 0.34582390707 
0.075255 99.57469504716 0.32945454146 
0.075762 98.90824395828 0.33988853161 
0.076269 99.31520129794 0.34547770330 
0.076776 98.77064196730 0.34132261074 
0.077282 98.46134763177 0.33678139277 
0.077789 98.15480785189 0.33049103170 
0.078296 97.86288668196 0.32819575957 
0.078803 98.48332981002 0.32842160827 
0.079309 97.53009259188 0.34187913019 
0.079816 97.65032801793 0.33531867911 
0.080323 97.59947779136 0.33212112148 
0.080830 97.42551978674 0.33343799991 
0.081336 97.32707623660 0.32375120379 
0.081843 96.84632255484 0.33764555591 
0.082350 97.11634523405 0.32703249358 
0.082857 96.81437407263 0.31741401414 
0.083363 96.32516686827 0.33762560047 
0.083870 96.54261985219 0.32797516779 
0.084377 96.24780720418 0.33507042218 
0.084884 95.99583234371 0.34163103575 
0.085390 95.92324282873 0.33244775160 
0.085897 95.94557517191 0.33165323861 
0.086404 95.48262150182 0.32862821979 
0.086911 95.87371989413 0.33859163164 
0.087417 95.48181871354 0.31982215660 
0.087924 95.17822849736 0.34786994225 
0.088431 95.29285666594 0.33036899933 
0.088938 95.01603401229 0.33750760491 
0.089444 94.44254611731 0.32314272077 
0.089951 94.17988120957 0.33345936666 
0.090458 94.29771345858 0.33154125813 
0.090965 94.15990495358 0.33796677476 
0.091471 94.08096725953 0.33394790547 
0.091978 92.83912115466 0.32348874814 
0.092485 92.94441960142 0.35238809990 
0.092992 93.02219825922 0.33896922748 
0.093498 92.99322590420 0.34252482716 
0.094005 93.06051921781 0.33498213372 
0.094512 93.22174288116 0.34214042273 
0.095019 92.44143793996 0.33411558147 
0.095525 92.30525801608 0.32822918918 
0.096032 92.16945344021 0.33856959483 
0.096539 92.54795829307 0.33314559290 
0.097046 92.34833192135 0.32476993730 
0.097552 92.02978998476 0.33656542860 
0.098059 91.94752731088 0.32793752668 
0.098566 91.97551467599 0.32207679027 
0.099073 91.71232938699 0.32689364774 
0.099579 91.70626420556 0.31430015950 
0.100086 91.53353403295 0.31526488100 
0.100593 91.49235533536 0.31793895734 
0.101100 91.56631684241 0.32439260918 
0.101606 90.92846445346 0.30591542805 
0.102113 90.23896429276 0.29784641163 
0.102620 89.42879090003 0.29990780235 
0.103127 89.18966327129 0.29612811894 
0.103633 89.22069339366 0.28970098836 
0.104140 88.69559023773 0.29189363200 
0.104647 88.56357152534 0.29063342039 
0.105154 88.49300863950 0.29810636794 
0.105660 89.05257437384 0.30936649719 
0.106167 88.62653150391 0.30245453600 
0.106674 88.45014539729 0.29752080980 
0.107181 88.12176669559 0.28988463713 
0.107687 88.01120494152 0.29348122430 
0.108194 88.12307109000 0.30406610481 
0.108701 87.87622943444 0.28013141857 
0.109208 87.54140806723 0.29184946453 
0.109714 88.00588973648 0.29465027900 
0.110221 87.84566167442 0.28504417838 
0.110728 87.86155632024 0.28292977901 
0.111235 87.29244480015 0.28686751897 
0.111741 87.30267027053 0.28929553591 
0.112248 87.23006667905 0.28178885221 
0.112755 87.01742637845 0.28673775551 
0.113262 87.02328297567 0.28083227075 
0.113768 86.97069694239 0.28738331315 
0.114275 86.83630165095 0.27829710379 
0.114782 86.43166298891 0.27905554325 
0.115289 86.59525198077 0.27205768447 
0.115795 86.57691352098 0.27541032088 
0.116302 86.26329654192 0.27705802452 
0.116809 86.70340817007 0.27681664037 
0.117316 86.67056881645 0.28147316536 
0.117822 86.56155403576 0.27739002192 
0.118329 86.20201553498 0.27648186873 
0.118836 85.74400665588 0.26677272756 
0.119342 85.96468617585 0.26955627239 
0.119849 85.69180318095 0.27546536838 
0.120356 86.01004059094 0.26684056227 
0.120863 86.13454223941 0.26629893033 
0.121369 85.37999638029 0.27094293658 
0.121876 85.33364261488 0.27460929393 
0.122383 85.65149639133 0.26532556744 
0.122890 85.12115998773 0.26483482579 
0.123396 85.68464111939 0.26210630888 
0.123903 85.05981727358 0.25864156594 
0.124410 85.52383661039 0.25644970732 
0.124917 85.11368411565 0.26638171528 
0.125423 85.19193017272 0.26458169685 
0.125930 85.17149368875 0.25556385172 
0.126437 84.60617864655 0.25594004501 
0.126944 84.78909618284 0.25714300707 
0.127450 84.69270961248 0.25822504842 
0.127957 84.70748274060 0.25850612118 
0.128464 84.83287119761 0.25543064311 
0.128970 84.27785622932 0.25127360717 
0.129477 84.70113477430 0.24628190584 
0.129984 84.77306785458 0.25379448260 
0.130491 84.06219987103 0.25181787832 
0.130997 84.12902658130 0.24864051396 
0.131504 84.28437510310 0.24662869770 
0.132011 84.24772683880 0.24995022543 
0.132518 83.67938615471 0.25062774367 
0.133024 84.23958092910 0.25591149682 
0.133531 83.80399296631 0.25525472246 
0.134038 83.59402162120 0.24318009198 
0.134545 84.07458874042 0.24706006572 
0.135051 83.81878718744 0.24700994197 
0.135558 83.70185748005 0.24688603016 
0.136065 83.73986315775 0.24460554603 
0.136571 83.35322067625 0.24908781161 
0.137078 83.68508033115 0.25530011794 
0.137585 83.44727128641 0.25028492605 
0.138092 83.28570050376 0.24379584624 
0.138598 83.33327012108 0.24100233227 
0.139105 82.98509824885 0.24118564818 
0.139612 83.37367844386 0.24199956685 
0.140119 83.21039169268 0.24245252990 
0.140625 82.95247601906 0.24209960807 
0.141132 82.78907847106 0.23893346859 
0.141639 82.87730466121 0.23871776025 
0.142145 83.01127225444 0.24945930692 
0.142652 82.94927098646 0.23914148007 
0.143159 83.11676956681 0.24116630304 
0.143666 82.59630986568 0.23994278311 
0.144172 82.18621402573 0.23784544623 
0.144679 82.51476322846 0.24463519016 
0.145186 82.02339393188 0.23886070029 
0.145692 82.22514445643 0.23524828780 
0.146199 82.01800524376 0.23914006055 
0.146706 81.53775480466 0.23888059887 
0.147213 81.63953925477 0.24893724270 
0.147719 81.85016564960 0.24194569254 
0.148226 81.76694413584 0.23721173324 
0.148733 81.41201243196 0.24085165169 
0.149240 81.68595171382 0.24449557198 
0.149746 81.63034106186 0.24398566004 
0.150253 81.18346828872 0.23634110573 
0.150760 81.36478729930 0.24048062256 
0.151266 81.48556637312 0.23510325174 
0.151773 81.01540451899 0.23953989423 
0.152280 81.16241181669 0.24005920363 
0.152787 80.96844836138 0.24045407850 
0.153293 80.81737922220 0.24139865677 
0.153800 80.59858915516 0.23836612176 
0.154307 81.06599662129 0.24281993512 
0.154813 80.74659436108 0.24080731399 
0.155320 80.61489434306 0.23999097323 
0.155827 80.51103703533 0.24233855883 
0.156334 80.51873449868 0.23800324631 
0.156840 80.64938299088 0.23558700797 
0.157347 80.50575737105 0.23839520135 
0.157854 80.43735273988 0.24004071885 
0.158360 80.26384869124 0.23760255596 
0.158867 80.24312831423 0.23616910884 
0.159374 80.07617675429 0.23419340506 
0.159881 80.14893777116 0.23383593013 
0.160387 79.79953724541 0.23454209298 
0.160894 80.11322784516 0.24002650525 
0.161401 80.06245008909 0.23415758630 
0.161907 79.68167338186 0.23692907352 
0.162414 79.55392620045 0.23904548847 
0.162921 79.27958609873 0.23296876860 
0.163427 79.63033471477 0.23342654404 
0.163934 79.56560381149 0.23321568627 
0.164441 79.51841164361 0.23192289400 
0.164948 79.28688574876 0.23057421999 
0.165454 78.99249361185 0.23044759893 
0.165961 79.33425618721 0.23483806650 
0.166468 79.10865340703 0.23091342970 
0.166974 78.81726417703 0.22880414520 
0.167481 79.01353950619 0.23410404494 
0.167988 79.42241834994 0.22944151307 
0.168495 78.83628998619 0.23673489718 
0.169001 79.19219292663 0.23134588458 
0.169508 78.85439633852 0.23702727411 
0.170015 79.30835564559 0.23536034445 
0.170521 79.19838282134 0.23363947092 
0.171028 79.21643392051 0.23496106350 
0.171535 78.91962734763 0.23456709820 
0.172041 79.23482615315 0.23561484286 
0.172548 79.18052963501 0.24082269720 
0.173055 79.05789826258 0.23285709344 
0.173562 79.15734086739 0.23162808452 
0.174068 78.77960166541 0.23399030862 
0.174575 79.22204714719 0.23353763790 
0.175082 78.76838675687 0.23514513948 
0.175588 78.85643388981 0.23394595074 
0.176095 78.91018673172 0.23904830179 
0.176602 78.48339362245 0.23610545916 
0.177108 79.10536404342 0.23865520163 
0.177615 78.76122212232 0.23453046521 
0.178122 78.60578561739 0.24056819779 
0.178629 78.32351541846 0.23807993232 
0.179135 78.58706342596 0.23440462577 
0.179642 78.73101039425 0.23931948739 
0.180149 78.40363795136 0.23859170282 
0.180655 78.42204826036 0.24370199358 
0.181162 78.68369761138 0.24125168452 
0.181669 78.66891257627 0.23684677219 
0.182175 78.83561213509 0.24578865070 
0.182682 78.53360348420 0.24287469215 
0.183189 78.63053047233 0.24276219170 
0.183695 78.33108457130 0.25046745386 
0.184202 78.28438246294 0.24296839056 
0.184709 78.29050426668 0.24265517213 
0.185216 78.38105929661 0.25027727763 
0.185722 78.08670579523 0.24176661536 
0.186229 77.69770918878 0.24445811269 
0.186736 77.75429804032 0.24394280642 
0.187242 78.12735506274 0.25137466692 
0.187749 78.20757912290 0.25039566922 
0.188256 77.89362187750 0.24143134827 
0.188762 77.98022292258 0.24457060058 
0.189269 77.40519378673 0.24362794424 
0.189776 77.26248130184 0.24313246207 
0.190282 77.39480762999 0.25196926550 
0.190789 77.64227804587 0.24118539133 
0.191296 77.59614470031 0.24189424435 
0.191802 77.56024320294 0.24290608944 
0.192309 77.15360544493 0.24387237931 
0.192816 76.91604034761 0.23936483664 
0.193323 76.93802061495 0.23648251358 
0.193829 76.54718709072 0.23682935602 
0.194336 76.63673647668 0.23771380875 
0.194843 76.36678302052 0.23520140991 
0.195349 76.62749999138 0.23534836489 
0.195856 76.53930316488 0.23895560864 
0.196363 76.35170501465 0.23381389958 
0.196869 76.00984604696 0.23336061526 
0.197376 76.10050538054 0.22896759548 
0.197883 76.19417397974 0.23333958086 
0.198389 76.10272091256 0.22799891301 
0.198896 76.12566991252 0.22783409481 
0.199403 76.15314907099 0.22646945506 
0.199909 76.17208672915 0.22657477646 
0.200416 75.75680334437 0.22353665406 
0.200923 75.88964502713 0.22373978439 
0.201429 75.46045635377 0.22824371554 
0.201936 75.93001192684 0.22891831148 
0.202443 76.05651670807 0.21520825023 
0.202949 75.43520614919 0.21819288426 
0.203456 75.71883556071 0.21954623278 
0.203963 75.46608262992 0.21708001659 
0.204469 75.43752233456 0.22149837171 
0.204976 75.16186351720 0.21681481510 
0.205483 75.30130508604 0.21828669052 
0.205989 75.34349194583 0.21846977113 
0.206496 75.29108404790 0.21844011239 
0.207003 75.57540980188 0.21765758466 
0.207509 75.41633888765 0.21717024214 
0.208016 74.94283862656 0.21532645870 
0.208523 75.52759607152 0.21429783351 
0.209029 75.19025321198 0.21907027119 
0.209536 74.88437011133 0.21400359151 
0.210043 75.13900612432 0.21507956777 
0.210549 75.16079155009 0.20934887618 
0.211056 74.90854329723 0.21161210445 
0.211563 75.14640239734 0.20903068389 
0.212069 75.05288372352 0.21208597237 
0.212576 75.18205761719 0.21130786898 
0.213083 74.85106821884 0.21183352448 
0.213589 74.71348845559 0.20687888633 
0.214096 75.18793071491 0.20631444343 
0.214603 75.06758225089 0.20972143642 
0.215109 74.82140641983 0.20948824697 
0.215616 74.66049443373 0.20592641197 
0.216123 74.24488600542 0.20773368423 
0.216629 74.58265637822 0.20838573705 
0.217136 74.39430375543 0.21071726941 
0.217643 74.15925687934 0.21074947306 
0.218149 74.01267091263 0.20840677604 
0.218656 73.82053062432 0.20618503205 
0.219163 74.28890363201 0.20847045725 
0.219669 74.14314837649 0.20574813538 
0.220176 74.15080800608 0.20899047453 
0.220683 73.91155376890 0.20726159433 
0.221189 73.93496855006 0.20330916483 
0.221696 74.02808700736 0.20533080907 
0.222203 74.26287677482 0.20897936635 
0.222709 73.93944460464 0.20472163860 
0.223216 73.75209851849 0.20058158719 
0.223722 73.58083489948 0.20312957359 
0.224229 73.59091239701 0.20793580432 
0.224736 73.47611422211 0.20448004434 
0.225242 73.83591194427 0.20502522933 
0.225749 73.68390445483 0.20127148848 
0.226256 73.45035580423 0.20513972521 
0.226762 73.44969112905 0.20446928098 
0.227269 73.30227895232 0.20323691786 
0.227776 73.48986646680 0.19921880301 
0.228282 73.49378721974 0.19977139727 
0.228789 73.42584188765 0.20285805794 
0.229296 73.17526017679 0.20044467386 
0.229802 73.34715052585 0.19900418280 
0.230309 73.08913986138 0.19863589473 
0.230816 73.11974182778 0.19923587432 
0.231322 73.11989603434 0.20266147565 
0.231829 73.22348289015 0.19580430726 
0.232335 72.81396249656 0.20162639003 
0.232842 72.74707681103 0.19549169903 
0.233349 72.89450821810 0.20020328790 
0.233855 72.76670516973 0.19786972949 
0.234362 72.97631739503 0.20020765201 
0.234869 72.52659259658 0.20181083622 
0.235375 72.52209058339 0.20103810626 
0.235882 72.62202943996 0.19857351746 
0.236389 72.61456363755 0.20147747417 
0.236895 72.57978019743 0.20083127361 
0.237402 72.62212086928 0.19996133465 
0.237908 72.37559205592 0.19849142205 
0.238415 72.45635701730 0.20070524413 
0.238922 71.98039751079 0.19763613620 
0.239428 72.30727099317 0.20166719578 
0.239935 72.19502554077 0.20314358990 
0.240442 72.30605468834 0.19658531340 
0.240948 72.23440232072 0.19577729635 
0.241455 72.34969470531 0.19898376077 
0.241962 72.01308550209 0.20390834894 
0.242468 71.74705678418 0.19723704602 
0.242975 72.05453673019 0.19866220927 
0.243481 71.90067432601 0.19817132162 
0.243988 71.84638723930 0.20351280754 
0.244495 71.76983000815 0.19729583796 
0.245001 71.70537443626 0.19905854567 
0.245508 71.66277552640 0.19893935172 
0.246015 71.92327931856 0.19889662977 
0.246521 71.71301964233 0.20067711032 
0.247028 71.41595908992 0.19568698014 
0.247534 71.39814649636 0.19687275123 
0.248041 71.39380337499 0.19626084744 
0.248548 71.55202142354 0.19920773807 
0.249054 71.43278726671 0.19796399433 
0.249561 71.48915351426 0.19604422750 
0.250068 70.98396897544 0.19933613610 
0.250574 71.44138443633 0.19643247504 
0.251081 71.43713496863 0.19807998660 
0.251587 71.42525775806 0.19942064440 
0.252094 71.07769291583 0.19367997592 
0.252601 71.21155739336 0.19715115497 
0.253107 71.18824070099 0.19409446151 
0.253614 70.93137653924 0.20100425636 
0.254120 70.86436548064 0.19598936692 
0.254627 70.82619016885 0.19703239924 
0.255134 70.98091252529 0.19220349479 
0.255640 70.84409523469 0.19753539655 
0.256147 70.73332420427 0.19254071011 
0.256654 71.04979514908 0.19539375836 
0.257160 70.96439669510 0.19306772945 
0.257667 71.12285183342 0.19529384218 
0.258173 71.39867424105 0.19769408855 
0.258680 71.20925234060 0.19642806156 
0.259187 71.80669425325 0.19991742290 
0.259693 71.40635851153 0.19829712761 
0.260200 71.73472440267 0.19476542235 
0.260706 71.58358797822 0.19497246700 
0.261213 71.65669766493 0.19536524212 
0.261720 71.67789321265 0.19572764723 
0.262226 71.75840814237 0.19263131235 
0.262733 71.67463326775 0.19640115778 
0.263239 71.71360994828 0.19517681949 
0.263746 71.84436266432 0.19591705393 
0.264253 71.65816523190 0.19112434678 
0.264759 71.44355598002 0.19726628893 
0.265266 71.62153301386 0.19315461157 
0.265772 71.79110935867 0.19191653626 
0.266279 71.39177855426 0.19469332236 
0.266786 71.77467066277 0.19384756691 
0.267292 71.76425376017 0.19534838167 
0.267799 71.78362127714 0.19245001790 
0.268305 71.49928433541 0.19126075684 
0.268812 71.69250485078 0.19362552281 
0.269319 72.13240628344 0.19032991038 
0.269825 71.94572754101 0.18924657743 
0.270332 71.91481584297 0.19094905844 
0.270838 72.22501196128 0.18745802704 
0.271345 71.97942752250 0.19399229147 
0.271852 72.04515667640 0.19230672507 
0.272358 72.08282405938 0.19275030063 
0.272865 72.02487223098 0.18923957590 
0.273371 72.39038513666 0.19366334494 
0.273878 72.35244554325 0.19141000827 
0.274385 72.33870233174 0.18962918598 
0.274891 72.23624579853 0.19195124739 
0.275398 72.35554806866 0.18710009265 
0.275904 72.68336673862 0.18685165528 
0.276411 72.30614050716 0.18691757553 
0.276917 71.89438002769 0.18476953331 
0.277424 72.45238239080 0.18568428436 
0.277931 71.98126600074 0.18344092261 
0.278437 72.31259998214 0.18393956993 
0.278944 72.38248955684 0.17974623127 
0.279450 72.21919448057 0.18118632814 
0.279957 72.09425255396 0.18189805172 
0.280464 72.22129656157 0.18309816340 
0.280970 72.01245819265 0.18272436637 
0.281477 72.03444226661 0.18095779064 
0.281983 72.07999413688 0.18166175866 
0.282490 72.07307195945 0.18420390137 
0.282996 72.28196568278 0.17650572171 
0.283503 72.22208039978 0.18153482860 
0.284010 72.10536487930 0.17612799763 
0.284516 72.01391474926 0.17854809208 
0.285023 71.74186363395 0.17708276519 
0.285529 72.00783451132 0.17560106180 
0.286036 71.41234011677 0.17307647756 
0.286542 71.77302586130 0.17028123528 
0.287049 71.71463194593 0.17571369998 
0.287556 71.62722083859 0.17612885925 
0.288062 71.62628605905 0.17073855682 
0.288569 71.43520886903 0.17078633012 
0.289075 71.46686570767 0.17266595034 
0.289582 71.42237316753 0.17302565948 
0.290088 71.29506413492 0.16939761787 
0.290595 71.27740680410 0.17092505636 
0.291102 71.16930653498 0.16650760331 
0.291608 71.22787575198 0.17194635665 
0.292115 70.99599833481 0.16810494134 
0.292621 71.06243681756 0.16929438954 
0.293128 70.85366091282 0.16481164608 
0.293634 71.26961445191 0.16778413141 
0.294141 71.06661614787 0.16362419766 
0.294647 71.14248653971 0.16792399005 
0.295154 70.96596729216 0.16769563644 
0.295661 70.95692359531 0.16805421667 
0.296167 70.88935252514 0.16642189360 
0.296674 70.96533174435 0.16869996554 
0.297180 70.71229211390 0.16318856602 
0.297687 70.80035344226 0.16290492167 
0.298193 70.90049363708 0.16623373723 
0.298700 70.82749009010 0.16363003059 
0.299207 70.41932044248 0.16647750056 
0.299713 70.59163469908 0.16602893276 
0.300220 70.43318561095 0.16563402799 
0.300726 70.54373000320 0.16326223777 
0.301233 70.40847759724 0.16293764012 
0.301739 70.53097211604 0.16689081252 
0.302246 70.28600807944 0.16390463502 
0.302752 70.02067118029 0.16348452885 
0.303259 70.54305682530 0.16182182458 
0.303765 70.32235713029 0.15984387324 
0.304272 70.25171918669 0.16107941897 
0.304779 70.12374506450 0.16134296393 
0.305285 70.10095682801 0.16167835183 
0.305792 70.10491309863 0.15969934210 
0.306298 70.17677329302 0.15810364129 
0.306805 70.36525643740 0.16226138432 
0.307311 70.10070377031 0.15939018388 
0.307818 69.93697193549 0.16017081150 
0.308324 69.69356063093 0.15591882000 
0.308831 69.56153885696 0.15663655186 
0.309337 69.25882110475 0.15531256527 
0.309844 69.19136880447 0.15339590152 
0.310350 69.00350980431 0.15275219237 
0.310857 68.66274999688 0.15269800851 
0.311364 68.70357835288 0.15001451143 
0.311870 68.44908129389 0.14931218013 
0.312377 68.59480057694 0.14736304469 
0.312883 68.24893468332 0.14896591280 
0.313390 68.27296471436 0.14714581245 
0.313896 67.78144620566 0.14647122029 
0.314403 67.86343219594 0.14313700273 
0.314909 67.73875960925 0.14438413718 
0.315416 67.46167073867 0.14426016363 
0.315922 67.35621845894 0.14371945012 
0.316429 67.49087673303 0.14223737169 
0.316935 67.23489676065 0.14168007142 
0.317442 67.16100181496 0.14340398868 
0.317948 67.33406548196 0.13861562986 
0.318455 67.20780375699 0.14091724549 
0.318961 67.11555673316 0.14137962183 
0.319468 67.17114302815 0.14353794323 
0.319975 66.92806016279 0.13985856665 
0.320481 66.55332481654 0.14032638088 
0.320988 66.76655693549 0.14128875912 
0.321494 66.71758714788 0.14186409267 
0.322001 66.66859554091 0.15990955117 
0.322507 66.47253250999 0.14134122471 
0.323014 66.41963864424 0.14107304287 
0.323520 66.40568233855 0.14236433878 
0.324027 66.89732458147 0.14577134685 
0.324533 66.56323889326 0.13920252026 
0.325040 66.32651702759 0.14293728839 
0.325546 66.53874734577 0.13997317759 
0.326053 66.29988753789 0.14062527679 
0.326559 66.33875060635 0.13940782087 
0.327066 66.35663170321 0.13821809822 
0.327572 66.44998583289 0.13984602523 
0.328079 66.32706458232 0.13891751950 
0.328585 66.25847787927 0.14073186930 
0.329092 66.06541957922 0.13855247773 
0.329598 66.08142284857 0.14107754193 
0.330105 66.02567046400 0.14015963968 
0.330611 66.01376489088 0.13832417957 
0.331118 66.10512116530 0.13874161628 
0.331624 65.88095854062 0.14006447389 
0.332131 65.83566908978 0.13876041389 
0.332637 65.76919575286 0.14285689524 
0.333144 65.95533968955 0.14041407621 
0.333650 65.78000579525 0.13983647906 
0.334157 65.87710631705 0.14070347998 
0.334663 65.75348552320 0.13531154202 
0.335170 65.60484841238 0.14064139948 
0.335676 65.67974428924 0.13772264858 
0.336183 65.89989292665 0.14141360449 
0.336689 65.51191543732 0.13653159142 
0.337196 65.67696727814 0.13835680148 
0.337702 65.67854278955 0.13675079746 
0.338209 65.53571438310 0.13920379498 
0.338715 65.49924892836 0.13886492539 
0.339222 65.59758712682 0.14219562116 
0.339728 65.35030310226 0.13871444280 
0.340235 65.27013702532 0.17996422254 
0.340741 65.29340313636 0.13863665469 
0.341248 65.17506951427 0.13951533115 
0.341754 65.09869697973 0.14026559005 
0.342261 65.44665631707 0.13964504941 
0.342767 65.54906286495 0.14192015702 
0.343274 65.08302099424 0.14256305113 
0.343780 65.38329189329 0.14046406187 
0.344287 65.09018430724 0.13935950223 
0.344793 64.92888731572 0.13902293382 
0.345300 65.22282651929 0.14394081552 
0.345806 64.82412783682 0.14298542519 
0.346313 65.18157299683 0.14464304563 
0.346819 65.00202481327 0.14441386083 
0.347325 65.00022366864 0.14337775181 
0.347832 64.98236329778 0.14250071025 
0.348338 65.14242081966 0.14440164902 
0.348845 64.96811757963 0.14787614184 
0.349351 64.88196312610 0.15044517508 
0.349858 64.63034292801 0.14948671028 
0.350364 64.76308170903 0.14866048644 
0.350871 64.70877902994 0.14854305122 
0.351377 64.59318677270 0.14858074005 
0.351884 64.52616247782 0.14660398404 
0.352390 64.33047274549 0.14913927833 
0.352897 64.24327462834 0.14968583335 
0.353403 64.63883941796 0.15147248671 
0.353910 64.10253509726 0.15024667629 
0.354416 64.42851578678 0.15230478056 
0.354923 64.43526821265 0.15019737407 
0.355429 64.16552693391 0.15325796289 
0.355935 64.08510290217 0.14967910321 
0.356442 63.99736170413 0.15331774453 
0.356948 63.97795825175 0.15033002761 
0.357455 63.88277847060 0.15711903070 
0.357961 63.92513856854 0.15726635176 
0.358468 63.80614693502 0.15439864326 
0.358974 63.82405898421 0.22149742456 
0.359481 63.90540019297 0.20383698371 
0.359987 63.78303120100 0.20047422509 
0.360494 63.87998261745 0.19309548246 
0.361000 63.84054059659 0.18960668870 
0.361506 63.92905180513 0.18125418452 
0.362013 63.66720731762 0.18690709217 
0.362519 63.68254886783 0.18453778531 
0.363026 63.84481842061 0.18411686510 
0.363532 63.76541860002 0.18470852012 
0.364039 63.97719977065 0.18375301005 
0.364545 63.78158797226 0.18187912737 
0.365052 63.54259839761 0.18533158159 
0.365558 63.61658147742 0.18358757946 
0.366064 63.68924338163 0.18042737516 
0.366571 63.56941188197 0.18686873672 
0.367077 63.59768339463 0.18621333403 
0.367584 63.42121342359 0.18807515482 
0.368090 63.73306299675 0.18714024236 
0.368597 63.61393269324 0.18769632073 
0.369103 63.54105933466 0.18851139500 
0.369610 63.85991853715 0.19026970681 
0.370116 63.39059579299 0.19128002042 
0.370622 63.56474932617 0.19141386178 
0.371129 63.44277020978 0.19326956288 
0.371635 63.61336241095 0.19400763365 
0.372142 63.49249337490 0.19476258999 
0.372648 63.85092272118 0.19464931776 
0.373155 63.26381083640 0.19546772451 
0.373661 63.54082878387 0.19781856997 
0.374167 63.54031520567 0.19280301483 
0.374674 63.51461012109 0.19598926979 
0.375180 63.81684315220 0.19646206576 
0.375687 63.69585659219 0.20279810512 
0.376193 63.37369110768 0.19767423257 
0.376700 63.33593941378 0.20522733405 
0.377206 63.31258823989 0.20291056804 
0.377712 63.55307044399 0.20157645619 
0.378219 63.52675951203 0.20289240419 
0.378725 63.14927811685 0.21184180613 
0.379232 63.60856891181 0.20806005190 
0.379738 63.34080344370 0.20585880738 
0.380245 63.30222498177 0.20710255690 
0.380751 63.44901240291 0.20720400075 
0.381257 63.08990816237 0.20915624997 
0.381764 63.03402082610 0.20910480138 
0.382270 63.37008262241 0.20628435814 
0.382777 63.28278315185 0.20484483405 
0.383283 62.86985244029 0.20977393370 
0.383789 63.46352502991 0.21207627728 
0.384296 63.14909773388 0.20660554624 
0.384802 63.14602328458 0.21088141780 
0.385309 63.10596542237 0.20625418389 
0.385815 63.10098379876 0.21356611083 
0.386321 62.67195144385 0.21566831174 
0.386828 62.78778874785 0.21440220254 
0.387334 62.67658484491 0.21053209909 
0.387841 63.36384607451 0.21131192575 
0.388347 62.96339338836 0.21171688373 
0.388853 63.19586245714 0.21178761665 
0.389360 63.09987287591 0.21957870976 
0.389866 62.92417092322 0.21554170733 
0.390373 62.49868435054 0.21511438013 
0.390879 62.72609654039 0.21439831236 
0.391385 62.52426555029 0.22378803289 
0.391892 62.74577500814 0.21938056104 
0.392398 63.07222764690 0.21957856818 
0.392905 62.75732112045 0.22191915236 
0.393411 62.61954909551 0.22310878858 
0.393917 62.90821374885 0.21951776745 
0.394424 62.58863744876 0.22716798159 
0.394930 62.64320948278 0.22625045804 
0.395437 62.72114996947 0.22511768976 
0.395943 62.84989586492 0.23169754383 
0.396449 62.54449197180 0.31003389403 
0.396956 62.84758397400 0.22629612270 
0.397462 62.49456409381 0.23482846049 
0.397969 62.58013760039 0.23024012192 
0.398475 62.21057584548 0.23151386927 
0.398981 62.10282993886 0.23623265972 
0.399488 62.38153123914 0.24054486185 
0.399994 62.56965337634 0.24650805136 
0.400500 62.61608474076 0.24129009125 
0.401007 62.31573498546 0.23569255103 
0.401513 62.62151518386 0.24037686751 
0.402020 62.72845935371 0.24825170811 
0.402526 62.68756771270 0.24446308837 
0.403032 62.80935469175 0.24907447596 
0.403539 62.50824135409 0.26259413927 
0.404045 62.30207482136 0.25477432156 
0.404551 62.73673731635 0.26386376927 
0.405058 62.26558917407 0.26772498880 
0.405564 61.93044692428 0.26163209776 
0.406071 62.60304774535 0.25979182684 
0.406577 62.24877856761 0.25413676848 
0.407083 62.33635969023 0.26738893768 
0.407590 62.28638320563 0.26903883658 
0.408096 62.34518080765 0.27271753651 
0.408602 61.97901318144 0.27298258615 
0.409109 62.29277570732 0.26283554947 
0.409615 62.10368912102 0.27505266424 
0.410121 61.87571145398 0.25955596499 
0.410628 62.00336807388 0.26229593409 
0.411134 61.92557680687 0.26721047032 
0.411641 62.14386589372 0.27603370494 
0.412147 62.28921137166 0.26203404315 
0.412653 62.21406926420 0.26954240009 
0.413160 62.16700763545 0.25452559454 
0.413666 61.70350546636 0.26779266781 
0.414172 61.81891771420 0.28054217488 
0.414679 61.98208189098 0.27211379670 
0.415185 62.10601519698 0.29342518510 
0.415691 62.04511123075 0.27528551784 
0.416198 61.72308084084 0.27109047479 
0.416704 61.58976915028 0.27958867907 
0.417210 62.20051941236 0.27896080990 
0.417717 61.93146039010 0.29081097823 
0.418223 61.92077869038 0.27932473630 
0.418729 62.00687461905 0.28430174052 
0.419236 61.91492270508 0.28165012021 
0.419742 62.06369820902 0.27774768602 
0.420248 61.68977887755 0.26894685257 
0.420755 61.76981511435 0.28319383098 
0.421261 61.59472353324 0.27700992003 
0.421767 61.36267980754 0.27354239522 
0.422274 61.67999534735 0.27971646860 
0.422780 62.00574446831 0.27176676146 
0.423286 61.80976867942 0.28380188299 
0.423793 61.77462341907 0.27644284803 
0.424299 62.04356014329 0.28691180578 
0.424805 61.77272559540 0.29532865777 
0.425312 61.68619852341 0.29310062050 
0.425818 61.72703789753 0.28024378941 
0.426324 61.82300949717 0.29667400533 
0.426831 61.65419968179 0.29722961421 
0.427337 61.56846573439 0.29105850440 
0.427843 62.02123423763 0.29852286963 
0.428350 61.86817004980 0.30667419023 
0.428856 61.46428521726 0.29578690378 
0.429362 61.84449003027 0.30999159735 
0.429869 61.72423346979 0.31432010292 
0.430375 61.51171270332 0.30998126153 
0.430881 61.29799978805 0.30965258806 
0.431388 61.51572416539 0.30905184193 
0.431894 61.61213605569 0.32187567980 
0.432400 61.55630042793 0.33562591152 
0.432907 61.24930134581 0.32552060609 
0.433413 61.31749040693 0.33390202276 
0.433919 62.07752602630 0.33323978382 
0.434425 61.41404990883 0.33540698696 
0.434932 61.11839530672 0.33151254444 
0.435438 61.27534877855 0.35216911666 
0.435944 61.55970073978 0.32882812605 
0.436451 61.63424814273 0.33281817154 
0.436957 61.66995670925 0.36066214836 
0.437463 61.25654164902 0.35207007881 
0.437970 61.38029072354 0.35674954340 
0.438476 61.35984947680 0.35987486069 
0.438982 61.45499166407 0.35622381601 
0.439489 61.61653765711 0.37766778436 
0.439995 61.41420664906 0.36997999087 
0.440501 61.84049359439 0.37995153451 
0.441007 61.77567052992 0.36214962911 
0.441514 61.00038379855 0.38024045319 
0.442020 61.22792984428 0.41825554078 
0.442526 61.20156265451 0.41663005204 
0.443033 61.13993587842 0.39227900853 
0.443539 60.79770103562 0.41801952098 
0.444045 61.30950489501 0.41541570342 
0.444551 61.47046443506 0.42299348641 
0.445058 60.39449050697 0.41479274706 
0.445564 61.64352527636 0.44736368409 
0.446070 61.10271449392 0.44020454179 
0.446577 61.19786023776 0.43468739364 
0.447083 61.30856240152 0.46065970789 
0.447589 60.92100451334 0.45672684226 
0.448095 60.81348156257 0.45577661552 
0.448602 60.60792570888 0.45398528406 
0.449108 60.52558787767 0.48718233992 
0.449614 61.44794005131 0.50129342047 
0.450121 60.71376396334 0.49885271412 
0.450627 60.53731887885 0.51549741407 
0.451133 60.39645266197 0.49781482548 
0.451639 61.38904739810 0.50714384862 
0.452146 60.72241199109 0.52587248236 
0.452652 60.83251082117 0.55756616012 
0.453158 59.60989462093 0.56217141218 
0.453664 60.71689275668 0.56875586966 
0.454171 60.47501986740 0.59922319498 
0.454677 60.28174150044 0.60313664161 
0.455183 61.22741216390 0.61446721131 
0.455689 60.86938872757 0.63499678661 
0.456196 60.01443071346 0.64801509618 
0.456702 59.22135044705 0.64743927959 
0.457208 60.25407860064 0.66677933418 
0.457714 59.80831547713 0.75508228728 
0.458221 60.44793513219 0.76772178147 
0.458727 61.07439575571 0.76859295768 
0.459233 60.25949735905 0.82530508881 
0.459740 60.17472857122 0.87040923381 
0.460246 59.30401297920 0.90577988921 
0.460752 60.27851850419 1.00143982877 
0.461258 60.01063615474 0.99323096658 
0.461765 60.68896645244 1.11490356211 
0.462271 62.14794717232 1.07428031106 
0.462777 61.20041298783 1.19040679287 
0.463283 60.48134191829 1.19980346793 
0.463789 61.17537609064 1.37308971736 
0.464296 58.73213912195 1.30671586189 
0.464802 59.37106550212 1.34932615907 
0.465308 61.01127769218 1.57824718948 
0.465814 60.15700511690 1.64532559433 
0.466321 60.83838604463 1.80181958357 
0.466827 59.80992607098 1.82703662544 
0.467333 57.64720723945 1.82433351306 
0.467839 60.80688375097 1.97221500614 
0.468346 58.90841537022 2.37874387007 
0.468852 58.94851369705 2.52985244901 
0.469358 61.12369350803 3.04672569935 
0.469864 60.62784683714 3.03422286298 
0.470371 61.08626167665 3.98667630367 
0.470877 56.72951734437 4.26523998948 
0.471383 58.85250200730 5.62045374535 
0.471889 51.67633747349 6.65204756008 
0.472395 56.04623016279 6.34939068855 
0.472902 53.92527436994 12.78868172758 
