0.010896 1352.32475898775 14.53276597105 
0.011402 1196.82313454310 13.68936720871 
0.011909 1073.03575188679 11.86258240190 
0.012416 977.17147359892 8.29819439000 
0.012923 879.12895779953 8.24554052009 
0.013430 822.19756543024 10.65511922747 
0.013936 779.55735931654 8.72946880644 
0.014443 738.78887378895 7.24511483736 
0.014950 678.15586039499 6.22332809720 
0.015457 628.34601521490 5.32066160424 
0.015963 575.83877512021 4.81197708737 
0.016470 537.77575129286 4.12747289705 
0.016977 506.72159329702 3.72189472472 
0.017484 473.62137950117 3.17257890318 
0.017990 449.58786513389 3.04729694490 
0.018497 422.30262959888 2.60170518995 
0.019004 401.53570993791 2.44050770773 
0.019511 378.66053697577 2.22493372744 
0.020018 361.40517788023 2.04690277940 
0.020524 344.58888005421 1.89568780008 
0.021031 327.30247103938 1.98331348969 
0.021538 315.68820178497 1.74772254652 
0.022045 299.47438025528 1.62995725423 
0.022551 289.81977289998 1.53027763880 
0.023058 276.86836770436 1.45994915205 
0.023565 266.71324489287 1.46107291143 
0.024072 260.14626659180 1.58773488705 
0.024579 251.57463938441 1.70246533953 
0.025085 243.44792581182 2.09606479726 
0.025592 235.55091969199 2.15355522326 
0.026099 229.98922248447 2.11829351486 
0.026606 222.45254526685 1.61896396587 
0.027112 216.43904747777 1.78433691556 
0.027619 212.34362093595 1.57985012071 
0.028126 206.06370861187 1.56302901036 
0.028633 202.53443432024 1.34148457388 
0.029139 198.14811685526 1.15593542897 
0.029646 193.16304398757 1.11378451475 
0.030153 188.93074630468 1.19656956389 
0.030660 186.57583754873 1.01952922822 
0.031167 182.00871152565 0.96544723140 
0.031673 178.50806885578 0.89749856427 
0.032180 175.59667903119 0.90139655683 
0.032687 173.68243599390 0.87929116326 
0.033194 169.43217455184 0.82894094740 
0.033700 167.68445509203 0.74309808986 
0.034207 165.43168571084 0.72383267189 
0.034714 162.23020883790 0.78614838817 
0.035221 160.66688401551 0.71131198799 
0.035727 157.88969073158 0.72010017026 
0.036234 156.48994899852 0.67655670422 
0.036741 153.84238315546 0.65719577188 
0.037248 151.55435763868 0.62851629487 
0.037755 150.70329442148 0.62551104668 
0.038261 148.74337573581 0.58266259373 
0.038768 147.74259397344 0.58780954411 
0.039275 145.58687606012 0.60534553040 
0.039782 143.73667804785 0.58493420232 
0.040288 142.82209772911 0.57634484853 
0.040795 142.17801106244 0.56229172076 
0.041302 140.23260453068 0.56677521519 
0.041809 138.89193141753 0.55784493084 
0.042315 137.25397770004 0.54904395022 
0.042822 135.84242974551 0.56412955897 
0.043329 135.23510249346 0.51713162149 
0.043836 134.24094141747 0.54078322886 
0.044343 132.32829413133 0.51067961062 
0.044849 132.15973152886 0.53542521547 
0.045356 131.15638360811 0.54106802265 
0.045863 130.07694468653 0.52087098382 
0.046370 129.92737500384 0.50195281583 
0.046876 128.48988292475 0.49988403859 
0.047383 126.92660484224 0.50878134672 
0.047890 126.68065345950 0.49476462575 
0.048397 126.06193044485 0.48192175113 
0.048903 124.61501897184 0.50082830133 
0.049410 123.04179162225 0.46332882767 
0.049917 122.65735204907 0.46674286372 
0.050424 121.64741661006 0.49151846623 
0.050931 121.60232745784 0.48975728066 
0.051437 121.04792256884 0.46303613210 
0.051944 120.28538797936 0.45045187019 
0.052451 119.16261366734 0.46787377087 
0.052958 119.41287039973 0.43344832263 
0.053464 117.58319686824 0.44509818187 
0.053971 117.86722682315 0.46055795077 
0.054478 116.14802437069 0.43516796448 
0.054985 116.27206249828 0.44346077056 
0.055491 115.20155204533 0.45321474694 
0.055998 114.95787213620 0.42593312746 
0.056505 113.98283583831 0.43588154165 
0.057012 114.31253450866 0.43387495133 
0.057519 113.07957348831 0.42475507214 
0.058025 112.50092454234 0.41308624281 
0.058532 112.69770560480 0.42692550322 
0.059039 111.73048322409 0.41003981872 
0.059546 111.26756797557 0.39938198042 
0.060052 110.87733565451 0.40356959147 
0.060559 110.39928980412 0.40670110563 
0.061066 109.47826132478 0.39949521058 
0.061573 109.28841530677 0.38879722892 
0.062079 107.97765956912 0.40217828215 
0.062586 108.26397106956 0.39165776509 
0.063093 107.78857436770 0.39582298277 
0.063600 106.90525134250 0.39213348454 
0.064106 106.43174700662 0.38942667334 
0.064613 106.50680823138 0.37762346503 
0.065120 106.29087197666 0.37647144704 
0.065627 105.70160143732 0.38360685843 
0.066134 105.38430392929 0.38280189347 
0.066640 105.20236907880 0.37617634425 
0.067147 104.75388490660 0.37377267280 
0.067654 104.02617315021 0.37619376958 
0.068161 103.52908393598 0.35642793131 
0.068667 103.74312675617 0.37130106813 
0.069174 102.97790525982 0.38633845886 
0.069681 103.02649846152 0.35746517471 
0.070188 101.88660677417 0.36542134843 
0.070694 101.78243114019 0.35779936434 
0.071201 101.62193374673 0.36314878096 
0.071708 101.17984867903 0.37168405590 
0.072215 100.43189228264 0.35338834805 
0.072721 101.25799607532 0.34323840125 
0.073228 100.39185449632 0.35315615347 
0.073735 100.29439730698 0.35971786529 
0.074242 99.63159516758 0.35191390916 
0.074748 100.14125935122 0.33919580590 
0.075255 99.42104827911 0.33756544199 
0.075762 98.67182520774 0.33968392284 
0.076269 99.23600914573 0.33968183684 
0.076776 98.35675667499 0.33016444004 
0.077282 98.60605395774 0.32194867918 
0.077789 98.21163896286 0.32928258736 
0.078296 98.71012673830 0.32668786625 
0.078803 97.79557092291 0.33535100473 
0.079309 98.13653676577 0.34329033116 
0.079816 97.14073803296 0.33426366552 
0.080323 97.04119328313 0.33458283279 
0.080830 97.42046921297 0.33111666005 
0.081336 97.31971141657 0.32411359118 
0.081843 96.59955694977 0.32856112293 
0.082350 96.57104123291 0.34031803840 
0.082857 95.88619011134 0.32115412975 
0.083363 97.18391633416 0.33035325978 
0.083870 96.32215118372 0.33524596489 
0.084377 96.35266182143 0.32675965592 
0.084884 96.12055526027 0.34472475063 
0.085390 95.46024189715 0.33228976513 
0.085897 95.13142897253 0.32635527475 
0.086404 94.90689557681 0.33021285732 
0.086911 95.61998114546 0.33287198090 
0.087417 94.87166739012 0.32745824824 
0.087924 95.16008346738 0.33716002058 
0.088431 94.62240644462 0.32908129407 
0.088938 94.42855841085 0.33157824451 
0.089444 94.01492437431 0.32959531326 
0.089951 94.15316206854 0.32700431427 
0.090458 94.35922540644 0.32841209180 
0.090965 93.92447383524 0.33260619982 
0.091471 94.24842908672 0.34858016069 
0.091978 93.69880547593 0.32935068264 
0.092485 92.86060671820 0.34955621182 
0.092992 93.19956786707 0.33922056035 
0.093498 92.63702356931 0.33939627543 
0.094005 92.89937438809 0.32710260746 
0.094512 93.09003034004 0.32236692034 
0.095019 93.13101874478 0.33125699899 
0.095525 92.13332212891 0.32690177360 
0.096032 92.23330377467 0.32961469784 
0.096539 92.05784568565 0.32204214033 
0.097046 92.21044902719 0.32215261888 
0.097552 92.43598385559 0.32721874092 
0.098059 92.17482703341 0.32941893223 
0.098566 91.42240371831 0.32074820487 
0.099073 91.07022520866 0.33334362254 
0.099579 91.61090128199 0.32649030533 
0.100086 91.42893652878 0.32016033032 
0.100593 91.55551521465 0.32666506257 
0.101100 91.84857709002 0.31725499072 
0.101606 90.86537193695 0.31435041037 
0.102113 90.34709726993 0.29433134297 
0.102620 89.23023128992 0.29457977416 
0.103127 89.15177975610 0.29839755524 
0.103633 88.41958835599 0.29226217969 
0.104140 88.83436110504 0.30002534609 
0.104647 88.40072806046 0.30686738495 
0.105154 88.42018144161 0.30276669418 
0.105660 88.50477784144 0.30367041097 
0.106167 89.04747309217 0.30175634441 
0.106674 88.23142603324 0.30649754765 
0.107181 88.48963888029 0.29796059674 
0.107687 87.43392479486 0.29091957533 
0.108194 87.78156641554 0.29828520565 
0.108701 87.80862979932 0.29379340844 
0.109208 87.37364783069 0.29370439642 
0.109714 87.32441595283 0.29644553201 
0.110221 87.59888090780 0.28850453621 
0.110728 87.15107499526 0.30063583706 
0.111235 87.43452688528 0.29186830045 
0.111741 86.96777128686 0.29090200574 
0.112248 87.45624208715 0.28830697354 
0.112755 86.98767380969 0.28218396114 
0.113262 86.44429388529 0.28531036713 
0.113768 87.21766164228 0.28470523198 
0.114275 86.88120942333 0.28496505689 
0.114782 86.89296477912 0.27741275124 
0.115289 86.68292089658 0.27197057679 
0.115795 85.78437133061 0.27661645701 
0.116302 86.49236635829 0.28008031396 
0.116809 86.08781352582 0.27284708268 
0.117316 86.53163529774 0.27527520938 
0.117822 86.06117999722 0.27598711545 
0.118329 85.71972084101 0.26347879539 
0.118836 85.79103630977 0.26966259930 
0.119342 85.84698216470 0.26940880701 
0.119849 85.92128890915 0.25933283812 
0.120356 86.18377190511 0.26550169725 
0.120863 85.43340730504 0.26731541059 
0.121369 85.64881011616 0.26590186510 
0.121876 85.25639907106 0.27070624899 
0.122383 85.13340432050 0.26438648642 
0.122890 85.36711586250 0.26311501811 
0.123396 85.15522710989 0.25913276498 
0.123903 84.85373016964 0.25481831836 
0.124410 85.44755616799 0.25699064731 
0.124917 85.06223017018 0.25915642368 
0.125423 85.29376326426 0.25873829124 
0.125930 84.75146687426 0.25820672845 
0.126437 84.66414934925 0.26545558675 
0.126944 85.07332516482 0.25928997714 
0.127450 84.83363494780 0.25931051154 
0.127957 84.83650662175 0.25679955433 
0.128464 84.58215674171 0.25465009238 
0.128970 84.93498573751 0.25418040869 
0.129477 84.02955353431 0.25206610800 
0.129984 84.41614122619 0.25903569799 
0.130491 84.06097748310 0.24722011654 
0.130997 83.68086545817 0.24911408077 
0.131504 84.04432983132 0.24666457386 
0.132011 83.80203359432 0.25195816560 
0.132518 83.49084945563 0.24145318108 
0.133024 84.03044980781 0.24886078264 
0.133531 84.03587268223 0.25116950829 
0.134038 84.27252670864 0.24789638534 
0.134545 83.33826733114 0.24033300504 
0.135051 83.71781685893 0.24263812881 
0.135558 83.21238591300 0.24728282613 
0.136065 83.53938926042 0.24559568714 
0.136571 83.26279552942 0.24263826738 
0.137078 83.72973810656 0.25162588954 
0.137585 83.33488170507 0.24754787623 
0.138092 83.53085044573 0.24495240605 
0.138598 83.01059546008 0.23963643748 
0.139105 83.08705165565 0.24254394715 
0.139612 83.11325597153 0.23879062672 
0.140119 82.99289775953 0.24321921942 
0.140625 83.16013301767 0.24665440962 
0.141132 82.63163078506 0.24287332879 
0.141639 82.67582558031 0.24184465003 
0.142145 82.90049582281 0.24186343455 
0.142652 82.81376325940 0.23599204528 
0.143159 82.60486966282 0.23754197335 
0.143666 82.34010634217 0.24177532907 
0.144172 82.15124037050 0.24446635775 
0.144679 82.04286829157 0.24650350641 
0.145186 82.01778640906 0.23967858193 
0.145692 82.30817852683 0.24514986561 
0.146199 81.98351446321 0.24273232572 
0.146706 81.85524261810 0.24562221858 
0.147213 81.92101230801 0.24846808390 
0.147719 81.50371249433 0.23812467342 
0.148226 81.42287717053 0.23934797686 
0.148733 81.49675868741 0.24521153754 
0.149240 81.48912153921 0.23618619183 
0.149746 81.52060776317 0.24124416545 
0.150253 81.11770510974 0.23638620891 
0.150760 81.06739810160 0.23959843441 
0.151266 80.93067469541 0.24004321172 
0.151773 81.38729489838 0.23113136202 
0.152280 81.14771332441 0.23217255503 
0.152787 80.70964856059 0.24255363580 
0.153293 81.08896414720 0.23232025749 
0.153800 80.77320443916 0.23901756835 
0.154307 80.85072847504 0.24455358169 
0.154813 80.49209931490 0.24088430861 
0.155320 80.67478937257 0.23182712654 
0.155827 80.62824591933 0.23210746591 
0.156334 80.44069800391 0.23153445286 
0.156840 80.08418299093 0.24152650856 
0.157347 80.08172792463 0.23324805929 
0.157854 80.04069315627 0.23804646442 
0.158360 79.89224812686 0.23106280380 
0.158867 79.79079275971 0.23671448381 
0.159374 80.02969209104 0.23691900034 
0.159881 79.63517834648 0.23724267309 
0.160387 79.76419801081 0.23231170337 
0.160894 79.81923165946 0.24058648113 
0.161401 79.88508310036 0.23060492709 
0.161907 79.63966070153 0.23199384020 
0.162414 79.81584833985 0.23139431192 
0.162921 79.18557804501 0.22944861001 
0.163427 79.38340296261 0.23346539520 
0.163934 79.23839099476 0.23227996720 
0.164441 79.46219326281 0.23198755005 
0.164948 79.39612482266 0.23446075119 
0.165454 79.39175057482 0.23948678157 
0.165961 78.66186695147 0.22852005690 
0.166468 79.07260207255 0.23258640002 
0.166974 79.08092428631 0.23168181185 
0.167481 78.86632993705 0.22520763921 
0.167988 79.25133262471 0.23112698970 
0.168495 79.01185436769 0.23109325970 
0.169001 78.87966609548 0.23330427368 
0.169508 78.55119774078 0.23487840031 
0.170015 79.16215722864 0.23133503166 
0.170521 78.77732455689 0.22895135845 
0.171028 78.96502968903 0.24046201525 
0.171535 79.12168461975 0.23572982477 
0.172041 79.18187335706 0.24278723154 
0.172548 79.13990186018 0.23436570674 
0.173055 78.85253529476 0.22984518691 
0.173562 78.96452261785 0.23513324547 
0.174068 78.68447091546 0.23757363291 
0.174575 78.80462272419 0.23466289771 
0.175082 79.01547741623 0.23963935867 
0.175588 78.84725045811 0.24298164409 
0.176095 78.76181105935 0.23659221173 
0.176602 78.66870587099 0.23790171051 
0.177108 78.81392110530 0.24019094972 
0.177615 78.66848145345 0.23521204744 
0.178122 78.88728533861 0.23566641665 
0.178629 78.41128683150 0.23619615997 
0.179135 78.57635207653 0.23946180816 
0.179642 78.39099079873 0.23259883361 
0.180149 78.79423951629 0.23239000980 
0.180655 78.37772882421 0.23556807882 
0.181162 78.29244532997 0.23475736989 
0.181669 78.67732229617 0.23782991041 
0.182175 78.66715556263 0.24140425121 
0.182682 78.92571626903 0.24336721726 
0.183189 78.88970040046 0.24134619772 
0.183695 78.62329471340 0.24024668329 
0.184202 78.47710513378 0.24617910594 
0.184709 78.41406080720 0.24411599890 
0.185216 78.38616878018 0.23796961079 
0.185722 78.16098677695 0.24053233464 
0.186229 78.09143785667 0.24632445470 
0.186736 77.69517104027 0.24107795646 
0.187242 78.03496690401 0.24456953807 
0.187749 78.16113988169 0.24949212619 
0.188256 77.55344006497 0.24827161688 
0.188762 77.81392941083 0.24198239109 
0.189269 77.55292159485 0.24714699329 
0.189776 77.37005503826 0.24679408224 
0.190282 77.32253487074 0.24824005379 
0.190789 76.90029882790 0.24257990346 
0.191296 77.21695820421 0.24316462116 
0.191802 77.59119577732 0.24297312388 
0.192309 77.01727930507 0.24204311722 
0.192816 76.70726338191 0.24116294772 
0.193323 76.71117325594 0.23846912946 
0.193829 76.69114079560 0.23229356864 
0.194336 76.68795311987 0.23659396281 
0.194843 76.03017127909 0.22841638176 
0.195349 76.27802558763 0.23434924027 
0.195856 76.43503616682 0.24110815836 
0.196363 76.16113438446 0.23030729241 
0.196869 76.23148163756 0.23107269634 
0.197376 76.08577345923 0.22945979056 
0.197883 76.21023118559 0.22973569489 
0.198389 76.18508450175 0.22756461358 
0.198896 75.67539139100 0.22540372984 
0.199403 75.90216079403 0.23129283223 
0.199909 75.77749820028 0.22717368392 
0.200416 75.73012930316 0.22010790431 
0.200923 75.61561645408 0.22056140091 
0.201429 75.44023343057 0.22301017526 
0.201936 75.43809622485 0.22251937994 
0.202443 75.35801172663 0.21883744853 
0.202949 75.88449380058 0.22018046348 
0.203456 75.81271139070 0.22247054111 
0.203963 75.50953122058 0.21784804789 
0.204469 75.42286938657 0.21630981470 
0.204976 75.40308759762 0.22083679941 
0.205483 75.11364591966 0.21314936912 
0.205989 75.41625175669 0.22061097187 
0.206496 75.24688679844 0.22002569790 
0.207003 75.24896911052 0.21274181976 
0.207509 75.20080695319 0.21273014488 
0.208016 75.31199693899 0.21355364862 
0.208523 75.18356744982 0.21379356042 
0.209029 75.21421261061 0.21076027047 
0.209536 75.25561381503 0.21264044489 
0.210043 75.43851212095 0.21685714817 
0.210549 75.04823021500 0.21378070439 
0.211056 75.06173423276 0.20421106831 
0.211563 75.10492340446 0.21327585090 
0.212069 75.00505663170 0.21232918749 
0.212576 74.81572367574 0.21280567764 
0.213083 74.89167260430 0.20814433077 
0.213589 74.80238822501 0.21237147943 
0.214096 74.70660201604 0.20386678410 
0.214603 74.73899465180 0.21166282026 
0.215109 74.54400288251 0.21096955439 
0.215616 74.44942303637 0.20538612271 
0.216123 74.46254005138 0.20791894873 
0.216629 74.02942169796 0.20789624319 
0.217136 74.40554924741 0.20560844126 
0.217643 74.08326122727 0.21626896811 
0.218149 74.17556515453 0.21188901126 
0.218656 74.35908997845 0.20865356932 
0.219163 73.96750207294 0.20390990872 
0.219669 74.16412654478 0.20498710087 
0.220176 73.97034063639 0.20332499713 
0.220683 73.58676828036 0.20337343436 
0.221189 73.88879309932 0.20416311702 
0.221696 73.80217851797 0.20556475730 
0.222203 74.01403402880 0.20621409502 
0.222709 74.11825596357 0.20561321549 
0.223216 73.90618063297 0.20300898335 
0.223722 73.69791747643 0.20625659517 
0.224229 73.54421903695 0.20394544249 
0.224736 73.41195209936 0.20507709725 
0.225242 73.53311539738 0.20088667299 
0.225749 73.64801427778 0.20513674122 
0.226256 73.47342030259 0.20371018407 
0.226762 73.23764044047 0.19892482427 
0.227269 73.53847093689 0.20573831248 
0.227776 73.22647302958 0.20354593898 
0.228282 73.52618465048 0.20324513700 
0.228789 73.29062494495 0.19928613072 
0.229296 73.30537237746 0.20160984581 
0.229802 73.19036817442 0.19826340207 
0.230309 73.23561450990 0.19909232294 
0.230816 72.96975949183 0.20498249281 
0.231322 73.19690919518 0.20175267843 
0.231829 73.13019601511 0.19890268512 
0.232335 72.91049084489 0.20136896342 
0.232842 72.59606896232 0.20368704334 
0.233349 72.73511779126 0.20064963164 
0.233855 72.93817546939 0.20026886130 
0.234362 72.66533472442 0.19717955881 
0.234869 72.51091853333 0.20199042359 
0.235375 72.31477508938 0.19885214316 
0.235882 72.48904187374 0.19660682750 
0.236389 72.47907662993 0.19893833964 
0.236895 72.51558928604 0.19843514743 
0.237402 72.34667403673 0.20365616797 
0.237908 72.27208063809 0.19957033984 
0.238415 72.39258615345 0.20052866068 
0.238922 72.17906213044 0.19552868813 
0.239428 72.37295420221 0.20204825852 
0.239935 72.26045321344 0.19988030898 
0.240442 72.09991813119 0.19652116486 
0.240948 71.84397892559 0.19963842848 
0.241455 72.10575859095 0.20087321285 
0.241962 72.04140876579 0.19686289052 
0.242468 72.08649143795 0.19607716160 
0.242975 72.08017809831 0.19729990953 
0.243481 71.85944981087 0.20017493956 
0.243988 71.83745116143 0.19914218181 
0.244495 71.80929863499 0.19760043520 
0.245001 71.80590869920 0.19497841932 
0.245508 71.63639658624 0.19704242463 
0.246015 71.65710885110 0.19685594034 
0.246521 71.61226174203 0.19906721496 
0.247028 71.47568884395 0.19621853888 
0.247534 71.36014470619 0.19948713431 
0.248041 71.73009628996 0.19936971156 
0.248548 71.59384213277 0.19845602473 
0.249054 71.48906187100 0.19819331552 
0.249561 71.10375210765 0.19565018890 
0.250068 71.23104364595 0.19558986091 
0.250574 71.23884016080 0.19791744805 
0.251081 70.89752463474 0.19964635878 
0.251587 71.47054553605 0.19854610715 
0.252094 71.01074446466 0.19872258739 
0.252601 70.91533512928 0.19918823742 
0.253107 71.03346808325 0.20254141346 
0.253614 70.94355369609 0.19371558321 
0.254120 70.84769491812 0.19462872944 
0.254627 70.89332487352 0.19695366308 
0.255134 71.18240345221 0.19761788315 
0.255640 70.72001667108 0.19452947577 
0.256147 70.73797035638 0.19672631538 
0.256654 70.80274657925 0.19699599837 
0.257160 71.06211488680 0.19412589815 
0.257667 71.24394900383 0.19398255322 
0.258173 70.88768631450 0.19517746648 
0.258680 71.34206417506 0.19656529445 
0.259187 71.69919812067 0.20178066520 
0.259693 71.57123148861 0.19643651435 
0.260200 71.73964160236 0.19444163459 
0.260706 71.68395868087 0.19594060923 
0.261213 71.57951292224 0.19528468658 
0.261720 71.55409873229 0.19652092723 
0.262226 71.45311565257 0.19420468648 
0.262733 71.87411442735 0.19539265094 
0.263239 71.56495441981 0.19531398648 
0.263746 71.43717668852 0.19679646619 
0.264253 71.54566203849 0.19202037666 
0.264759 71.61689605546 0.19182859417 
0.265266 71.59283256325 0.19241256186 
0.265772 71.81228022860 0.19333154837 
0.266279 71.31712564221 0.19402689826 
0.266786 71.57780486063 0.19239472959 
0.267292 71.82168745335 0.19383850658 
0.267799 71.71865847378 0.19144905681 
0.268305 71.60991240246 0.19304000939 
0.268812 71.67185540397 0.18881117910 
0.269319 71.81311579365 0.18905235119 
0.269825 71.94687515227 0.18476164992 
0.270332 71.99685933087 0.19260732205 
0.270838 71.99068245280 0.19617081172 
0.271345 71.74750318326 0.19134505503 
0.271852 71.91810558175 0.18926589816 
0.272358 72.10560009303 0.19674058344 
0.272865 72.06169415579 0.19408416775 
0.273371 72.27201466167 0.19105232815 
0.273878 72.25646038551 0.19031952809 
0.274385 72.49357826063 0.19026780215 
0.274891 72.34125962341 0.19044777325 
0.275398 72.46645691417 0.18927198970 
0.275904 72.30332616613 0.18551538143 
0.276411 72.25869681763 0.18513441731 
0.276917 72.11810130549 0.18343803706 
0.277424 72.26418738116 0.18694232426 
0.277931 72.14972921505 0.18229708782 
0.278437 72.22699308307 0.18392100105 
0.278944 72.02713872797 0.18281184273 
0.279450 72.04012808288 0.18075758134 
0.279957 72.04544462190 0.18113479050 
0.280464 72.11016001560 0.18304989984 
0.280970 71.90667898696 0.18219849160 
0.281477 72.05688530561 0.18289643197 
0.281983 72.18181171668 0.18520527965 
0.282490 72.03911879769 0.18490435502 
0.282996 72.25725239425 0.18238139844 
0.283503 72.05052039297 0.18282269845 
0.284010 72.17947423367 0.17819983423 
0.284516 71.71894546191 0.17998484980 
0.285023 71.85541771601 0.17813097316 
0.285529 71.87849869845 0.17503319698 
0.286036 71.57332209109 0.17738338753 
0.286542 71.70043401884 0.17583517226 
0.287049 71.53034754961 0.17718191369 
0.287556 71.57748256973 0.17433751800 
0.288062 71.47781139266 0.17043204834 
0.288569 71.22454422637 0.17008276377 
0.289075 71.43347760389 0.17171917672 
0.289582 71.42198771757 0.16717968969 
0.290088 71.11366785914 0.17270341776 
0.290595 71.22016736429 0.16942062358 
0.291102 70.97150789444 0.16799595434 
0.291608 71.42323547620 0.16860890455 
0.292115 70.99070502567 0.16844154297 
0.292621 71.02557266825 0.16641401520 
0.293128 71.01077290681 0.17082271888 
0.293634 71.07375308405 0.16705188381 
0.294141 71.09159528219 0.16737148583 
0.294647 71.26408351945 0.16866680540 
0.295154 71.08731763956 0.16693488762 
0.295661 70.99263987151 0.16366241944 
0.296167 71.08165398826 0.16533324435 
0.296674 70.83839316922 0.16879187346 
0.297180 70.80271987704 0.16475736246 
0.297687 70.89012514339 0.16644901287 
0.298193 70.89552844752 0.16260352291 
0.298700 70.75263146842 0.16614111576 
0.299207 70.52433728632 0.16219395840 
0.299713 70.44349837863 0.16657272461 
0.300220 70.63891066987 0.16185954143 
0.300726 70.49818183540 0.16503311884 
0.301233 70.56922056035 0.16505615666 
0.301739 70.37387327903 0.16853209787 
0.302246 70.52892757845 0.16470818410 
0.302752 70.28514020442 0.16305774651 
0.303259 70.17884680340 0.16293659261 
0.303765 70.28079499184 0.16330400646 
0.304272 70.05554141690 0.15903778598 
0.304779 70.19109573925 0.16075292790 
0.305285 69.80028630248 0.16351944624 
0.305792 69.92702871147 0.15937948508 
0.306298 70.13005770376 0.16268052685 
0.306805 69.77436888133 0.16348434527 
0.307311 69.95960495494 0.15891789813 
0.307818 69.87137436692 0.16009408321 
0.308324 69.74514766643 0.15350219623 
0.308831 69.36638908259 0.15277159699 
0.309337 69.52415941241 0.15090887032 
0.309844 69.56246379154 0.15226696271 
0.310350 69.07067670211 0.15390150584 
0.310857 68.85510927843 0.15325249051 
0.311364 68.85252798786 0.15060790627 
0.311870 68.32755309762 0.14823668949 
0.312377 68.14145993214 0.14700486421 
0.312883 68.31821260487 0.15226366919 
0.313390 68.11571745671 0.14662118189 
0.313896 67.69653825840 0.14522240129 
0.314403 67.56809133273 0.14353923916 
0.314909 67.57322197190 0.14518463109 
0.315416 67.46959170154 0.14519110101 
0.315922 67.52428273302 0.14352656283 
0.316429 67.22545343100 0.14140786501 
0.316935 67.55379566143 0.14473510393 
0.317442 67.40462572374 0.14063705752 
0.317948 67.21243267200 0.14258220885 
0.318455 67.00225947343 0.13942789851 
0.318961 67.15430586056 0.14214265329 
0.319468 66.87856184979 0.13893132713 
0.319975 66.95069068794 0.14032854528 
0.320481 67.01910836429 0.14279131456 
0.320988 66.58072795649 0.14386548706 
0.321494 66.74617818469 0.14270489268 
0.322001 66.44237259916 0.16214837403 
0.322507 66.62129782421 0.14053577844 
0.323014 66.57505206347 0.14420542304 
0.323520 66.44593380326 0.14277021516 
0.324027 66.75198523627 0.14242959597 
0.324533 66.24108622471 0.13967847273 
0.325040 66.46045096005 0.14036984173 
0.325546 66.20277750927 0.14156362504 
0.326053 66.31164688928 0.13716766474 
0.326559 66.28492792450 0.13964354764 
0.327066 66.18895731753 0.13744814028 
0.327572 65.97473536365 0.13749102344 
0.328079 66.07433295739 0.14047189976 
0.328585 66.26628514691 0.14184448010 
0.329092 66.31941256108 0.13855787311 
0.329598 66.05580170452 0.13983628162 
0.330105 66.15814581207 0.14017128451 
0.330611 66.11048578072 0.13860967587 
0.331118 65.74728663503 0.13522073953 
0.331624 65.88246179939 0.14073287948 
0.332131 65.61662832047 0.13831137545 
0.332637 65.74311241035 0.13872955255 
0.333144 65.89231142096 0.14020471540 
0.333650 65.88318911221 0.13731007534 
0.334157 65.54125499712 0.14010340234 
0.334663 65.75298209818 0.13972060563 
0.335170 65.62359189679 0.13895928521 
0.335676 65.60206543491 0.13775551836 
0.336183 65.77419709405 0.13883858213 
0.336689 65.75562290412 0.13745249357 
0.337196 65.57705454178 0.14067262694 
0.337702 65.51924048550 0.13871044326 
0.338209 65.49255591235 0.13918723609 
0.338715 65.31257375625 0.13905088082 
0.339222 65.38606054878 0.13952542242 
0.339728 65.29569624360 0.13796340184 
0.340235 65.29059873582 0.19980230479 
0.340741 65.14354325460 0.13518279286 
0.341248 65.08662174810 0.13955324266 
0.341754 65.46040114504 0.13701010593 
0.342261 65.43800638090 0.14079678123 
0.342767 65.46031673067 0.14033668550 
0.343274 65.00174124918 0.14013655276 
0.343780 65.11212538765 0.13647074003 
0.344287 65.48892398340 0.13962830235 
0.344793 65.22695217110 0.13912367811 
0.345300 65.19617722892 0.14232182610 
0.345806 65.06469278790 0.14174068635 
0.346313 65.04602020134 0.14244136144 
0.346819 65.06873559684 0.14606746382 
0.347325 65.19222815889 0.14666203645 
0.347832 64.89925347349 0.14666316047 
0.348338 64.89148641911 0.14728586922 
0.348845 64.92508745071 0.14550910599 
0.349351 64.62149828690 0.14835212939 
0.349858 64.65512491604 0.15082347411 
0.350364 64.67332854499 0.14703941101 
0.350871 64.85652987700 0.14428567100 
0.351377 64.60724081316 0.14688348578 
0.351884 64.68695812585 0.15058404985 
0.352390 64.77731394389 0.14750952189 
0.352897 64.73952761223 0.14982622419 
0.353403 64.09128064164 0.14902632669 
0.353910 64.15405014605 0.14886652213 
0.354416 64.14526371880 0.15225278098 
0.354923 64.36510714802 0.14824454109 
0.355429 64.12399201073 0.15124979000 
0.355935 64.15701485074 0.15054617064 
0.356442 64.06243682973 0.15231751678 
0.356948 64.18209848127 0.15160829584 
0.357455 63.84415544704 0.15360365573 
0.357961 63.94660024253 0.15797515798 
0.358468 63.70862260306 0.15481965569 
0.358974 63.69045636461 0.22280024684 
0.359481 64.04798646364 0.20624716262 
0.359987 63.87675792933 0.20132790762 
0.360494 63.98997948282 0.18928525003 
0.361000 63.66636256408 0.18673423903 
0.361506 63.97553080930 0.18249392123 
0.362013 63.81795656537 0.18575597280 
0.362519 63.82891163686 0.18302474806 
0.363026 64.17867457084 0.18533374704 
0.363532 63.84947657131 0.18725228872 
0.364039 63.75659584499 0.18258566634 
0.364545 63.97239413213 0.18084437053 
0.365052 63.66172439792 0.18515129545 
0.365558 63.72713835017 0.18376040778 
0.366064 63.69266956840 0.18533771574 
0.366571 63.78708647650 0.18251138899 
0.367077 63.73917713615 0.18435567713 
0.367584 63.75005747137 0.18932511054 
0.368090 64.06478184078 0.18675136858 
0.368597 63.56440179780 0.18724679879 
0.369103 63.89713874495 0.18864092737 
0.369610 63.41360086289 0.18955941583 
0.370116 63.58635624202 0.19042043611 
0.370622 63.53823617880 0.19143544647 
0.371129 63.68362216123 0.19521883396 
0.371635 63.62169476613 0.19433207519 
0.372142 63.57908754519 0.19453826342 
0.372648 63.64378755593 0.19760808574 
0.373155 63.74633587431 0.19755022966 
0.373661 63.84771312078 0.19712414061 
0.374167 63.34210817837 0.19173516938 
0.374674 63.03021971033 0.19390412886 
0.375180 63.45828890169 0.19840669489 
0.375687 63.48103524876 0.19982044372 
0.376193 63.64107688609 0.20097684794 
0.376700 63.46070081219 0.20222317324 
0.377206 63.22086348262 0.20140192302 
0.377712 63.45101277280 0.20177339371 
0.378219 63.38208386159 0.20474031765 
0.378725 63.14971544719 0.20519272575 
0.379232 63.33192714848 0.20522953797 
0.379738 63.34105476868 0.20778764563 
0.380245 63.25703041679 0.20776006679 
0.380751 63.61218085196 0.20591120746 
0.381257 63.37221474733 0.20852657019 
0.381764 63.43050482384 0.21126196039 
0.382270 63.27155837346 0.21032245879 
0.382777 62.87449525176 0.20737457986 
0.383283 62.98205783936 0.21030125647 
0.383789 62.90595579965 0.20641787098 
0.384296 63.26210373923 0.20975076505 
0.384802 63.28138651502 0.21273937055 
0.385309 63.13029167589 0.20891931185 
0.385815 62.84213301496 0.20776747275 
0.386321 63.21007929185 0.20914708782 
0.386828 62.98387917544 0.21775577008 
0.387334 62.88152727102 0.21211029373 
0.387841 62.84106025335 0.20970057319 
0.388347 62.50310417448 0.20959353794 
0.388853 62.84682082593 0.21301630667 
0.389360 62.93977563331 0.22077143967 
0.389866 63.10704789596 0.21424110883 
0.390373 62.56486833114 0.21763235767 
0.390879 62.58368014089 0.21564277906 
0.391385 62.66681013329 0.21733010328 
0.391892 62.75664903053 0.21634347135 
0.392398 63.07875380917 0.22354268155 
0.392905 62.34051043373 0.21744766194 
0.393411 62.95707609263 0.22296825447 
0.393917 62.68694099819 0.22461031140 
0.394424 62.88664835282 0.22457096687 
0.394930 62.92974126863 0.22936832527 
0.395437 62.32467654160 0.22834808811 
0.395943 62.87303691625 0.21980789877 
0.396449 62.56816852939 0.28089965173 
0.396956 62.42407609349 0.23026631972 
0.397462 62.19509261946 0.23465774528 
0.397969 62.45909346485 0.23528772496 
0.398475 62.37963416149 0.23716278305 
0.398981 62.68494170968 0.23635669590 
0.399488 62.69602674114 0.23522995265 
0.399994 62.57890197128 0.24036159144 
0.400500 62.61242985395 0.24413600741 
0.401007 62.48415506896 0.23969969901 
0.401513 62.56981071843 0.24836440649 
0.402020 62.33028386573 0.23910324827 
0.402526 62.43885096845 0.25482486857 
0.403032 62.52395274504 0.24787199818 
0.403539 62.29533032750 0.25919976956 
0.404045 62.27347857085 0.24098163471 
0.404551 61.95065549210 0.26685239046 
0.405058 62.40148111120 0.27684310428 
0.405564 62.17945136781 0.25838094219 
0.406071 62.22599251885 0.25610945180 
0.406577 62.33379586685 0.25495380386 
0.407083 62.17294515591 0.25584081925 
0.407590 62.61938376016 0.26312457026 
0.408096 62.03474008172 0.27767098181 
0.408602 62.21271071396 0.28199557417 
0.409109 61.60045589685 0.26004139758 
0.409615 62.38785158017 0.26717193243 
0.410121 62.29020848278 0.25930761059 
0.410628 61.73554268301 0.26424222829 
0.411134 62.27328583464 0.26428284078 
0.411641 61.98469280933 0.27879706663 
0.412147 62.00434410045 0.26374608054 
0.412653 62.07034473481 0.27092540558 
0.413160 62.19610008681 0.25961156714 
0.413666 61.95070438643 0.26614994408 
0.414172 62.01692044239 0.27991053337 
0.414679 61.81657873916 0.27499462744 
0.415185 62.05797853752 0.28547128789 
0.415691 62.07430372278 0.27649282819 
0.416198 61.69812804745 0.27856564734 
0.416704 62.19226259547 0.28000636154 
0.417210 62.08248859272 0.28368138239 
0.417717 61.77224801937 0.29362261729 
0.418223 61.32742626463 0.27834709024 
0.418729 61.84004144567 0.28720719583 
0.419236 61.83886963545 0.28255563347 
0.419742 62.29145870494 0.26496154402 
0.420248 62.12607233493 0.27525844168 
0.420755 61.66890625094 0.27058538427 
0.421261 61.42601861516 0.27240795738 
0.421767 61.45120470017 0.27935663040 
0.422274 61.52501780478 0.27414803524 
0.422780 61.88165509809 0.27950364014 
0.423286 61.20837449915 0.28092784500 
0.423793 61.63509040580 0.27432284283 
0.424299 61.67851244134 0.29378799323 
0.424805 61.71717937983 0.28867376411 
0.425312 61.57313439452 0.29870861893 
0.425818 61.88484371480 0.28835161925 
0.426324 61.67210043666 0.30181228938 
0.426831 62.00199081273 0.29697697536 
0.427337 61.63383411739 0.30719524150 
0.427843 61.66267544941 0.30230770341 
0.428350 61.47507816323 0.30500145178 
0.428856 61.22568589136 0.30441763372 
0.429362 61.41543701010 0.30396212149 
0.429869 61.40669656550 0.31860569119 
0.430375 61.42101188860 0.31378752056 
0.430881 61.49895495886 0.31262792162 
0.431388 61.64337395193 0.31268809050 
0.431894 62.19607910209 0.31823713766 
0.432400 61.72992134442 0.32601317433 
0.432907 61.17956845895 0.32561557168 
0.433413 61.64465022701 0.33937207878 
0.433919 61.53819958602 0.33374170112 
0.434425 61.46702937802 0.32899565335 
0.434932 62.19195898516 0.33740314343 
0.435438 61.46846391082 0.35401417571 
0.435944 61.15891705293 0.33264185181 
0.436451 61.41564170274 0.34477883809 
0.436957 61.33663276984 0.34954181476 
0.437463 61.37607904442 0.35806627257 
0.437970 61.68260289470 0.34669173160 
0.438476 61.22590829819 0.35398955365 
0.438982 61.36743038433 0.36856918362 
0.439489 60.23734801448 0.37243876194 
0.439995 60.88774276075 0.38216712002 
0.440501 61.20650508441 0.38599458219 
0.441007 61.39836387275 0.37781238751 
0.441514 61.16467616695 0.36715733515 
0.442020 61.49458547003 0.38563174430 
0.442526 60.92866426142 0.38480916083 
0.443033 61.22717130614 0.39284465964 
0.443539 60.94115816520 0.40775438419 
0.444045 60.55052600553 0.40650052386 
0.444551 61.55041973693 0.42420786903 
0.445058 60.94298632090 0.40709808623 
0.445564 60.76511777604 0.43459555659 
0.446070 60.91249886987 0.42730348656 
0.446577 60.79442802078 0.43580618848 
0.447083 61.12212388664 0.45709088885 
0.447589 60.82069480221 0.46729689270 
0.448095 60.83151565296 0.46618365690 
0.448602 60.67927800119 0.45631889319 
0.449108 60.21807914416 0.48154872077 
0.449614 60.35960196378 0.47025771523 
0.450121 60.94509215701 0.47929725989 
0.450627 60.84208207202 0.50761790198 
0.451133 60.23248344492 0.50732924985 
0.451639 60.47066853923 0.52727285063 
0.452146 61.34401423088 0.52613173802 
0.452652 60.53645118010 0.54224831060 
0.453158 59.56290897689 0.57091505449 
0.453664 60.15237912975 0.56505052647 
0.454171 61.18794705943 0.57857630943 
0.454677 60.88577085337 0.60668992725 
0.455183 60.19014698650 0.59996900498 
0.455689 59.46704318804 0.62473014345 
0.456196 59.20405730002 0.64912526533 
0.456702 60.68685439876 0.63950146824 
0.457208 60.57143971684 0.70370376044 
0.457714 60.27386553434 0.77216966924 
0.458221 60.34851114457 0.74991404878 
0.458727 59.24681822275 0.77483938902 
0.459233 60.02904488864 0.80665658119 
0.459740 60.62516046908 0.83149019626 
0.460246 59.82611108814 0.92075098595 
0.460752 60.92538067353 0.95282760658 
0.461258 60.34241690598 0.98454139201 
0.461765 59.16440125066 1.04617000454 
0.462271 60.59741643485 1.03682051791 
0.462777 58.00891603966 1.10223920784 
0.463283 59.25096798780 1.25055280989 
0.463789 60.33742659576 1.35663610901 
0.464296 59.86516781812 1.32245271231 
0.464802 59.61974285210 1.30882618807 
0.465308 61.48257990559 1.53906106811 
0.465814 59.55664435398 1.62331928087 
0.466321 58.82558846678 1.67048080787 
0.466827 60.71869350170 1.89056547859 
0.467333 59.76657142085 1.92632492475 
0.467839 60.50973300113 1.98115420863 
0.468346 58.50201521822 2.35602911835 
0.468852 59.33496652825 2.53598166692 
0.469358 58.12625279762 2.80315273260 
0.469864 57.99568724722 2.95061492396 
0.470371 60.99712334157 4.00916658137 
0.470877 58.07580003995 4.35553964643 
0.471383 56.15814242189 5.27348538436 
0.471889 54.75520595331 7.04975729553 
0.472395 55.41150202162 5.87272686824 
0.472902 52.51091002082 12.53467100096 
