0.010896 1343.23188471030 11.37777859362 
0.011402 1187.65378949908 13.20275177367 
0.011909 1077.87271640728 9.47222814888 
0.012416 982.09752915300 9.07664668143 
0.012923 881.22784820133 6.51941710730 
0.013430 817.84913077706 10.65867263599 
0.013936 774.36720695954 9.74936623739 
0.014443 729.77294623502 7.51047138808 
0.014950 672.80823400596 6.38415023168 
0.015457 623.66427667655 5.37948464883 
0.015963 577.13174241701 4.82495809642 
0.016470 540.38266180295 4.01456332615 
0.016977 506.54151679470 3.74219994667 
0.017484 471.12663959017 3.26085281292 
0.017990 442.50867687727 2.86037899946 
0.018497 418.28265490761 2.64309011747 
0.019004 397.26097354567 2.42812730621 
0.019511 375.62529706688 2.25042803950 
0.020018 358.40142342060 2.04848258612 
0.020524 339.49623491789 1.96020306278 
0.021031 325.41071495257 1.97114652755 
0.021538 314.46640027061 1.69152522073 
0.022045 301.15070441557 1.58835975386 
0.022551 289.25073370837 1.53564920370 
0.023058 277.90017496156 1.49273834064 
0.023565 268.67576050385 1.50105678865 
0.024072 259.06799153496 1.68131167562 
0.024579 248.46233013565 1.64641480322 
0.025085 241.81090918994 2.10687268061 
0.025592 236.15583540520 2.09186147551 
0.026099 227.12587898767 2.20673479070 
0.026606 222.64355627953 1.70524362001 
0.027112 215.28680253469 1.68063951677 
0.027619 212.31718314420 1.52675064414 
0.028126 206.13938594066 1.44875597374 
0.028633 200.86882257724 1.33778472155 
0.029139 197.35324185982 1.20673919421 
0.029646 193.24575600629 1.16998399876 
0.030153 188.98430732226 1.16367385302 
0.030660 185.68070459361 1.04371004003 
0.031167 181.69629938574 0.97744794149 
0.031673 179.29527550839 0.95346871308 
0.032180 175.64059404735 0.92084132734 
0.032687 172.35112638910 0.93355222385 
0.033194 169.90260784278 0.81386086809 
0.033700 167.55382708353 0.74319316455 
0.034207 164.66189423872 0.78635831255 
0.034714 162.99494722388 0.77263852296 
0.035221 159.72807410158 0.73725937646 
0.035727 158.48183117822 0.68369246623 
0.036234 155.74161975950 0.66437043996 
0.036741 153.22794647296 0.66548696470 
0.037248 151.35176328548 0.66111682932 
0.037755 150.48835139466 0.63434691122 
0.038261 147.77786358967 0.60683644632 
0.038768 146.18407975390 0.55417909594 
0.039275 144.62037828360 0.57537069831 
0.039782 143.39776719592 0.56876482088 
0.040288 141.83507686183 0.57827780730 
0.040795 140.66129408492 0.58645601534 
0.041302 139.19589012753 0.55371081794 
0.041809 138.44536912973 0.56001141356 
0.042315 136.56820510349 0.53537821390 
0.042822 136.39209805978 0.55851979132 
0.043329 134.24067397758 0.55483713659 
0.043836 133.10352038968 0.53934243289 
0.044343 132.50751257662 0.51462753834 
0.044849 131.39870255194 0.53856141710 
0.045356 130.88343860845 0.52452676177 
0.045863 129.25708279782 0.52580370752 
0.046370 128.69572194798 0.49935985302 
0.046876 126.52048964603 0.48190038171 
0.047383 127.38317844696 0.48808509417 
0.047890 126.33790182504 0.48826470922 
0.048397 125.68381421227 0.47740925501 
0.048903 123.93433520221 0.48542134175 
0.049410 123.92132547010 0.48263879079 
0.049917 123.11499861762 0.48003098609 
0.050424 121.49323764992 0.44691011525 
0.050931 121.79317600180 0.47817088871 
0.051437 120.20783267987 0.45906738534 
0.051944 119.48301424373 0.44448246413 
0.052451 118.26279375856 0.45165425911 
0.052958 118.27301442711 0.42481461101 
0.053464 117.20361221495 0.44474066078 
0.053971 117.47552550009 0.43742809103 
0.054478 116.27498740954 0.43806923384 
0.054985 115.80895653555 0.43994690253 
0.055491 115.12622414036 0.45208124349 
0.055998 114.81538248122 0.41889958603 
0.056505 114.50079780983 0.41529729060 
0.057012 113.04341217597 0.43101414755 
0.057519 113.11416391634 0.44211262747 
0.058025 112.65257835170 0.41863189540 
0.058532 111.86505216295 0.41339420462 
0.059039 110.97190857420 0.42625940534 
0.059546 110.68045509288 0.40868336511 
0.060052 110.14341263459 0.41139806571 
0.060559 110.30018316731 0.40109721310 
0.061066 109.27777695909 0.42047122879 
0.061573 108.77890502565 0.40240246339 
0.062079 108.00544062153 0.40103453796 
0.062586 107.42802078160 0.39000226868 
0.063093 107.18520731789 0.38555703639 
0.063600 106.57541708625 0.39895816837 
0.064106 106.41184700260 0.40145979253 
0.064613 106.14848551412 0.39352108750 
0.065120 105.64973265738 0.37316621121 
0.065627 105.55991789739 0.37751417179 
0.066134 104.62583195513 0.37919140973 
0.066640 104.28647566956 0.37478061929 
0.067147 104.34504373310 0.37873758664 
0.067654 103.82286745772 0.38237669415 
0.068161 103.22523246421 0.36698153325 
0.068667 103.18080959367 0.36943387082 
0.069174 102.40189768037 0.37623198148 
0.069681 102.23053422647 0.35406672282 
0.070188 102.17262196865 0.34955778120 
0.070694 101.68772857394 0.36847215497 
0.071201 101.71310754043 0.35596480595 
0.071708 101.71434451666 0.36147292296 
0.072215 101.31445314345 0.35260622748 
0.072721 100.24501535347 0.34513123029 
0.073228 100.54347046063 0.34226599786 
0.073735 99.88853632597 0.34973816225 
0.074242 99.94278696647 0.36458653666 
0.074748 99.54346069209 0.34170327310 
0.075255 98.97048989845 0.34291750497 
0.075762 99.03955232692 0.34249685143 
0.076269 98.45699553728 0.35331427530 
0.076776 98.61912843999 0.32678889862 
0.077282 98.04030181381 0.32427681595 
0.077789 98.15951370160 0.34048710392 
0.078296 97.38989611489 0.32807180870 
0.078803 97.56611783758 0.32772706350 
0.079309 97.74625011176 0.34512630831 
0.079816 97.34281357073 0.32832433013 
0.080323 97.37883124450 0.31828644198 
0.080830 96.72985252384 0.32824553943 
0.081336 96.68694554641 0.33484516630 
0.081843 96.82289259995 0.32703071890 
0.082350 96.65929223060 0.33718645287 
0.082857 96.13662632377 0.32842158101 
0.083363 96.47286529285 0.32242446452 
0.083870 95.84094262243 0.33102942888 
0.084377 95.65271825023 0.32764173147 
0.084884 95.72580835475 0.32697456282 
0.085390 95.63859087703 0.32916314865 
0.085897 95.38428959927 0.32763661177 
0.086404 95.67487631290 0.32754669476 
0.086911 95.18964424296 0.32369779517 
0.087417 94.94741103841 0.32912907260 
0.087924 94.99110921241 0.33205888159 
0.088431 94.55704123158 0.33264134776 
0.088938 94.13604674026 0.32814086541 
0.089444 94.81967636787 0.32948776431 
0.089951 94.60073689860 0.33446755459 
0.090458 94.46652506604 0.31705664886 
0.090965 93.85176562559 0.32914758262 
0.091471 93.41554644277 0.33652306758 
0.091978 93.10542654098 0.31757025300 
0.092485 93.06202060800 0.34455808819 
0.092992 93.23627326490 0.34098826755 
0.093498 92.56423595402 0.33950873184 
0.094005 92.87927790262 0.33615098116 
0.094512 92.71169783965 0.33625362574 
0.095019 91.74941318063 0.33694936521 
0.095525 92.78798358898 0.32924233933 
0.096032 92.34873475947 0.32581303017 
0.096539 92.24870520110 0.32395952165 
0.097046 91.76799593197 0.32847699848 
0.097552 91.68186134687 0.34094543773 
0.098059 91.49538159752 0.32800644858 
0.098566 91.75219814078 0.31525616223 
0.099073 91.42686121869 0.32081470599 
0.099579 91.26010111058 0.33069269758 
0.100086 90.98150342201 0.32929854330 
0.100593 90.97362277168 0.32581798959 
0.101100 90.95895570613 0.30375172675 
0.101606 90.80772953585 0.31066146869 
0.102113 90.25721539166 0.30342357849 
0.102620 89.66847294456 0.29750402237 
0.103127 88.95473782324 0.29200951479 
0.103633 88.46356838507 0.29238505491 
0.104140 88.94504116979 0.30571641507 
0.104647 88.61354824870 0.30612655263 
0.105154 88.46825755030 0.30513826101 
0.105660 88.89397702077 0.29725715959 
0.106167 88.31070009968 0.29811614957 
0.106674 88.41048013050 0.30403339778 
0.107181 88.13636304505 0.29539175140 
0.107687 87.96033002473 0.29566573855 
0.108194 87.96267553558 0.28947213933 
0.108701 87.41256605525 0.29629378289 
0.109208 87.94654736218 0.29342451176 
0.109714 87.46689582968 0.29408162135 
0.110221 87.27658255150 0.29651678356 
0.110728 87.24350537410 0.28561151948 
0.111235 87.21402008909 0.28673645525 
0.111741 87.16640794914 0.29024542165 
0.112248 86.77421320531 0.27314894886 
0.112755 86.43051141917 0.28262042429 
0.113262 86.79778332127 0.28649248373 
0.113768 86.69570511931 0.27575669617 
0.114275 86.77301397771 0.27834974494 
0.114782 86.49710277918 0.27831581497 
0.115289 86.36493527016 0.27973786653 
0.115795 86.62315165340 0.27821156461 
0.116302 86.01369724233 0.27168228418 
0.116809 86.00526872780 0.26671831729 
0.117316 86.12984706426 0.27591712437 
0.117822 85.83657657550 0.27774117641 
0.118329 85.73033925915 0.27182637277 
0.118836 85.87325365665 0.27664911388 
0.119342 86.01961819343 0.26293625570 
0.119849 85.83834185331 0.27212296582 
0.120356 86.05750753585 0.27511728615 
0.120863 85.61020941314 0.27875578134 
0.121369 85.68319301529 0.26221736870 
0.121876 85.54286850630 0.26284246734 
0.122383 85.20161612204 0.26387330087 
0.122890 85.29987018811 0.26858592366 
0.123396 84.99533370775 0.26467533670 
0.123903 84.65673372268 0.26001996502 
0.124410 85.08773132845 0.26780195141 
0.124917 84.00124863311 0.26144364163 
0.125423 84.36626083766 0.26000043872 
0.125930 84.72910069654 0.26025958576 
0.126437 84.57620892448 0.26201522511 
0.126944 84.79631592002 0.25833413290 
0.127450 84.27291417132 0.25215249722 
0.127957 84.35077808937 0.25860210162 
0.128464 84.12914225886 0.25626049531 
0.128970 84.36858474150 0.25807363240 
0.129477 84.47805811236 0.25598969711 
0.129984 83.95598640010 0.26446790495 
0.130491 84.16239648581 0.25549253942 
0.130997 84.06420931846 0.25103715840 
0.131504 83.80886472289 0.25204783053 
0.132011 84.19410439088 0.25410275176 
0.132518 84.03227618555 0.25226013788 
0.133024 83.68164735553 0.25069501621 
0.133531 83.42770616994 0.24936907952 
0.134038 83.84636459862 0.25501061054 
0.134545 83.85222555699 0.25069688748 
0.135051 83.53077458602 0.24187895987 
0.135558 83.60400267443 0.24864873481 
0.136065 83.38115183863 0.24553344659 
0.136571 83.29202448418 0.23947621138 
0.137078 83.45761440961 0.24389301239 
0.137585 83.27907606542 0.24347323643 
0.138092 83.20258337494 0.24117042799 
0.138598 83.20346270088 0.23857532735 
0.139105 82.85421173333 0.24132759234 
0.139612 83.27962741620 0.24374850527 
0.140119 83.03910643083 0.24177743555 
0.140625 82.61410124008 0.23926599915 
0.141132 82.50415884638 0.24189282038 
0.141639 82.59529402107 0.24185868654 
0.142145 82.69078518343 0.24124927285 
0.142652 82.74718549669 0.24025032587 
0.143159 82.45874295519 0.23652390039 
0.143666 82.58684887984 0.23934893383 
0.144172 82.46305343276 0.24040442199 
0.144679 82.01624204309 0.23987598152 
0.145186 82.07396174024 0.24142690819 
0.145692 81.69848987768 0.24231194721 
0.146199 81.50010439760 0.23893605707 
0.146706 81.49054219916 0.23751496490 
0.147213 81.64669414717 0.23700295289 
0.147719 81.78383276738 0.24421775153 
0.148226 81.50407438649 0.23617931755 
0.148733 80.87428687571 0.24349284533 
0.149240 81.56519633229 0.23918662724 
0.149746 81.27004613077 0.24588149071 
0.150253 80.69737948399 0.23768431855 
0.150760 81.06452174869 0.23679743810 
0.151266 80.91777551458 0.23700041297 
0.151773 80.92123691951 0.24202034794 
0.152280 81.06409110523 0.23848503691 
0.152787 80.91162672645 0.24033937194 
0.153293 80.41549064469 0.24092285659 
0.153800 80.53794775962 0.24037787480 
0.154307 80.17272160847 0.24613080255 
0.154813 80.48877207880 0.23835710852 
0.155320 80.38542649657 0.23843263793 
0.155827 80.44057972753 0.24621386846 
0.156334 80.37934713329 0.23683750703 
0.156840 80.01301852954 0.23190683420 
0.157347 80.23139019374 0.23700372789 
0.157854 79.87293545507 0.23527637174 
0.158360 79.87897583322 0.23749534088 
0.158867 80.18426777929 0.23564002417 
0.159374 79.61976521720 0.23725895705 
0.159881 79.59226940316 0.23815367802 
0.160387 79.59815507459 0.22813984873 
0.160894 79.47263199384 0.23504331553 
0.161401 79.88128707275 0.23145925556 
0.161907 79.61687627945 0.23430448992 
0.162414 79.55355401076 0.23275099255 
0.162921 79.35223395591 0.22856581768 
0.163427 79.38903556146 0.23490201066 
0.163934 79.21896434930 0.22944433571 
0.164441 79.22551381599 0.22714274061 
0.164948 79.24257569397 0.22694369203 
0.165454 79.35500142288 0.23214963804 
0.165961 78.74524341975 0.23036752528 
0.166468 79.33997017474 0.22585680088 
0.166974 78.71339501909 0.23501434522 
0.167481 78.86405615678 0.23274514170 
0.167988 79.03037163598 0.23027058013 
0.168495 78.85804908211 0.23437615133 
0.169001 78.86119363236 0.23123782222 
0.169508 78.92884157627 0.23089190266 
0.170015 79.21689761071 0.22976588977 
0.170521 78.70433874769 0.23338906291 
0.171028 78.84779691256 0.23130523666 
0.171535 78.83231631951 0.23439913697 
0.172041 78.82750404972 0.23575540707 
0.172548 78.78794458286 0.22869685316 
0.173055 78.67871637705 0.23343629467 
0.173562 78.90316289737 0.22752413154 
0.174068 78.57787278862 0.23901993776 
0.174575 78.71797498477 0.24026774774 
0.175082 78.59551454599 0.22983763701 
0.175588 78.88467439410 0.24167231734 
0.176095 78.64429968408 0.24025225882 
0.176602 78.86945692575 0.23720585401 
0.177108 78.68653466493 0.24232806805 
0.177615 78.42974800339 0.23377219965 
0.178122 78.55751187610 0.24036961092 
0.178629 78.33426161631 0.23472946569 
0.179135 78.44998423666 0.23702813239 
0.179642 78.10729014588 0.23949796684 
0.180149 78.57245176296 0.23220269871 
0.180655 78.27893361334 0.23626468928 
0.181162 78.31978634852 0.23862765379 
0.181669 78.59691915724 0.23466322245 
0.182175 78.45993177399 0.24210308954 
0.182682 78.58764267862 0.24252776544 
0.183189 78.44888617354 0.23797805184 
0.183695 78.61506540070 0.24085943918 
0.184202 78.23688493931 0.24027443344 
0.184709 77.97090279301 0.24608828167 
0.185216 78.39441357758 0.24291566532 
0.185722 78.01218744928 0.24282271411 
0.186229 78.03170817556 0.24315965241 
0.186736 77.74826253125 0.24439442878 
0.187242 77.35281516682 0.24335435144 
0.187749 77.28396154733 0.25350645313 
0.188256 77.49517432246 0.24947740407 
0.188762 77.48857058663 0.24270269595 
0.189269 77.53692236543 0.24832606773 
0.189776 77.51731013870 0.24626607286 
0.190282 77.28436438600 0.24939639162 
0.190789 77.19901442633 0.24121584620 
0.191296 77.38653423125 0.24089053986 
0.191802 77.41290956120 0.24471949678 
0.192309 76.83144884694 0.24359249118 
0.192816 76.65181322059 0.24312953432 
0.193323 76.64356940477 0.23755135288 
0.193829 76.49865574415 0.24030404056 
0.194336 76.11207128992 0.23770858987 
0.194843 76.18250600765 0.23200169438 
0.195349 76.00461230106 0.23194084884 
0.195856 76.20715259523 0.23352765710 
0.196363 76.17365747948 0.23488623950 
0.196869 76.34623397816 0.23390782988 
0.197376 76.20748797446 0.22553992084 
0.197883 76.09365003854 0.22426703785 
0.198389 75.77516266456 0.22846365052 
0.198896 75.63701235681 0.22589112609 
0.199403 76.01453813809 0.22215664765 
0.199909 75.85383284518 0.22110040709 
0.200416 75.82033634569 0.22772388881 
0.200923 75.89579925248 0.22453115485 
0.201429 75.11690174932 0.22225507874 
0.201936 75.48427022731 0.21931105237 
0.202443 75.49012745555 0.21728700827 
0.202949 75.50228459576 0.22558947048 
0.203456 75.57334905119 0.21974757367 
0.203963 75.14890010368 0.22108321115 
0.204469 75.23241556043 0.22057026303 
0.204976 75.40786881200 0.21489847753 
0.205483 75.40595272040 0.21929930921 
0.205989 75.57112255927 0.22066275121 
0.206496 75.64882437760 0.21700334930 
0.207003 75.10680977502 0.21629664502 
0.207509 75.45582602514 0.21659602181 
0.208016 75.00686162651 0.21270355443 
0.208523 75.28269844062 0.21081017529 
0.209029 75.22033553277 0.21328754579 
0.209536 75.01530737628 0.20868246370 
0.210043 74.83656894181 0.21422518935 
0.210549 74.78293172286 0.21336897074 
0.211056 75.03998414540 0.21196495672 
0.211563 75.06639110358 0.20906784319 
0.212069 74.77817035388 0.20850462871 
0.212576 74.43696322936 0.21121419672 
0.213083 74.74125919540 0.21222241583 
0.213589 74.90853419877 0.20963994194 
0.214096 74.81313286399 0.20718174810 
0.214603 74.68949361856 0.20964232184 
0.215109 74.64303302784 0.20824621696 
0.215616 74.37341861695 0.20447921387 
0.216123 74.35101777865 0.20441581407 
0.216629 74.12880286207 0.20445926979 
0.217136 73.99834497130 0.20633343690 
0.217643 74.13296490151 0.20754521559 
0.218149 73.82357187231 0.20707246005 
0.218656 73.76244323194 0.20562781529 
0.219163 73.74155344056 0.20313784127 
0.219669 73.78140205459 0.20643810002 
0.220176 73.86244584416 0.20574312677 
0.220683 73.72546855763 0.20368167934 
0.221189 73.75177135302 0.20159713117 
0.221696 74.17686507999 0.20898798204 
0.222203 73.94979124970 0.20198228565 
0.222709 73.80432630573 0.20172107024 
0.223216 73.87136419186 0.20555194705 
0.223722 73.54035860886 0.20467712750 
0.224229 73.63545901591 0.20015164576 
0.224736 73.36740502452 0.20226399522 
0.225242 73.58428847998 0.20042059915 
0.225749 73.17506427505 0.20202067003 
0.226256 73.48533534213 0.20403577100 
0.226762 73.30316821227 0.20033033888 
0.227269 73.43123334680 0.20273459339 
0.227776 73.54095038553 0.20198934066 
0.228282 73.20566147545 0.20267314931 
0.228789 73.22224707678 0.20101093985 
0.229296 73.01264591768 0.19601724601 
0.229802 73.00377737361 0.20164133437 
0.230309 73.00598890996 0.19898357842 
0.230816 73.01574841073 0.19921715092 
0.231322 72.95283447429 0.20359463916 
0.231829 72.76258109430 0.19956879237 
0.232335 73.04058918091 0.19862221587 
0.232842 72.95930372253 0.19867696095 
0.233349 72.63654779533 0.20024352767 
0.233855 72.72542998322 0.20013276118 
0.234362 72.83466785852 0.19864763171 
0.234869 72.60396221571 0.19835829872 
0.235375 72.25866222804 0.19636432009 
0.235882 72.56059587310 0.19964277177 
0.236389 72.44716765324 0.20135008500 
0.236895 72.37870048776 0.19654844447 
0.237402 72.19544852890 0.19779784972 
0.237908 72.47376989222 0.19779509280 
0.238415 72.13165117509 0.20370158384 
0.238922 72.14223274206 0.19670691300 
0.239428 72.05157435401 0.19924533832 
0.239935 72.11486556727 0.19738507274 
0.240442 71.87342508671 0.19657878423 
0.240948 71.96059330061 0.19954952524 
0.241455 71.98146432757 0.20058683177 
0.241962 72.16125835309 0.19584908516 
0.242468 71.66652768482 0.19724234278 
0.242975 71.75680077468 0.19861915827 
0.243481 71.92741958416 0.19676568394 
0.243988 71.60057077255 0.19860084150 
0.244495 71.54122583134 0.19765140737 
0.245001 71.89270550843 0.19654926073 
0.245508 71.63109143755 0.19560626250 
0.246015 71.57784755538 0.19692866305 
0.246521 71.64275524297 0.19806213111 
0.247028 71.48212480595 0.19583008571 
0.247534 71.33632216833 0.19633069966 
0.248041 71.46023535317 0.19368122826 
0.248548 71.46914584090 0.19612967769 
0.249054 71.44557211707 0.19592898850 
0.249561 71.33544904853 0.19622504438 
0.250068 71.11513853317 0.19517410777 
0.250574 71.11611944059 0.19629208947 
0.251081 71.00170648273 0.20029632202 
0.251587 71.18474523515 0.19711030175 
0.252094 70.97009764857 0.20012364507 
0.252601 70.90139799179 0.20127829889 
0.253107 70.94073266784 0.19531482882 
0.253614 71.11269889927 0.20066353457 
0.254120 70.84207994453 0.19359194774 
0.254627 70.73362343826 0.19651405867 
0.255134 71.01831409653 0.19531060345 
0.255640 70.71316669420 0.19099438091 
0.256147 70.76378605152 0.19697455129 
0.256654 70.70089350556 0.19653283110 
0.257160 70.87187717835 0.19299138298 
0.257667 71.30254388706 0.19701176958 
0.258173 70.97391504128 0.19501117371 
0.258680 71.24967332620 0.19412477176 
0.259187 71.13083986658 0.19611050070 
0.259693 71.16682204227 0.19410388288 
0.260200 71.11479524350 0.19688703784 
0.260706 71.26333303149 0.19277717879 
0.261213 71.80025247709 0.19550240045 
0.261720 71.53647109649 0.19177279572 
0.262226 71.43853902813 0.19152059485 
0.262733 71.56677143378 0.19286931961 
0.263239 71.64130957853 0.19303595948 
0.263746 71.66138965708 0.19602347990 
0.264253 71.57659877766 0.19392389711 
0.264759 71.66026967511 0.19479063861 
0.265266 71.50052277461 0.19055678533 
0.265772 71.45129243339 0.19076590454 
0.266279 71.70967265315 0.19140199203 
0.266786 71.85210950012 0.19178180267 
0.267292 71.34009931510 0.18895135184 
0.267799 71.67593242625 0.19112819459 
0.268305 71.40011090008 0.19128949734 
0.268812 71.72723440171 0.18970191603 
0.269319 71.38560426979 0.19330642665 
0.269825 71.95361296651 0.19096773518 
0.270332 71.83086906709 0.18967324336 
0.270838 71.91153602997 0.18902456962 
0.271345 72.01043305010 0.19445528055 
0.271852 72.06653106192 0.19306511670 
0.272358 72.01681829456 0.19451111292 
0.272865 72.06314526845 0.19236705646 
0.273371 72.40091047127 0.19192204801 
0.273878 72.11518933181 0.19038354912 
0.274385 72.32213241798 0.19148081536 
0.274891 72.56646943419 0.19039486307 
0.275398 72.18382799074 0.18648519157 
0.275904 71.77099598718 0.18316172078 
0.276411 72.24891599208 0.18513924792 
0.276917 72.04293167919 0.18727884616 
0.277424 72.25569410744 0.18383152371 
0.277931 72.05869150139 0.18173136646 
0.278437 72.12875268765 0.18174649598 
0.278944 72.01157967409 0.18136586875 
0.279450 71.82202214319 0.18438277993 
0.279957 72.27019105832 0.18870318356 
0.280464 71.91540292178 0.18094289582 
0.280970 72.04216051848 0.17921329311 
0.281477 71.91777210722 0.17969514058 
0.281983 71.99644904235 0.18238845890 
0.282490 72.12886485352 0.17923378038 
0.282996 72.06693678536 0.18146908393 
0.283503 71.83676352815 0.17993535866 
0.284010 72.05124246288 0.17724445042 
0.284516 71.34402866214 0.18065612606 
0.285023 71.96680076506 0.17865419859 
0.285529 71.77065755316 0.17380168481 
0.286036 71.65827541581 0.17498637969 
0.286542 71.83748804811 0.17335057509 
0.287049 71.70065304573 0.17597048914 
0.287556 71.32924663103 0.17354426809 
0.288062 71.55675998122 0.17317938240 
0.288569 71.28554575879 0.17064498556 
0.289075 71.57572655040 0.17270869503 
0.289582 71.10172844975 0.17273032409 
0.290088 71.28924507718 0.16863010581 
0.290595 71.30105894854 0.16947131968 
0.291102 71.22581278445 0.16665885442 
0.291608 71.26997769998 0.16954357610 
0.292115 71.10605566259 0.16835594321 
0.292621 71.02829813982 0.16679528107 
0.293128 70.96489224661 0.16575349940 
0.293634 71.17211780083 0.16638766887 
0.294141 70.98200092744 0.16610825870 
0.294647 71.03737501244 0.16540266383 
0.295154 70.60058432057 0.16659098602 
0.295661 70.60249624984 0.16869136496 
0.296167 70.88099402279 0.16510074124 
0.296674 70.82779843431 0.16617870902 
0.297180 71.07945315363 0.16788040797 
0.297687 70.66701727618 0.16552781417 
0.298193 70.61305092112 0.16424194926 
0.298700 70.61498324248 0.16627658402 
0.299207 70.61823167488 0.16224617350 
0.299713 70.62793044579 0.16254581258 
0.300220 70.59475979748 0.16496508163 
0.300726 70.30429315236 0.16309168054 
0.301233 70.63662007407 0.16305338808 
0.301739 69.95041338578 0.16316540911 
0.302246 70.10984625574 0.16548426460 
0.302752 70.40533161956 0.16158843520 
0.303259 70.41153247384 0.15937862801 
0.303765 69.86569435941 0.16120911664 
0.304272 70.32943112032 0.16193131307 
0.304779 69.96361585053 0.16059941667 
0.305285 70.04505558740 0.16242360776 
0.305792 70.16185487234 0.16115971943 
0.306298 70.01553613302 0.16192374814 
0.306805 69.63133016961 0.16274353225 
0.307311 69.76170446818 0.15990624738 
0.307818 69.64120257818 0.15878877554 
0.308324 69.53666940801 0.15719201839 
0.308831 69.56885392126 0.15644711502 
0.309337 69.42212049110 0.15458613323 
0.309844 69.41532834066 0.15203635771 
0.310350 68.98158123826 0.15227039939 
0.310857 68.83353703674 0.15179413639 
0.311364 68.86263541319 0.15205091954 
0.311870 68.50016350152 0.15122186851 
0.312377 68.34458321642 0.14917754867 
0.312883 67.96168541830 0.14582659985 
0.313390 67.86514295697 0.14698016486 
0.313896 67.81197421288 0.14478593110 
0.314403 67.99387551133 0.14357363177 
0.314909 67.63647383560 0.14335856115 
0.315416 67.58957225781 0.14409816178 
0.315922 67.15299481588 0.14436310539 
0.316429 67.30725525466 0.14432544062 
0.316935 67.34459591084 0.14208907397 
0.317442 67.16056521170 0.14315712493 
0.317948 67.18438674806 0.14314893861 
0.318455 67.15992988580 0.14342943703 
0.318961 66.66739597271 0.14132985542 
0.319468 66.66682780227 0.14192464806 
0.319975 66.80584545096 0.14502263671 
0.320481 66.61904251487 0.13973817199 
0.320988 67.02531303474 0.14096602096 
0.321494 66.57155793933 0.13711476167 
0.322001 66.75868179480 0.19338339335 
0.322507 66.42995562528 0.14159912984 
0.323014 66.70160699592 0.14284335989 
0.323520 66.46788011287 0.14063617373 
0.324027 66.66544397644 0.14311174359 
0.324533 66.10794021813 0.14151052119 
0.325040 66.47826220080 0.13840870718 
0.325546 66.49936689531 0.14171481468 
0.326053 66.43257630411 0.13935165415 
0.326559 66.35876743553 0.13778108902 
0.327066 66.37105714252 0.13849390165 
0.327572 66.33330416869 0.13894334796 
0.328079 66.11887415550 0.13934813126 
0.328585 65.90930091161 0.13744987779 
0.329092 66.20092104373 0.13974628320 
0.329598 66.14981326474 0.13929759172 
0.330105 65.72226625670 0.13767216969 
0.330611 65.99104342593 0.14021531036 
0.331118 65.98715428709 0.14127053180 
0.331624 65.85125277934 0.13848250834 
0.332131 65.94613036769 0.13665732251 
0.332637 65.89700801002 0.13780588429 
0.333144 65.85853525999 0.14342328401 
0.333650 65.90973906964 0.13850706274 
0.334157 65.73857346367 0.13567222952 
0.334663 65.58158591144 0.13866660058 
0.335170 65.87214195986 0.14199809306 
0.335676 65.77935960238 0.13909417389 
0.336183 65.66278220435 0.13949077352 
0.336689 65.40092884409 0.13938326154 
0.337196 65.52482582532 0.13983256141 
0.337702 65.37066796793 0.13842671095 
0.338209 65.39583840964 0.13910189770 
0.338715 65.46206980576 0.14104716723 
0.339222 65.54229005002 0.13837729656 
0.339728 65.26611662047 0.13544279896 
0.340235 65.42373538853 0.22250879783 
0.340741 65.51592373948 0.14182095187 
0.341248 65.12266739940 0.13920708145 
0.341754 65.17345930522 0.14082872966 
0.342261 65.13091196977 0.14054018568 
0.342767 65.04616052586 0.13931537272 
0.343274 65.09142256268 0.13945114727 
0.343780 65.20935799843 0.13976170278 
0.344287 65.02811495114 0.13994667828 
0.344793 65.00630591599 0.14033831241 
0.345300 65.06411545203 0.14281337655 
0.345806 65.07624838671 0.14079833066 
0.346313 65.25822306360 0.14187683046 
0.346819 64.91937004747 0.14436753969 
0.347325 64.98274889329 0.14312846439 
0.347832 64.90248589853 0.14459136621 
0.348338 64.75687917826 0.14529245189 
0.348845 64.96887045425 0.14688897207 
0.349351 64.63303830056 0.14744450307 
0.349858 64.60101269364 0.15096773485 
0.350364 64.55581914267 0.14670648474 
0.350871 64.62767957114 0.14990312339 
0.351377 64.59035945065 0.14881839657 
0.351884 64.45664798465 0.14503420159 
0.352390 64.41176406864 0.14889183038 
0.352897 64.41677888538 0.15118419953 
0.353403 64.52443988700 0.15200091007 
0.353910 64.20707669668 0.15119372940 
0.354416 64.46300358710 0.15453254218 
0.354923 64.22965303294 0.15163453525 
0.355429 64.07682949092 0.15595261132 
0.355935 63.86142226153 0.15129007140 
0.356442 64.07212299719 0.15190342915 
0.356948 64.02737992122 0.15644556879 
0.357455 63.71637231104 0.15505525515 
0.357961 63.77457340416 0.15743160050 
0.358468 63.71201009632 0.15707720101 
0.358974 63.70468720498 0.21927027964 
0.359481 63.74681698814 0.20373052456 
0.359987 63.99152105894 0.19949153823 
0.360494 63.58519057395 0.18763962574 
0.361000 63.69693213413 0.18906643005 
0.361506 63.52658714302 0.18405934479 
0.362013 63.65381526372 0.18489203051 
0.362519 63.71850889078 0.18219792410 
0.363026 63.77332963504 0.18475194525 
0.363532 63.92389075245 0.18870597074 
0.364039 63.75936095890 0.18277956285 
0.364545 63.85907663065 0.18254268502 
0.365052 63.67322055135 0.18442288968 
0.365558 63.70834451087 0.17889657590 
0.366064 63.50382978799 0.18271551308 
0.366571 63.62087610589 0.18511782213 
0.367077 63.51135618313 0.18551945047 
0.367584 63.95119254807 0.18609650547 
0.368090 63.55081649708 0.18407067109 
0.368597 63.49549762771 0.18862244975 
0.369103 63.76282651386 0.18955708216 
0.369610 63.58950836289 0.19001765363 
0.370116 63.63419630088 0.18582155689 
0.370622 63.74475689315 0.18676423975 
0.371129 63.72315319268 0.19594159751 
0.371635 63.43536717015 0.18945050802 
0.372142 63.86592862559 0.18865579331 
0.372648 63.41137821133 0.18986977236 
0.373155 63.29555985167 0.19413310416 
0.373661 63.19696343854 0.19373175920 
0.374167 63.32895416956 0.19438239943 
0.374674 63.57781015056 0.19836844998 
0.375180 63.69752497323 0.19463582942 
0.375687 63.40772421773 0.20162074168 
0.376193 63.52372035024 0.19943525504 
0.376700 63.69459829855 0.19757239253 
0.377206 63.45014964179 0.20354034456 
0.377712 63.24814492536 0.20251708127 
0.378219 63.22821380566 0.20494492329 
0.378725 63.32298942238 0.20322367445 
0.379232 63.37657170815 0.20583229524 
0.379738 63.30340405981 0.20837736383 
0.380245 63.37193645081 0.20644575054 
0.380751 63.19240560054 0.20488199666 
0.381257 63.31626453835 0.21118879598 
0.381764 63.04116803536 0.20832590877 
0.382270 63.13510963132 0.20771123553 
0.382777 63.15300472099 0.20476793692 
0.383283 63.10549621400 0.20620203379 
0.383789 62.69733818220 0.21361626201 
0.384296 62.95277733397 0.21353387753 
0.384802 63.27820722894 0.21266658680 
0.385309 63.22808370014 0.21429750585 
0.385815 63.00220822646 0.21198346982 
0.386321 62.60774913655 0.20621792119 
0.386828 62.86784033811 0.21420730729 
0.387334 62.92023774294 0.21016262889 
0.387841 62.88100520944 0.21924311944 
0.388347 62.94595775511 0.21054651865 
0.388853 63.20789191479 0.21658079908 
0.389360 62.86562912710 0.21630853754 
0.389866 62.89799732922 0.21355855609 
0.390373 63.04962404524 0.21633421980 
0.390879 62.68124588132 0.21668930291 
0.391385 62.66206608520 0.22215873890 
0.391892 63.00266471011 0.22212143587 
0.392398 62.33082516775 0.21284427239 
0.392905 62.23918898768 0.22680040076 
0.393411 62.94740622225 0.22530714452 
0.393917 62.64619474834 0.22297898749 
0.394424 62.74934031700 0.21879454286 
0.394930 62.95353144363 0.22070481782 
0.395437 62.70227249612 0.22377706258 
0.395943 62.84454318669 0.22829692250 
0.396449 62.64630704437 0.40960744371 
0.396956 62.86914296457 0.23165871316 
0.397462 62.40297660882 0.23213035141 
0.397969 63.27757264135 0.23299501960 
0.398475 62.37650530252 0.23090855023 
0.398981 62.25078134407 0.23212085168 
0.399488 62.65044382024 0.23355421486 
0.399994 62.45004264542 0.24060618837 
0.400500 62.38741770413 0.24113094610 
0.401007 62.45921061553 0.23594916911 
0.401513 62.26732072183 0.24116187737 
0.402020 62.18139590188 0.24952405432 
0.402526 62.32153437893 0.24416918391 
0.403032 62.51927239846 0.24730305214 
0.403539 62.10741509310 0.25474130499 
0.404045 62.25228397774 0.25055158239 
0.404551 62.52712260146 0.26317338528 
0.405058 62.27336186105 0.26741700370 
0.405564 61.79137552366 0.25914111853 
0.406071 62.72645708194 0.25482624747 
0.406577 61.84762450198 0.25441758493 
0.407083 62.00979216385 0.25829749051 
0.407590 62.39550213106 0.26833016489 
0.408096 62.20967729495 0.26548609531 
0.408602 62.04920950667 0.27465793647 
0.409109 61.89096112724 0.26151792728 
0.409615 62.12671485301 0.26707207871 
0.410121 61.70074983605 0.26849184863 
0.410628 62.44415900829 0.25462535469 
0.411134 62.11734115673 0.26823348267 
0.411641 62.35935419301 0.28152101785 
0.412147 62.09858273253 0.25731196052 
0.412653 62.25959428165 0.28006947302 
0.413160 62.09305454265 0.26420366674 
0.413666 61.84025628828 0.26464114911 
0.414172 61.18712727455 0.28709875429 
0.414679 61.71068223302 0.26761303980 
0.415185 62.36873295021 0.28664798129 
0.415691 61.84640240668 0.27243017318 
0.416198 61.56020369868 0.27129742667 
0.416704 61.65381833891 0.27625640326 
0.417210 61.66577007120 0.27945063667 
0.417717 62.20426136429 0.29608975360 
0.418223 61.96949112664 0.28467664459 
0.418729 61.42973444435 0.28377239220 
0.419236 61.80484875294 0.27701851461 
0.419742 61.54337015832 0.26980648511 
0.420248 61.52585807791 0.27734982990 
0.420755 61.71068770531 0.28109122115 
0.421261 61.54714421439 0.27300899914 
0.421767 61.68000809647 0.28185429312 
0.422274 61.76916990915 0.27510237921 
0.422780 61.78771395625 0.28281049380 
0.423286 61.28448021561 0.28499734737 
0.423793 61.74966636988 0.27671067313 
0.424299 62.15631329872 0.28643983183 
0.424805 61.69336901554 0.28499155004 
0.425312 61.64647329407 0.29100790690 
0.425818 61.70234009371 0.28799695446 
0.426324 61.73753057214 0.30373532473 
0.426831 61.66826407546 0.29386428819 
0.427337 61.54094760842 0.29898114176 
0.427843 61.88040124041 0.30123465694 
0.428350 62.11873727302 0.29865963850 
0.428856 61.08294837281 0.30015740989 
0.429362 61.62763893707 0.31478797820 
0.429869 61.61484131515 0.31919121693 
0.430375 61.60484430578 0.31120470195 
0.430881 61.96132037156 0.32438532541 
0.431388 61.51302718348 0.30777293069 
0.431894 61.15110385909 0.31333623491 
0.432400 61.33283389739 0.32741666324 
0.432907 61.32495608298 0.31738671957 
0.433413 61.46154302863 0.33478835195 
0.433919 61.77436411125 0.32516741984 
0.434425 61.50593536848 0.32231946727 
0.434932 61.74751119287 0.34323381510 
0.435438 61.39646599862 0.34893692805 
0.435944 61.05140583668 0.33504947715 
0.436451 61.47967997698 0.33757166633 
0.436957 61.62617111888 0.36460730345 
0.437463 61.63118457118 0.35118158351 
0.437970 61.14221316709 0.35456611560 
0.438476 61.60778218145 0.35377670728 
0.438982 60.95674802006 0.36436544150 
0.439489 61.61890601410 0.38112069837 
0.439995 61.08160358428 0.36867638600 
0.440501 61.72990117390 0.37297655736 
0.441007 61.15455074295 0.38581001230 
0.441514 61.36792215161 0.37142017978 
0.442020 61.50604460594 0.39588490058 
0.442526 60.79383074057 0.38014758691 
0.443033 61.07506600167 0.39728009651 
0.443539 61.53776953902 0.40146802650 
0.444045 60.99736805315 0.40414976919 
0.444551 60.91168945911 0.39861983334 
0.445058 60.76804592129 0.40858462434 
0.445564 60.46555466622 0.43356070674 
0.446070 60.68304840759 0.42742949050 
0.446577 60.87177795629 0.41377799171 
0.447083 60.68030351026 0.45511094355 
0.447589 60.58466235731 0.43703987820 
0.448095 60.61290588816 0.46649625017 
0.448602 60.66921392683 0.44946927726 
0.449108 60.15024956485 0.46496732245 
0.449614 60.94988254614 0.49733666029 
0.450121 59.57760649380 0.47740841368 
0.450627 59.59546073604 0.47774053837 
0.451133 60.99504702693 0.48743847951 
0.451639 60.12010683760 0.52197900201 
0.452146 60.06520083223 0.51847424305 
0.452652 59.85176263127 0.55200995194 
0.453158 60.43091823774 0.55190449512 
0.453664 61.02839438088 0.58775938532 
0.454171 60.76910053252 0.57792280215 
0.454677 60.40439516148 0.61157741642 
0.455183 60.36533204525 0.61521467641 
0.455689 59.48313630388 0.63291909730 
0.456196 60.07587844291 0.66058866522 
0.456702 59.99508604332 0.60851267355 
0.457208 60.32361084285 0.72350431794 
0.457714 62.19172630941 0.78038796653 
0.458221 60.54858141354 0.76741253551 
0.458727 60.80506697785 0.74593059708 
0.459233 61.06090578214 0.81922182421 
0.459740 60.06933332329 0.85429707298 
0.460246 60.44592453506 0.88873337395 
0.460752 60.36985165344 0.97112836192 
0.461258 59.42409833808 0.95248238396 
0.461765 60.21529993576 1.06711905648 
0.462271 60.00373623421 1.05656676680 
0.462777 60.26849935728 1.17705506225 
0.463283 61.16246744528 1.28490052379 
0.463789 59.36927477120 1.32338477627 
0.464296 59.85040041269 1.38903550236 
0.464802 60.45320970147 1.34305279344 
0.465308 58.65705041633 1.42218978375 
0.465814 60.41687914198 1.69466472941 
0.466321 59.89504350348 1.63599636318 
0.466827 58.16210268367 1.72782463922 
0.467333 59.70537695772 1.87459627395 
0.467839 58.95378904241 1.95130653255 
0.468346 58.55975942092 2.36415928627 
0.468852 59.80897066321 2.54957786338 
0.469358 60.47936410175 2.84742556135 
0.469864 59.16502576337 2.98368151734 
0.470371 58.87403956896 3.89121502262 
0.470877 56.98736042015 4.32002563792 
0.471383 59.41740179335 5.72448520285 
0.471889 56.14863890033 7.24299912797 
0.472395 55.43349714442 5.97524984228 
0.472902 50.45170978045 12.11845727035 
