0.010896 1344.94864796523 14.00207241190 
0.011402 1196.38464042083 11.44308790412 
0.011909 1079.18938443193 10.11114203875 
0.012416 969.70370711337 9.58412567175 
0.012923 878.36019125839 8.37541885721 
0.013430 817.89930973803 10.83430518953 
0.013936 777.90490472899 9.02151225467 
0.014443 729.46751711281 7.27199533330 
0.014950 672.02072218348 6.49844893498 
0.015457 620.70987597490 5.31004250402 
0.015963 577.49989071591 4.78011752586 
0.016470 537.09646451824 3.94380841792 
0.016977 504.18560522395 3.65326500387 
0.017484 470.95714542447 3.09541228937 
0.017990 446.93162156152 2.97547508656 
0.018497 421.37760249812 2.68440581879 
0.019004 398.71759228747 2.44064236515 
0.019511 378.05397858161 2.11031304643 
0.020018 358.86143107359 2.04901290711 
0.020524 341.20442810576 1.83474683921 
0.021031 325.79223057760 1.96548360768 
0.021538 313.42893081602 1.76683036495 
0.022045 300.42891441709 1.68638031949 
0.022551 288.62192548830 1.48785565226 
0.023058 278.28747225691 1.47825473272 
0.023565 266.78714190659 1.52486043536 
0.024072 259.11870767874 1.61915141624 
0.024579 250.96806756164 1.78653051712 
0.025085 242.08854958882 2.08080666727 
0.025592 236.72019754497 2.13496521790 
0.026099 226.72581812808 2.23685844239 
0.026606 221.62590582022 1.65749093886 
0.027112 217.55300312847 1.73638946585 
0.027619 210.00958300947 1.60435938722 
0.028126 206.50746884767 1.52582804871 
0.028633 202.81815570232 1.30953851117 
0.029139 197.21523231467 1.17815144397 
0.029646 192.45295634997 1.10692340724 
0.030153 189.50272452161 1.08930330333 
0.030660 186.40236504976 1.01889571071 
0.031167 181.78185453897 0.96542164428 
0.031673 177.24351303925 0.93309265188 
0.032180 174.78191690761 0.89031928242 
0.032687 171.16610466763 0.88387393719 
0.033194 168.82617914138 0.80139507714 
0.033700 167.22342103222 0.70523840175 
0.034207 164.08802096091 0.70533758264 
0.034714 162.21991506510 0.77100181464 
0.035221 159.81688352341 0.70639679456 
0.035727 157.32122272526 0.68720785560 
0.036234 156.66442520104 0.65617364430 
0.036741 153.66829558031 0.69800209789 
0.037248 150.78420740765 0.66805336535 
0.037755 150.26785689448 0.66220066613 
0.038261 148.39608657299 0.59048417227 
0.038768 146.05217016358 0.58628217276 
0.039275 145.32149099387 0.60286730332 
0.039782 144.30675997850 0.58676959211 
0.040288 143.01397793308 0.55750522689 
0.040795 140.76644101803 0.56155684789 
0.041302 139.54961001848 0.57412839891 
0.041809 138.01843387061 0.56632975328 
0.042315 136.73319031690 0.56640271164 
0.042822 135.76424999792 0.52104385416 
0.043329 135.29939769328 0.54406316763 
0.043836 133.25277678017 0.54831222414 
0.044343 132.63421478950 0.51690216034 
0.044849 132.34966054054 0.50887369461 
0.045356 130.86204707707 0.52415918694 
0.045863 129.46795276254 0.50311707374 
0.046370 129.18057703868 0.48701724492 
0.046876 127.83173683637 0.49679000247 
0.047383 126.76953700081 0.50373962379 
0.047890 125.54201189384 0.48284496352 
0.048397 125.67129785734 0.47988170878 
0.048903 124.85609567060 0.50064023203 
0.049410 123.43138205947 0.47302458150 
0.049917 122.47409068100 0.47415857912 
0.050424 121.80213702602 0.48291380698 
0.050931 120.66164189932 0.44051633806 
0.051437 121.49091522319 0.45191788843 
0.051944 119.55644322461 0.43528165153 
0.052451 118.91261429046 0.45278656604 
0.052958 118.52987432063 0.44453896707 
0.053464 117.44137677793 0.44448627020 
0.053971 117.13186872212 0.45229662439 
0.054478 116.65413557218 0.46156610700 
0.054985 116.02136263950 0.42189110251 
0.055491 114.85265342613 0.45349345956 
0.055998 114.46978015209 0.44907228146 
0.056505 114.26369003436 0.42244282234 
0.057012 113.58353052623 0.43464934756 
0.057519 113.35727907114 0.42600871824 
0.058025 112.68340171039 0.42922509276 
0.058532 112.04944417904 0.42249759423 
0.059039 111.01113661171 0.41163992128 
0.059546 110.43536101619 0.42636603788 
0.060052 110.20620711647 0.41480180978 
0.060559 110.38314383966 0.40708413625 
0.061066 109.58124097916 0.40291826848 
0.061573 108.74393965863 0.39449789871 
0.062079 108.19490391384 0.40090211276 
0.062586 108.08003905027 0.40662099845 
0.063093 107.38937628225 0.37046833267 
0.063600 107.49662218303 0.39456287994 
0.064106 106.84062812089 0.39704452017 
0.064613 106.80096209443 0.39585646302 
0.065120 105.74212654070 0.39002136046 
0.065627 105.18159024966 0.38216635681 
0.066134 104.98736537574 0.39028607297 
0.066640 105.12710307215 0.38122922442 
0.067147 104.02173205855 0.37492648386 
0.067654 104.12621472141 0.38083421762 
0.068161 103.15965004666 0.37264469655 
0.068667 103.73162263472 0.37247122158 
0.069174 102.83433265310 0.37406834257 
0.069681 102.64890539784 0.35410670761 
0.070188 102.31818279974 0.34473069478 
0.070694 102.17223117675 0.35745445408 
0.071201 101.67567756654 0.36905765537 
0.071708 101.01220557531 0.34596126447 
0.072215 101.33846490738 0.35906725790 
0.072721 100.66727782655 0.34023466926 
0.073228 99.90102217269 0.35373528734 
0.073735 100.25911465307 0.35542633965 
0.074242 99.72312795307 0.36496801152 
0.074748 99.90083541395 0.35023205347 
0.075255 98.96883402123 0.34230646130 
0.075762 98.82494369043 0.34199998957 
0.076269 99.02185590379 0.34029589749 
0.076776 98.73162022802 0.34080797590 
0.077282 98.44622494001 0.33412859513 
0.077789 98.35885484884 0.32670536435 
0.078296 98.42781668753 0.33296333402 
0.078803 97.58182089515 0.32661594758 
0.079309 97.00155894018 0.33358455407 
0.079816 97.57603111627 0.33837344889 
0.080323 97.15432665416 0.34225273627 
0.080830 97.42708895642 0.33290212890 
0.081336 97.31596539263 0.33284643992 
0.081843 97.12776976173 0.32639562364 
0.082350 96.15518170995 0.32917107490 
0.082857 96.78222634173 0.34150677427 
0.083363 96.53562861380 0.32392889650 
0.083870 95.89367762244 0.32682268823 
0.084377 96.18969980825 0.33326875465 
0.084884 95.67668300229 0.33187276456 
0.085390 95.66919211474 0.32798688597 
0.085897 95.69428533154 0.33375238126 
0.086404 95.15012306960 0.33327962269 
0.086911 94.95829271505 0.33361005396 
0.087417 94.94280504088 0.32353792538 
0.087924 95.52268077888 0.32663533333 
0.088431 94.59878621112 0.32405932027 
0.088938 94.35630886340 0.33536938761 
0.089444 94.06891510655 0.31986052854 
0.089951 93.64280672007 0.33203636121 
0.090458 93.63363812792 0.32765292401 
0.090965 93.66126531985 0.33269859639 
0.091471 93.25506073843 0.33328898582 
0.091978 92.87415383823 0.33605893012 
0.092485 92.89140512525 0.34887184789 
0.092992 92.68983796786 0.33870616484 
0.093498 93.76619961063 0.33590353612 
0.094005 92.80381463982 0.33245586968 
0.094512 92.54839781633 0.33272222824 
0.095019 92.18516790865 0.32724809768 
0.095525 92.17978190525 0.33633119537 
0.096032 92.73029895345 0.33307542111 
0.096539 92.41873932741 0.32562080288 
0.097046 91.50945428127 0.33648631125 
0.097552 91.59370730379 0.32987293665 
0.098059 91.54678365069 0.32206579894 
0.098566 92.18916803064 0.33282088064 
0.099073 91.49289814951 0.32603744475 
0.099579 91.78210771181 0.32193855408 
0.100086 91.77646215052 0.32309410716 
0.100593 90.85871279073 0.32082762380 
0.101100 90.75389065004 0.32307852588 
0.101606 91.00029416198 0.31369815611 
0.102113 89.57530962492 0.31061200699 
0.102620 89.00943559167 0.30584814224 
0.103127 89.10106940692 0.30142318871 
0.103633 88.42760643240 0.28854752782 
0.104140 88.41929373374 0.29491615240 
0.104647 88.46311431194 0.29348020747 
0.105154 89.09377756630 0.30229916500 
0.105660 88.86791426582 0.30276995178 
0.106167 88.22100472751 0.29813865865 
0.106674 87.81379267475 0.31334045533 
0.107181 88.23336091273 0.30938573772 
0.107687 88.03620349665 0.30453823424 
0.108194 88.03097124256 0.30500516217 
0.108701 87.62125589228 0.27740295364 
0.109208 87.83140884206 0.29284330405 
0.109714 88.10082897047 0.29398182079 
0.110221 87.24316081903 0.28836348850 
0.110728 87.46490480342 0.28998527729 
0.111235 87.48874111303 0.29060500480 
0.111741 87.25439598869 0.29027808276 
0.112248 86.99599523978 0.28027237062 
0.112755 86.98276647281 0.28391931193 
0.113262 87.10049271619 0.27907753934 
0.113768 86.63029754132 0.27876254118 
0.114275 86.74938033364 0.27400739721 
0.114782 87.30306658378 0.28704015818 
0.115289 86.81499190748 0.27299457144 
0.115795 86.71807176411 0.28467594661 
0.116302 86.24197221030 0.27970019310 
0.116809 86.29419028032 0.27578363496 
0.117316 86.23823668552 0.27693937699 
0.117822 85.78007898808 0.27620808534 
0.118329 85.94171613762 0.27824630151 
0.118836 86.39838445142 0.27660278816 
0.119342 85.33895478266 0.26483561067 
0.119849 85.82145601647 0.27060447835 
0.120356 85.58910373231 0.26127932970 
0.120863 85.13272042918 0.26051077403 
0.121369 85.29522619582 0.27035704659 
0.121876 85.05473267755 0.26882050576 
0.122383 85.17656347940 0.26495309118 
0.122890 84.98191288631 0.26596842987 
0.123396 85.42438445905 0.26728388335 
0.123903 84.91223999278 0.25752634778 
0.124410 85.12660477259 0.26314302693 
0.124917 84.99660436045 0.26206055771 
0.125423 85.10754643577 0.26234401874 
0.125930 84.98243972236 0.25775206272 
0.126437 84.70225937640 0.26130071343 
0.126944 84.49359421663 0.25848225085 
0.127450 84.70067022329 0.25521750834 
0.127957 84.09294946643 0.25733996496 
0.128464 84.29799410228 0.26232662771 
0.128970 84.85083355741 0.25954085369 
0.129477 84.11129666443 0.25592897302 
0.129984 84.39169805449 0.25601050360 
0.130491 84.20611312978 0.25786175075 
0.130997 83.99456012323 0.25221667719 
0.131504 84.31851455400 0.24858913683 
0.132011 83.97689848695 0.25928303466 
0.132518 84.01473004997 0.24808800820 
0.133024 83.81411098120 0.24676754437 
0.133531 83.77148259725 0.24674682102 
0.134038 83.46611300888 0.24733060008 
0.134545 83.46329348013 0.24754565123 
0.135051 83.39398302674 0.25534333479 
0.135558 83.69333784194 0.24135880921 
0.136065 83.21412326638 0.24276246683 
0.136571 83.18256970967 0.24418243904 
0.137078 83.55530509040 0.24393370953 
0.137585 82.96044872300 0.24605750308 
0.138092 82.71198537702 0.24226392621 
0.138598 82.80430102651 0.24204113364 
0.139105 82.82360739628 0.23951337681 
0.139612 82.51716282402 0.24368314129 
0.140119 83.00776461815 0.24783059974 
0.140625 82.61777158839 0.24701345697 
0.141132 82.70143993385 0.24629597727 
0.141639 82.81503210656 0.24580874232 
0.142145 82.58657501696 0.23871271491 
0.142652 82.59030285660 0.23818405798 
0.143159 82.19127069042 0.23765770225 
0.143666 82.64593637954 0.24019342769 
0.144172 82.16309558290 0.24492322353 
0.144679 81.75506047517 0.23789868194 
0.145186 81.92803038464 0.25166705379 
0.145692 81.92578575601 0.23713153660 
0.146199 81.84629469285 0.23996162148 
0.146706 81.72595493818 0.23796087704 
0.147213 81.68050416031 0.24789418648 
0.147719 81.14773775633 0.23585872162 
0.148226 81.88369227204 0.24253928469 
0.148733 81.66524741240 0.24370499602 
0.149240 81.31399301959 0.24032766585 
0.149746 81.10610791460 0.23931450703 
0.150253 81.34533818670 0.23853870675 
0.150760 80.94321784504 0.23770665572 
0.151266 81.21168677455 0.24570177519 
0.151773 81.07109843711 0.23976300655 
0.152280 80.69593444616 0.24215583637 
0.152787 80.85764714340 0.23958970451 
0.153293 80.86391401235 0.23906114975 
0.153800 80.57012362992 0.24119788732 
0.154307 80.49379013518 0.24335110931 
0.154813 80.33723514471 0.23811766317 
0.155320 80.44774030912 0.23823806370 
0.155827 80.57895768816 0.23230926623 
0.156334 80.37489477629 0.23787582546 
0.156840 80.40902099469 0.23934382295 
0.157347 80.07768745274 0.23066129756 
0.157854 80.12922984557 0.23354508939 
0.158360 80.01564303376 0.23577063419 
0.158867 79.88978778961 0.24021902029 
0.159374 79.65142295190 0.23369863366 
0.159881 80.10347692450 0.23769718336 
0.160387 79.56144402827 0.23738984021 
0.160894 79.78386111141 0.23718834138 
0.161401 79.87159571780 0.23548074812 
0.161907 78.87594586604 0.23712485564 
0.162414 79.26168580603 0.23293870698 
0.162921 79.29043756718 0.23265070633 
0.163427 79.07177469622 0.23280444587 
0.163934 79.24631124669 0.23045085663 
0.164441 79.28307198429 0.23597884947 
0.164948 79.34042046307 0.22742400745 
0.165454 79.01826964414 0.22763385262 
0.165961 79.03631823912 0.22946017423 
0.166468 79.12311728689 0.22694592314 
0.166974 78.84937264657 0.23355805377 
0.167481 78.80545445049 0.23105322961 
0.167988 78.67509697784 0.22860990161 
0.168495 79.11476008635 0.23157897202 
0.169001 78.56955607402 0.24084264396 
0.169508 78.73710295114 0.23223429559 
0.170015 79.06458082892 0.23406263603 
0.170521 79.14745402257 0.23183724539 
0.171028 78.89316301751 0.23335157473 
0.171535 79.00122558360 0.23237416049 
0.172041 79.04516711094 0.23653974251 
0.172548 78.71542853823 0.23733615473 
0.173055 78.85900260437 0.23629661099 
0.173562 78.83716486764 0.23786990574 
0.174068 78.80469590806 0.23985478366 
0.174575 78.85152007044 0.23696205145 
0.175082 78.43551647652 0.23715784218 
0.175588 79.15976381001 0.23559546044 
0.176095 78.57921082026 0.23588294797 
0.176602 78.73492286096 0.23601294138 
0.177108 78.48032886085 0.23235610927 
0.177615 78.36203155805 0.22592376651 
0.178122 78.70451244597 0.23713897331 
0.178629 78.55934847424 0.23113107214 
0.179135 78.65907235800 0.23689605265 
0.179642 78.49040913144 0.23501348110 
0.180149 78.22564615375 0.23328875833 
0.180655 78.36931809768 0.23566361909 
0.181162 78.22326020090 0.23470196552 
0.181669 78.29739248330 0.23575079791 
0.182175 78.37665750817 0.24123917360 
0.182682 78.73713839290 0.24105158836 
0.183189 78.75119941016 0.24183874644 
0.183695 78.43286858277 0.24917173105 
0.184202 78.20558004533 0.24079393938 
0.184709 78.03083512116 0.23801153932 
0.185216 77.97499677139 0.24714197502 
0.185722 78.03107678517 0.24320371929 
0.186229 78.13635885732 0.24123261516 
0.186736 77.67746800053 0.24150824945 
0.187242 77.81094385970 0.23976212586 
0.187749 77.55147057676 0.24536337398 
0.188256 78.02564831970 0.24369815977 
0.188762 77.37335714062 0.24175705311 
0.189269 77.74167813152 0.25107731500 
0.189776 77.83698632203 0.24161387478 
0.190282 77.54390719591 0.24108027739 
0.190789 77.38658398636 0.24627334029 
0.191296 77.26278167540 0.23683666561 
0.191802 76.95931615460 0.23733982061 
0.192309 76.97718372897 0.24468361755 
0.192816 76.92114872914 0.23933843534 
0.193323 76.81819952909 0.23535795719 
0.193829 77.06664717270 0.23654586703 
0.194336 76.33001809831 0.23806268175 
0.194843 76.46804386586 0.23007254297 
0.195349 76.61126426139 0.23490795068 
0.195856 76.33775363279 0.23670325397 
0.196363 76.38816373609 0.22927786049 
0.196869 76.21673008083 0.23420733329 
0.197376 76.01789045965 0.23102433605 
0.197883 76.04553304606 0.22885689862 
0.198389 75.92138453316 0.22689566341 
0.198896 75.95111935244 0.22475204683 
0.199403 75.95110983393 0.22305427864 
0.199909 75.74861127634 0.22270117119 
0.200416 75.64929688589 0.22023226064 
0.200923 75.72726620859 0.22193035490 
0.201429 75.72941899393 0.22343167847 
0.201936 75.97389179425 0.22380999160 
0.202443 75.69077746289 0.21940799606 
0.202949 75.88561100790 0.22089107725 
0.203456 75.58594147743 0.22348402102 
0.203963 75.11443248437 0.21935086171 
0.204469 75.41080976217 0.21847251474 
0.204976 75.41201753156 0.21675245762 
0.205483 75.44217389031 0.21788278500 
0.205989 75.33920390819 0.21656233660 
0.206496 75.14450562896 0.21572320022 
0.207003 75.36093304749 0.21681083882 
0.207509 75.38459034106 0.21713726495 
0.208016 75.18421732453 0.21408208482 
0.208523 75.18975371220 0.21237965001 
0.209029 74.99951641270 0.21402776943 
0.209536 74.81063632461 0.21193721154 
0.210043 74.87725429448 0.21227389598 
0.210549 74.64185858748 0.21388815724 
0.211056 74.58153742702 0.21286969251 
0.211563 75.12227876956 0.21403719417 
0.212069 74.84583083877 0.20926197015 
0.212576 74.57941763694 0.21073582528 
0.213083 74.43343449332 0.20984454663 
0.213589 74.66889271408 0.20760455329 
0.214096 74.58481825738 0.20885150332 
0.214603 74.90306280380 0.20941156685 
0.215109 74.56815101138 0.20690732115 
0.215616 74.45844314465 0.20413355761 
0.216123 74.58025203186 0.20776646690 
0.216629 74.44630672478 0.20462219608 
0.217136 74.21941607388 0.20637108430 
0.217643 74.07190319410 0.20938506522 
0.218149 73.80085352941 0.20560987680 
0.218656 74.22250951967 0.20723325801 
0.219163 74.08123359208 0.20410929093 
0.219669 73.87157190816 0.21060726563 
0.220176 73.85153527199 0.20872883026 
0.220683 74.14821232350 0.20909317888 
0.221189 73.84499339719 0.20359150040 
0.221696 73.67522317080 0.20081326982 
0.222203 73.62090667872 0.20647520513 
0.222709 73.91599758065 0.20231577098 
0.223216 73.63532370292 0.20045317510 
0.223722 73.65995930363 0.20566783209 
0.224229 73.63631567701 0.20657193329 
0.224736 73.39624561676 0.20179644699 
0.225242 73.66931645995 0.20359529062 
0.225749 73.60462024480 0.19927467087 
0.226256 73.43096731650 0.19625182323 
0.226762 73.26082140534 0.20375761084 
0.227269 73.32020181831 0.20459104089 
0.227776 73.40105049284 0.20429387821 
0.228282 73.28519458258 0.20422356337 
0.228789 73.08292402791 0.19958556218 
0.229296 73.35783080858 0.20051471808 
0.229802 72.96048787915 0.19918217752 
0.230309 73.11733465750 0.19727618560 
0.230816 73.02722136934 0.20281481338 
0.231322 73.01262630208 0.20244810869 
0.231829 72.73569446895 0.19834041259 
0.232335 73.05667288539 0.19726218324 
0.232842 72.73192385837 0.20084928059 
0.233349 72.46694521643 0.19719092615 
0.233855 72.83623001776 0.20015670345 
0.234362 72.53907111177 0.20074682687 
0.234869 72.54618789213 0.20253715970 
0.235375 72.43973133865 0.19782534145 
0.235882 72.44548033639 0.19633640268 
0.236389 72.48112883299 0.20019787313 
0.236895 72.25787847799 0.20017723958 
0.237402 72.43404543065 0.19870154309 
0.237908 72.09797451104 0.19678464132 
0.238415 72.21175863250 0.20031930234 
0.238922 72.31704727307 0.19843358942 
0.239428 71.96810199804 0.20229592468 
0.239935 72.34085125255 0.20148309938 
0.240442 71.97886637955 0.19936824186 
0.240948 72.03532376931 0.19901509875 
0.241455 71.98874149082 0.19693182159 
0.241962 72.10741111065 0.19790851148 
0.242468 71.78166654515 0.19933114664 
0.242975 71.97093438188 0.19828418949 
0.243481 71.85116616615 0.19916783528 
0.243988 71.81125333697 0.19781683368 
0.244495 71.64878622025 0.19952075686 
0.245001 71.73166500272 0.19423084221 
0.245508 71.68651557676 0.19582438195 
0.246015 71.64290270271 0.19578833904 
0.246521 71.41399281051 0.19578860940 
0.247028 71.57613930011 0.19670049804 
0.247534 71.46000065247 0.19559974829 
0.248041 71.55611206193 0.19922931657 
0.248548 71.40332555248 0.19624679511 
0.249054 71.41021758795 0.19656346643 
0.249561 71.51251283077 0.19897208137 
0.250068 71.40138163209 0.19698598446 
0.250574 71.48119619851 0.19664314983 
0.251081 71.28900583199 0.20117107107 
0.251587 71.09158322999 0.19552794855 
0.252094 70.96808214436 0.19823746664 
0.252601 71.01841173297 0.19910592964 
0.253107 71.00927342920 0.19880403399 
0.253614 70.81831254657 0.19579009024 
0.254120 70.61013920449 0.19677382920 
0.254627 70.92823737573 0.19366687895 
0.255134 70.82624698899 0.19546523092 
0.255640 70.69826463359 0.19444674280 
0.256147 70.95340489677 0.19036357129 
0.256654 70.79779358747 0.19591473975 
0.257160 70.86250742379 0.19710286627 
0.257667 71.13941128217 0.19607742361 
0.258173 71.37067575598 0.19469568157 
0.258680 71.15053149797 0.19682065287 
0.259187 71.50376790672 0.19886471877 
0.259693 71.58696397829 0.19779614501 
0.260200 71.46129908207 0.19707861877 
0.260706 71.45171868333 0.19631699979 
0.261213 71.74354463266 0.19622710459 
0.261720 71.65024072198 0.19493024751 
0.262226 71.57375306255 0.19078281104 
0.262733 71.53349253996 0.19360513528 
0.263239 71.61136941101 0.19277148731 
0.263746 71.52219024129 0.19707305626 
0.264253 71.44117475654 0.19358450776 
0.264759 71.43488190193 0.19185801070 
0.265266 71.57132104556 0.19450423446 
0.265772 71.51262833244 0.18932356294 
0.266279 71.61947428007 0.19485896887 
0.266786 71.67033299613 0.19410747603 
0.267292 71.72889110667 0.19255403824 
0.267799 71.74406687809 0.19056814080 
0.268305 71.66254986174 0.18837462096 
0.268812 71.72654163285 0.18894562026 
0.269319 71.59658404173 0.18934799712 
0.269825 71.60934915160 0.18853835919 
0.270332 71.76416859315 0.18911187308 
0.270838 71.97614726578 0.19336261747 
0.271345 72.16195284144 0.19494323972 
0.271852 72.20864020827 0.18863437667 
0.272358 72.13552488818 0.19527317471 
0.272865 71.91347983043 0.18990146508 
0.273371 72.08007101410 0.19313052904 
0.273878 72.12875195140 0.19182325351 
0.274385 72.37342060155 0.18716249299 
0.274891 72.32680578608 0.19002717152 
0.275398 71.91618921234 0.18426611815 
0.275904 72.36534412872 0.19025319282 
0.276411 72.44817082090 0.18515611845 
0.276917 72.24327685526 0.18164866699 
0.277424 72.30152655908 0.18303724107 
0.277931 72.30846741877 0.18293494754 
0.278437 72.28082813693 0.18532702481 
0.278944 72.05611997927 0.18511222057 
0.279450 72.38332449908 0.18676740333 
0.279957 72.34320034889 0.18415636097 
0.280464 72.09773200532 0.18533519370 
0.280970 72.01379305090 0.17921556761 
0.281477 71.91957096595 0.18178855552 
0.281983 72.03192813196 0.18724942113 
0.282490 71.72651524820 0.18266603496 
0.282996 72.08244241401 0.17900402289 
0.283503 72.12361857427 0.18003136957 
0.284010 72.23841841268 0.17967530050 
0.284516 71.89668017817 0.17848231536 
0.285023 71.83400498187 0.17611204978 
0.285529 71.60179088920 0.17454442901 
0.286036 71.80212765396 0.17799208129 
0.286542 71.89792234703 0.17166098712 
0.287049 71.50698143296 0.17210978076 
0.287556 71.45083059849 0.17406789714 
0.288062 71.59121589471 0.17168346873 
0.288569 71.51294121572 0.17164408962 
0.289075 71.45110055832 0.17476476950 
0.289582 71.27923052633 0.17252673991 
0.290088 71.20717496847 0.16702434477 
0.290595 71.20610340951 0.16912967874 
0.291102 71.11024804153 0.16769682368 
0.291608 71.32737721186 0.17330565213 
0.292115 71.23711385966 0.16969832991 
0.292621 71.00003877891 0.16641196161 
0.293128 71.06845463785 0.16392574532 
0.293634 71.14952916307 0.16667277608 
0.294141 71.05921729598 0.17145352249 
0.294647 70.83956874318 0.16831735899 
0.295154 70.70353663683 0.16622831719 
0.295661 70.89818315993 0.16713655381 
0.296167 70.97688391547 0.16719002239 
0.296674 70.55088050414 0.16572314877 
0.297180 70.95202638099 0.16826924124 
0.297687 70.71652428606 0.16404992363 
0.298193 70.72089364202 0.16603207778 
0.298700 70.43689105689 0.16786469490 
0.299207 70.16965368637 0.16006563456 
0.299713 70.55518691001 0.16574276702 
0.300220 70.37972807036 0.16229865279 
0.300726 70.56213958496 0.16312806901 
0.301233 70.54053512424 0.16234505378 
0.301739 70.46352230987 0.16466781095 
0.302246 70.49975992233 0.16517778059 
0.302752 70.10070657760 0.15950222493 
0.303259 70.18872471919 0.16287088484 
0.303765 70.29358367516 0.16347546797 
0.304272 69.85751936677 0.15926354093 
0.304779 70.03946189693 0.16270874414 
0.305285 69.98233243186 0.15839476457 
0.305792 70.00669084539 0.16010846122 
0.306298 69.94942656561 0.15849078953 
0.306805 69.92389710756 0.16228236449 
0.307311 69.96091203133 0.15759574402 
0.307818 69.76680784897 0.16223113093 
0.308324 69.75775607324 0.15628045129 
0.308831 69.35478083624 0.15773742598 
0.309337 69.44693592319 0.15513894098 
0.309844 68.96419424079 0.15537200813 
0.310350 69.16607951937 0.15522386741 
0.310857 69.03409078787 0.15258927753 
0.311364 68.77885117036 0.15087213866 
0.311870 68.44788089477 0.14982964015 
0.312377 68.53182671899 0.14825252394 
0.312883 68.27446518090 0.14907968402 
0.313390 68.14901217259 0.14636809340 
0.313896 67.73086866601 0.14854235476 
0.314403 68.03037189942 0.14636812008 
0.314909 67.81069981280 0.14769228288 
0.315416 67.45867532198 0.14493377051 
0.315922 67.42844221444 0.14612150127 
0.316429 67.00016472192 0.14261443918 
0.316935 67.30929103033 0.14415701034 
0.317442 67.09616998930 0.14313576699 
0.317948 67.07728342082 0.14246789291 
0.318455 67.10648446438 0.14398462191 
0.318961 66.75312489276 0.14215539472 
0.319468 66.74216469335 0.14433792225 
0.319975 66.82669845359 0.14400021004 
0.320481 67.07405853709 0.14175897956 
0.320988 66.99792323764 0.14355343381 
0.321494 66.72225402931 0.13944107815 
0.322001 66.46551066431 0.15184905193 
0.322507 66.51009163693 0.13988464210 
0.323014 66.40730244603 0.13999490974 
0.323520 66.57707867030 0.14449060246 
0.324027 66.58765898797 0.14220808527 
0.324533 66.45086270572 0.13945219374 
0.325040 66.26228953589 0.14173858555 
0.325546 66.35404393371 0.14050784741 
0.326053 66.25529684040 0.13803535100 
0.326559 66.48082960881 0.14071947154 
0.327066 66.10043504243 0.13755515796 
0.327572 66.14281357896 0.13607596171 
0.328079 66.15084803960 0.13928884900 
0.328585 66.09863649348 0.13741215884 
0.329092 65.89671377207 0.13834552090 
0.329598 66.33923946625 0.13925736127 
0.330105 65.99802933633 0.13858239248 
0.330611 65.97736439399 0.13900743299 
0.331118 66.06421700686 0.13800551650 
0.331624 65.72274891807 0.13985165690 
0.332131 65.87916766131 0.13872008315 
0.332637 65.72251159059 0.13837809010 
0.333144 65.80925001561 0.13917334998 
0.333650 65.95640237207 0.14016104189 
0.334157 65.71896092450 0.13855119673 
0.334663 65.59719935108 0.14095210543 
0.335170 65.72134017397 0.13939687021 
0.335676 65.60316609364 0.13858589862 
0.336183 65.45860208187 0.13927775443 
0.336689 65.50022724259 0.13947685007 
0.337196 65.80760447284 0.13885532258 
0.337702 65.58121583623 0.14042514552 
0.338209 65.58372432999 0.13474550893 
0.338715 65.57195202511 0.13780256583 
0.339222 65.51774544764 0.13993277177 
0.339728 65.21694840280 0.13559020053 
0.340235 65.36500283584 0.20365013163 
0.340741 65.08457659756 0.14097063245 
0.341248 65.39138147821 0.13817489948 
0.341754 65.22790936275 0.13839888642 
0.342261 65.27030296996 0.14114570191 
0.342767 65.30323942508 0.14001770348 
0.343274 65.23199266701 0.13859836051 
0.343780 65.02735620897 0.13987498786 
0.344287 64.88280118056 0.13835331782 
0.344793 64.99689790879 0.14170003715 
0.345300 65.04508389755 0.14421709597 
0.345806 65.04852922821 0.14249533844 
0.346313 65.15561135994 0.14431414142 
0.346819 65.04730135462 0.14525215109 
0.347325 64.95788094748 0.14609454601 
0.347832 65.01181434169 0.14580429755 
0.348338 64.91528943739 0.14457467431 
0.348845 64.64376036925 0.14644256948 
0.349351 64.86829971738 0.15261966537 
0.349858 64.81637622626 0.14966995327 
0.350364 64.78210973647 0.14792058990 
0.350871 64.79231672349 0.14837860120 
0.351377 64.48855975557 0.14915684259 
0.351884 64.43305243772 0.14958453136 
0.352390 64.42324257702 0.14952909558 
0.352897 64.59494355924 0.14733487672 
0.353403 64.26270452260 0.14574383082 
0.353910 64.28152747673 0.14823476722 
0.354416 64.09289839374 0.14873231903 
0.354923 64.03387143070 0.15130169068 
0.355429 64.22317939221 0.15282215032 
0.355935 64.11386417079 0.15194456948 
0.356442 63.95725103865 0.15377460232 
0.356948 64.16894478485 0.15582651759 
0.357455 64.03228677246 0.15741595978 
0.357961 63.62875135252 0.15698974524 
0.358468 63.63618170577 0.15432306570 
0.358974 63.77603425965 0.22228188833 
0.359481 63.78307272631 0.20751952069 
0.359987 63.85860664981 0.19775648795 
0.360494 64.20443688167 0.19070011389 
0.361000 63.72572940768 0.18593777576 
0.361506 63.99359666746 0.18520942103 
0.362013 63.87679010618 0.18418567192 
0.362519 63.98691564519 0.18428115754 
0.363026 64.02937042773 0.18261823612 
0.363532 63.57981893557 0.18765623893 
0.364039 63.99464192642 0.18011051390 
0.364545 63.63244755256 0.17908329355 
0.365052 63.70753527127 0.18486277731 
0.365558 63.86139751241 0.18394630921 
0.366064 63.67419519034 0.18402000849 
0.366571 63.92516606968 0.18567345088 
0.367077 63.77103308634 0.18684597825 
0.367584 63.88197572057 0.18887674248 
0.368090 63.52619940097 0.18802151299 
0.368597 63.35162495712 0.18697730822 
0.369103 63.65168394209 0.18845843339 
0.369610 63.74934323100 0.18968943858 
0.370116 63.86444146584 0.18912515248 
0.370622 63.52052734111 0.18837803806 
0.371129 63.41893187666 0.19432778741 
0.371635 63.48094055156 0.19217057361 
0.372142 63.75951760456 0.18980102524 
0.372648 63.39784933299 0.19002507775 
0.373155 63.51299949991 0.19618855968 
0.373661 63.59029487898 0.19771110511 
0.374167 63.21223457382 0.19550369295 
0.374674 63.26820878012 0.20186488324 
0.375180 63.57199657769 0.19524715870 
0.375687 63.44151581755 0.19560013346 
0.376193 63.24712021569 0.20446678897 
0.376700 63.02671312386 0.19919462071 
0.377206 63.64860786932 0.19949697324 
0.377712 62.97033193143 0.19984769090 
0.378219 63.49408646748 0.20650492946 
0.378725 63.40774703248 0.19950890042 
0.379232 63.30972930124 0.20755767506 
0.379738 63.09857865493 0.20405812933 
0.380245 63.19379678842 0.20987601044 
0.380751 63.13728762442 0.20791826939 
0.381257 63.16854874229 0.21106699151 
0.381764 63.14321388071 0.20935295691 
0.382270 63.41198577092 0.20755000235 
0.382777 63.27562939768 0.21188487883 
0.383283 62.96475302323 0.20963699524 
0.383789 63.00952030010 0.20769402520 
0.384296 63.22525760739 0.21278231916 
0.384802 62.95401020665 0.21410075654 
0.385309 62.86993428158 0.21327141015 
0.385815 63.07989745531 0.20837871058 
0.386321 62.72652956177 0.20743693800 
0.386828 63.13635148990 0.21725033293 
0.387334 62.86382150487 0.21083872020 
0.387841 63.27544384484 0.21428212770 
0.388347 63.13431781534 0.21006480525 
0.388853 62.63737247591 0.21390719897 
0.389360 62.78999329411 0.21883276171 
0.389866 62.76817197550 0.21417126883 
0.390373 62.85255856435 0.21280446997 
0.390879 63.03074322331 0.21327464084 
0.391385 62.79171016228 0.22182741171 
0.391892 62.80945161690 0.21694324083 
0.392398 62.57218379929 0.22318530258 
0.392905 62.63627854443 0.21833461971 
0.393411 62.58548283529 0.22053773743 
0.393917 62.56020361513 0.22313896925 
0.394424 62.66800050776 0.22210711596 
0.394930 62.62757155094 0.22810727245 
0.395437 62.84142683778 0.22962027365 
0.395943 63.01955287291 0.22400553710 
0.396449 62.74934705229 0.39830539239 
0.396956 62.58410422647 0.22408131673 
0.397462 62.89981874306 0.22761309018 
0.397969 62.40180166378 0.23481826723 
0.398475 62.10119366287 0.23250123368 
0.398981 63.17916118720 0.24343269613 
0.399488 62.71066778113 0.23262178623 
0.399994 62.61674682010 0.23807739817 
0.400500 62.66745717881 0.23466466006 
0.401007 62.82737088840 0.24183244309 
0.401513 62.38931798290 0.24343651808 
0.402020 62.39936020431 0.24407460555 
0.402526 62.44398722486 0.25309513090 
0.403032 62.44559377793 0.24295063827 
0.403539 62.33484191201 0.25651902602 
0.404045 62.19165246485 0.24620909229 
0.404551 62.68216702462 0.26366490337 
0.405058 62.50505986142 0.26963489915 
0.405564 62.30381455624 0.25977180472 
0.406071 61.99415816830 0.25488831518 
0.406577 62.01965926943 0.25316488698 
0.407083 62.11613731765 0.26341805513 
0.407590 62.62374446180 0.26405952515 
0.408096 62.39124413296 0.27583677909 
0.408602 62.13818051256 0.27224828270 
0.409109 61.97023241352 0.25637901144 
0.409615 61.77285787466 0.26451352491 
0.410121 62.14605804149 0.26077323121 
0.410628 62.05465137200 0.26462967025 
0.411134 62.21256432734 0.26094912904 
0.411641 61.66360874804 0.26998833655 
0.412147 62.36354486861 0.26383335302 
0.412653 61.69941510271 0.26371806424 
0.413160 61.76549844493 0.25482032165 
0.413666 61.91226822597 0.27217787222 
0.414172 62.31403689570 0.28154961160 
0.414679 62.08030460711 0.27902106359 
0.415185 61.71910279649 0.28529644190 
0.415691 61.86659814212 0.26343349163 
0.416198 62.00828948174 0.27461342972 
0.416704 61.81679780073 0.27967001133 
0.417210 61.79692996572 0.28214948198 
0.417717 62.20218586914 0.29858938656 
0.418223 61.79236673350 0.27816348357 
0.418729 61.38892080185 0.28695034745 
0.419236 61.91880278688 0.28057876741 
0.419742 61.92976241325 0.26585921976 
0.420248 62.05327833753 0.27378506077 
0.420755 61.92663066586 0.27512450885 
0.421261 61.70778384473 0.27816795367 
0.421767 61.34348405167 0.28007050694 
0.422274 61.54412444574 0.28858004054 
0.422780 62.06632914656 0.27445033112 
0.423286 61.43376950807 0.28023256228 
0.423793 61.24057643243 0.27792382562 
0.424299 61.55908543534 0.28638719691 
0.424805 62.08766102373 0.27923615746 
0.425312 60.99035666027 0.29851739655 
0.425818 61.77489752744 0.28922395304 
0.426324 62.13169766035 0.30633658938 
0.426831 61.85933674665 0.29962202089 
0.427337 61.23873376383 0.29839718642 
0.427843 61.43145163735 0.29819127655 
0.428350 61.88943709061 0.31115595452 
0.428856 61.34397605647 0.31767861957 
0.429362 61.61518355172 0.31033734704 
0.429869 61.43775725596 0.31562218641 
0.430375 61.62333077103 0.31570529354 
0.430881 61.83757564176 0.32165457744 
0.431388 61.41527092330 0.31662926104 
0.431894 61.14654673453 0.32640326023 
0.432400 61.95285237362 0.32984895500 
0.432907 61.49850893417 0.31396039600 
0.433413 61.69210962518 0.34678567155 
0.433919 61.37423069409 0.32919094678 
0.434425 61.47854527957 0.32421232270 
0.434932 61.35615093601 0.34607911962 
0.435438 62.06069269948 0.35806991247 
0.435944 61.21502360060 0.34439784033 
0.436451 61.66807759295 0.33394561650 
0.436957 61.55894120072 0.35820648049 
0.437463 61.47928390686 0.34437502994 
0.437970 61.42384520011 0.35496854959 
0.438476 61.58260175479 0.33999680088 
0.438982 61.19679251930 0.36442551522 
0.439489 62.01751617915 0.38271315200 
0.439995 60.74593913253 0.36364219388 
0.440501 61.23131102589 0.39616010399 
0.441007 61.50909576031 0.39707575348 
0.441514 61.68478961417 0.38580819699 
0.442020 60.95036918905 0.40305028030 
0.442526 60.82291759302 0.40288659402 
0.443033 61.18559298204 0.39966041080 
0.443539 60.78098169196 0.40053789307 
0.444045 61.30016183533 0.42362885068 
0.444551 60.72158109794 0.40837112589 
0.445058 60.12975895754 0.40437459327 
0.445564 60.81330424693 0.44359838900 
0.446070 60.63288724964 0.42973601908 
0.446577 60.46135658046 0.42573334557 
0.447083 60.40180247775 0.45587461339 
0.447589 61.14592248705 0.43375493155 
0.448095 60.82318648008 0.46064359044 
0.448602 60.65581497504 0.47888950348 
0.449108 60.45945624924 0.48684079523 
0.449614 59.81207136051 0.47559611159 
0.450121 60.18284630085 0.48928387369 
0.450627 60.89802694242 0.49657825894 
0.451133 60.97055720059 0.50414471157 
0.451639 60.07803699881 0.52486502942 
0.452146 60.05148469728 0.52085836421 
0.452652 61.01753993282 0.52690068880 
0.453158 60.92886533502 0.56459329084 
0.453664 59.75360925745 0.56910555472 
0.454171 60.10909085801 0.58527918974 
0.454677 59.38037926871 0.59924277037 
0.455183 60.17614938010 0.60864529195 
0.455689 59.88689354870 0.63496989842 
0.456196 60.78638489552 0.67172914428 
0.456702 59.70179275087 0.62279981027 
0.457208 60.18207925221 0.70879422735 
0.457714 60.15432988475 0.73317952058 
0.458221 59.90037893918 0.76757897912 
0.458727 59.11837955513 0.76695853485 
0.459233 60.14223222106 0.86326160470 
0.459740 60.15829318927 0.86396060132 
0.460246 61.76232643740 0.89049045538 
0.460752 60.28869540409 0.95341087646 
0.461258 59.59244902411 1.01224659425 
0.461765 60.05717437310 1.11708940736 
0.462271 59.28425102606 0.99429477894 
0.462777 61.14473924681 1.21834205998 
0.463283 60.53788460316 1.27801195906 
0.463789 60.29596939715 1.34609510796 
0.464296 59.76983541311 1.37870338836 
0.464802 58.78142964996 1.36537901895 
0.465308 59.91383777455 1.53583379237 
0.465814 59.65342424771 1.59065788645 
0.466321 58.85528323983 1.71675999105 
0.466827 59.14432038909 1.84731333755 
0.467333 59.32158264597 1.83043863326 
0.467839 60.05383644301 1.93611231814 
0.468346 59.66754085794 2.29702637990 
0.468852 58.49358041543 2.52288857646 
0.469358 59.19544517274 2.90464823364 
0.469864 60.36760126314 2.92536398011 
0.470371 57.93846259407 3.72614897392 
0.470877 58.35747052360 4.50410103233 
0.471383 57.84376455336 5.55159556616 
0.471889 56.72163964652 7.38124613125 
0.472395 54.66354138383 5.77315794352 
0.472902 62.62093175706 14.97338586961 
