0.010896 1364.36739219364 12.73383809793 
0.011402 1184.70354671524 12.86398730117 
0.011909 1069.22110885793 11.24555444260 
0.012416 966.99462500942 9.53108789241 
0.012923 886.32527052254 7.42864151743 
0.013430 820.02888037928 11.24736645732 
0.013936 779.39937997181 9.28946108559 
0.014443 735.36789245909 7.56789800491 
0.014950 676.64792313635 6.39895876329 
0.015457 625.40766485539 5.21609092593 
0.015963 582.58207264174 4.55812114563 
0.016470 542.29013096590 4.01983000148 
0.016977 505.99225075093 3.69773577768 
0.017484 472.10747781224 3.55099332807 
0.017990 448.04038318168 3.12769896914 
0.018497 424.30636120108 2.62471700384 
0.019004 399.66200055062 2.45591732776 
0.019511 384.97389709997 2.25253998257 
0.020018 362.40933517172 2.23933579542 
0.020524 345.88562913367 1.95073279940 
0.021031 329.43624867610 1.89900262785 
0.021538 313.97543892464 1.71751521565 
0.022045 302.54047957956 1.75001193325 
0.022551 288.96489618354 1.62465902466 
0.023058 279.67402059352 1.51020718819 
0.023565 268.26847238678 1.57288770826 
0.024072 261.55541590897 1.61142075961 
0.024579 249.70826176581 1.67458139924 
0.025085 242.91113133486 2.04040964118 
0.025592 237.43108991650 2.15674998193 
0.026099 229.79302851410 2.12316870275 
0.026606 225.11991967249 1.70124732770 
0.027112 217.54586385020 1.75565093248 
0.027619 212.59346370987 1.53771727625 
0.028126 208.16877869049 1.47365649235 
0.028633 203.37334899478 1.33752233836 
0.029139 198.37004461551 1.23625719107 
0.029646 194.10585742149 1.17180167255 
0.030153 188.70225764881 1.18753737200 
0.030660 186.24538295094 1.00766740226 
0.031167 183.34391271209 0.96353817178 
0.031673 179.75337446707 0.88685843722 
0.032180 176.23149334295 0.86270305540 
0.032687 173.71983121402 0.89399957214 
0.033194 170.58531152185 0.86841941998 
0.033700 167.53451455233 0.78369432358 
0.034207 165.62437217229 0.76522639594 
0.034714 162.67849419952 0.73068654541 
0.035221 160.35464100070 0.69212789006 
0.035727 157.71900174090 0.68161817811 
0.036234 156.05958320395 0.70749284628 
0.036741 154.06378733197 0.66795018261 
0.037248 151.89641436590 0.66010640879 
0.037755 150.57591370055 0.64491077558 
0.038261 149.37786607217 0.61230915326 
0.038768 148.31649874694 0.62445558663 
0.039275 146.11513246377 0.58356619843 
0.039782 145.38634472755 0.57609044416 
0.040288 142.90074126792 0.57935566934 
0.040795 140.97517443642 0.54607369638 
0.041302 140.49910088328 0.55530364781 
0.041809 139.37811756333 0.56658394360 
0.042315 138.11213876249 0.58667589396 
0.042822 136.34062573835 0.53211921107 
0.043329 135.63756820258 0.54655424957 
0.043836 134.36442020557 0.52646775241 
0.044343 132.76621445394 0.53695831451 
0.044849 132.71040327964 0.49000486467 
0.045356 130.81415423679 0.51010206951 
0.045863 130.57326659255 0.50736385591 
0.046370 129.09325807908 0.52191001909 
0.046876 128.73703263234 0.49492812681 
0.047383 127.97816914942 0.48987647339 
0.047890 126.99589157528 0.47236526829 
0.048397 125.36815113635 0.47130393820 
0.048903 124.33433007354 0.48556870972 
0.049410 123.80198650444 0.48270257801 
0.049917 122.94783187448 0.46303013929 
0.050424 122.73504933627 0.48892994342 
0.050931 121.28797053457 0.45644585109 
0.051437 120.74269070057 0.44205233819 
0.051944 119.76669412102 0.43722794720 
0.052451 119.58674133343 0.43772825586 
0.052958 118.95959192508 0.42889902900 
0.053464 117.92397449030 0.43631262103 
0.053971 117.28378313330 0.45746188297 
0.054478 116.38101406232 0.42616316819 
0.054985 116.75799586910 0.44738335898 
0.055491 116.34352538812 0.43810631017 
0.055998 114.85472679586 0.43103013475 
0.056505 113.77279864919 0.42622479365 
0.057012 113.98114564317 0.42013413105 
0.057519 113.02712747274 0.43322670198 
0.058025 113.07358856279 0.42067922637 
0.058532 112.03672471405 0.39472617515 
0.059039 111.26724610980 0.41689609938 
0.059546 110.74404321266 0.41029661224 
0.060052 110.88071669917 0.41736864667 
0.060559 109.90701618968 0.39936786067 
0.061066 109.52301911764 0.41690880510 
0.061573 109.52586069680 0.40676505487 
0.062079 109.15515537427 0.40013615252 
0.062586 108.53160330097 0.39726161193 
0.063093 107.54600526095 0.38411514594 
0.063600 106.74033921894 0.38202725146 
0.064106 106.64952878085 0.38947859969 
0.064613 106.75965539785 0.38760695664 
0.065120 105.63528433997 0.39004337413 
0.065627 105.94933312377 0.38028273751 
0.066134 105.76265370571 0.37907768580 
0.066640 105.38680877460 0.38776430201 
0.067147 104.80515867445 0.37778257275 
0.067654 103.91610982303 0.38047203256 
0.068161 103.68467667717 0.38490679911 
0.068667 103.01356493061 0.37771923517 
0.069174 103.16998905543 0.38325027289 
0.069681 103.27073736604 0.36865503628 
0.070188 102.41993591474 0.36813022704 
0.070694 102.28916400400 0.35714235963 
0.071201 101.63355523312 0.36161094730 
0.071708 101.44750781205 0.34408754037 
0.072215 100.97627842144 0.34707975989 
0.072721 100.90904507320 0.35808546484 
0.073228 100.35457583553 0.33917164268 
0.073735 99.87999434756 0.34809682094 
0.074242 99.46719718743 0.34794438551 
0.074748 99.38003134308 0.33401178872 
0.075255 99.74311428924 0.32444967271 
0.075762 98.71888208048 0.33506930317 
0.076269 99.10214475238 0.34211805928 
0.076776 98.40238742798 0.33040783908 
0.077282 98.42967214355 0.33324884543 
0.077789 98.30564829075 0.34552509580 
0.078296 97.74658366184 0.33392195080 
0.078803 97.47180802533 0.32795429136 
0.079309 98.15722657186 0.32473261862 
0.079816 97.73657645214 0.33204643234 
0.080323 98.05382471434 0.33018775704 
0.080830 97.69291220814 0.32273156174 
0.081336 96.91977793112 0.32899723679 
0.081843 97.22153767988 0.33379651337 
0.082350 96.88804373103 0.32819748560 
0.082857 96.33474733347 0.32235409455 
0.083363 96.87800972360 0.33941157429 
0.083870 96.10590117221 0.33308735732 
0.084377 96.24705717608 0.33078791839 
0.084884 95.58603255411 0.33131234709 
0.085390 95.56044053697 0.33559737357 
0.085897 96.01620017446 0.33783005929 
0.086404 95.19049708312 0.32276543624 
0.086911 95.13323004911 0.31980881269 
0.087417 95.28638937497 0.33811652946 
0.087924 95.25441494371 0.33555965538 
0.088431 95.04602039011 0.32584168828 
0.088938 94.74400543164 0.33776288672 
0.089444 94.35120524038 0.33854802597 
0.089951 94.31560844385 0.33416556822 
0.090458 94.25213982782 0.33615675554 
0.090965 94.15399502628 0.32931212358 
0.091471 94.23447946683 0.34692085423 
0.091978 93.50190951586 0.33485835173 
0.092485 92.60907015265 0.35130878183 
0.092992 93.08807491989 0.33448398899 
0.093498 93.37519945882 0.34292437626 
0.094005 92.92676662231 0.33933193337 
0.094512 93.09442822609 0.32670900871 
0.095019 92.48367610178 0.33818621427 
0.095525 93.06565438259 0.33013363872 
0.096032 92.30941792291 0.33259259810 
0.096539 92.30293333609 0.33158901885 
0.097046 92.13768609361 0.32584267243 
0.097552 92.02803964685 0.33760776671 
0.098059 92.13659348217 0.32687722936 
0.098566 91.24839331232 0.33056206000 
0.099073 91.90864479205 0.34073618435 
0.099579 91.11903561219 0.32278012647 
0.100086 91.66930014859 0.31422179349 
0.100593 91.69004911328 0.32332108272 
0.101100 91.69035305805 0.31476355015 
0.101606 91.51771752312 0.30551914511 
0.102113 90.31545012364 0.30906703890 
0.102620 89.43125046267 0.30816948413 
0.103127 89.39961438235 0.30006099425 
0.103633 88.95438485174 0.29778964887 
0.104140 88.73536811294 0.29518715351 
0.104647 89.02972551578 0.30820534934 
0.105154 88.77990355123 0.30359889374 
0.105660 88.85310757109 0.31087558756 
0.106167 88.43291000208 0.29570755212 
0.106674 88.08171132069 0.30595579813 
0.107181 87.96374727417 0.29640639189 
0.107687 88.13370141465 0.30382220781 
0.108194 88.03485522051 0.30046544682 
0.108701 87.99114779815 0.28246848526 
0.109208 88.19431344894 0.29257800778 
0.109714 87.34868560830 0.28668084733 
0.110221 87.79858463348 0.28456327259 
0.110728 87.47827996512 0.28400768535 
0.111235 87.78690496701 0.28276627269 
0.111741 87.44157670582 0.28186216027 
0.112248 87.47826582070 0.29114420324 
0.112755 87.42164749936 0.28819328903 
0.113262 87.15687625644 0.28492512399 
0.113768 87.14623520580 0.28187778096 
0.114275 86.80753647965 0.28334833187 
0.114782 87.10175408327 0.27538847494 
0.115289 86.85946303774 0.27181860606 
0.115795 86.68717468589 0.27427807083 
0.116302 86.36022594886 0.26660062870 
0.116809 86.62949336835 0.27107998025 
0.117316 86.52903556756 0.26133113604 
0.117822 86.49699982890 0.27952087707 
0.118329 85.96038471395 0.27019792696 
0.118836 86.07748319338 0.26237220402 
0.119342 85.78141475822 0.27585820656 
0.119849 85.48593261795 0.27374593418 
0.120356 85.85057866557 0.26058194552 
0.120863 85.92558472715 0.26103342203 
0.121369 85.44634483674 0.25669804745 
0.121876 85.56869838373 0.26556121274 
0.122383 85.52061764500 0.26841155849 
0.122890 85.61634892793 0.26595669780 
0.123396 85.10118269432 0.25838937879 
0.123903 85.21514154816 0.26551851264 
0.124410 85.27575449674 0.26284971347 
0.124917 84.91414961874 0.26230583381 
0.125423 84.74165904424 0.26536913518 
0.125930 84.88042007570 0.24985981377 
0.126437 84.83787315120 0.25826568774 
0.126944 84.93244586724 0.25635677105 
0.127450 84.21579894059 0.26065635879 
0.127957 84.65810157654 0.25499522164 
0.128464 84.33697114959 0.25627755079 
0.128970 84.37078061067 0.25210258610 
0.129477 84.48250710411 0.25005300925 
0.129984 84.67226463643 0.26481168677 
0.130491 84.79400689299 0.25160706845 
0.130997 84.36728248620 0.25184730050 
0.131504 84.28532429181 0.25101636417 
0.132011 84.02766179194 0.24671192513 
0.132518 84.08852465472 0.24719808268 
0.133024 84.06822554315 0.25361150294 
0.133531 83.60524785602 0.24614367349 
0.134038 83.85249692329 0.24793201557 
0.134545 83.94789210609 0.24717822822 
0.135051 83.74051675161 0.24687551003 
0.135558 83.45875623128 0.24788645464 
0.136065 83.79082097336 0.24499522292 
0.136571 83.38643193824 0.24677862969 
0.137078 83.27992630720 0.24357379206 
0.137585 83.38097967052 0.24495758286 
0.138092 83.42191141299 0.24757487006 
0.138598 83.23498240794 0.25524969556 
0.139105 83.20914995723 0.24430940403 
0.139612 83.17990007954 0.23747796272 
0.140119 83.22875279503 0.24578429664 
0.140625 82.71840925072 0.24080391002 
0.141132 83.05327590285 0.23497338448 
0.141639 82.83264640209 0.23749209663 
0.142145 82.54497973353 0.23913052737 
0.142652 82.73381108581 0.24089743579 
0.143159 82.72033575652 0.23915188932 
0.143666 82.74717520146 0.24668401025 
0.144172 82.24447002972 0.24296529639 
0.144679 82.18297744429 0.24273712670 
0.145186 82.30937765790 0.24841914543 
0.145692 82.34659146650 0.24379919677 
0.146199 81.92963138349 0.24248657128 
0.146706 81.57958513352 0.23923474465 
0.147213 81.80561208354 0.24659673459 
0.147719 81.52431852879 0.23867447877 
0.148226 81.73607978844 0.24242451874 
0.148733 81.49412822747 0.24069264599 
0.149240 81.60821308644 0.24310954808 
0.149746 81.67957218966 0.24667447143 
0.150253 81.35941521133 0.24126947259 
0.150760 81.17780892554 0.23575592714 
0.151266 81.29880485948 0.23733581498 
0.151773 80.97880602289 0.24467617322 
0.152280 81.37944889753 0.23849437509 
0.152787 80.55118121847 0.23291285546 
0.153293 80.88439419064 0.23783387052 
0.153800 81.13357082156 0.23972378622 
0.154307 80.95959934581 0.24279711475 
0.154813 80.85110062936 0.24350541345 
0.155320 80.51264466942 0.24102092549 
0.155827 80.49434746269 0.23537060472 
0.156334 80.40337590467 0.24200957691 
0.156840 80.27416059621 0.24180968581 
0.157347 80.34917565493 0.23921640649 
0.157854 80.04348903675 0.23931356504 
0.158360 80.42453411767 0.23854295075 
0.158867 79.82709817684 0.23274639784 
0.159374 80.25190330036 0.23857784438 
0.159881 80.01268573165 0.23828702007 
0.160387 79.91215721944 0.23403125891 
0.160894 79.78342956956 0.23861746406 
0.161401 79.24704717815 0.23015871647 
0.161907 79.54437340076 0.23454623794 
0.162414 79.59226354934 0.23947668598 
0.162921 79.66323916267 0.23807753873 
0.163427 79.44618417844 0.22685895546 
0.163934 79.47047438650 0.23333133186 
0.164441 79.09997139762 0.23780703686 
0.164948 79.28510095216 0.22481576181 
0.165454 79.19425609915 0.22902890227 
0.165961 79.08348921346 0.23291689048 
0.166468 78.80136648045 0.23006444804 
0.166974 79.24347848394 0.22928709046 
0.167481 79.08768229685 0.22777378834 
0.167988 79.27426352233 0.22588307145 
0.168495 79.13613706733 0.23386023705 
0.169001 79.29811203074 0.23223993164 
0.169508 79.10615094236 0.23197124333 
0.170015 79.24744791031 0.23477431477 
0.170521 78.93695731758 0.23297615925 
0.171028 79.16402147476 0.23657863939 
0.171535 79.07819566864 0.23033517540 
0.172041 79.42458088087 0.23963371853 
0.172548 78.80007255634 0.23740622028 
0.173055 78.87866358816 0.23148968097 
0.173562 78.89236305089 0.23590938593 
0.174068 78.98807341308 0.23642615089 
0.174575 78.72480640565 0.23788730957 
0.175082 78.78580987625 0.23877918533 
0.175588 79.06440247640 0.23787116385 
0.176095 78.51390089253 0.23494309620 
0.176602 78.95976636409 0.23796682893 
0.177108 78.69607292139 0.24155003492 
0.177615 78.56007685601 0.23544032576 
0.178122 78.52856151691 0.23042554024 
0.178629 78.75599363356 0.23654000452 
0.179135 79.00840180424 0.23773202612 
0.179642 78.64002544474 0.23640383651 
0.180149 78.45641651643 0.23812763483 
0.180655 78.29298456993 0.23000062540 
0.181162 78.80079129808 0.23749100673 
0.181669 78.61694520299 0.24006080571 
0.182175 78.79033325331 0.24649880613 
0.182682 78.54460327090 0.24548459207 
0.183189 78.76760859336 0.24903052940 
0.183695 78.52467711299 0.23952898211 
0.184202 78.60261627789 0.23991896894 
0.184709 78.11275227127 0.24856633036 
0.185216 78.32159992550 0.24468244945 
0.185722 77.99829267097 0.24173264135 
0.186229 77.92739525544 0.24365539140 
0.186736 78.02031614204 0.24422780667 
0.187242 77.75759892697 0.24016336781 
0.187749 77.57954015903 0.24798653065 
0.188256 77.60254215220 0.24626583793 
0.188762 77.84476261116 0.24007896967 
0.189269 77.86268045590 0.24344514824 
0.189776 77.63800971734 0.24586226182 
0.190282 77.50288524985 0.24804410468 
0.190789 77.72584304465 0.24553820108 
0.191296 77.11699565071 0.24603348612 
0.191802 77.06757475317 0.23790521124 
0.192309 77.11838699801 0.24146995225 
0.192816 77.18384854366 0.24023673659 
0.193323 77.09048365387 0.23856913380 
0.193829 76.60247446114 0.23563181757 
0.194336 76.82037975257 0.23703073572 
0.194843 76.40476038168 0.23287234970 
0.195349 76.62476033879 0.23455172133 
0.195856 76.64736698155 0.23562379169 
0.196363 76.15993488042 0.23030937078 
0.196869 75.98587981945 0.22739120447 
0.197376 76.06291398562 0.22841864761 
0.197883 76.34871450049 0.22669105540 
0.198389 75.83712558870 0.22739040444 
0.198896 75.56007283328 0.22368955369 
0.199403 75.84489404487 0.22525618377 
0.199909 75.60770855115 0.22086869771 
0.200416 76.29115637167 0.22464645414 
0.200923 75.70332352607 0.22284405470 
0.201429 75.57764511002 0.22695059527 
0.201936 75.57705170330 0.21805322466 
0.202443 75.89922099495 0.21926692547 
0.202949 75.91701085972 0.22259367385 
0.203456 75.70383063578 0.22245734831 
0.203963 75.48370227705 0.21729006562 
0.204469 75.57206985436 0.21712034384 
0.204976 75.40652516987 0.21249027567 
0.205483 75.28426097365 0.21866279356 
0.205989 75.30539932726 0.21734037459 
0.206496 75.15991495949 0.21355768125 
0.207003 75.40912360070 0.21274510355 
0.207509 75.27155351179 0.21667366815 
0.208016 75.00933906692 0.21538047916 
0.208523 75.38108510052 0.21519868567 
0.209029 75.18574941294 0.21186093164 
0.209536 74.75507442543 0.21436722783 
0.210043 75.28917028722 0.20969115356 
0.210549 74.90027132769 0.21432882778 
0.211056 75.00742958149 0.20908588355 
0.211563 74.93435552542 0.21055275242 
0.212069 75.02720752412 0.21362794117 
0.212576 74.88866236473 0.20815746828 
0.213083 74.44741448729 0.20743842604 
0.213589 74.76976608763 0.20883280355 
0.214096 74.90197869556 0.19910325510 
0.214603 74.79960082092 0.21310941640 
0.215109 74.86329884738 0.21003982391 
0.215616 74.61679481780 0.21010985576 
0.216123 74.37353100289 0.21140479206 
0.216629 74.28802159545 0.20034226479 
0.217136 74.11953680782 0.21076602072 
0.217643 74.06064298523 0.20908750708 
0.218149 74.09303915197 0.20494444814 
0.218656 73.83960110305 0.20504198821 
0.219163 74.34217019586 0.20672262303 
0.219669 74.03909559899 0.20396736562 
0.220176 74.41756384311 0.20567999273 
0.220683 73.90370980210 0.20557013701 
0.221189 74.21883759832 0.21264937115 
0.221696 74.20106291268 0.20583419031 
0.222203 73.73990641569 0.20761261603 
0.222709 74.04048514461 0.20642669919 
0.223216 73.88900740516 0.20180386865 
0.223722 73.93540868641 0.20336310927 
0.224229 73.78037580554 0.20459194439 
0.224736 73.56225464900 0.20198935232 
0.225242 73.85136721735 0.20208737702 
0.225749 73.77059824474 0.20873639135 
0.226256 73.43897406918 0.20300396991 
0.226762 73.49078390576 0.20309865401 
0.227269 73.76211714662 0.20605071362 
0.227776 73.18249987547 0.20369255731 
0.228282 73.33916278113 0.20206697259 
0.228789 73.09745642437 0.19995075860 
0.229296 73.21549480061 0.20347296724 
0.229802 73.14755060839 0.19800970832 
0.230309 73.13852107929 0.20457781624 
0.230816 73.01026924941 0.20512013017 
0.231322 73.24116681579 0.20267790750 
0.231829 72.76519008216 0.19945578969 
0.232335 72.80179747053 0.20310867696 
0.232842 73.03898410383 0.20014488380 
0.233349 72.58880263034 0.19700308868 
0.233855 72.67875932660 0.19858285990 
0.234362 72.74185393322 0.19959038279 
0.234869 72.83863593800 0.19951254774 
0.235375 72.36476444068 0.19820785405 
0.235882 72.54199626294 0.19788320729 
0.236389 72.72553678084 0.20081155289 
0.236895 72.52537979687 0.20166380179 
0.237402 72.25112641985 0.20066633311 
0.237908 72.45545469916 0.20329674236 
0.238415 72.47418923156 0.19891666232 
0.238922 72.33753823394 0.20055633866 
0.239428 71.97191465287 0.20188530322 
0.239935 72.26133860033 0.20036283791 
0.240442 72.30927001684 0.19829832943 
0.240948 72.17396761397 0.19917886345 
0.241455 72.16557159573 0.19842711550 
0.241962 72.23088701520 0.19779507225 
0.242468 72.11241252304 0.20145290772 
0.242975 72.02976365145 0.19980905499 
0.243481 71.93567566266 0.19899676807 
0.243988 71.74089638078 0.19822275167 
0.244495 71.80362463686 0.19803889895 
0.245001 71.65890882494 0.19502309475 
0.245508 71.64131221817 0.19646018069 
0.246015 71.72567812853 0.19866296761 
0.246521 71.81484607298 0.19517549698 
0.247028 71.51994112493 0.19889954075 
0.247534 71.55685150367 0.19337811845 
0.248041 71.49658871943 0.19963512379 
0.248548 71.55658883212 0.19708741928 
0.249054 71.68968177411 0.19227080716 
0.249561 71.72139865614 0.19908956592 
0.250068 71.16555289003 0.19791473891 
0.250574 71.16208747627 0.19777530235 
0.251081 71.17635241551 0.19285563789 
0.251587 71.44311284418 0.19701109191 
0.252094 71.25184332604 0.19496191029 
0.252601 71.05401126893 0.19401495619 
0.253107 71.14568737558 0.19709225824 
0.253614 71.11846100023 0.19359774908 
0.254120 71.11767840005 0.19736648315 
0.254627 70.83999250403 0.19551993528 
0.255134 70.95661295065 0.19453801586 
0.255640 70.87269042245 0.19601340800 
0.256147 71.00257518295 0.19384086904 
0.256654 70.75407221142 0.19808835742 
0.257160 71.22209412088 0.19999527226 
0.257667 71.11887232295 0.19367342645 
0.258173 71.47265313122 0.19765647459 
0.258680 71.27257286143 0.19488444041 
0.259187 71.53253784884 0.19721221458 
0.259693 71.35610475194 0.19678092826 
0.260200 71.32310204152 0.19570618925 
0.260706 71.72652693178 0.19348776355 
0.261213 71.93916183578 0.19697905586 
0.261720 71.82934162862 0.19937938173 
0.262226 71.63658202633 0.19383817264 
0.262733 71.36657033695 0.19713142486 
0.263239 71.53861970220 0.19442346363 
0.263746 71.44438982573 0.18943554164 
0.264253 71.72195540998 0.19377153901 
0.264759 71.49308652501 0.19017151704 
0.265266 71.65156200039 0.19535620652 
0.265772 71.87387517904 0.19249535208 
0.266279 71.88289401225 0.19349483770 
0.266786 71.47427561148 0.19040005144 
0.267292 71.73202200911 0.19426633671 
0.267799 71.70523098359 0.19312091320 
0.268305 71.74049759664 0.19444508016 
0.268812 71.65216297945 0.19275428566 
0.269319 71.70554258610 0.19044098701 
0.269825 71.63464192376 0.18807300702 
0.270332 71.88245017700 0.19044188792 
0.270838 71.93790266840 0.18913630384 
0.271345 72.25156336505 0.19516754415 
0.271852 71.93501684436 0.18949229475 
0.272358 72.07211795762 0.19402850451 
0.272865 72.16147435959 0.19358684475 
0.273371 72.42349487876 0.19055665101 
0.273878 72.52861402889 0.19390529336 
0.274385 72.40680145690 0.19290238445 
0.274891 72.43615701832 0.19026820453 
0.275398 72.54700600516 0.18859530502 
0.275904 72.28135579036 0.18679391118 
0.276411 72.30351092499 0.18591675478 
0.276917 71.88399227544 0.18153136291 
0.277424 72.06042763504 0.18744371579 
0.277931 72.24737958075 0.18530991684 
0.278437 72.38124201369 0.18626749314 
0.278944 72.40308709583 0.17994668894 
0.279450 72.10431431416 0.18598789201 
0.279957 72.00465281799 0.18258332631 
0.280464 72.20242824022 0.18574218355 
0.280970 72.20979920689 0.18097125514 
0.281477 72.29581918303 0.18207849768 
0.281983 72.14542877009 0.18588934156 
0.282490 72.33116527426 0.17942986387 
0.282996 72.28064129143 0.18257478827 
0.283503 72.35495586823 0.17639985861 
0.284010 71.85735607848 0.17962153140 
0.284516 71.91689879954 0.18313220590 
0.285023 71.86423635034 0.17491853376 
0.285529 71.78637292098 0.17639044944 
0.286036 71.48847702330 0.17304759417 
0.286542 71.58763137875 0.17076479584 
0.287049 71.65240586649 0.17341423248 
0.287556 71.59396759583 0.17344420458 
0.288062 71.64685175792 0.17288851174 
0.288569 71.31633355565 0.16855547346 
0.289075 71.15092168192 0.17152530649 
0.289582 71.38204313412 0.17218915529 
0.290088 71.37016460784 0.16926478632 
0.290595 71.28193902411 0.16737916870 
0.291102 71.30752156906 0.17189563584 
0.291608 71.08978985597 0.16912706784 
0.292115 70.96385438973 0.17050161534 
0.292621 71.02874365443 0.16728032034 
0.293128 71.13499824600 0.16866781030 
0.293634 71.13325069796 0.16830945018 
0.294141 70.97483337838 0.16427044325 
0.294647 70.98633920734 0.16667565751 
0.295154 70.83815380005 0.16579952970 
0.295661 70.94801518798 0.16782381132 
0.296167 70.95652806945 0.16559260774 
0.296674 70.71267732302 0.16607807728 
0.297180 70.73936947443 0.16425448520 
0.297687 70.58291835693 0.16649719105 
0.298193 70.41212672028 0.16441117326 
0.298700 70.62852914601 0.16461839133 
0.299207 70.45298240194 0.16342017088 
0.299713 70.44007529871 0.16731739409 
0.300220 70.66741937722 0.16209242389 
0.300726 70.60807104540 0.15927012375 
0.301233 70.30302857382 0.16369213649 
0.301739 70.27808446409 0.16272803919 
0.302246 70.55163330735 0.16357797796 
0.302752 70.28300358517 0.16209897499 
0.303259 70.47432578034 0.16336952057 
0.303765 70.13766567597 0.16374666069 
0.304272 70.38330921443 0.16090618008 
0.304779 70.09579080000 0.15890872873 
0.305285 70.17248601977 0.15820694061 
0.305792 70.15356533573 0.16185445777 
0.306298 70.01049885351 0.16121591090 
0.306805 70.15082377151 0.16268373401 
0.307311 69.62336368063 0.15865397223 
0.307818 70.08607496200 0.16078157860 
0.308324 69.74438385364 0.15836449515 
0.308831 69.40056335512 0.15619015982 
0.309337 69.43220565245 0.15526635400 
0.309844 69.16519567175 0.15219843932 
0.310350 69.17048844883 0.15484660584 
0.310857 68.96165089942 0.14885192680 
0.311364 68.67347548448 0.15096908263 
0.311870 68.38311477370 0.14922908889 
0.312377 68.23166901316 0.14901724849 
0.312883 68.28422055028 0.14647804096 
0.313390 67.94001892503 0.14733392630 
0.313896 67.71398616082 0.14852410300 
0.314403 67.63628210635 0.14504507674 
0.314909 67.62619555264 0.14351076079 
0.315416 67.60275949560 0.14452242744 
0.315922 67.50238404271 0.14378234979 
0.316429 67.35278096869 0.14244425649 
0.316935 67.24876038803 0.14458166099 
0.317442 66.89992916654 0.14232233899 
0.317948 67.08869462890 0.14222608868 
0.318455 66.85966402012 0.14028226925 
0.318961 66.92033253900 0.14232306530 
0.319468 66.80883641061 0.14024208252 
0.319975 67.05805791591 0.13956810085 
0.320481 66.76730725720 0.14230989916 
0.320988 66.62845217638 0.14543137392 
0.321494 66.69711931870 0.14216331674 
0.322001 66.49374324200 0.15408740571 
0.322507 66.64056401954 0.14030731625 
0.323014 66.46587007552 0.14301482438 
0.323520 66.50079547423 0.14162357226 
0.324027 66.52842999150 0.14046648372 
0.324533 66.31468189894 0.14555954646 
0.325040 66.42966981897 0.13763252575 
0.325546 66.40346130874 0.14159087750 
0.326053 66.23269246539 0.14087044400 
0.326559 66.38151056298 0.13846195398 
0.327066 66.26063573143 0.13830209178 
0.327572 66.13986287902 0.13783365102 
0.328079 66.33166188890 0.14047928722 
0.328585 66.05004623779 0.13450617132 
0.329092 66.18147064254 0.13896292482 
0.329598 66.12772229053 0.13843454988 
0.330105 66.10717204123 0.13835125075 
0.330611 65.78140926040 0.13776964369 
0.331118 65.89004455779 0.13848499211 
0.331624 65.89974253733 0.14053778357 
0.332131 66.00213086134 0.14038020398 
0.332637 65.93707175002 0.14074872857 
0.333144 65.87946867187 0.13907833606 
0.333650 65.69724708295 0.13971813528 
0.334157 65.91530965554 0.13857154124 
0.334663 65.82651469803 0.14262934619 
0.335170 65.85321566663 0.13892594428 
0.335676 65.89817604617 0.13949816172 
0.336183 65.63088191075 0.13893539045 
0.336689 65.65354122565 0.14070680749 
0.337196 65.78503117615 0.14036462672 
0.337702 65.86412925415 0.14069277842 
0.338209 65.83239436320 0.14119174395 
0.338715 65.74867551918 0.13577113275 
0.339222 65.53094133918 0.14053147128 
0.339728 65.45221669621 0.13733375049 
0.340235 65.76073215628 0.21569007034 
0.340741 65.59515931491 0.13691545493 
0.341248 65.27410813638 0.13950229928 
0.341754 65.22575474079 0.14170875356 
0.342261 65.40036873767 0.13927697008 
0.342767 65.37584493143 0.13884963632 
0.343274 64.99898277532 0.13592536210 
0.343780 65.25112108972 0.13953551303 
0.344287 65.20106811537 0.14059768004 
0.344793 65.10380777726 0.13797273187 
0.345300 65.16855978787 0.14328032663 
0.345806 65.20242214833 0.14330871028 
0.346313 65.15704956809 0.14616733476 
0.346819 64.94611738074 0.14236719738 
0.347325 64.82529756916 0.14613330217 
0.347832 64.84532074481 0.14572715447 
0.348338 64.75485344630 0.14540792188 
0.348845 64.52003772386 0.14945454403 
0.349351 64.73997829048 0.14359556954 
0.349858 64.82459714357 0.14868743457 
0.350364 64.51923907525 0.14612240687 
0.350871 64.71870087544 0.14577852790 
0.351377 64.60812992150 0.14526141845 
0.351884 64.49583022329 0.14891792637 
0.352390 64.43299553778 0.14912069407 
0.352897 64.55614199687 0.14950162558 
0.353403 64.25831584203 0.14745139242 
0.353910 64.30908046154 0.14969895636 
0.354416 64.16851266784 0.14909375930 
0.354923 64.45261372647 0.15166179667 
0.355429 63.92262317603 0.15299508799 
0.355935 63.92998975629 0.14824532555 
0.356442 64.04065965466 0.15142126682 
0.356948 64.18613539150 0.15356285903 
0.357455 63.90518782677 0.15832751314 
0.357961 63.79490914627 0.15545978491 
0.358468 63.90933297066 0.15765667731 
0.358974 63.80833462459 0.22319824302 
0.359481 63.65008022312 0.20527429146 
0.359987 63.93325208367 0.19887661710 
0.360494 63.94531223343 0.19059461419 
0.361000 63.66804440894 0.18784824978 
0.361506 63.83476855231 0.18668647728 
0.362013 63.79356501935 0.18414810538 
0.362519 63.75489646043 0.18644172441 
0.363026 63.95527004796 0.18487521635 
0.363532 63.88092858533 0.18789046727 
0.364039 64.03263654977 0.17961666492 
0.364545 63.70525772546 0.18228985789 
0.365052 63.90970658064 0.18601884658 
0.365558 63.58862374670 0.17930268066 
0.366064 63.80487190378 0.18282108533 
0.366571 63.79129695875 0.18386745118 
0.367077 63.49466791946 0.18423854886 
0.367584 63.62145519545 0.18608733575 
0.368090 63.31696936382 0.18467745398 
0.368597 63.70271252741 0.18926628869 
0.369103 63.55079964185 0.18713910509 
0.369610 63.31585712053 0.19182500091 
0.370116 63.78507418543 0.19003365907 
0.370622 63.48144133517 0.18863296838 
0.371129 63.84916933405 0.19251455768 
0.371635 63.69311137338 0.19156950368 
0.372142 63.66179081829 0.19292271434 
0.372648 63.58319237007 0.19256467253 
0.373155 63.34018938539 0.19872318209 
0.373661 63.21198525865 0.19185591182 
0.374167 63.47154054110 0.19628972547 
0.374674 63.33894013047 0.20089298995 
0.375180 63.10538729833 0.19554225025 
0.375687 63.29918149745 0.20662867570 
0.376193 63.37772338501 0.19889722889 
0.376700 63.40620021800 0.20222581093 
0.377206 63.37384593425 0.20101534754 
0.377712 63.50588519450 0.20136593812 
0.378219 63.10028405351 0.20926150667 
0.378725 63.39291447351 0.20190574205 
0.379232 63.46366041596 0.20615720746 
0.379738 63.29021859861 0.20105449310 
0.380245 63.33123583471 0.20817611881 
0.380751 63.04212201832 0.20835539472 
0.381257 63.34731400809 0.20759241299 
0.381764 62.90492554836 0.21038054671 
0.382270 62.97367931114 0.20648424001 
0.382777 63.28783440103 0.20614922861 
0.383283 62.91006474703 0.20984848915 
0.383789 62.92915232132 0.21238492479 
0.384296 63.29976553261 0.21325880126 
0.384802 62.81363254128 0.21014930634 
0.385309 63.37988768120 0.20775068698 
0.385815 63.03791627125 0.20865080727 
0.386321 63.23530318521 0.20967877600 
0.386828 63.34666647406 0.21908292603 
0.387334 62.95911212903 0.21362854103 
0.387841 62.72070429745 0.21452933675 
0.388347 62.96473929092 0.20983835444 
0.388853 63.10460869404 0.21415440196 
0.389360 62.81390895348 0.21754037831 
0.389866 62.83880868302 0.21420125799 
0.390373 62.63320470464 0.21346236853 
0.390879 62.90607450513 0.22028910807 
0.391385 62.72876653570 0.22020595642 
0.391892 62.41781430846 0.22272341549 
0.392398 62.79243110861 0.22528448014 
0.392905 62.44133166321 0.22383599374 
0.393411 62.47121720728 0.22381689576 
0.393917 62.39457695907 0.22367670899 
0.394424 62.59831389680 0.22726764196 
0.394930 62.77898165716 0.22854838318 
0.395437 62.59510615231 0.23011693186 
0.395943 62.52220206429 0.22918833832 
0.396449 62.29416392228 0.29408828869 
0.396956 62.47569785845 0.22742921843 
0.397462 62.77191537873 0.23690741462 
0.397969 62.63597040166 0.23273323799 
0.398475 62.25970093991 0.23004372374 
0.398981 62.46482819317 0.23143042458 
0.399488 62.36230733204 0.23250183134 
0.399994 62.41877470477 0.24179545459 
0.400500 62.75845172714 0.24062708817 
0.401007 62.42964743337 0.23590088813 
0.401513 62.52085219339 0.24363600337 
0.402020 62.36222263710 0.24659272010 
0.402526 62.20033826846 0.24891940631 
0.403032 62.49140972178 0.24490152379 
0.403539 62.64139429592 0.25340977810 
0.404045 62.20114722199 0.24947458094 
0.404551 62.47928617226 0.26924691332 
0.405058 62.46239507130 0.26390017262 
0.405564 61.76813560567 0.25421704203 
0.406071 62.41227477613 0.25978489675 
0.406577 62.33691373252 0.26062216650 
0.407083 62.28041677881 0.26168771277 
0.407590 62.50048119137 0.27601769626 
0.408096 62.47233393666 0.27718971143 
0.408602 62.10141877573 0.26565630237 
0.409109 62.28516503932 0.26170979176 
0.409615 62.03284945714 0.27855172532 
0.410121 62.12316508660 0.26110604289 
0.410628 61.93953676946 0.26895429230 
0.411134 62.11548279337 0.26969486712 
0.411641 62.10315559882 0.26965733104 
0.412147 62.17212863419 0.26265425711 
0.412653 62.36871482484 0.26956473445 
0.413160 61.61161482148 0.26264303068 
0.413666 61.67154349596 0.26978456521 
0.414172 62.28777931484 0.28074616664 
0.414679 61.70934241817 0.26858948277 
0.415185 61.91117708260 0.28896362426 
0.415691 62.02030825268 0.26395540160 
0.416198 62.42837820412 0.27813859889 
0.416704 61.94806919239 0.28656970098 
0.417210 62.01569948385 0.28041645546 
0.417717 62.27097199702 0.29272047843 
0.418223 61.91626834604 0.28242431581 
0.418729 62.16690893072 0.28323789953 
0.419236 61.77565556269 0.28229632959 
0.419742 61.31385957927 0.27214931050 
0.420248 62.06816499606 0.27679660706 
0.420755 62.45959839279 0.27970308670 
0.421261 61.56076954139 0.26202296649 
0.421767 61.02971776627 0.29313942351 
0.422274 61.54737632424 0.28504614661 
0.422780 61.83487809345 0.28959838337 
0.423286 61.67786233408 0.29107464057 
0.423793 61.38341507722 0.27746758541 
0.424299 61.59244930778 0.28667839950 
0.424805 62.33345380449 0.29221394386 
0.425312 61.23751129584 0.28851855461 
0.425818 61.77607379092 0.28216434981 
0.426324 61.90047464629 0.30456884839 
0.426831 61.97126863554 0.29069563853 
0.427337 61.50941895196 0.29782629866 
0.427843 61.58929495314 0.30107852934 
0.428350 61.82840622640 0.30536574399 
0.428856 61.53363106831 0.30794253682 
0.429362 61.46713699354 0.31704092371 
0.429869 61.93030993487 0.32260557435 
0.430375 61.11382662018 0.32304293745 
0.430881 61.65095989625 0.33409094683 
0.431388 61.56689899652 0.31037268522 
0.431894 61.09126989105 0.32618608857 
0.432400 61.31192408572 0.33571673361 
0.432907 61.50421288143 0.32527941253 
0.433413 61.69811173098 0.33454799094 
0.433919 61.70753666440 0.33305494852 
0.434425 61.12336815591 0.33404280180 
0.434932 62.13396003866 0.34457374909 
0.435438 61.38177961528 0.34872109064 
0.435944 61.62104097569 0.34326678640 
0.436451 61.48917379752 0.34101830353 
0.436957 60.84637230110 0.35297287293 
0.437463 60.91965788307 0.35476920150 
0.437970 61.30557778754 0.35232149878 
0.438476 61.60555558712 0.36044557535 
0.438982 61.34076856996 0.35596671347 
0.439489 61.21597127397 0.37562665899 
0.439995 61.53133623210 0.36531974357 
0.440501 61.28048789799 0.35936416143 
0.441007 60.74108570913 0.38258888924 
0.441514 62.16925064863 0.37429326054 
0.442020 61.41272029444 0.38326354137 
0.442526 61.13892257375 0.39139546612 
0.443033 60.68211146526 0.39447373547 
0.443539 61.29034493511 0.41051247689 
0.444045 61.21021204171 0.39933436420 
0.444551 61.29413274571 0.42019340986 
0.445058 61.29922753644 0.41205830943 
0.445564 60.89893732401 0.43631119442 
0.446070 59.88433362138 0.42498110252 
0.446577 60.76876697809 0.44089509032 
0.447083 60.93414193724 0.46052924240 
0.447589 60.76025890947 0.45212978727 
0.448095 60.89134451182 0.46520057846 
0.448602 60.65765314105 0.45204571120 
0.449108 60.79848422285 0.48122585326 
0.449614 60.96868811498 0.47518501267 
0.450121 60.95486660440 0.50963174683 
0.450627 60.76113705889 0.50306513804 
0.451133 60.47028186849 0.51275202090 
0.451639 60.06219056170 0.52020798723 
0.452146 60.85234543560 0.52329383908 
0.452652 60.10436234545 0.54782542790 
0.453158 59.94686699226 0.58637670256 
0.453664 60.54211986083 0.56258537588 
0.454171 59.67966077651 0.57813793404 
0.454677 59.12108410385 0.60041405926 
0.455183 59.88762001550 0.62123066175 
0.455689 60.71241147602 0.63077016839 
0.456196 59.90929739928 0.70154976915 
0.456702 59.77209548894 0.64391555737 
0.457208 60.47440264545 0.69760849000 
0.457714 59.61436361473 0.77324254352 
0.458221 60.55395951261 0.77097340840 
0.458727 60.51800001986 0.77547735548 
0.459233 60.97662673222 0.88445956941 
0.459740 60.12788124712 0.83122129160 
0.460246 60.08961075888 0.90093866666 
0.460752 60.11016349876 0.97418658812 
0.461258 60.53232442470 1.01943746232 
0.461765 60.97410156344 1.06841434172 
0.462271 59.43067818237 0.99165074069 
0.462777 59.97723395635 1.18064316146 
0.463283 60.50293785279 1.23407886585 
0.463789 61.81903093359 1.44752154298 
0.464296 61.43663217853 1.39809706232 
0.464802 59.73269628998 1.32803443838 
0.465308 60.07742875971 1.56253520998 
0.465814 60.14737319116 1.66917071309 
0.466321 60.28425128452 1.75278559043 
0.466827 59.54335694050 1.83353150214 
0.467333 59.91205845676 1.95733158402 
0.467839 58.76400769813 1.98947684597 
0.468346 61.31806227951 2.32505579789 
0.468852 60.17115705826 2.57069911089 
0.469358 59.93620403347 3.00816899922 
0.469864 58.47461284010 2.84663476034 
0.470371 58.15750985820 3.80199292140 
0.470877 57.46368937394 4.26835889424 
0.471383 57.41799036940 5.59742468798 
0.471889 52.46269551626 6.81592584236 
0.472395 57.73195987064 5.87913673880 
0.472902 49.93972282077 12.05936745508 
