0.010896 1375.66584506205 14.35670289405 
0.011402 1222.67816758377 13.09179717191 
0.011909 1087.79372220662 11.99190148403 
0.012416 993.63343420404 10.26541603559 
0.012923 888.88855819187 8.85476160454 
0.013430 834.46640256818 11.71140878916 
0.013936 797.29438275416 9.14144095955 
0.014443 745.46227056390 7.93012634608 
0.014950 687.55726072617 6.84367308956 
0.015457 632.90516062852 5.88963966358 
0.015963 589.03566908182 5.04909341421 
0.016470 549.91250207387 4.04589307541 
0.016977 516.44263501482 4.04306703329 
0.017484 480.72532942581 3.31524485574 
0.017990 456.74943105369 3.16143965967 
0.018497 428.19223161230 2.84623883324 
0.019004 405.30085104149 2.51239734942 
0.019511 384.22990468079 2.24324208626 
0.020018 362.20057124167 2.25885054312 
0.020524 347.11521072654 2.13727262587 
0.021031 331.38851004698 1.90735853073 
0.021538 321.14001639789 1.66325723977 
0.022045 303.98676006668 1.56186387112 
0.022551 292.42613670199 1.63760151275 
0.023058 284.28398551696 1.43447008460 
0.023565 270.67062277084 1.50558822410 
0.024072 262.76478870597 1.79693890047 
0.024579 252.32064430075 1.58018708912 
0.025085 245.46374096104 2.23722867877 
0.025592 238.79265189294 2.06178677824 
0.026099 232.65395136604 2.15289440546 
0.026606 225.09396659838 1.65958883584 
0.027112 217.74535609752 1.84915656079 
0.027619 213.73941081986 1.53249248455 
0.028126 208.19775570072 1.60454259947 
0.028633 204.37713374579 1.36640035496 
0.029139 199.89888722913 1.13501972177 
0.029646 193.82791799475 1.14452979694 
0.030153 191.17587412620 1.13938832950 
0.030660 187.39101050624 1.06232985369 
0.031167 183.62684991419 0.93519462901 
0.031673 179.69358467432 0.90585434432 
0.032180 177.03503387848 0.92761669206 
0.032687 172.96019656324 0.92156723289 
0.033194 171.19264232673 0.82561761244 
0.033700 168.79687349197 0.75038982302 
0.034207 165.14561810433 0.75152721041 
0.034714 163.48502752479 0.73985226283 
0.035221 161.13367393794 0.74776356719 
0.035727 159.09952334050 0.67108740172 
0.036234 155.76513973230 0.66562386569 
0.036741 154.82815382888 0.69926008157 
0.037248 152.48360815865 0.69676765526 
0.037755 151.21978704697 0.59607101362 
0.038261 149.65947171361 0.63986141797 
0.038768 147.74161380698 0.60063763593 
0.039275 146.88675115430 0.56708304563 
0.039782 144.31338101266 0.61203823219 
0.040288 143.16960089737 0.59780171331 
0.040795 141.30203097810 0.57539517692 
0.041302 140.79103465956 0.57984789215 
0.041809 139.02723238443 0.54777800850 
0.042315 138.16824105807 0.55817809855 
0.042822 136.83499507903 0.52062572782 
0.043329 134.69533552549 0.55948678988 
0.043836 133.79161461343 0.53139073856 
0.044343 132.24913109374 0.52544717921 
0.044849 132.08084725026 0.50799215689 
0.045356 130.86233391954 0.52017079852 
0.045863 130.13565872986 0.48795127408 
0.046370 128.62499477141 0.51608768027 
0.046876 128.88089234188 0.51516927947 
0.047383 127.54295795211 0.48339332337 
0.047890 126.40384753983 0.48501905712 
0.048397 125.18258365990 0.48357734786 
0.048903 125.04898804633 0.48879310857 
0.049410 124.00254965777 0.47784024535 
0.049917 123.51764168211 0.46548202714 
0.050424 122.10992620800 0.47963365186 
0.050931 121.74580151895 0.45899286454 
0.051437 120.42686934618 0.45013393384 
0.051944 120.29676582783 0.44313842251 
0.052451 119.64579642971 0.44746047357 
0.052958 119.32186321450 0.44843086936 
0.053464 117.64154428895 0.44371959059 
0.053971 117.18123491775 0.46739273486 
0.054478 116.15574948544 0.42484921382 
0.054985 116.26238662866 0.44492651211 
0.055491 115.63482038857 0.44274121574 
0.055998 114.82071718188 0.41184286131 
0.056505 114.39941845897 0.42864639422 
0.057012 112.45033022143 0.42379787078 
0.057519 113.49642451860 0.43309625656 
0.058025 112.14624462020 0.40033677172 
0.058532 112.05818002834 0.42857207641 
0.059039 111.62042197379 0.41815812446 
0.059546 110.45131438405 0.42937266528 
0.060052 110.59674735589 0.41290875477 
0.060559 110.17602345655 0.40141978122 
0.061066 108.94069051029 0.40090641312 
0.061573 109.00240572639 0.39793626535 
0.062079 108.58606682227 0.41166128628 
0.062586 107.69370270744 0.40564721008 
0.063093 107.61544387751 0.38477500105 
0.063600 106.71297125033 0.38397400323 
0.064106 106.81730661176 0.39810219221 
0.064613 106.78862024551 0.38636416311 
0.065120 105.79699503869 0.37763233711 
0.065627 105.53275212545 0.37584919287 
0.066134 105.52873007411 0.36606237962 
0.066640 104.93514089582 0.37928222020 
0.067147 104.39296165425 0.38280151354 
0.067654 104.22257735961 0.38228017179 
0.068161 103.23962181307 0.35752534180 
0.068667 103.97726898906 0.35628068729 
0.069174 103.29201294179 0.38814653677 
0.069681 102.71162478177 0.36137028488 
0.070188 103.02585661139 0.36377369468 
0.070694 102.02509237249 0.35344722206 
0.071201 101.55468477595 0.35314507406 
0.071708 100.89842252615 0.35148658782 
0.072215 100.98001689427 0.34216894136 
0.072721 101.41604644699 0.34218995793 
0.073228 100.53736543454 0.34163274954 
0.073735 99.84740395357 0.34745235843 
0.074242 100.10773419547 0.35106977726 
0.074748 99.18880286341 0.35119581931 
0.075255 99.82664900479 0.34364287396 
0.075762 99.34646746077 0.32707385970 
0.076269 98.79101594051 0.33423183100 
0.076776 98.65807915233 0.34095509870 
0.077282 98.01878860722 0.34396975868 
0.077789 98.39501337136 0.32969305219 
0.078296 97.94394724054 0.32065393071 
0.078803 98.05725273164 0.33058465086 
0.079309 97.73260792135 0.32618116029 
0.079816 97.54071296552 0.33335070098 
0.080323 97.57340721232 0.32671900196 
0.080830 97.99274244689 0.31628540178 
0.081336 96.76817533669 0.33137591122 
0.081843 96.93567770264 0.32343347619 
0.082350 96.67930728449 0.33548289854 
0.082857 96.39279388179 0.33637200984 
0.083363 96.75753907758 0.33188915052 
0.083870 96.78468954468 0.32453156321 
0.084377 96.45524850079 0.33526162477 
0.084884 96.37335955882 0.33353287206 
0.085390 95.56992943669 0.33786820281 
0.085897 95.36117885432 0.32120198577 
0.086404 95.72849156835 0.33711688896 
0.086911 95.40526434615 0.32814046472 
0.087417 94.71904793716 0.32214815333 
0.087924 94.90864660622 0.32710116246 
0.088431 95.01763041633 0.32323976823 
0.088938 94.56009536790 0.33555204282 
0.089444 94.66180763730 0.32699015467 
0.089951 94.45929961650 0.33168561025 
0.090458 94.39978287044 0.33955523926 
0.090965 93.99610510389 0.31853655906 
0.091471 93.53011217523 0.32147236822 
0.091978 93.67375474782 0.33211797272 
0.092485 93.05004847284 0.34781988424 
0.092992 92.98642390473 0.34009106695 
0.093498 92.96554566406 0.33751332466 
0.094005 92.57641006033 0.33999208755 
0.094512 92.44189341877 0.32541281268 
0.095019 92.77079230384 0.32350901715 
0.095525 92.37019053514 0.33057107384 
0.096032 92.73393541211 0.32950356626 
0.096539 92.01526084885 0.31885077354 
0.097046 92.35638669535 0.32971969049 
0.097552 91.56147069639 0.32802853020 
0.098059 91.93931559907 0.32038835721 
0.098566 92.16803170711 0.32861033349 
0.099073 91.77888696264 0.33081758701 
0.099579 91.74840978019 0.32915275891 
0.100086 91.61055270969 0.31687093242 
0.100593 91.04874632555 0.33008045649 
0.101100 91.08198693091 0.32449972567 
0.101606 91.04839453519 0.31253640790 
0.102113 89.57646383308 0.29766780399 
0.102620 89.92194039596 0.29423716158 
0.103127 89.62592788173 0.30434366301 
0.103633 89.36240453262 0.29823821281 
0.104140 88.41539596472 0.30544473044 
0.104647 88.42751585498 0.29482536825 
0.105154 88.10015079986 0.30984587602 
0.105660 88.53027740538 0.31357203127 
0.106167 88.24498962892 0.30070654040 
0.106674 88.13702414980 0.30617373277 
0.107181 87.85436002733 0.30789232095 
0.107687 88.33188140592 0.29002113760 
0.108194 88.16170598980 0.29346579531 
0.108701 87.82898802394 0.29622360683 
0.109208 87.99356522892 0.28725833475 
0.109714 87.60836291719 0.30168390296 
0.110221 87.13116846201 0.29127512281 
0.110728 87.14745393320 0.28550450247 
0.111235 86.95020415775 0.29063341961 
0.111741 87.27377482110 0.28574661768 
0.112248 87.56060394404 0.29184401396 
0.112755 86.83520287256 0.28840768726 
0.113262 86.84581725542 0.27890589307 
0.113768 87.01286035349 0.28034126195 
0.114275 86.92305099558 0.28209348661 
0.114782 86.56883294865 0.27494714892 
0.115289 86.74738889493 0.27076616593 
0.115795 86.68004481273 0.27804935549 
0.116302 86.53907753017 0.27675389544 
0.116809 86.40150535752 0.27166994575 
0.117316 86.53784460044 0.27539763330 
0.117822 86.49780093709 0.27029126812 
0.118329 86.33005141040 0.26379504524 
0.118836 86.00799995700 0.27146312569 
0.119342 86.10565546724 0.26622191479 
0.119849 85.63083166718 0.27468067094 
0.120356 85.96329142342 0.27623012370 
0.120863 86.02201198388 0.26484021233 
0.121369 85.42963068032 0.27065754166 
0.121876 85.59084497067 0.27348719107 
0.122383 85.76292125564 0.26497198098 
0.122890 85.39030606353 0.26539275669 
0.123396 85.25271761381 0.25793004764 
0.123903 85.51939492106 0.25477746276 
0.124410 85.40801311950 0.26300556395 
0.124917 85.13096227493 0.26431843475 
0.125423 85.07329451418 0.26205392305 
0.125930 85.22641879267 0.25459997531 
0.126437 85.26924167840 0.26201059080 
0.126944 84.80337350342 0.25272956433 
0.127450 84.71326764224 0.25021077165 
0.127957 84.92963300075 0.25562130759 
0.128464 84.90253628931 0.25868600088 
0.128970 84.34150916928 0.24966772250 
0.129477 84.59083567012 0.25222867397 
0.129984 84.52588066331 0.25476217508 
0.130491 84.49587501317 0.25977623704 
0.130997 83.89670697129 0.24990713601 
0.131504 84.10945561167 0.25463492570 
0.132011 84.39922708214 0.25214525120 
0.132518 84.26040874736 0.24542918396 
0.133024 83.96491001194 0.25827892587 
0.133531 83.93948457233 0.25324613726 
0.134038 83.71269366954 0.24817479022 
0.134545 83.99596790304 0.24629142599 
0.135051 83.76076030684 0.24728711139 
0.135558 83.46955090380 0.24684688630 
0.136065 83.97304758020 0.24337697338 
0.136571 83.77137075374 0.24896328833 
0.137078 83.57248956057 0.25560093089 
0.137585 83.34058280437 0.24353475690 
0.138092 83.14351822260 0.24531660232 
0.138598 83.25421461682 0.24841552215 
0.139105 83.42548753938 0.24524544922 
0.139612 83.42386008643 0.24716430623 
0.140119 83.49712728698 0.24130630082 
0.140625 83.09536009270 0.24309200967 
0.141132 82.95435164543 0.24038732828 
0.141639 83.08870018381 0.23803328427 
0.142145 82.83061556604 0.24430261564 
0.142652 82.85190163818 0.24282451751 
0.143159 82.40759647173 0.23999387218 
0.143666 82.34689076793 0.23819291321 
0.144172 82.42525672426 0.23921212211 
0.144679 82.63178492042 0.24412990964 
0.145186 82.26494443624 0.24531797514 
0.145692 81.76195977650 0.24013717238 
0.146199 82.28820662085 0.24040718672 
0.146706 81.40615494108 0.24210726824 
0.147213 82.11301829081 0.24942167568 
0.147719 81.94076029272 0.23465544555 
0.148226 81.73806322813 0.23559961287 
0.148733 81.82224444803 0.23926995130 
0.149240 81.45797789847 0.24128242086 
0.149746 81.53561849110 0.23989326494 
0.150253 81.30458408610 0.23823401154 
0.150760 81.39461498072 0.24092812421 
0.151266 81.14403410060 0.24187240948 
0.151773 81.28493513829 0.24073937730 
0.152280 81.19695331797 0.23626671170 
0.152787 80.97758222775 0.24203133687 
0.153293 80.87812779392 0.23601255896 
0.153800 80.92500435746 0.24409931149 
0.154307 80.99284429811 0.24809341963 
0.154813 80.86206789025 0.23936016312 
0.155320 80.36232716075 0.23577205955 
0.155827 80.63900300252 0.23335112851 
0.156334 80.66442085380 0.23088011019 
0.156840 80.28429277447 0.23579669857 
0.157347 80.55098717065 0.23562905355 
0.157854 80.36123287463 0.23617215592 
0.158360 80.35585053816 0.23992025839 
0.158867 80.04292308859 0.23384964682 
0.159374 80.14395683655 0.23308529433 
0.159881 79.86659804350 0.23662138451 
0.160387 79.82321553741 0.23758326403 
0.160894 79.68877022904 0.23714890902 
0.161401 80.40068813591 0.23777437046 
0.161907 79.56833890280 0.23638386842 
0.162414 79.32549452414 0.23327252739 
0.162921 79.62888355383 0.23534729759 
0.163427 79.80181529234 0.23114884938 
0.163934 79.78804269877 0.23500468952 
0.164441 79.56299448204 0.23910929683 
0.164948 79.77698474728 0.23246236309 
0.165454 79.37685095441 0.23007119354 
0.165961 79.09043698512 0.22785936207 
0.166468 79.23935170978 0.23100196009 
0.166974 79.30549126486 0.22767632483 
0.167481 79.40408452228 0.23252878251 
0.167988 79.34161922949 0.22898539939 
0.168495 78.98726080645 0.23184443634 
0.169001 79.06257027193 0.23340587336 
0.169508 79.21428919475 0.23148517570 
0.170015 79.21918089623 0.23427270036 
0.170521 79.03665138604 0.22902166091 
0.171028 78.86158312216 0.23743271536 
0.171535 79.17600776337 0.23715713411 
0.172041 79.03193735908 0.23863775319 
0.172548 79.01169032256 0.23322288210 
0.173055 78.74315806688 0.23592695707 
0.173562 79.10422589019 0.23280505680 
0.174068 78.86398084061 0.23518519824 
0.174575 78.97601318402 0.23677490152 
0.175082 79.02989765130 0.23209102359 
0.175588 78.92771901641 0.24424093793 
0.176095 79.19676318990 0.23621165687 
0.176602 78.95801667327 0.24280175207 
0.177108 78.65166939393 0.23311707690 
0.177615 78.46419311438 0.23678754049 
0.178122 78.98661169523 0.23734409283 
0.178629 78.43167031353 0.23647798201 
0.179135 78.90139247731 0.24175480202 
0.179642 78.72634157375 0.23795082266 
0.180149 79.46753323458 0.23898595687 
0.180655 78.51862785985 0.23768733872 
0.181162 78.63937743545 0.22848276189 
0.181669 78.99009923637 0.23914220568 
0.182175 78.63943175355 0.24032857593 
0.182682 78.79417644402 0.24108021009 
0.183189 78.85053469411 0.24627173465 
0.183695 78.54089088995 0.24430894745 
0.184202 78.45745019325 0.24109405609 
0.184709 78.24688881458 0.24259780048 
0.185216 78.34391735682 0.24355395483 
0.185722 78.40096026269 0.23982921871 
0.186229 78.04728884170 0.24545896718 
0.186736 77.76648474896 0.24589167438 
0.187242 78.14621072284 0.24215259432 
0.187749 78.18443544748 0.24869359022 
0.188256 77.99437111982 0.24536569382 
0.188762 77.74649744627 0.24217345460 
0.189269 77.61990538356 0.24752456103 
0.189776 77.96952445655 0.24895772371 
0.190282 77.66348716659 0.24369325685 
0.190789 77.67975797915 0.24419980957 
0.191296 77.60074036121 0.24577768027 
0.191802 77.84919726681 0.24253580110 
0.192309 77.30505472098 0.23897904477 
0.192816 77.10303311352 0.23910613602 
0.193323 76.85982688294 0.23833234169 
0.193829 77.02458181907 0.23558501464 
0.194336 76.70594586854 0.24155145109 
0.194843 76.71065613495 0.23252906025 
0.195349 76.22685347146 0.23645399917 
0.195856 76.59669037585 0.23712772410 
0.196363 76.21573475185 0.23095612082 
0.196869 76.29434255531 0.22376102810 
0.197376 76.44972773144 0.22701977105 
0.197883 76.50451531598 0.23395097865 
0.198389 76.24570992475 0.22862512121 
0.198896 75.91596919611 0.22881180152 
0.199403 76.05363924953 0.22702421190 
0.199909 75.99591298134 0.22195856269 
0.200416 75.74271227884 0.22852636151 
0.200923 75.96643321066 0.22488085865 
0.201429 75.68972771118 0.22439668352 
0.201936 75.65520778717 0.22321604471 
0.202443 75.84816521442 0.22067954207 
0.202949 75.48980764731 0.22375361236 
0.203456 75.85691403799 0.22177132796 
0.203963 75.79657557971 0.22107962178 
0.204469 75.79890915323 0.22015936090 
0.204976 75.60764019923 0.22137685833 
0.205483 75.57542992299 0.21635904977 
0.205989 75.64267596496 0.21585346567 
0.206496 75.66585247200 0.21338117233 
0.207003 75.47134346343 0.21547490861 
0.207509 75.58671458083 0.21909528547 
0.208016 75.37486482205 0.21128399831 
0.208523 75.52339240221 0.21436644633 
0.209029 75.11807812183 0.21400350201 
0.209536 75.27124989701 0.21402726186 
0.210043 75.16732104601 0.21363789578 
0.210549 75.16148495920 0.21514509881 
0.211056 75.11441325773 0.21018564002 
0.211563 75.19465232840 0.21049131558 
0.212069 75.15700411987 0.20964414552 
0.212576 75.07519905346 0.21146144316 
0.213083 75.05497210531 0.20789389080 
0.213589 74.95710662376 0.21172511359 
0.214096 74.96224249796 0.20417683213 
0.214603 74.83234693380 0.21137452259 
0.215109 74.52421776670 0.20871681054 
0.215616 74.86772942144 0.20674727497 
0.216123 74.62513478865 0.20813424150 
0.216629 74.38441862662 0.20491013906 
0.217136 74.62544711231 0.21073434477 
0.217643 74.34465133442 0.20893755472 
0.218149 73.94408927114 0.21055589456 
0.218656 74.02194266962 0.20640056839 
0.219163 74.34133682357 0.20543778713 
0.219669 74.36393794029 0.20585446447 
0.220176 73.98487216416 0.20486561357 
0.220683 73.98400268678 0.20805977672 
0.221189 73.86265550961 0.20573895097 
0.221696 74.16305988473 0.20525712476 
0.222203 73.91751222349 0.20343604271 
0.222709 73.72416364059 0.19869664141 
0.223216 73.89883441122 0.20245501007 
0.223722 74.00655347624 0.20530753877 
0.224229 73.86919205257 0.20283002345 
0.224736 73.82047071975 0.20447212834 
0.225242 73.73458391814 0.20495687613 
0.225749 73.83850547923 0.20084312012 
0.226256 73.73262283238 0.20670973951 
0.226762 73.73145293345 0.19821836894 
0.227269 73.53706325274 0.20670394484 
0.227776 73.29082563169 0.20483076743 
0.228282 73.41813047678 0.20137642971 
0.228789 73.14700499450 0.20011712662 
0.229296 73.27883479220 0.19811636049 
0.229802 73.19945562470 0.20117373040 
0.230309 73.03935338273 0.20049608382 
0.230816 73.11999000921 0.20176609835 
0.231322 73.07513622360 0.20449284368 
0.231829 73.12449639665 0.20005288010 
0.232335 72.75507930933 0.19640597501 
0.232842 72.73345839715 0.20372090663 
0.233349 72.60933410952 0.19914641469 
0.233855 72.91696315388 0.20109706849 
0.234362 73.01176185593 0.19791357852 
0.234869 73.08759132548 0.19998408518 
0.235375 72.43227900376 0.19680056510 
0.235882 72.55780850090 0.20161482487 
0.236389 72.43900558951 0.20161708336 
0.236895 72.50701566613 0.19992375023 
0.237402 72.26799198582 0.19919784199 
0.237908 72.16168239467 0.19786866541 
0.238415 72.26707011585 0.19924024326 
0.238922 72.26851968486 0.20184857799 
0.239428 72.29094193011 0.20044933572 
0.239935 72.31282370045 0.19794968013 
0.240442 72.19059323266 0.19912359921 
0.240948 72.16978621696 0.19771200550 
0.241455 72.24116167191 0.20186306151 
0.241962 72.26110214381 0.19840349573 
0.242468 71.78968644147 0.20152029958 
0.242975 72.15403361732 0.19709243885 
0.243481 71.96232374876 0.19919069958 
0.243988 71.73379308620 0.19706602143 
0.244495 71.75175895772 0.19949242401 
0.245001 71.87056909854 0.19824448402 
0.245508 71.92718686654 0.19768966064 
0.246015 71.56936306095 0.19596754521 
0.246521 71.85722280462 0.19784261759 
0.247028 71.57572255924 0.19789251653 
0.247534 71.57196032094 0.19443427047 
0.248041 71.47851443671 0.19260230210 
0.248548 71.45303915181 0.19535453531 
0.249054 71.56718375373 0.19690879173 
0.249561 71.36517046300 0.19549406457 
0.250068 71.21338786633 0.19662624912 
0.250574 71.36164721366 0.19920297646 
0.251081 71.32760845651 0.19577873842 
0.251587 71.34079417424 0.19513573279 
0.252094 71.14932770219 0.19581230429 
0.252601 71.16042936553 0.19662658756 
0.253107 71.12782575906 0.19607721856 
0.253614 71.16485288851 0.19330004554 
0.254120 70.90734449493 0.19500976576 
0.254627 70.99700414005 0.19518337696 
0.255134 71.16012715139 0.19527997329 
0.255640 71.04162330693 0.19415338708 
0.256147 70.84789926869 0.19577115888 
0.256654 70.66383708100 0.19984138915 
0.257160 71.21679314801 0.19603041713 
0.257667 71.14597382341 0.19468889935 
0.258173 71.34797323002 0.19697719871 
0.258680 71.65122570841 0.19334420905 
0.259187 71.66288951634 0.19908705666 
0.259693 71.46128759718 0.19853443080 
0.260200 71.74666917422 0.19218729230 
0.260706 71.37089174624 0.19916634489 
0.261213 71.75284874144 0.19632344035 
0.261720 71.62290338630 0.19560858047 
0.262226 71.76492614834 0.19632951672 
0.262733 71.37245716020 0.19197090399 
0.263239 71.52378862084 0.19233432588 
0.263746 71.87350467412 0.19550297708 
0.264253 71.65390101338 0.19541728572 
0.264759 71.43776396969 0.18950894218 
0.265266 71.75449727853 0.19232157122 
0.265772 71.73322002904 0.19150298376 
0.266279 71.64732247058 0.19261197796 
0.266786 71.65805800559 0.19149419129 
0.267292 71.62844958798 0.19195037812 
0.267799 71.77288013017 0.19306741935 
0.268305 71.64206146220 0.18918221323 
0.268812 71.61994794974 0.18566007002 
0.269319 71.69800331671 0.19001055104 
0.269825 71.72252915539 0.18875728791 
0.270332 71.91264645307 0.18840517429 
0.270838 71.81495153501 0.19146188725 
0.271345 72.17507631065 0.19354802667 
0.271852 72.18757926217 0.19264116038 
0.272358 72.24474947152 0.19542870038 
0.272865 72.35739484420 0.18768995246 
0.273371 72.17346295720 0.19026694928 
0.273878 72.23140347040 0.19337804572 
0.274385 72.51362700633 0.19225820495 
0.274891 72.45239563548 0.19264514897 
0.275398 72.33535923365 0.18751828400 
0.275904 72.24953548144 0.18599202385 
0.276411 72.28571533967 0.18583637795 
0.276917 72.74716476108 0.18207005487 
0.277424 72.32172318988 0.18622103222 
0.277931 72.23469603582 0.18252034077 
0.278437 72.06079398894 0.18318946260 
0.278944 72.34909738137 0.18287332448 
0.279450 72.29865434738 0.18062613386 
0.279957 71.96604634949 0.18041320193 
0.280464 72.07253936425 0.18188752389 
0.280970 72.25565828793 0.18128175341 
0.281477 72.22392366072 0.18345927038 
0.281983 71.90495451874 0.18095690590 
0.282490 72.05590629415 0.18261804833 
0.282996 71.77308156603 0.17888900897 
0.283503 71.89613168938 0.17929004711 
0.284010 72.01447164692 0.18033518062 
0.284516 71.76832037851 0.17771787759 
0.285023 72.20558509024 0.17685943914 
0.285529 71.93055663701 0.18137774394 
0.286036 71.74773718944 0.17447517401 
0.286542 71.63866837990 0.17065829592 
0.287049 71.41782133596 0.17327183981 
0.287556 71.55298162844 0.17233931263 
0.288062 71.65310607070 0.17200927154 
0.288569 71.53406814946 0.17426482073 
0.289075 71.29536579449 0.17266450962 
0.289582 71.23107205822 0.17182612796 
0.290088 71.30959301405 0.17043396912 
0.290595 71.33925079599 0.17038205688 
0.291102 71.27224549004 0.16843765701 
0.291608 71.25272392991 0.16682412511 
0.292115 71.14932723574 0.16510352198 
0.292621 71.06157396629 0.16711342919 
0.293128 71.16758631637 0.16667822752 
0.293634 71.09552811081 0.16702491857 
0.294141 71.08251686865 0.17021691232 
0.294647 70.68518395746 0.16656468364 
0.295154 71.10028568787 0.16619287393 
0.295661 71.08743318980 0.16382283154 
0.296167 71.09509807307 0.16682991584 
0.296674 70.94972654606 0.16562093281 
0.297180 70.53245645374 0.16726826252 
0.297687 70.90624970104 0.16162882724 
0.298193 70.84890845122 0.16532300692 
0.298700 70.61531178497 0.16351050954 
0.299207 70.39306075791 0.16381797178 
0.299713 70.55349502809 0.16515991625 
0.300220 70.18795037345 0.16574537484 
0.300726 70.29432627945 0.16009414106 
0.301233 70.90659804429 0.16407178386 
0.301739 70.38388949353 0.16307270857 
0.302246 70.18241924140 0.15905845315 
0.302752 70.44967009408 0.16315429445 
0.303259 70.18979603142 0.16123712121 
0.303765 70.23013995907 0.16060356730 
0.304272 70.23381716365 0.16023504015 
0.304779 70.48992997334 0.16009724596 
0.305285 69.90209936184 0.16212308034 
0.305792 70.26273654838 0.16084186686 
0.306298 70.08401367076 0.15994784166 
0.306805 70.17074278360 0.16376067770 
0.307311 69.79203446447 0.15566846536 
0.307818 69.85975657240 0.15955410222 
0.308324 69.52954835299 0.15547817732 
0.308831 69.42901963220 0.15433747164 
0.309337 69.36101625341 0.15493899095 
0.309844 69.43586210601 0.15330166600 
0.310350 69.15239827678 0.15281804908 
0.310857 69.03250823187 0.15090324359 
0.311364 68.75832059788 0.15122595823 
0.311870 68.41818081912 0.15359575768 
0.312377 68.23613542823 0.15118893698 
0.312883 68.21025383813 0.14769237097 
0.313390 68.06134591444 0.14527485818 
0.313896 67.99556075268 0.14821736616 
0.314403 67.69967355993 0.14477320479 
0.314909 67.85500677125 0.14377808579 
0.315416 67.64892543302 0.14507287958 
0.315922 67.53802189393 0.14496548053 
0.316429 67.47539787422 0.14363697415 
0.316935 67.33434329259 0.14048284174 
0.317442 67.16621529556 0.14185927906 
0.317948 67.20395941593 0.13969105488 
0.318455 66.94765896258 0.14160824339 
0.318961 67.23196335661 0.14325527117 
0.319468 66.98254375859 0.14185933622 
0.319975 67.03476124407 0.14329523911 
0.320481 66.61453318837 0.14050792967 
0.320988 66.81204588095 0.14440366210 
0.321494 66.67025637859 0.14074209319 
0.322001 66.57719533474 0.15560942926 
0.322507 66.79334859141 0.14083238336 
0.323014 66.61437591669 0.14190161138 
0.323520 66.54555143550 0.14232239137 
0.324027 66.44209691178 0.14074995914 
0.324533 66.39321485600 0.13781340224 
0.325040 66.33185988267 0.13736241458 
0.325546 66.32046096751 0.14081361990 
0.326053 66.36717578411 0.13985375712 
0.326559 66.27253727654 0.13943287092 
0.327066 66.43516465533 0.13796045037 
0.327572 66.16410173946 0.13985872506 
0.328079 66.15895727568 0.13707325655 
0.328585 66.08271434474 0.13841821077 
0.329092 65.87791000493 0.13823350592 
0.329598 66.26304742688 0.13831704550 
0.330105 66.02463457431 0.14040498774 
0.330611 66.13129090867 0.13976573085 
0.331118 66.20847632081 0.13858836086 
0.331624 65.60238574393 0.13808779464 
0.332131 65.88077017082 0.13787834762 
0.332637 65.80109127198 0.13789789267 
0.333144 65.81256054503 0.13991991093 
0.333650 65.54612439559 0.13991965311 
0.334157 65.90312197920 0.13933855333 
0.334663 65.67259992888 0.13846338610 
0.335170 65.63833029671 0.13826937477 
0.335676 65.77150491921 0.13711970988 
0.336183 65.69089029396 0.13858078946 
0.336689 65.54796783564 0.14158747759 
0.337196 65.75804438143 0.13794961281 
0.337702 65.42188972055 0.13780851961 
0.338209 65.56002807335 0.14030128939 
0.338715 65.31090955421 0.13803076691 
0.339222 65.57547825972 0.15759682169 
0.339728 65.22642055863 0.14160007103 
0.340235 65.52025059126 0.24856433787 
0.340741 65.12524041711 0.13859348128 
0.341248 65.33480347236 0.14033854704 
0.341754 65.27582944815 0.13817034849 
0.342261 65.08318727886 0.13900953656 
0.342767 64.98035662826 0.14220929314 
0.343274 65.10394899041 0.14102572772 
0.343780 65.16768098658 0.14141492406 
0.344287 65.24937435059 0.13914910577 
0.344793 65.11993096075 0.13863839161 
0.345300 65.03349561113 0.14299350266 
0.345806 65.21602074910 0.14285286858 
0.346313 64.81175808520 0.14340816355 
0.346819 64.78844538029 0.14371479884 
0.347325 64.87146958731 0.14490746360 
0.347832 64.58974273316 0.14512715759 
0.348338 64.98697302690 0.14623601543 
0.348845 64.79428829762 0.14396897701 
0.349351 64.62521347561 0.14841894428 
0.349858 64.40124691511 0.15084083841 
0.350364 64.82947731299 0.14190701499 
0.350871 64.69429077880 0.14717665542 
0.351377 64.58528375246 0.14743149708 
0.351884 64.40139318699 0.14632225432 
0.352390 64.61766443468 0.14690270610 
0.352897 64.23610016771 0.14495089520 
0.353403 64.33668579258 0.15054146828 
0.353910 64.73865938321 0.14861767007 
0.354416 64.09988025807 0.14693780077 
0.354923 64.09757434035 0.14766705206 
0.355429 64.26709474166 0.15374461385 
0.355935 64.02118571200 0.15009778867 
0.356442 64.44065854852 0.14854025421 
0.356948 63.90658723379 0.15315459818 
0.357455 63.85639705038 0.15752749282 
0.357961 63.87952708128 0.15174840270 
0.358468 64.01370793239 0.15664884626 
0.358974 63.88965563219 0.22328372252 
0.359481 63.84821560729 0.20446508201 
0.359987 63.57166795909 0.19997521771 
0.360494 63.74845801167 0.19219808861 
0.361000 63.67751054660 0.18638460985 
0.361506 63.91323220240 0.18235880533 
0.362013 63.78866197590 0.18677046422 
0.362519 63.82881111248 0.18112340731 
0.363026 63.78418286408 0.18533286707 
0.363532 63.66693185633 0.18864600402 
0.364039 63.85967880005 0.18465814657 
0.364545 63.74706751940 0.18381917313 
0.365052 63.77403231396 0.18359310196 
0.365558 63.80071705737 0.18439145044 
0.366064 63.64265957858 0.18099119542 
0.366571 63.80315063076 0.18593860461 
0.367077 63.68620738442 0.18284737365 
0.367584 63.53368130759 0.18328139315 
0.368090 63.55521307864 0.18150783461 
0.368597 63.76801159037 0.18699253970 
0.369103 63.72394037057 0.18756279419 
0.369610 63.64550203877 0.18792194924 
0.370116 63.91782005334 0.19181122080 
0.370622 63.76032326636 0.18985217326 
0.371129 63.59567291132 0.19053386912 
0.371635 63.70294074796 0.19019503138 
0.372142 63.26743381672 0.19119801405 
0.372648 63.34593972928 0.19250896642 
0.373155 63.34293740942 0.19415533012 
0.373661 63.66210885595 0.19476399390 
0.374167 63.20818705733 0.19723015322 
0.374674 63.46763045169 0.19497089173 
0.375180 63.55221163869 0.19596016099 
0.375687 63.28999797687 0.20331901098 
0.376193 63.20166561678 0.19874966456 
0.376700 63.44544615718 0.20063307679 
0.377206 63.18184186861 0.19798496308 
0.377712 63.51428719584 0.20208641722 
0.378219 63.45804708676 0.20391637126 
0.378725 63.24039101555 0.20291483818 
0.379232 63.33828944904 0.20839546065 
0.379738 62.84280638016 0.20041569180 
0.380245 63.45348630021 0.21370972718 
0.380751 62.92377332880 0.20457786114 
0.381257 63.26159809394 0.20989827605 
0.381764 63.44582454153 0.21256142930 
0.382270 63.21435634704 0.21107236924 
0.382777 62.99736554269 0.20767738205 
0.383283 63.12721763817 0.20592337903 
0.383789 62.76398116285 0.20638913634 
0.384296 62.92118248693 0.20970922652 
0.384802 63.22793251742 0.21211006825 
0.385309 63.24401761428 0.21049407193 
0.385815 63.06843425475 0.21101463076 
0.386321 62.96581105772 0.21049375219 
0.386828 62.98512438774 0.21313822580 
0.387334 62.90720364666 0.21454708372 
0.387841 62.82957802845 0.21414620477 
0.388347 62.59113477452 0.21260081317 
0.388853 62.96855481210 0.21328557096 
0.389360 62.84662102400 0.21606165634 
0.389866 62.92048750653 0.21438909029 
0.390373 63.04373977716 0.21567082805 
0.390879 62.71714043316 0.21598706351 
0.391385 62.73846222322 0.22195330436 
0.391892 62.67225099102 0.21880123690 
0.392398 63.03556094190 0.22014896567 
0.392905 62.52720347679 0.22329805026 
0.393411 63.03760748987 0.23179256578 
0.393917 62.72091613216 0.21918704898 
0.394424 62.62667288125 0.22087136673 
0.394930 62.73827257984 0.22513353848 
0.395437 62.94241777190 0.22763561291 
0.395943 62.71745215134 0.22883312832 
0.396449 62.56690854500 0.29728707015 
0.396956 62.60525469237 0.22682631769 
0.397462 62.75945526337 0.23847238310 
0.397969 62.65432198162 0.22970805376 
0.398475 62.72379170611 0.22815752156 
0.398981 62.52490736070 0.24393811817 
0.399488 62.53738843657 0.23272047094 
0.399994 62.31771846089 0.23515413224 
0.400500 62.16795713007 0.24064946122 
0.401007 62.50843871673 0.23755373866 
0.401513 62.75174690484 0.24881005100 
0.402020 62.56226303803 0.24550482568 
0.402526 62.43909986251 0.24879173331 
0.403032 62.54605199548 0.23738475326 
0.403539 62.39133840321 0.25721492954 
0.404045 62.73210000042 0.25059540490 
0.404551 62.22394628437 0.26712810664 
0.405058 62.12857051583 0.27067824140 
0.405564 62.47387883332 0.26033417948 
0.406071 62.26705210875 0.25952475560 
0.406577 62.48201802952 0.26284784567 
0.407083 62.07308240625 0.26575693914 
0.407590 62.08922940567 0.26463003422 
0.408096 62.48028195040 0.27311520056 
0.408602 62.61579006018 0.27597000933 
0.409109 62.18012520200 0.26413959910 
0.409615 61.74726625538 0.26391654092 
0.410121 61.93474683138 0.26957675857 
0.410628 62.15692870914 0.26426555824 
0.411134 61.72112418125 0.27066256046 
0.411641 61.27206154426 0.27728095813 
0.412147 62.24736659864 0.26288367797 
0.412653 61.82274708156 0.25811098904 
0.413160 61.73799873145 0.26297551465 
0.413666 61.86880426194 0.26522228811 
0.414172 62.14640536168 0.28289136866 
0.414679 61.75794714444 0.27131345794 
0.415185 62.61017303078 0.28477874030 
0.415691 62.25080369737 0.26774979435 
0.416198 61.78736347727 0.27191748707 
0.416704 61.78445616474 0.27956744063 
0.417210 61.77650076841 0.28206609701 
0.417717 61.99770366352 0.28852685681 
0.418223 61.98003966227 0.28603708121 
0.418729 61.78922084365 0.28374741076 
0.419236 61.61519140567 0.28973283067 
0.419742 61.61741268711 0.27921543305 
0.420248 62.03603457804 0.27380013676 
0.420755 62.24898302129 0.27579966470 
0.421261 61.53706645437 0.27706080249 
0.421767 61.69311635225 0.28375013158 
0.422274 62.31364175594 0.27427155560 
0.422780 62.07595476802 0.28406430366 
0.423286 61.79246192649 0.28445750252 
0.423793 61.53728034734 0.28455412392 
0.424299 61.79714856334 0.29387081174 
0.424805 61.79771069561 0.29550546285 
0.425312 61.60154273409 0.28609381537 
0.425818 61.65700794737 0.28687966109 
0.426324 61.69806993598 0.30747140385 
0.426831 61.87963068566 0.29650725505 
0.427337 61.64086878597 0.28920860291 
0.427843 62.14958632231 0.29063759473 
0.428350 61.73854186427 0.30814359315 
0.428856 61.73616546701 0.30263776250 
0.429362 61.83445222995 0.30893156920 
0.429869 61.40674943789 0.30532262742 
0.430375 61.43847614224 0.31156770999 
0.430881 61.31635173538 0.31225942318 
0.431388 61.64173838401 0.31412000635 
0.431894 61.70999441729 0.31542927967 
0.432400 61.41574866744 0.32945978643 
0.432907 61.19382643459 0.31697229611 
0.433413 61.51778256055 0.32768340902 
0.433919 61.74835108735 0.32786728242 
0.434425 61.70223453951 0.32704254005 
0.434932 61.28255615360 0.33055425280 
0.435438 61.59191102216 0.35192267487 
0.435944 61.80686288263 0.33981847007 
0.436451 61.76086492327 0.34137380080 
0.436957 61.46910919343 0.34915025129 
0.437463 61.40367190057 0.35374272508 
0.437970 61.04328492610 0.35388059156 
0.438476 60.98418091391 0.35864194114 
0.438982 61.55080655690 0.37303820093 
0.439489 60.79290402352 0.37086968702 
0.439995 61.16708219224 0.37461585029 
0.440501 61.50381257754 0.37477030661 
0.441007 61.69041911273 0.38523573840 
0.441514 61.03079762812 0.37499289256 
0.442020 61.13845263771 0.39842407981 
0.442526 61.25999858596 0.37898300056 
0.443033 60.99021879684 0.39106901710 
0.443539 61.25455704570 0.41547932584 
0.444045 61.00498229417 0.40212370597 
0.444551 61.97055764659 0.41781401330 
0.445058 61.34963851670 0.39918508644 
0.445564 61.13599357755 0.43727010666 
0.446070 60.92237434155 0.41778322722 
0.446577 60.74772704909 0.42812586663 
0.447083 60.75687392038 0.48581331132 
0.447589 60.96249419800 0.45268231821 
0.448095 60.54126128581 0.46752424092 
0.448602 60.63268563139 0.46763891209 
0.449108 60.84319740990 0.50217380350 
0.449614 61.31023622315 0.48386521928 
0.450121 61.21323270180 0.49112767734 
0.450627 60.70622756852 0.50223482916 
0.451133 60.08856452017 0.49199773748 
0.451639 59.74949649130 0.52430060498 
0.452146 60.00198926344 0.52443672641 
0.452652 60.26319441283 0.51718370069 
0.453158 60.74850597894 0.55711781034 
0.453664 59.61328408845 0.57386938179 
0.454171 61.06142004309 0.57171805851 
0.454677 60.39656494254 0.60254118522 
0.455183 59.82450123662 0.60435609628 
0.455689 60.72431621039 0.63891804604 
0.456196 59.77021836497 0.65229163862 
0.456702 60.24387145450 0.64136572844 
0.457208 60.98159956598 0.68818361447 
0.457714 60.81936971390 0.74145719324 
0.458221 60.14164764334 0.73291301925 
0.458727 60.20891176918 0.77364216134 
0.459233 60.30220524523 0.84777933010 
0.459740 60.00951403196 0.86390972762 
0.460246 59.92253787838 0.91171742039 
0.460752 59.59679972746 0.98603834108 
0.461258 59.44934493761 0.95165053897 
0.461765 60.23050509766 1.06420560226 
0.462271 60.76808690276 1.00231492813 
0.462777 59.38273959522 1.22942878547 
0.463283 60.49758068062 1.25499303895 
0.463789 60.13496404897 1.29290720861 
0.464296 61.22948877117 1.47205392885 
0.464802 61.07512812592 1.33070028620 
0.465308 60.54203314307 1.47305390043 
0.465814 60.32324092668 1.62550562631 
0.466321 60.34212265905 1.67548384652 
0.466827 60.42788349728 1.78742825317 
0.467333 60.16005582756 1.95018150093 
0.467839 58.06563702054 1.89866762986 
0.468346 59.39280402032 2.35938955456 
0.468852 59.88989266267 2.63983982823 
0.469358 61.35174678010 3.12980573644 
0.469864 60.88407363888 3.07840812084 
0.470371 56.45532138092 3.72790989342 
0.470877 56.40663871191 4.30782750549 
0.471383 58.46930358472 5.61867527422 
0.471889 59.89650592239 7.60086983581 
0.472395 53.32507142825 5.95254728047 
0.472902 46.87740358120 11.30455019272 
