0.010896 1334.00942650288 11.50681801960 
0.011402 1187.96509024859 13.08137367887 
0.011909 1071.95771658898 10.77205443497 
0.012416 965.62138251566 9.58925750668 
0.012923 886.32065481608 8.18128952249 
0.013430 815.98237741492 10.76109466370 
0.013936 774.79602057732 8.92536711338 
0.014443 733.49142826872 7.37980058643 
0.014950 672.42633167998 6.44559967731 
0.015457 621.32122460308 5.27234844326 
0.015963 571.70892716465 4.84914229641 
0.016470 540.22998616152 4.22953723056 
0.016977 504.61479221967 3.81425317441 
0.017484 473.54367914941 3.30963111515 
0.017990 445.98932122532 2.99381442790 
0.018497 419.29154886423 2.83190703697 
0.019004 399.47623352002 2.37474983256 
0.019511 374.17245948633 2.17081678484 
0.020018 358.82433102091 2.19208525532 
0.020524 342.42266128097 1.88114773611 
0.021031 325.92998933410 1.85220079208 
0.021538 314.41864622010 1.63488303636 
0.022045 300.15827771412 1.76127521354 
0.022551 288.11797030754 1.65196348884 
0.023058 277.75873626203 1.46536039739 
0.023565 266.79501529068 1.49024294328 
0.024072 259.98975359391 1.83435198078 
0.024579 248.71412292419 1.63840341425 
0.025085 242.13202947934 2.28316054330 
0.025592 234.86835353863 2.25194215302 
0.026099 228.53801239888 2.21149644341 
0.026606 222.27748368164 1.73389835813 
0.027112 216.99159607309 1.79963287711 
0.027619 212.52137365331 1.53587106075 
0.028126 206.13362928549 1.50423946827 
0.028633 203.01798673421 1.36875332758 
0.029139 198.86278213456 1.14837532304 
0.029646 193.41671096569 1.07871129474 
0.030153 189.01344100016 1.15750991953 
0.030660 185.85969039546 1.06842059877 
0.031167 182.37026325074 0.98211075821 
0.031673 179.94994594109 0.88726169091 
0.032180 176.43726120265 0.84613553033 
0.032687 172.14916238795 0.90309306045 
0.033194 169.46425932752 0.83643699081 
0.033700 166.78774545006 0.77371944169 
0.034207 164.26379625503 0.78449833753 
0.034714 163.16720762259 0.75608703387 
0.035221 159.52512971365 0.70909170783 
0.035727 156.74507365714 0.69896752982 
0.036234 155.27690462812 0.63447741364 
0.036741 153.28966219449 0.66459713954 
0.037248 151.99253871237 0.65043136142 
0.037755 149.50033403261 0.60343985042 
0.038261 148.26225870959 0.60060443431 
0.038768 147.16452419934 0.59452245466 
0.039275 144.24006086891 0.60760671821 
0.039782 144.33865593050 0.58991490502 
0.040288 142.41069162756 0.56360579909 
0.040795 141.10564764487 0.57243074019 
0.041302 139.49477026154 0.52573086632 
0.041809 138.66274777536 0.54905948511 
0.042315 137.88788141222 0.53034262951 
0.042822 135.33505253260 0.53351490780 
0.043329 135.18297763426 0.55747373832 
0.043836 133.79089250157 0.52916704442 
0.044343 131.53898362036 0.52251368491 
0.044849 131.73228163009 0.51723089542 
0.045356 130.22384947009 0.51443928266 
0.045863 129.08483951560 0.52249990676 
0.046370 129.19191547987 0.50973983416 
0.046876 127.78306720383 0.50805773851 
0.047383 126.16010883803 0.48516508142 
0.047890 126.50487772806 0.49064676133 
0.048397 124.67994215311 0.47078405122 
0.048903 125.17353056186 0.49190846227 
0.049410 123.37822316157 0.48029446329 
0.049917 123.07688242490 0.47253276159 
0.050424 123.18615637291 0.46629025356 
0.050931 120.78215000473 0.46057930609 
0.051437 121.09810094273 0.44024121669 
0.051944 119.11298210760 0.45156193059 
0.052451 118.65154615161 0.44677304446 
0.052958 119.01916965147 0.44960423229 
0.053464 117.66146838563 0.45120254205 
0.053971 117.07981063630 0.42313775439 
0.054478 115.96026120661 0.44833491395 
0.054985 115.49072685848 0.43578964786 
0.055491 115.82053614549 0.44089500833 
0.055998 113.92817536942 0.42897940806 
0.056505 114.34235880418 0.42602173344 
0.057012 113.05716561436 0.45550803754 
0.057519 112.20091111743 0.43505678153 
0.058025 113.22607016296 0.40053762614 
0.058532 112.16386671916 0.41222146334 
0.059039 111.23935001249 0.42556960628 
0.059546 110.62010128909 0.41727681729 
0.060052 109.87731487774 0.41338494893 
0.060559 109.25959137337 0.40833126792 
0.061066 108.89384575456 0.39704017012 
0.061573 108.64054936660 0.39903038597 
0.062079 107.61769378379 0.40923212451 
0.062586 107.31557808430 0.40951128900 
0.063093 107.58422722668 0.38449579847 
0.063600 107.44923231436 0.38530467477 
0.064106 106.72733936375 0.39810413767 
0.064613 106.69364466814 0.39543419614 
0.065120 106.42461308089 0.38126206274 
0.065627 105.23093691680 0.37873978281 
0.066134 105.11483223669 0.37180186238 
0.066640 105.01471810845 0.37670753702 
0.067147 104.21812972504 0.38329953453 
0.067654 103.93497334336 0.37870216439 
0.068161 103.25495702918 0.36985886279 
0.068667 103.22761670676 0.37090419961 
0.069174 102.77716814204 0.36465861754 
0.069681 101.79519569912 0.36790524930 
0.070188 102.55595215314 0.36453452232 
0.070694 102.66140786596 0.35363941441 
0.071201 101.26548591541 0.36215376656 
0.071708 101.71856868676 0.35848679636 
0.072215 101.23689633752 0.36458329315 
0.072721 100.89061312366 0.35985237307 
0.073228 100.27535253328 0.36487623036 
0.073735 100.50329716663 0.35584483480 
0.074242 100.19725518320 0.34692079161 
0.074748 99.39061748790 0.33570705830 
0.075255 98.88081464131 0.33073228536 
0.075762 99.19023177292 0.34514090136 
0.076269 99.14697076579 0.34232051722 
0.076776 99.06142609749 0.32638486360 
0.077282 97.93910170923 0.33647838579 
0.077789 97.54750302852 0.33093884313 
0.078296 98.19760050335 0.32266324042 
0.078803 97.75679884455 0.32652754469 
0.079309 97.89075956696 0.32630794519 
0.079816 97.54933752853 0.31960941735 
0.080323 96.98131918604 0.31864888999 
0.080830 97.26868279391 0.33693809075 
0.081336 97.27802517202 0.33506096425 
0.081843 96.59172444739 0.32446700255 
0.082350 96.88514952395 0.33385849619 
0.082857 96.30092178951 0.31814492585 
0.083363 96.57502876092 0.32820379662 
0.083870 95.95371218355 0.32100330931 
0.084377 95.63599167871 0.32877885144 
0.084884 95.84019104999 0.33018964746 
0.085390 95.81954265449 0.33047479506 
0.085897 95.48997826267 0.32641247689 
0.086404 95.70597919129 0.32633385749 
0.086911 95.88224474844 0.32776921891 
0.087417 94.98604825034 0.32699526996 
0.087924 94.82392515979 0.33265957734 
0.088431 94.29969851908 0.33691919666 
0.088938 94.38235496971 0.33276473518 
0.089444 94.04733532064 0.32240653797 
0.089951 94.51000731383 0.33303383710 
0.090458 93.83906509533 0.31969855160 
0.090965 93.96554641937 0.32547881410 
0.091471 93.53103719180 0.33117588559 
0.091978 93.52580994942 0.33560874847 
0.092485 92.79570287839 0.34120157829 
0.092992 92.71612834612 0.33767455344 
0.093498 93.35644002721 0.35165789865 
0.094005 92.92908128067 0.32481395774 
0.094512 92.87697136592 0.33833668439 
0.095019 93.14672798891 0.32790560967 
0.095525 92.71506415460 0.33420123200 
0.096032 92.57072745502 0.33079653268 
0.096539 92.19474416900 0.33050191534 
0.097046 92.17986027070 0.32756007436 
0.097552 92.38191371786 0.33117476291 
0.098059 91.53832518337 0.32908912018 
0.098566 91.72296678102 0.32467110345 
0.099073 91.74087279102 0.32644451631 
0.099579 91.40339835531 0.31836186411 
0.100086 91.70579428530 0.33170937827 
0.100593 91.30821024569 0.32564035527 
0.101100 91.04892340436 0.31211715292 
0.101606 90.81389473214 0.30420474738 
0.102113 90.20050311945 0.29691575335 
0.102620 89.50858256847 0.30065303550 
0.103127 88.93046951363 0.30172086283 
0.103633 89.16557118157 0.29931682653 
0.104140 88.69489463503 0.29025228629 
0.104647 88.28085290990 0.30126963704 
0.105154 88.84893170781 0.30673788764 
0.105660 88.63723896354 0.30553854765 
0.106167 88.42487357938 0.30048257652 
0.106674 88.11597120633 0.31010297745 
0.107181 88.23441441135 0.30052824072 
0.107687 87.56161084502 0.29211586667 
0.108194 88.07606152655 0.30025684914 
0.108701 88.09712638239 0.28754081594 
0.109208 88.07355943701 0.29835678825 
0.109714 87.14397218143 0.28772091124 
0.110221 87.34769430341 0.28759701798 
0.110728 87.27455376405 0.28862879543 
0.111235 86.82920736981 0.28114514244 
0.111741 86.89598996173 0.28434952272 
0.112248 86.96445699818 0.27790881347 
0.112755 87.13035620402 0.28177017602 
0.113262 86.54894903721 0.28639424286 
0.113768 86.34667812750 0.27765004383 
0.114275 86.69329272097 0.27720502421 
0.114782 86.26188104744 0.27817131873 
0.115289 86.35814308898 0.28121486108 
0.115795 86.67236478894 0.27486065377 
0.116302 86.49779167802 0.27705341678 
0.116809 86.08022199877 0.26338508398 
0.117316 86.20911739450 0.27760570366 
0.117822 86.02956935583 0.27767904545 
0.118329 85.76629101289 0.27165852778 
0.118836 85.71679627210 0.27162929842 
0.119342 85.80345343768 0.26823556647 
0.119849 85.83105119932 0.26971739998 
0.120356 85.82006396789 0.27117238959 
0.120863 85.26630153307 0.26764203822 
0.121369 85.33094373931 0.26652915841 
0.121876 85.32957023510 0.27112029295 
0.122383 85.05696060494 0.26329259242 
0.122890 85.18395553741 0.26451679956 
0.123396 84.98317519496 0.25935575552 
0.123903 85.14493692455 0.25980706320 
0.124410 84.77665593102 0.25931411896 
0.124917 85.04724927972 0.26528647353 
0.125423 84.72167826767 0.25828250703 
0.125930 84.77769928171 0.26022746921 
0.126437 84.89657451066 0.26004663301 
0.126944 85.00222991274 0.26046006868 
0.127450 84.68112755564 0.25390278877 
0.127957 84.47286165989 0.25638691074 
0.128464 84.23158052484 0.25006816994 
0.128970 84.50827345187 0.25298480410 
0.129477 84.41072680534 0.24753627276 
0.129984 84.08587925761 0.25303387967 
0.130491 83.56965809641 0.25415190698 
0.130997 84.12293099814 0.25158976968 
0.131504 83.93956299908 0.24290586364 
0.132011 83.71201463842 0.25362564069 
0.132518 83.96742201394 0.25424452716 
0.133024 83.77872773150 0.24646610209 
0.133531 83.44311997538 0.24786983599 
0.134038 83.90706435509 0.24829506813 
0.134545 83.80799873165 0.24095555350 
0.135051 83.96375393276 0.24701714100 
0.135558 83.68896146254 0.24191299233 
0.136065 83.28536093691 0.24217303625 
0.136571 83.18261396980 0.24416237116 
0.137078 83.09981289600 0.24460920279 
0.137585 83.49271644942 0.25252623812 
0.138092 83.31306930664 0.24036421540 
0.138598 82.92827251146 0.23951091954 
0.139105 83.00892386807 0.24492142634 
0.139612 83.07309784533 0.24645030680 
0.140119 83.03456404182 0.24107031806 
0.140625 83.02622009169 0.23963405509 
0.141132 82.84826107525 0.23556812240 
0.141639 82.61995813679 0.24243070107 
0.142145 82.63848489134 0.24874173931 
0.142652 82.41431417269 0.24064549821 
0.143159 82.35505142073 0.23955466413 
0.143666 82.83886645212 0.24360641966 
0.144172 81.90369122545 0.24633537980 
0.144679 82.23521018776 0.24288263758 
0.145186 82.05954791864 0.23784051614 
0.145692 81.64695048357 0.23774982284 
0.146199 81.70583843023 0.23726754893 
0.146706 81.55841116973 0.23621351908 
0.147213 81.73576973594 0.23841940878 
0.147719 81.59677560564 0.23904536924 
0.148226 81.65487961885 0.24539642296 
0.148733 81.45363201183 0.24217271406 
0.149240 81.40982818826 0.24608186326 
0.149746 80.93291604041 0.24382650424 
0.150253 80.99797129408 0.23510156442 
0.150760 81.21465923524 0.24041338543 
0.151266 80.97459120681 0.23677863145 
0.151773 80.97090992824 0.23808757942 
0.152280 80.94928921314 0.24502463054 
0.152787 81.04516800305 0.23729507676 
0.153293 80.64428931102 0.23175747754 
0.153800 81.01051448105 0.24670024272 
0.154307 80.70223511117 0.24044072425 
0.154813 80.52576450842 0.24947707406 
0.155320 79.96550218962 0.23467880549 
0.155827 80.48291068300 0.23477088973 
0.156334 80.43649029327 0.23828296153 
0.156840 80.17543216940 0.23886510928 
0.157347 80.08514977008 0.23504347943 
0.157854 80.32905195636 0.23943131254 
0.158360 80.17196984225 0.23182737947 
0.158867 79.94746204881 0.23395099404 
0.159374 80.13205734347 0.23514153861 
0.159881 79.76856069850 0.23192521210 
0.160387 79.71919605492 0.23285086552 
0.160894 79.47606501422 0.24309672217 
0.161401 79.32580857702 0.22945563708 
0.161907 79.40441782595 0.23314533414 
0.162414 79.62763313362 0.23126148628 
0.162921 79.50652365484 0.23475725610 
0.163427 79.63956996484 0.22941822831 
0.163934 79.02654058983 0.23612836541 
0.164441 79.32031602030 0.23494687263 
0.164948 79.21946050295 0.22790349630 
0.165454 79.07561582775 0.22673559731 
0.165961 79.08251589885 0.23252438588 
0.166468 78.79079579662 0.23265746553 
0.166974 79.02917081244 0.23037034394 
0.167481 78.84936243316 0.22512482213 
0.167988 78.94054357714 0.23346282805 
0.168495 78.90893207225 0.22950696883 
0.169001 78.69512409465 0.23494413110 
0.169508 78.65971464021 0.23202908060 
0.170015 79.04866841754 0.23334669551 
0.170521 78.73024826655 0.23451385599 
0.171028 79.12827931874 0.23700507992 
0.171535 78.84281524422 0.23423789909 
0.172041 79.21661016679 0.23750469817 
0.172548 78.21753723120 0.23007285154 
0.173055 78.94228989408 0.22912872165 
0.173562 78.71925484033 0.23931447157 
0.174068 79.22519810590 0.23509749281 
0.174575 78.74601392188 0.23319871406 
0.175082 79.03003067013 0.23433503936 
0.175588 78.71734820498 0.24062301615 
0.176095 78.68503005472 0.23403064501 
0.176602 78.87848244869 0.23033848345 
0.177108 78.60092717425 0.23885774366 
0.177615 78.48970159473 0.24042426902 
0.178122 78.54741670453 0.24045305671 
0.178629 78.48618424737 0.23767583165 
0.179135 78.48422063763 0.24174551634 
0.179642 78.27877139448 0.23646754184 
0.180149 78.41126365413 0.23269509972 
0.180655 78.43019690376 0.24038952217 
0.181162 78.85184211920 0.24139050586 
0.181669 78.45707829753 0.23379258219 
0.182175 78.58138660521 0.24350289742 
0.182682 78.55163404437 0.24158725186 
0.183189 78.59251141874 0.24318058757 
0.183695 78.56991373030 0.24742655475 
0.184202 78.07779532955 0.24134245082 
0.184709 78.25792150952 0.24038544749 
0.185216 78.30303883144 0.24761416013 
0.185722 78.33016793484 0.25186728721 
0.186229 77.60451635949 0.24306227147 
0.186736 77.65934128175 0.24493242945 
0.187242 77.93111165611 0.24200068890 
0.187749 77.53854912545 0.24566942213 
0.188256 77.34047048665 0.25081725308 
0.188762 77.42541613556 0.24555217898 
0.189269 77.79410524581 0.23953726562 
0.189776 77.46051184712 0.24740175101 
0.190282 77.68171518257 0.24739524749 
0.190789 77.48711745242 0.24580407185 
0.191296 77.20067953083 0.24295745107 
0.191802 77.10842421617 0.24203731945 
0.192309 77.31922138193 0.24179513939 
0.192816 77.28899138928 0.24701180836 
0.193323 76.44797461822 0.23536374106 
0.193829 76.50536317356 0.23457540544 
0.194336 76.56957161844 0.23889157329 
0.194843 76.36954009806 0.23717303462 
0.195349 76.37162787270 0.23391170778 
0.195856 76.40045496815 0.23386600318 
0.196363 76.39288924397 0.22955908622 
0.196869 76.10928217760 0.23506010483 
0.197376 76.09055873000 0.22873726548 
0.197883 75.98621146514 0.23057888885 
0.198389 76.02356840643 0.22779429127 
0.198896 75.94699355976 0.22258450809 
0.199403 75.88288624322 0.22708517561 
0.199909 75.47346146466 0.22777567998 
0.200416 75.52813254047 0.22785922886 
0.200923 75.59887467608 0.22260005322 
0.201429 75.63379377535 0.22166894352 
0.201936 75.48659562004 0.21647785961 
0.202443 75.48266208926 0.21817747390 
0.202949 75.68096131659 0.22591627669 
0.203456 75.29745005387 0.21978670357 
0.203963 75.29588709643 0.22134756794 
0.204469 75.26621251449 0.22034090096 
0.204976 75.39148788449 0.21713916585 
0.205483 75.10240776851 0.21714851966 
0.205989 75.02971422033 0.21943229224 
0.206496 75.20170822139 0.21651588069 
0.207003 75.33207886255 0.21352453523 
0.207509 75.52732389522 0.21730991832 
0.208016 75.40104067471 0.21534885138 
0.208523 75.18924507551 0.20726076780 
0.209029 74.85425504509 0.21007814497 
0.209536 74.95789060898 0.21282454740 
0.210043 75.10253377197 0.21771095428 
0.210549 74.91442514896 0.21475385449 
0.211056 74.92037463964 0.20880581302 
0.211563 75.04159435415 0.21138263879 
0.212069 74.78668648006 0.21355152041 
0.212576 74.59731623063 0.21006044184 
0.213083 74.62878352191 0.20523945399 
0.213589 74.56460123547 0.20791723077 
0.214096 74.64182975335 0.20468450813 
0.214603 74.64816805895 0.21397036576 
0.215109 74.64663661959 0.20763116653 
0.215616 74.42222751999 0.20585043568 
0.216123 74.42645797158 0.20363028581 
0.216629 74.31870011458 0.20420052298 
0.217136 74.23625567513 0.21013249944 
0.217643 74.02914870799 0.20644766093 
0.218149 73.94046670666 0.20825162640 
0.218656 73.95015502977 0.20543675663 
0.219163 74.13169400025 0.20657251354 
0.219669 73.99243052194 0.20424467689 
0.220176 73.94328338528 0.20234860662 
0.220683 73.71551983331 0.20588886526 
0.221189 73.85838327396 0.20625946781 
0.221696 74.07362005262 0.20264987497 
0.222203 73.86223575512 0.20292293908 
0.222709 73.79447180324 0.20325242576 
0.223216 73.50334659551 0.20478551888 
0.223722 73.59787555372 0.20261881896 
0.224229 73.69709199306 0.20215040114 
0.224736 73.77225671548 0.20691332208 
0.225242 73.30931209557 0.20119250385 
0.225749 73.37077560704 0.20432115991 
0.226256 73.43659448330 0.20258712082 
0.226762 73.42982314354 0.20176151407 
0.227269 73.25706324474 0.19811195560 
0.227776 73.09498162572 0.19843001354 
0.228282 73.29057923593 0.20054131538 
0.228789 73.23420523184 0.20064985687 
0.229296 73.22576446803 0.20285669221 
0.229802 72.94377851260 0.20342984458 
0.230309 73.13057971075 0.20186034869 
0.230816 73.39935634189 0.20330582641 
0.231322 73.09605658264 0.20434608254 
0.231829 73.08769588769 0.20009328749 
0.232335 73.03346067747 0.19556761266 
0.232842 72.89924035301 0.20206728554 
0.233349 73.11799851078 0.20090229318 
0.233855 72.58989883141 0.20081430744 
0.234362 72.74076443529 0.19974417049 
0.234869 72.79192140821 0.20122396825 
0.235375 72.75154297152 0.19560411175 
0.235882 72.83443856400 0.20285364351 
0.236389 72.50977983778 0.19894721256 
0.236895 72.46335483534 0.19883820229 
0.237402 72.36426508936 0.19973766919 
0.237908 72.34651081720 0.19621123368 
0.238415 72.39095601729 0.20174586149 
0.238922 72.12732769101 0.19549355473 
0.239428 71.92894798806 0.19664120365 
0.239935 72.26765003057 0.20175121614 
0.240442 72.10866096000 0.19999332135 
0.240948 72.08727716590 0.19738444176 
0.241455 72.01446919459 0.19675011430 
0.241962 71.86272362690 0.20167329489 
0.242468 71.70571796421 0.19615962550 
0.242975 71.83093568335 0.19596573849 
0.243481 71.69765675236 0.19847586438 
0.243988 71.81836750207 0.19966242046 
0.244495 71.50498044071 0.19883531938 
0.245001 71.37336486292 0.19896257127 
0.245508 71.79731496774 0.19705424958 
0.246015 71.60928732996 0.19389496671 
0.246521 71.86369771832 0.19590399086 
0.247028 71.59382155343 0.19852225278 
0.247534 71.11894797368 0.19920045598 
0.248041 71.52016022023 0.19697049862 
0.248548 71.54059046638 0.19651200186 
0.249054 71.43721566706 0.19467670703 
0.249561 71.39327821544 0.19436812507 
0.250068 71.16886050037 0.20079925692 
0.250574 71.29993386769 0.19981162836 
0.251081 70.99244666868 0.19857417269 
0.251587 71.15583177266 0.19723835525 
0.252094 71.08028919153 0.19785755392 
0.252601 71.05898693503 0.19731649467 
0.253107 70.96699003594 0.19945169021 
0.253614 71.11689005804 0.19770063884 
0.254120 70.90572847488 0.19716274317 
0.254627 70.89333875328 0.19439411524 
0.255134 71.08110266189 0.19654562656 
0.255640 71.07721132234 0.19962366916 
0.256147 70.82610745580 0.19583982368 
0.256654 70.80230200065 0.19539910373 
0.257160 70.99666066456 0.19382370377 
0.257667 70.93154670582 0.19357084190 
0.258173 71.37638920409 0.19827037221 
0.258680 71.18925146757 0.19418040180 
0.259187 71.15672973545 0.19860094546 
0.259693 71.19965128591 0.19411934625 
0.260200 71.69437362859 0.19508430464 
0.260706 71.69897453052 0.19313269652 
0.261213 71.71531273102 0.19613345223 
0.261720 71.66908607337 0.19502739225 
0.262226 71.58123385276 0.19026088456 
0.262733 71.72100930070 0.19564625289 
0.263239 71.40032837626 0.19283877696 
0.263746 71.71780575012 0.18885129934 
0.264253 71.66228647206 0.18972671405 
0.264759 71.64094741394 0.19171889676 
0.265266 71.66588170378 0.19373138048 
0.265772 71.24335821521 0.19198913361 
0.266279 71.57156087595 0.18887943568 
0.266786 71.68448408974 0.19011446409 
0.267292 71.79395758995 0.19517791592 
0.267799 71.55764764357 0.19161750540 
0.268305 71.70849495128 0.19042749687 
0.268812 71.68637465335 0.19203276002 
0.269319 71.48921465004 0.18837472436 
0.269825 71.73711040556 0.19041803631 
0.270332 71.82512585153 0.18903620374 
0.270838 72.05005112877 0.19140307674 
0.271345 72.02849691985 0.19002071493 
0.271852 71.96839573122 0.19351930994 
0.272358 71.98181125181 0.19016623905 
0.272865 71.99417670589 0.19414555436 
0.273371 72.00393473202 0.18933350093 
0.273878 72.17949555214 0.18846296221 
0.274385 72.25546502083 0.18787890100 
0.274891 72.49306659905 0.19436181109 
0.275398 72.33631831606 0.18645238255 
0.275904 72.11202595235 0.19010412233 
0.276411 72.28199331671 0.18865978195 
0.276917 72.34543636082 0.18188140020 
0.277424 71.83110203210 0.18145601350 
0.277931 72.01752192297 0.18454335370 
0.278437 72.24092657271 0.18040922453 
0.278944 72.09250306694 0.17928188496 
0.279450 71.95509986233 0.18213373848 
0.279957 72.08188723804 0.18327272794 
0.280464 72.16278158563 0.18292158571 
0.280970 71.88668528752 0.18444053617 
0.281477 72.01831379848 0.18065166353 
0.281983 71.78489587324 0.17848322601 
0.282490 71.97038907563 0.18158965386 
0.282996 72.22031274805 0.18377989530 
0.283503 72.14743687077 0.18160114031 
0.284010 71.98785251004 0.18111466586 
0.284516 71.77718330217 0.17686238584 
0.285023 71.60444307645 0.17713946241 
0.285529 71.53473665974 0.17461499778 
0.286036 71.51598085247 0.17523812406 
0.286542 71.75588655576 0.17449997489 
0.287049 71.63570029523 0.17592393791 
0.287556 71.57428348661 0.17296012174 
0.288062 71.60358322837 0.17367384029 
0.288569 71.25852163621 0.17016522620 
0.289075 71.47553805579 0.17102473521 
0.289582 71.48911282516 0.17143647564 
0.290088 70.88636146140 0.16897263822 
0.290595 71.05505054386 0.16796504813 
0.291102 71.17878092475 0.16832199923 
0.291608 71.32114946768 0.16919126716 
0.292115 70.98342662521 0.16787730745 
0.292621 71.03964981766 0.16823480332 
0.293128 70.95966441432 0.16738326115 
0.293634 71.07166309196 0.16716855408 
0.294141 71.13211062634 0.16623469471 
0.294647 70.87788963507 0.16416036324 
0.295154 70.79917046417 0.16576882579 
0.295661 70.94792294811 0.16303365611 
0.296167 70.78939958269 0.16761121005 
0.296674 70.84706217693 0.16970748890 
0.297180 70.85304535978 0.16727310127 
0.297687 70.56290653501 0.16317967813 
0.298193 70.62919496341 0.16540749192 
0.298700 70.72211086193 0.16369332103 
0.299207 70.41932025528 0.16317812301 
0.299713 70.36363862434 0.16182478611 
0.300220 70.32496220494 0.16112422751 
0.300726 70.36945249532 0.15981724754 
0.301233 70.39353326732 0.16448457968 
0.301739 70.28498504924 0.16348106708 
0.302246 70.16345456968 0.16215108765 
0.302752 70.23908870768 0.16014271084 
0.303259 70.25910662910 0.16470427036 
0.303765 70.40862441244 0.16262413434 
0.304272 70.18905162239 0.16070813003 
0.304779 69.89122274533 0.16207217044 
0.305285 69.98083867939 0.15965011955 
0.305792 70.25862940198 0.16221268199 
0.306298 69.98458866371 0.15849094885 
0.306805 70.11791810498 0.16241019980 
0.307311 69.86085699051 0.15940791517 
0.307818 69.70419629613 0.15911659578 
0.308324 69.55781225680 0.15498026781 
0.308831 69.59916992405 0.15520288567 
0.309337 69.38327801349 0.15543878698 
0.309844 69.01099564160 0.15616122809 
0.310350 69.22632221647 0.15586099610 
0.310857 68.99412646743 0.15324442735 
0.311364 68.73699334616 0.15292533228 
0.311870 68.51649128424 0.15000330811 
0.312377 68.04084725161 0.14901252635 
0.312883 67.90880036764 0.14519209359 
0.313390 67.92709212015 0.14814477858 
0.313896 67.95953798191 0.14647507742 
0.314403 67.82176160990 0.14614601518 
0.314909 67.63528323816 0.14384665597 
0.315416 67.45501430547 0.14666574934 
0.315922 67.40949156272 0.14509347969 
0.316429 67.15687207181 0.14149941664 
0.316935 67.19407796341 0.14329006882 
0.317442 67.00110920299 0.14320858374 
0.317948 66.83287312420 0.14095846959 
0.318455 67.10971284891 0.14138045728 
0.318961 66.87960475643 0.14150201974 
0.319468 66.75106277734 0.14216685213 
0.319975 66.71952542884 0.14277260826 
0.320481 66.78716947848 0.14081947034 
0.320988 66.59526414248 0.14147514207 
0.321494 66.46853779436 0.13867333263 
0.322001 66.42103946439 0.17084907081 
0.322507 66.51163725297 0.14059451828 
0.323014 66.48466029758 0.14214373912 
0.323520 66.64005054846 0.14162501625 
0.324027 66.23811746646 0.13963170063 
0.324533 66.25472458011 0.14170617954 
0.325040 66.41502356757 0.13956344138 
0.325546 66.18342992939 0.14018687125 
0.326053 66.24579726319 0.13886876785 
0.326559 66.41196118381 0.13615254334 
0.327066 66.27470043405 0.13961743535 
0.327572 66.11106365007 0.13685644955 
0.328079 65.97195530970 0.13886935079 
0.328585 66.14837392781 0.13977439646 
0.329092 66.11202120890 0.13840255535 
0.329598 66.30535107242 0.13923096159 
0.330105 66.02619219830 0.13869870209 
0.330611 65.93850319919 0.13863416270 
0.331118 65.93267273845 0.13968031225 
0.331624 66.05762752949 0.14104048954 
0.332131 65.81413137137 0.13618233892 
0.332637 65.68811806849 0.13712305246 
0.333144 65.90545375222 0.13907895467 
0.333650 65.78467542446 0.14006267111 
0.334157 65.67380631836 0.13956864863 
0.334663 65.70043792994 0.14112951335 
0.335170 65.36284415106 0.13950480589 
0.335676 65.63394499747 0.13978497799 
0.336183 65.67933032678 0.14329969419 
0.336689 65.63686642426 0.13787247359 
0.337196 65.25815615352 0.14156663237 
0.337702 65.82056837863 0.14096353335 
0.338209 65.42580817648 0.14051234408 
0.338715 65.27550812141 0.14214739291 
0.339222 65.69684390351 0.14102160202 
0.339728 65.37600774874 0.13919843742 
0.340235 65.16983799540 0.21655788156 
0.340741 65.28429799805 0.13701944823 
0.341248 65.21764145136 0.13753878580 
0.341754 65.26865293182 0.13855660294 
0.342261 65.31132383238 0.13901216048 
0.342767 65.20590268576 0.13902458878 
0.343274 65.02023651898 0.13902780273 
0.343780 65.23386089532 0.13905154774 
0.344287 65.18985398127 0.13882514643 
0.344793 65.22917048159 0.13732975892 
0.345300 64.97736657125 0.14208458867 
0.345806 65.04776832698 0.14269668732 
0.346313 64.91390704471 0.14324200114 
0.346819 64.97380212151 0.14343240652 
0.347325 65.13105756474 0.14374939151 
0.347832 64.83214664297 0.14509051441 
0.348338 64.90047536899 0.14421363883 
0.348845 64.90871310181 0.14517489730 
0.349351 64.93668498340 0.14795123811 
0.349858 64.55773881792 0.15290156036 
0.350364 64.63038514046 0.14669324719 
0.350871 64.51810526018 0.15220448403 
0.351377 64.56051726898 0.15029562316 
0.351884 64.59160405910 0.14985615342 
0.352390 64.72173549308 0.14866288572 
0.352897 64.29227322163 0.14562605664 
0.353403 64.21653494965 0.14914225317 
0.353910 64.26647320838 0.14924700239 
0.354416 64.28648911746 0.15169214782 
0.354923 64.26668058477 0.15061644765 
0.355429 64.24282987074 0.15016065300 
0.355935 63.74016670168 0.15252596800 
0.356442 63.91979399604 0.15264892257 
0.356948 63.86108543672 0.15464691022 
0.357455 63.68593943101 0.15357956329 
0.357961 64.00704422995 0.15743868848 
0.358468 63.49388511215 0.15496846769 
0.358974 64.12829257325 0.22243027580 
0.359481 63.90084570875 0.20488999976 
0.359987 63.71615245111 0.19918168126 
0.360494 63.65878592518 0.19081505838 
0.361000 63.76461853785 0.18845085966 
0.361506 63.76653659605 0.18435727839 
0.362013 63.74292602891 0.18612456063 
0.362519 64.05618213623 0.18310334961 
0.363026 63.64224866243 0.18569433925 
0.363532 63.87743351099 0.18682643891 
0.364039 63.93408909454 0.18177613606 
0.364545 63.79496778997 0.18232094088 
0.365052 63.71137575386 0.18499521768 
0.365558 63.78582310639 0.18517872787 
0.366064 63.56265120160 0.18085088025 
0.366571 63.60142021992 0.18368815543 
0.367077 63.66694515500 0.18560349341 
0.367584 63.71721724122 0.18810142360 
0.368090 63.75755358811 0.18691635956 
0.368597 63.84869135536 0.18994579022 
0.369103 63.62182385645 0.19377986179 
0.369610 63.52032511038 0.18923777387 
0.370116 63.44476787619 0.19067302930 
0.370622 63.81192601566 0.19369889646 
0.371129 62.97255016287 0.19233828168 
0.371635 63.13616957762 0.18934657126 
0.372142 63.84028741314 0.19196252164 
0.372648 63.38056524775 0.19378709058 
0.373155 63.45758978519 0.19554136282 
0.373661 63.42747468315 0.19620714417 
0.374167 63.39094399173 0.19363395229 
0.374674 63.51988600361 0.19439245308 
0.375180 63.40463192728 0.19813031782 
0.375687 63.44003737953 0.20304709623 
0.376193 63.39139267300 0.19873637592 
0.376700 63.44259494171 0.20141388117 
0.377206 63.13718045645 0.20034427953 
0.377712 63.21691380403 0.19919124602 
0.378219 63.27955305850 0.20003834129 
0.378725 62.98408877104 0.20374205932 
0.379232 63.30976321319 0.20774756367 
0.379738 63.21695490625 0.20733573393 
0.380245 63.39018967929 0.20815920527 
0.380751 63.21344535939 0.20583278364 
0.381257 63.04177833755 0.20953326966 
0.381764 63.22625162207 0.20734594372 
0.382270 63.14353903681 0.21153976932 
0.382777 62.98909066233 0.21124960385 
0.383283 63.31645314520 0.20720738600 
0.383789 62.82467671240 0.20830889313 
0.384296 63.06076800451 0.21142855637 
0.384802 63.10562590150 0.20947437053 
0.385309 63.03120670148 0.21153745476 
0.385815 62.75121080974 0.20952711905 
0.386321 63.11705265063 0.20837222991 
0.386828 62.83257600656 0.21554653246 
0.387334 62.65830799611 0.20535132021 
0.387841 62.86011965177 0.21045768828 
0.388347 62.62201211998 0.21613838600 
0.388853 62.64282900221 0.21577224788 
0.389360 62.46050318698 0.22012008785 
0.389866 62.66231773536 0.21397172599 
0.390373 62.85736771992 0.21759278793 
0.390879 63.08298649598 0.22140411370 
0.391385 62.55403333357 0.22356694051 
0.391892 62.64614727130 0.22043076436 
0.392398 62.66711864279 0.21874172049 
0.392905 62.48263610804 0.21815373287 
0.393411 62.88668852056 0.22493513524 
0.393917 62.56630257441 0.22073054510 
0.394424 62.69068218542 0.22730687896 
0.394930 62.73421446141 0.22923528130 
0.395437 62.22782111487 0.22674259248 
0.395943 63.06662502172 0.23299391193 
0.396449 62.36676440645 0.39350987580 
0.396956 62.46490771203 0.23058105812 
0.397462 62.86902094118 0.23149306145 
0.397969 62.69250023187 0.23198538582 
0.398475 62.24562027438 0.23400020064 
0.398981 62.31428973321 0.22925728071 
0.399488 62.18975150835 0.22818248774 
0.399994 62.36358032942 0.23803117643 
0.400500 61.99729099487 0.24073381737 
0.401007 62.38449274271 0.24242661059 
0.401513 62.15450675396 0.24723497618 
0.402020 62.62345254326 0.24548947634 
0.402526 62.70024557993 0.24871749101 
0.403032 62.79580957715 0.24506577010 
0.403539 62.62495686738 0.25469372696 
0.404045 62.45947301758 0.25256287403 
0.404551 62.41616289085 0.25833240662 
0.405058 62.21212891366 0.26897209130 
0.405564 62.39802828959 0.26879677252 
0.406071 62.56330628091 0.25959413453 
0.406577 62.03978051408 0.25503164890 
0.407083 62.27992985398 0.26259261453 
0.407590 62.17133399135 0.26089775297 
0.408096 61.65397555136 0.27892266210 
0.408602 62.11716642316 0.27324546602 
0.409109 62.32142689803 0.25606648993 
0.409615 62.33540155827 0.27387896447 
0.410121 62.21706551272 0.26310105841 
0.410628 62.25158246004 0.25717013429 
0.411134 62.02074724420 0.26395367763 
0.411641 61.84430327171 0.27753149233 
0.412147 61.98203160774 0.26255313648 
0.412653 62.02789301725 0.26956155183 
0.413160 62.15786104140 0.26226352052 
0.413666 62.00575055565 0.26960864393 
0.414172 62.36127177613 0.28144080007 
0.414679 61.86418603153 0.27213110415 
0.415185 61.99620015924 0.28388553193 
0.415691 62.02140252565 0.27012434572 
0.416198 61.69446134384 0.27616241641 
0.416704 62.21021776284 0.28320979112 
0.417210 61.88839449248 0.28190272286 
0.417717 61.91798330133 0.28712354837 
0.418223 61.66759384786 0.27289194392 
0.418729 61.49569235056 0.27851583969 
0.419236 61.89725577319 0.27556977909 
0.419742 61.43917176046 0.27895747680 
0.420248 61.92468371028 0.26834929091 
0.420755 61.68857650519 0.27775454159 
0.421261 61.78816887689 0.28901433025 
0.421767 62.01179389764 0.27821668072 
0.422274 61.60241600468 0.27950038841 
0.422780 61.88290207035 0.28703025501 
0.423286 61.57313300587 0.28449322196 
0.423793 61.61294961409 0.28112630879 
0.424299 61.76397399218 0.28681357526 
0.424805 61.71089691624 0.27625310034 
0.425312 61.50862138810 0.30565908793 
0.425818 61.65657046833 0.29475991070 
0.426324 61.33950544557 0.30178323338 
0.426831 61.34927409118 0.28518447691 
0.427337 60.87642566102 0.30064081769 
0.427843 61.90837085209 0.29587393431 
0.428350 61.76043269498 0.30758866359 
0.428856 61.24107025738 0.30098844939 
0.429362 61.49855751483 0.30092404302 
0.429869 61.42909125542 0.31045403397 
0.430375 60.81238666841 0.31635472468 
0.430881 61.16210119321 0.31851198497 
0.431388 61.77834354883 0.31373932428 
0.431894 61.88004046918 0.31692770905 
0.432400 61.16274485911 0.32596949428 
0.432907 61.34039950996 0.31845733907 
0.433413 61.12835957673 0.34103425631 
0.433919 62.07339470252 0.33028691364 
0.434425 61.92044936802 0.33309281562 
0.434932 61.39874499884 0.33229706150 
0.435438 61.51035777799 0.35296425637 
0.435944 60.90922323761 0.33290459881 
0.436451 61.69792330782 0.33509537903 
0.436957 61.33739286425 0.35123716123 
0.437463 61.19323238872 0.35445964745 
0.437970 61.34382262947 0.34716215759 
0.438476 61.54744771383 0.36126716673 
0.438982 61.32075698590 0.36509315102 
0.439489 62.17163244262 0.37577200933 
0.439995 60.80186337789 0.36654053346 
0.440501 61.35386597696 0.37771593820 
0.441007 60.72464090182 0.38344356860 
0.441514 61.36416513182 0.38873572751 
0.442020 61.67793233420 0.40295324871 
0.442526 61.54611157341 0.39555648489 
0.443033 61.25377122160 0.40254676128 
0.443539 60.91569715449 0.39447163421 
0.444045 61.25413044056 0.41413722054 
0.444551 60.71826157230 0.41722608256 
0.445058 61.09069022910 0.42356801229 
0.445564 61.21976376382 0.41991865864 
0.446070 60.32931080826 0.43069309609 
0.446577 60.44968594882 0.45249809127 
0.447083 61.36257073150 0.47142453222 
0.447589 60.06793103805 0.43884293521 
0.448095 60.61448167810 0.47851924739 
0.448602 60.04907021313 0.45797751665 
0.449108 60.03914648069 0.46984415199 
0.449614 60.64353458760 0.48061581994 
0.450121 60.79288085243 0.48530836011 
0.450627 61.00667834255 0.50818624335 
0.451133 60.49535473556 0.49967707113 
0.451639 60.33129975878 0.51895721799 
0.452146 61.00571512124 0.51528600245 
0.452652 60.10600615387 0.52438002336 
0.453158 59.94314641009 0.56570018435 
0.453664 60.29828603963 0.57755921115 
0.454171 60.69668421805 0.56713619174 
0.454677 60.44745524919 0.61418879945 
0.455183 59.93572797711 0.62844541979 
0.455689 59.77413406752 0.64468435986 
0.456196 60.81161979201 0.66017828193 
0.456702 60.15584291389 0.65922790152 
0.457208 60.45082604229 0.70093005893 
0.457714 61.30787914502 0.76485888715 
0.458221 60.67785193329 0.73394746731 
0.458727 60.37829783097 0.78339594369 
0.459233 59.57893865923 0.83315042870 
0.459740 60.31345621387 0.86138846409 
0.460246 60.48576925908 0.86369595597 
0.460752 61.16149130846 1.00674262762 
0.461258 58.77522527092 0.95525927028 
0.461765 59.68975998443 1.07226105612 
0.462271 59.73159859075 1.06422319879 
0.462777 61.02737315987 1.22653193816 
0.463283 59.15395044225 1.20827712502 
0.463789 60.74156307482 1.36166932119 
0.464296 61.50245165527 1.45253021246 
0.464802 59.28008271016 1.28183494282 
0.465308 61.01352646122 1.50242310808 
0.465814 61.73069752735 1.74692077564 
0.466321 58.20825297165 1.70780897766 
0.466827 59.21896414733 1.83776154302 
0.467333 58.93282626876 1.85412536757 
0.467839 60.67407850430 2.08631323632 
0.468346 60.05170970062 2.33606643465 
0.468852 60.30425748429 2.64008739167 
0.469358 59.18500772284 2.86933491271 
0.469864 59.19444300184 2.98562255479 
0.470371 57.76785899123 4.07289331879 
0.470877 58.46557864882 4.68531707945 
0.471383 57.23792453171 5.44139080459 
0.471889 54.50147266748 6.99933398427 
0.472395 48.03195939649 5.45640081472 
0.472902 52.07710059395 12.28107605645 
