0.010896 1379.22755315435 12.80074485239 
0.011402 1225.50219616273 12.60692474027 
0.011909 1091.42625385058 11.82125715533 
0.012416 996.99384843913 8.67540813333 
0.012923 900.08417748573 7.68597814237 
0.013430 834.29766100969 10.93340191175 
0.013936 807.41088074303 8.99615929788 
0.014443 747.65084595989 7.81802792405 
0.014950 691.68964154976 6.74405550127 
0.015457 633.51391528284 5.45803148000 
0.015963 591.12298986076 5.01750591100 
0.016470 547.89144575699 4.42637926491 
0.016977 517.18461414072 4.22351992288 
0.017484 483.10040806837 3.37813124928 
0.017990 456.14909501134 2.95288499439 
0.018497 427.03871671213 2.62264917578 
0.019004 404.82221344139 2.40910900928 
0.019511 383.57303017150 2.35577732418 
0.020018 368.24340807761 2.22294851632 
0.020524 348.69297838601 2.03703366746 
0.021031 331.24693212439 2.04663106611 
0.021538 319.09711744820 1.68974028724 
0.022045 305.12145518012 1.66766783598 
0.022551 294.17505304664 1.64713626915 
0.023058 282.34657709846 1.58346421712 
0.023565 274.26667076652 1.44498236674 
0.024072 261.81579685881 1.71991723787 
0.024579 254.15077937096 1.52494050304 
0.025085 246.75313056603 2.06934188942 
0.025592 238.12369023315 2.17898818796 
0.026099 231.89874676709 2.16852072249 
0.026606 224.88904229769 1.61323623949 
0.027112 220.00846982987 1.67839844313 
0.027619 213.47579491845 1.57894150796 
0.028126 208.72115796925 1.54595679539 
0.028633 203.30464071951 1.30887565789 
0.029139 199.27016354401 1.19594351166 
0.029646 194.21523758882 1.12477088501 
0.030153 190.17313562882 1.16780333958 
0.030660 186.33468131361 1.00616458963 
0.031167 183.52362894213 0.89345300177 
0.031673 181.22058405303 0.95916817791 
0.032180 177.00870195066 0.90400509689 
0.032687 174.00700357038 0.87709212676 
0.033194 170.75676461292 0.82220784568 
0.033700 167.34656598659 0.78438125600 
0.034207 165.64056033404 0.79063931422 
0.034714 162.48165686433 0.77599403376 
0.035221 161.27734204407 0.74956779813 
0.035727 159.20877947630 0.66950931641 
0.036234 156.96741630467 0.66155429016 
0.036741 154.10939411445 0.64620885199 
0.037248 153.90220867791 0.63588607812 
0.037755 151.15028301410 0.64165756404 
0.038261 148.28814342726 0.57015102109 
0.038768 146.87057937533 0.56749021851 
0.039275 146.50160682149 0.61360866285 
0.039782 144.38895113130 0.60107052478 
0.040288 143.29511050805 0.56683540532 
0.040795 142.05697907414 0.56777270383 
0.041302 140.84874428096 0.55283524883 
0.041809 138.84818251577 0.55554347942 
0.042315 137.88097005974 0.53434652572 
0.042822 136.33535197653 0.51627184501 
0.043329 135.67927359332 0.53560891868 
0.043836 134.95449249456 0.52253937310 
0.044343 133.13757741833 0.50683103773 
0.044849 132.35503336904 0.51764942634 
0.045356 130.61114681089 0.51370511044 
0.045863 130.55231652360 0.50836843827 
0.046370 128.46451335508 0.52023298482 
0.046876 128.76749460820 0.47829343165 
0.047383 127.08104398743 0.50364312483 
0.047890 126.46176209958 0.50384702485 
0.048397 125.29035074026 0.49281399784 
0.048903 124.29955384041 0.46840849396 
0.049410 124.08398590393 0.49913952879 
0.049917 123.66033788407 0.46370817263 
0.050424 122.83270852776 0.46772202745 
0.050931 121.58915390360 0.45273292642 
0.051437 120.83124738721 0.44958319699 
0.051944 119.88624085456 0.47305741480 
0.052451 119.27817387862 0.44074942763 
0.052958 118.93417321982 0.42991350016 
0.053464 118.75216247127 0.45011654768 
0.053971 117.04251367171 0.43565936252 
0.054478 116.59213928020 0.43312909518 
0.054985 116.14445131312 0.42872938052 
0.055491 115.02475049693 0.44076258174 
0.055998 114.94849566261 0.44627142304 
0.056505 114.46744042544 0.43593046930 
0.057012 113.17599990738 0.41743244504 
0.057519 113.11586316101 0.43226698475 
0.058025 112.56254051718 0.41748051734 
0.058532 112.01555753427 0.41719677729 
0.059039 112.05723303366 0.41032250283 
0.059546 111.33390691559 0.42106534058 
0.060052 110.76311071741 0.42770212266 
0.060559 109.46662162626 0.40464576652 
0.061066 109.43588935446 0.40143141267 
0.061573 109.10337556960 0.39968192234 
0.062079 108.68360065256 0.41216259064 
0.062586 107.74572585903 0.39224925314 
0.063093 107.72332335933 0.39820825954 
0.063600 107.10770314630 0.38383730487 
0.064106 106.54236756822 0.40763875238 
0.064613 106.13611918038 0.38289900685 
0.065120 106.43329054283 0.39383649498 
0.065627 104.62720623136 0.37408064100 
0.066134 104.82051841857 0.36871958469 
0.066640 104.77563299827 0.36838271044 
0.067147 104.87121427134 0.38671518778 
0.067654 103.89662056157 0.37575727271 
0.068161 103.78204719881 0.36818216610 
0.068667 103.40044155765 0.35653226818 
0.069174 103.41048400471 0.37681087965 
0.069681 102.79342776550 0.37271635956 
0.070188 102.27875785205 0.34272385785 
0.070694 102.44383197014 0.36326661303 
0.071201 101.92622975601 0.35319613180 
0.071708 102.12219597667 0.35371572774 
0.072215 100.68767949829 0.33750162566 
0.072721 101.32090412476 0.33540667106 
0.073228 100.67501011984 0.34241812773 
0.073735 100.54279029760 0.36025203346 
0.074242 100.13402493247 0.35277992763 
0.074748 99.80177723533 0.34317166936 
0.075255 99.91261241516 0.33958491834 
0.075762 99.23578202757 0.33781520932 
0.076269 98.98961213645 0.33797546679 
0.076776 98.74056466218 0.33048644710 
0.077282 98.66063219179 0.33650403381 
0.077789 97.87745342666 0.33422205642 
0.078296 97.61680437663 0.32524881914 
0.078803 97.47432178112 0.33172953307 
0.079309 97.66350359834 0.33486421265 
0.079816 97.36855032311 0.33085781583 
0.080323 97.13275999210 0.32816227929 
0.080830 97.48642459808 0.32731074285 
0.081336 97.40218011444 0.33907386974 
0.081843 97.48525878341 0.34118113499 
0.082350 96.53609562357 0.32742330723 
0.082857 96.52413316168 0.32564018910 
0.083363 96.75936866207 0.33299921247 
0.083870 96.04821122489 0.33797622786 
0.084377 95.57578904366 0.33854040792 
0.084884 95.45271692054 0.34346597800 
0.085390 95.53866615458 0.32610396562 
0.085897 95.31589009512 0.32679500792 
0.086404 95.20185891022 0.33886580895 
0.086911 95.32922712856 0.32717138713 
0.087417 95.37469054562 0.32610473108 
0.087924 94.82046035847 0.33785991196 
0.088431 94.51765141422 0.33145472288 
0.088938 94.00560893401 0.31911053961 
0.089444 94.10907212828 0.32185952456 
0.089951 94.03845247620 0.32188929258 
0.090458 94.27014883130 0.32484765081 
0.090965 93.95656427618 0.33019560436 
0.091471 93.64391902434 0.33328266369 
0.091978 93.16908175188 0.33711261616 
0.092485 92.56080530975 0.33468179228 
0.092992 93.09991888826 0.33578669289 
0.093498 93.21738636948 0.34851069893 
0.094005 92.67202186592 0.32349872061 
0.094512 92.50996624742 0.33282853494 
0.095019 92.60663247392 0.33808425869 
0.095525 92.75062687669 0.34116292108 
0.096032 93.04738673401 0.32187164239 
0.096539 92.03428209428 0.34213291389 
0.097046 91.79870661818 0.33419577130 
0.097552 91.78030172349 0.32858097645 
0.098059 91.94288480231 0.33404802220 
0.098566 91.90486966314 0.32202851720 
0.099073 91.76982566525 0.31192788096 
0.099579 91.62046012477 0.32564352086 
0.100086 92.04990986507 0.31605369262 
0.100593 91.44589902595 0.31325951515 
0.101100 90.84799139416 0.32632288567 
0.101606 91.36924769902 0.30127503956 
0.102113 90.66643055830 0.29513262864 
0.102620 89.45274105463 0.30069261923 
0.103127 89.51956260812 0.30028287164 
0.103633 89.34224184775 0.29752260152 
0.104140 89.09808651436 0.29982928515 
0.104647 88.68764702707 0.29991650095 
0.105154 88.86256846667 0.30170411470 
0.105660 88.71328681566 0.30269094484 
0.106167 88.30175028762 0.29570348794 
0.106674 88.23167297447 0.31598248235 
0.107181 88.16882323047 0.30981503689 
0.107687 87.74964882839 0.29805216785 
0.108194 87.69251142033 0.29615882003 
0.108701 87.74509026928 0.29525687936 
0.109208 87.68304598133 0.29217575581 
0.109714 88.01480768964 0.28747805012 
0.110221 87.44825552327 0.28601869180 
0.110728 87.37564624908 0.28369749087 
0.111235 87.72953454883 0.28804833439 
0.111741 87.66419817504 0.29049118717 
0.112248 87.44456916654 0.28963012079 
0.112755 87.10901988473 0.28221964758 
0.113262 86.90093420324 0.27711233724 
0.113768 86.93100654195 0.27637667264 
0.114275 87.04235764097 0.28866727328 
0.114782 86.60934708559 0.28068071815 
0.115289 86.58221936075 0.28136768405 
0.115795 86.44947986146 0.27864832290 
0.116302 86.40442209927 0.27716976024 
0.116809 86.74891642036 0.27347051275 
0.117316 86.42951854865 0.27724304444 
0.117822 86.48770566613 0.27363377209 
0.118329 86.62305394040 0.26892994477 
0.118836 86.61044169282 0.27179181202 
0.119342 86.16223729397 0.26066413929 
0.119849 85.72550517245 0.27001704954 
0.120356 85.95972682709 0.26932785610 
0.120863 85.90736314370 0.26174909948 
0.121369 85.80452057256 0.27419978141 
0.121876 85.70740255660 0.26146840924 
0.122383 85.62255425996 0.26727334539 
0.122890 85.85274855895 0.27032313752 
0.123396 85.68447633667 0.26911945294 
0.123903 85.64261329755 0.26577331974 
0.124410 85.51233823852 0.26415632579 
0.124917 85.09696864105 0.26414578566 
0.125423 85.14635452281 0.25895711343 
0.125930 84.67417318226 0.25356050244 
0.126437 84.60119810785 0.24907267328 
0.126944 85.23013658585 0.25689560206 
0.127450 84.57474990368 0.25547633205 
0.127957 85.15483464554 0.25423840833 
0.128464 84.63213322380 0.25821906985 
0.128970 84.68455602543 0.25657304409 
0.129477 84.54581989666 0.25191585266 
0.129984 84.23039444565 0.25473062909 
0.130491 84.09071365117 0.24895657019 
0.130997 84.40648907614 0.24615840731 
0.131504 84.36759276239 0.25307001312 
0.132011 84.26109871745 0.24982688809 
0.132518 84.43706957739 0.24909126541 
0.133024 84.07446447478 0.24505050438 
0.133531 83.78817582839 0.24465270675 
0.134038 83.71771476380 0.24495205837 
0.134545 84.41526624203 0.24391154701 
0.135051 83.56570539974 0.24975117022 
0.135558 83.66102851971 0.24666227028 
0.136065 83.61329771963 0.24700160025 
0.136571 83.60846424877 0.24059219056 
0.137078 83.56151758328 0.25047389950 
0.137585 83.45928038214 0.24428666504 
0.138092 83.34210163532 0.24003181019 
0.138598 83.45771460301 0.24295524707 
0.139105 83.53861019135 0.24382285462 
0.139612 83.20805758618 0.24272015530 
0.140119 83.12832112286 0.23692203818 
0.140625 83.35662448056 0.24249666287 
0.141132 83.11052943186 0.23683262743 
0.141639 83.24029238251 0.24250245020 
0.142145 82.96538492072 0.23946320053 
0.142652 82.63588893374 0.23801362850 
0.143159 82.67590133896 0.23442586760 
0.143666 82.39305390553 0.23767120048 
0.144172 82.39810764574 0.23999652824 
0.144679 82.69046211852 0.23779655711 
0.145186 82.13802142380 0.23925063691 
0.145692 82.12230335082 0.24000012125 
0.146199 82.17051651082 0.23998443094 
0.146706 81.84487006332 0.23704012416 
0.147213 82.26528886066 0.24027149513 
0.147719 82.46770245418 0.24565254253 
0.148226 81.93586580324 0.24270410394 
0.148733 82.06166887851 0.23359649823 
0.149240 81.39851785654 0.23622296973 
0.149746 81.45246153971 0.24042895620 
0.150253 81.14289103946 0.24604505445 
0.150760 81.51294994358 0.23882157555 
0.151266 81.45633212263 0.24123872555 
0.151773 80.96221045280 0.24337998875 
0.152280 81.21271703698 0.24349172670 
0.152787 81.39297994387 0.24467824595 
0.153293 80.90873030560 0.24172370708 
0.153800 81.03907344023 0.23362870811 
0.154307 80.83591197719 0.24815348942 
0.154813 80.91087998703 0.23936912551 
0.155320 80.54787823160 0.23433821025 
0.155827 80.74001316912 0.24032370438 
0.156334 80.43218041530 0.23363981270 
0.156840 80.85232332135 0.23678157003 
0.157347 80.16707378555 0.24072275748 
0.157854 80.33630142027 0.23420991376 
0.158360 80.48206093163 0.23603036793 
0.158867 80.23587465863 0.23966554200 
0.159374 80.36393811924 0.23611312024 
0.159881 80.48018489589 0.23901794459 
0.160387 80.15651979030 0.23091579627 
0.160894 80.12712028935 0.23341727652 
0.161401 79.98670556027 0.23178656833 
0.161907 79.94756001340 0.23347750238 
0.162414 79.39119574235 0.22766906244 
0.162921 79.51218136542 0.23414395357 
0.163427 79.54753750272 0.23638562268 
0.163934 79.81744620513 0.23443264652 
0.164441 79.53129643819 0.23168533488 
0.164948 79.40633513362 0.23115442918 
0.165454 79.34720115664 0.22865369070 
0.165961 79.13653553954 0.23439660506 
0.166468 78.88489198252 0.22993695726 
0.166974 79.33111860146 0.22878565348 
0.167481 79.05887179390 0.22635860194 
0.167988 79.25350083096 0.22911496197 
0.168495 78.83098826125 0.23001912767 
0.169001 79.27316672052 0.23358052888 
0.169508 79.11430117664 0.23244257270 
0.170015 79.21471709348 0.23713782783 
0.170521 79.22425709889 0.22942386479 
0.171028 79.32276880809 0.23743129662 
0.171535 79.15782541056 0.23257644280 
0.172041 78.77309686608 0.23752868063 
0.172548 79.00497993701 0.23483081407 
0.173055 79.05843779166 0.23818912189 
0.173562 79.03766671233 0.23454223248 
0.174068 79.33121791289 0.23968232800 
0.174575 79.00519246397 0.23352872401 
0.175082 78.72276751238 0.24037068811 
0.175588 79.30857804675 0.23582266989 
0.176095 79.26000451577 0.23735217314 
0.176602 79.10304935151 0.23089313347 
0.177108 79.14065545201 0.23970994914 
0.177615 78.92127254707 0.23426287746 
0.178122 78.93567610256 0.24300089439 
0.178629 79.05269745777 0.24118203327 
0.179135 78.72599923701 0.23638168148 
0.179642 78.36875743194 0.23300718276 
0.180149 78.49711805119 0.23228713155 
0.180655 78.71396618557 0.23632726821 
0.181162 78.70596307763 0.23363239904 
0.181669 78.72817321158 0.23540121050 
0.182175 79.02532003448 0.24191516358 
0.182682 78.67792134201 0.24120040943 
0.183189 78.98519182472 0.24062029473 
0.183695 78.94782899954 0.24939281682 
0.184202 78.46497899029 0.24334432748 
0.184709 78.47322775906 0.24544433359 
0.185216 78.36796741350 0.24103806360 
0.185722 78.19870405432 0.24758453791 
0.186229 78.10372762373 0.24835337022 
0.186736 77.93434729920 0.24216472735 
0.187242 77.51941670542 0.24132145448 
0.187749 78.11860406303 0.24569960759 
0.188256 78.01985877063 0.24164509290 
0.188762 77.78629237188 0.24624161442 
0.189269 77.51816058068 0.24338109050 
0.189776 77.94055243064 0.24730206371 
0.190282 77.61224003550 0.24549909035 
0.190789 77.98952294541 0.24988973986 
0.191296 77.63300834572 0.24547884575 
0.191802 77.35178680266 0.24938308118 
0.192309 76.92662009861 0.23654678582 
0.192816 76.95908516273 0.23698173831 
0.193323 76.85567780408 0.23689469771 
0.193829 76.63147529413 0.23347700063 
0.194336 76.88224390319 0.23587099654 
0.194843 76.62722757480 0.22940478080 
0.195349 76.40603059254 0.23331108044 
0.195856 76.58600262828 0.23574852510 
0.196363 76.07147452251 0.23417003363 
0.196869 76.34609796621 0.22829122997 
0.197376 76.43367609353 0.22755682663 
0.197883 76.02119268890 0.22813855314 
0.198389 76.03618932243 0.22555845052 
0.198896 75.89937101628 0.22303219053 
0.199403 76.23642576873 0.22754035397 
0.199909 75.92242225961 0.22462778132 
0.200416 75.92082375942 0.22517343472 
0.200923 76.03242454156 0.22234154389 
0.201429 76.08859295206 0.22381792778 
0.201936 75.84052480541 0.22025067336 
0.202443 76.10397811165 0.21943634561 
0.202949 75.70564970120 0.22277827224 
0.203456 75.90032183045 0.22606635922 
0.203963 75.67437587206 0.21810911769 
0.204469 75.42555357138 0.21892452165 
0.204976 75.39476614709 0.21456410585 
0.205483 75.36984320671 0.21882822732 
0.205989 75.48412671995 0.21591803025 
0.206496 75.08653393979 0.21559696972 
0.207003 75.58278856094 0.21401467207 
0.207509 75.52043503561 0.21996372582 
0.208016 75.38326447793 0.21703330565 
0.208523 75.46904326755 0.21176129371 
0.209029 75.29843817202 0.20887628534 
0.209536 75.39232392048 0.21045046723 
0.210043 74.94151347308 0.21338039406 
0.210549 75.37523334434 0.21616103071 
0.211056 75.10188905464 0.20970790993 
0.211563 75.07762220757 0.20919521856 
0.212069 75.01798696807 0.20361611382 
0.212576 74.81531866815 0.20862658686 
0.213083 74.74872997903 0.21233366476 
0.213589 74.91153883224 0.20959107559 
0.214096 74.81359971085 0.20432312502 
0.214603 75.14224861673 0.20811848670 
0.215109 74.88787750614 0.20676687199 
0.215616 74.89973990340 0.20303656049 
0.216123 74.43274103954 0.20458043181 
0.216629 74.45914038158 0.20936936999 
0.217136 74.64918084139 0.20687188456 
0.217643 74.36206709895 0.20952972757 
0.218149 74.20413197324 0.20346217739 
0.218656 74.26055924874 0.20723521183 
0.219163 74.35951106014 0.20627186894 
0.219669 74.07837429083 0.20376594588 
0.220176 73.98469319460 0.21088274595 
0.220683 74.07059344012 0.20688518621 
0.221189 74.02268910513 0.20608038580 
0.221696 73.73034820038 0.20411786822 
0.222203 73.76984286856 0.20220732088 
0.222709 74.08899085080 0.20456862593 
0.223216 73.69196715125 0.20137538762 
0.223722 74.00862980755 0.20041193118 
0.224229 73.64265009473 0.20446548319 
0.224736 73.69308797199 0.20439096455 
0.225242 73.65840808779 0.20051429048 
0.225749 73.48476673010 0.20260693873 
0.226256 73.49459391783 0.20339759916 
0.226762 73.67239727533 0.20296863250 
0.227269 73.63213070994 0.20052193400 
0.227776 73.50175087394 0.19821951623 
0.228282 73.46504904407 0.20246556237 
0.228789 73.24474820650 0.20636570687 
0.229296 73.09234742866 0.19850471702 
0.229802 73.34570557293 0.20118855800 
0.230309 72.91933218280 0.19881147138 
0.230816 73.11084959168 0.20119453291 
0.231322 73.55915274266 0.20448131543 
0.231829 72.97878401008 0.19962830141 
0.232335 73.02894752990 0.20030310050 
0.232842 73.07475709370 0.20168405957 
0.233349 72.71731088201 0.19747052174 
0.233855 73.03662864821 0.19868595030 
0.234362 72.86542922619 0.20056266816 
0.234869 72.79204057860 0.20226756721 
0.235375 72.69277466306 0.19791630313 
0.235882 72.75637015319 0.19663037461 
0.236389 72.88970510138 0.20280749807 
0.236895 72.52584902981 0.20429373862 
0.237402 72.47899579041 0.19799078209 
0.237908 72.31599661978 0.19924806490 
0.238415 72.75006193693 0.19955512996 
0.238922 72.04971004904 0.20000207815 
0.239428 72.42880507600 0.19896504189 
0.239935 72.11612143905 0.19445902003 
0.240442 72.20125371336 0.19640593489 
0.240948 72.00092849181 0.20078059515 
0.241455 71.83717616928 0.20095117696 
0.241962 72.00640667048 0.19814106174 
0.242468 72.06417303673 0.19698560685 
0.242975 71.75689415791 0.19555155351 
0.243481 71.64948413647 0.19753955712 
0.243988 71.85262340202 0.19702978051 
0.244495 71.57584258007 0.19498139737 
0.245001 71.57432651602 0.19507730933 
0.245508 71.86105502353 0.19682730624 
0.246015 71.78981594433 0.19718595045 
0.246521 71.76693114417 0.19450955941 
0.247028 71.81876735153 0.19623514717 
0.247534 71.51773833360 0.19524250020 
0.248041 71.42243677837 0.19769263582 
0.248548 71.57802678843 0.19490605997 
0.249054 71.47623819501 0.19426107836 
0.249561 71.38087933529 0.19416053532 
0.250068 71.05792828731 0.20037903692 
0.250574 71.44235790051 0.19644120472 
0.251081 71.32659960875 0.19794506221 
0.251587 71.39677682065 0.19797078090 
0.252094 71.13952992158 0.19310649681 
0.252601 71.15691987181 0.19834092185 
0.253107 71.27108595571 0.20055157776 
0.253614 70.96604556783 0.19460478594 
0.254120 71.06309521701 0.19460200458 
0.254627 70.94240556408 0.19654238469 
0.255134 71.19344270315 0.19416597571 
0.255640 70.94162460202 0.19577198720 
0.256147 71.22369089731 0.19607391422 
0.256654 70.91770968994 0.19897331343 
0.257160 70.97185132928 0.19839989803 
0.257667 71.22411797068 0.19412720936 
0.258173 71.47652827853 0.19849594043 
0.258680 71.28116357356 0.19490235424 
0.259187 71.56090959221 0.19618674800 
0.259693 71.33676283893 0.19430407583 
0.260200 71.37823823405 0.19532196977 
0.260706 71.74421187646 0.19739599625 
0.261213 71.50076854882 0.19513902832 
0.261720 71.65111571205 0.19483472992 
0.262226 71.66252038687 0.19426545081 
0.262733 71.49752849029 0.19511232396 
0.263239 71.71605299539 0.19110940803 
0.263746 71.83731340870 0.19547644968 
0.264253 71.43151747566 0.19197954436 
0.264759 71.59558665312 0.19022423693 
0.265266 71.64611248323 0.19355432588 
0.265772 71.83303220270 0.19019744944 
0.266279 71.90857161037 0.19424663994 
0.266786 71.58337726296 0.19280111586 
0.267292 71.92714583988 0.19284776972 
0.267799 71.76335974066 0.19098333567 
0.268305 71.77606151637 0.19074589364 
0.268812 71.54141137891 0.19232027374 
0.269319 71.68068172612 0.19028481073 
0.269825 71.81412164030 0.18740408877 
0.270332 71.71201462528 0.18926360525 
0.270838 72.19367170753 0.19146910096 
0.271345 72.12907469064 0.19284228442 
0.271852 72.04951810537 0.19153544167 
0.272358 72.34978149281 0.19424474285 
0.272865 71.93761632286 0.19291639155 
0.273371 72.11287882899 0.19058625417 
0.273878 72.49344718990 0.18911555517 
0.274385 72.37593888674 0.18960475973 
0.274891 72.41744012838 0.18447671527 
0.275398 72.40715005920 0.18608895503 
0.275904 72.30840086027 0.17940683164 
0.276411 72.53071315108 0.18560184066 
0.276917 72.54571372074 0.18568870524 
0.277424 72.40497196184 0.18335070461 
0.277931 72.10821306362 0.17963798699 
0.278437 72.02916235011 0.18648981895 
0.278944 72.27396327884 0.18525331809 
0.279450 72.47535479348 0.18120699644 
0.279957 71.99571857697 0.18057438285 
0.280464 72.20933372627 0.18103805584 
0.280970 72.26271054534 0.18104581822 
0.281477 72.30854976215 0.18102411991 
0.281983 72.23837753946 0.18183640392 
0.282490 72.20538954710 0.18111301644 
0.282996 71.56229867382 0.17933654738 
0.283503 71.97034976307 0.17840492261 
0.284010 71.86900998469 0.17699057376 
0.284516 71.78991768709 0.17753493866 
0.285023 71.82564606139 0.17512705985 
0.285529 71.89018103698 0.17325175607 
0.286036 71.65894819311 0.17026023911 
0.286542 71.43658214723 0.17348942530 
0.287049 71.51462527224 0.17696425767 
0.287556 71.54684343654 0.17359891157 
0.288062 71.41531174222 0.17160226048 
0.288569 71.39618800514 0.17313242246 
0.289075 71.41903647857 0.17320517220 
0.289582 71.47615251734 0.17299672295 
0.290088 71.39502390688 0.16813292630 
0.290595 71.38594407405 0.16574314365 
0.291102 71.79597999685 0.16820202955 
0.291608 71.21088185637 0.16732110298 
0.292115 71.15513441730 0.16780312589 
0.292621 70.95920320690 0.16794703516 
0.293128 71.27961247680 0.16997452442 
0.293634 71.43616280719 0.16525284669 
0.294141 71.12044099081 0.16465083918 
0.294647 71.21900701181 0.16442690604 
0.295154 71.16683551290 0.16450939463 
0.295661 70.99342422742 0.16642187235 
0.296167 70.90243609716 0.16478638490 
0.296674 70.95691787118 0.16599079515 
0.297180 70.69333524548 0.16329780601 
0.297687 70.83655532847 0.16460830653 
0.298193 70.42478492348 0.16170466400 
0.298700 70.58847949739 0.16320969928 
0.299207 70.58843261032 0.16519044042 
0.299713 70.53209447034 0.16413422473 
0.300220 70.37251818749 0.16397703674 
0.300726 70.53683824317 0.16474816735 
0.301233 70.55724222329 0.16501703010 
0.301739 70.54020963788 0.16622618138 
0.302246 70.08815843720 0.16082598806 
0.302752 70.24942990664 0.16132022544 
0.303259 70.55394041488 0.16261216538 
0.303765 70.27871036813 0.16115006046 
0.304272 70.16036005422 0.16054672887 
0.304779 70.19792711880 0.15987281013 
0.305285 70.15585876070 0.15880451117 
0.305792 70.15094343947 0.16393509547 
0.306298 70.00596993604 0.15829890041 
0.306805 69.79148337287 0.15968201918 
0.307311 70.07482467842 0.15867611098 
0.307818 69.91382934648 0.16007580312 
0.308324 69.50661082598 0.15647047582 
0.308831 69.53751828872 0.15223387206 
0.309337 69.34038262992 0.15502739086 
0.309844 69.34989602655 0.15227665807 
0.310350 69.01751558942 0.15521510393 
0.310857 68.93002623122 0.15126642075 
0.311364 68.76922682437 0.14942849293 
0.311870 68.50729397398 0.15093524033 
0.312377 68.22277314437 0.14970949541 
0.312883 68.04737332239 0.14617528131 
0.313390 68.08118366484 0.15043450061 
0.313896 67.82585000262 0.14683962028 
0.314403 67.93002434044 0.14322012898 
0.314909 67.66180957389 0.14303340511 
0.315416 67.39431969355 0.14726674687 
0.315922 67.34151590647 0.14348940795 
0.316429 67.35438073276 0.14329621887 
0.316935 67.02813220973 0.14120249279 
0.317442 67.15087385478 0.14178282513 
0.317948 67.31114131208 0.14068620660 
0.318455 67.11007404378 0.14018775224 
0.318961 66.82035265906 0.14364519252 
0.319468 66.97842517530 0.14246930735 
0.319975 66.85412626361 0.14299311723 
0.320481 67.01003465766 0.13901500589 
0.320988 66.66135776643 0.14077259283 
0.321494 66.87723641961 0.13877111979 
0.322001 66.61075555025 0.15017048290 
0.322507 66.68407763460 0.14072060065 
0.323014 66.68844246895 0.14250017619 
0.323520 66.57491976382 0.14326406915 
0.324027 66.44084036573 0.14146761367 
0.324533 66.40048986464 0.14246873919 
0.325040 66.55602579503 0.13733671800 
0.325546 66.29329823075 0.14050114103 
0.326053 66.28850884236 0.14146587182 
0.326559 66.19653511011 0.13785605002 
0.327066 66.16581600616 0.13687742904 
0.327572 66.20653263118 0.13889296317 
0.328079 66.05858300867 0.14151853578 
0.328585 66.25088331235 0.13502059001 
0.329092 66.33811982222 0.13546748346 
0.329598 66.09482863371 0.14288021824 
0.330105 66.13665892983 0.14104548529 
0.330611 66.00182036168 0.13934582162 
0.331118 65.90165374612 0.14044275347 
0.331624 66.04093762704 0.13706529913 
0.332131 65.92120997284 0.13928566618 
0.332637 65.88013621371 0.14038960027 
0.333144 66.01497790402 0.13890571607 
0.333650 65.76827130086 0.13783304373 
0.334157 65.93775665019 0.13795363888 
0.334663 65.52627138451 0.13897643478 
0.335170 65.90632987496 0.13793874937 
0.335676 65.77244344634 0.14078117365 
0.336183 65.77594433882 0.13708555105 
0.336689 65.44481099422 0.13825800665 
0.337196 65.49955612860 0.13946431841 
0.337702 65.66977424260 0.13979027038 
0.338209 65.56236153460 0.14129592106 
0.338715 65.58526861832 0.13698885971 
0.339222 65.68208660791 0.13910086478 
0.339728 65.52815093133 0.14060715996 
0.340235 65.24680114483 0.21918630072 
0.340741 65.48200565165 0.13948177102 
0.341248 65.22931574198 0.13935680290 
0.341754 65.39787549109 0.13966288470 
0.342261 65.30553064722 0.14053413962 
0.342767 65.18914573437 0.13528443462 
0.343274 65.37896102381 0.13998234296 
0.343780 64.87783018188 0.13939013987 
0.344287 65.07735781342 0.13761306917 
0.344793 64.94911961039 0.13910802187 
0.345300 65.21741948723 0.14007135443 
0.345806 64.93369114116 0.14101819848 
0.346313 65.06783027831 0.14408592415 
0.346819 64.60151740391 0.14153306379 
0.347325 64.99044897370 0.14217590307 
0.347832 65.02610254292 0.14303996659 
0.348338 65.07975528410 0.14694243122 
0.348845 64.80855682098 0.14418056446 
0.349351 64.88725264671 0.14657156242 
0.349858 64.62408932828 0.14962541375 
0.350364 64.91737460544 0.14539706080 
0.350871 64.68822717140 0.15069851514 
0.351377 64.33668390762 0.14719127771 
0.351884 64.71648609019 0.14886488761 
0.352390 64.63417421287 0.14707566635 
0.352897 64.60295483153 0.14723446351 
0.353403 64.49100039668 0.14815481668 
0.353910 64.35441961994 0.14681485954 
0.354416 64.25795453110 0.14866452395 
0.354923 64.09163928809 0.14799034792 
0.355429 64.08704768393 0.15476233969 
0.355935 64.12354128091 0.14864874431 
0.356442 63.67108512623 0.15091781880 
0.356948 64.10393119683 0.14989221835 
0.357455 63.77324031011 0.15378403460 
0.357961 63.86098385942 0.15432220303 
0.358468 63.98042758467 0.15521140856 
0.358974 63.97776708839 0.22449273872 
0.359481 63.98816672694 0.20309555214 
0.359987 64.01172945891 0.20023865156 
0.360494 63.99639253215 0.19066654118 
0.361000 64.05558757330 0.18551264738 
0.361506 63.95428931196 0.18486346244 
0.362013 63.89041850569 0.18452740982 
0.362519 63.72728596429 0.18197782207 
0.363026 63.74477066174 0.18595501016 
0.363532 63.94686964021 0.18659374268 
0.364039 63.89726723323 0.18238245621 
0.364545 63.54923567024 0.18282388928 
0.365052 63.96257200137 0.18186261444 
0.365558 63.82487660690 0.18283342907 
0.366064 63.61196766860 0.18198866914 
0.366571 63.49380294271 0.18489743237 
0.367077 63.63270180621 0.18610556689 
0.367584 63.71798995454 0.18980032432 
0.368090 63.63927689473 0.18578998809 
0.368597 63.71030551353 0.18513897193 
0.369103 63.34516403921 0.18595610102 
0.369610 63.50161596799 0.18598999089 
0.370116 63.86396877957 0.18961560348 
0.370622 63.96049375229 0.19078022353 
0.371129 64.03939961366 0.19365008039 
0.371635 63.67869481879 0.19408229428 
0.372142 63.47456741323 0.19326382700 
0.372648 63.43583633018 0.19288279380 
0.373155 63.54626600525 0.19550376046 
0.373661 63.73814749932 0.19765823906 
0.374167 63.63568523179 0.19824587851 
0.374674 63.46390787332 0.20168508210 
0.375180 63.55847545196 0.19749984147 
0.375687 63.60140864075 0.19412271330 
0.376193 63.53201963897 0.20021375058 
0.376700 63.31963506887 0.19551627404 
0.377206 63.43344811442 0.19868779584 
0.377712 63.47651084004 0.20392849937 
0.378219 63.15239854761 0.20435255564 
0.378725 63.19256718848 0.20345167077 
0.379232 63.18699138617 0.20516159336 
0.379738 63.42806530985 0.20347232938 
0.380245 63.16671484360 0.21089464903 
0.380751 63.21297391309 0.20536806376 
0.381257 63.24383822257 0.21169800337 
0.381764 63.32763051765 0.20676233299 
0.382270 63.16723120924 0.20428793386 
0.382777 63.12777818286 0.20671504534 
0.383283 62.62386734672 0.20353940672 
0.383789 63.07040493140 0.21414127795 
0.384296 63.24283929909 0.21514647784 
0.384802 63.09559475474 0.21531279775 
0.385309 62.76760220154 0.20512990724 
0.385815 63.29332235427 0.21142670147 
0.386321 62.93186199700 0.21488661538 
0.386828 63.30864922089 0.21434752749 
0.387334 63.24443514247 0.21138780222 
0.387841 62.95955520568 0.21575262564 
0.388347 62.87115654379 0.21357547609 
0.388853 62.75065034901 0.21603720606 
0.389360 62.96898655110 0.21950585747 
0.389866 62.89731400332 0.21501139127 
0.390373 62.81082183435 0.21547960074 
0.390879 62.94482952203 0.21271583147 
0.391385 62.61663955565 0.21971280113 
0.391892 62.54838135640 0.22473365651 
0.392398 62.71791413921 0.21569615446 
0.392905 62.86005648218 0.21561030843 
0.393411 63.00724310250 0.22620588760 
0.393917 62.52737072311 0.22471086326 
0.394424 62.60675912033 0.22678337679 
0.394930 62.44667774641 0.21608707645 
0.395437 62.84478781808 0.21998100614 
0.395943 62.72868815891 0.22309705324 
0.396449 62.60394212109 0.26065804281 
0.396956 63.03546736429 0.22644720645 
0.397462 62.47510565776 0.23513579354 
0.397969 62.45935809217 0.23770192542 
0.398475 62.61429545951 0.22896261451 
0.398981 62.83173653855 0.23933973293 
0.399488 62.36576347578 0.22794650891 
0.399994 62.47631987005 0.23105161436 
0.400500 62.23818298835 0.23773526590 
0.401007 62.47740324512 0.23886496016 
0.401513 62.56672639527 0.24647256827 
0.402020 62.56661579986 0.23567473704 
0.402526 62.37023377717 0.25145625901 
0.403032 62.25135740637 0.24688211302 
0.403539 62.23155346989 0.24856789959 
0.404045 62.21332197707 0.24832707174 
0.404551 62.18404109141 0.26981050079 
0.405058 62.27412993704 0.27145574733 
0.405564 61.92608344039 0.25494584844 
0.406071 62.25766689756 0.25413827911 
0.406577 62.15825292789 0.25444913472 
0.407083 62.38795293178 0.26238299844 
0.407590 62.18271009797 0.26165738303 
0.408096 62.46498010283 0.27126839592 
0.408602 62.17355284526 0.27105463703 
0.409109 61.92077973959 0.25730713288 
0.409615 62.32175953517 0.27041447007 
0.410121 62.00316732135 0.26106601940 
0.410628 62.35303821129 0.27059291750 
0.411134 62.19239976069 0.26482476877 
0.411641 62.11466705930 0.27068530029 
0.412147 62.21121372327 0.26448256056 
0.412653 61.76147061315 0.26212162455 
0.413160 62.27377483482 0.26717355503 
0.413666 61.83689595216 0.26830321320 
0.414172 62.00135979165 0.27473481316 
0.414679 61.74521652787 0.26908632179 
0.415185 62.15021768875 0.28566283856 
0.415691 61.85745031199 0.26538857622 
0.416198 61.90922366854 0.27463537383 
0.416704 61.90163955627 0.27668623856 
0.417210 61.99108047252 0.28098017521 
0.417717 61.54894803694 0.28067336116 
0.418223 61.54039953821 0.28168363571 
0.418729 61.86506809180 0.28462069033 
0.419236 61.97152605050 0.27757428478 
0.419742 61.97071253727 0.26767444245 
0.420248 62.02644351146 0.27908098458 
0.420755 61.66993364688 0.28928020821 
0.421261 61.58188529718 0.26913315179 
0.421767 62.07325566451 0.28059718313 
0.422274 61.89139819658 0.27536984980 
0.422780 62.04916619883 0.27004588572 
0.423286 61.70377267543 0.28228800285 
0.423793 61.54093985305 0.28045321600 
0.424299 61.57253394448 0.28183720664 
0.424805 61.66974077617 0.29645819972 
0.425312 61.66185245885 0.29003933962 
0.425818 61.91077606552 0.29067927164 
0.426324 61.92813187792 0.29701606059 
0.426831 61.43619568526 0.28882256700 
0.427337 61.52408351541 0.29681944452 
0.427843 61.61783234544 0.28981100105 
0.428350 61.39586632098 0.30858739720 
0.428856 61.63893823723 0.30528861636 
0.429362 61.53473671668 0.30812982426 
0.429869 61.27606482420 0.30871226917 
0.430375 62.32880544732 0.31178563547 
0.430881 61.55187084645 0.31914196732 
0.431388 61.60434261672 0.32123025892 
0.431894 62.01863204181 0.32382411532 
0.432400 61.91496116089 0.31944177801 
0.432907 61.32949069926 0.32080564939 
0.433413 61.60104330384 0.34015650955 
0.433919 61.67176940618 0.32413558078 
0.434425 61.27385428191 0.33403049970 
0.434932 61.37818261788 0.33601190837 
0.435438 61.33462146240 0.35642789681 
0.435944 61.35238717626 0.34797315877 
0.436451 61.56610787973 0.34620005124 
0.436957 61.19259338337 0.35734456346 
0.437463 61.16512151385 0.34325284907 
0.437970 60.95181918617 0.34493214943 
0.438476 61.21033126132 0.36132440829 
0.438982 61.43259433482 0.36849566403 
0.439489 61.13130518806 0.37820356398 
0.439995 61.85458273394 0.36358531578 
0.440501 61.63166779012 0.37972239594 
0.441007 61.26317963453 0.37575105614 
0.441514 61.43468176234 0.37888720353 
0.442020 61.09770165683 0.39826682688 
0.442526 61.49718257797 0.39103516721 
0.443033 61.13341722504 0.38847680926 
0.443539 61.05532642126 0.40783620134 
0.444045 61.21700330806 0.42309857226 
0.444551 60.50195695349 0.39196072406 
0.445058 61.16426126544 0.42440478138 
0.445564 60.76680989753 0.44540197725 
0.446070 61.47452024914 0.42776436219 
0.446577 61.14316840914 0.45304177556 
0.447083 60.25023841363 0.46476094368 
0.447589 61.13325165021 0.45895664904 
0.448095 61.04118696481 0.46143772401 
0.448602 60.35203010374 0.46882491936 
0.449108 60.71404518093 0.48055980832 
0.449614 60.42199943396 0.47257398549 
0.450121 60.24146727678 0.47553094515 
0.450627 60.42309922917 0.52551463509 
0.451133 60.39285635359 0.51039046267 
0.451639 59.94071105587 0.49750579419 
0.452146 60.38333437016 0.52343429013 
0.452652 60.47524873387 0.52896595232 
0.453158 60.55716903681 0.54638268758 
0.453664 59.86565207793 0.58657608817 
0.454171 60.96082336519 0.58482704383 
0.454677 60.60485077445 0.60285696340 
0.455183 60.71667256041 0.60106706510 
0.455689 59.77471297320 0.60829963452 
0.456196 60.32917596592 0.66411470060 
0.456702 59.38316005920 0.64892959413 
0.457208 60.16680834401 0.69566282098 
0.457714 59.01950878101 0.72350546364 
0.458221 59.94080089317 0.72442330315 
0.458727 59.92300680328 0.78062795008 
0.459233 59.30982981368 0.85929747651 
0.459740 60.92201051911 0.85827216908 
0.460246 60.37768442745 0.91091050307 
0.460752 60.37873604360 0.97345080557 
0.461258 60.27693590872 1.01455861928 
0.461765 60.16884603286 1.08304299941 
0.462271 60.96760797492 1.05289228029 
0.462777 60.97137468308 1.20786058138 
0.463283 60.94441275679 1.21205754674 
0.463789 60.56306245064 1.35185060323 
0.464296 59.54654432073 1.37021670293 
0.464802 59.33057687148 1.33674552763 
0.465308 60.55961586677 1.53687851925 
0.465814 60.62659907411 1.69954441295 
0.466321 59.08605496385 1.73291395678 
0.466827 59.18969886771 1.82398250410 
0.467333 59.83281604339 1.94037447569 
0.467839 58.70683985055 2.00626659629 
0.468346 59.43071915773 2.30497036342 
0.468852 58.88401520874 2.50338526181 
0.469358 58.64686930151 2.80403985686 
0.469864 59.63040231671 2.86323320250 
0.470371 57.58806413057 3.74661222122 
0.470877 59.95819703476 4.69089412100 
0.471383 55.07509692486 5.27556296785 
0.471889 56.19253223295 7.18879084898 
0.472395 60.90749766451 6.61631339589 
0.472902 54.14792765318 13.07037900097 
