0.010896 1371.67126613851 14.11481122357 
0.011402 1231.40621355489 11.44480435503 
0.011909 1105.83956947149 11.72168839806 
0.012416 989.56502226651 9.65958920851 
0.012923 910.27287653488 8.07765116013 
0.013430 837.75047743055 11.62275916290 
0.013936 800.59660683404 9.64216136452 
0.014443 741.83746563446 7.55858648048 
0.014950 691.54250624083 7.22590192074 
0.015457 634.34814706250 5.64330214277 
0.015963 588.07024512648 5.25502762259 
0.016470 551.75062982824 4.54937319644 
0.016977 514.40384301037 3.96484290466 
0.017484 480.52543599444 3.34891363206 
0.017990 455.22573590815 3.17880418560 
0.018497 428.82544885315 2.86294582958 
0.019004 407.01160185154 2.48488706807 
0.019511 385.69802939580 2.36947528516 
0.020018 368.47524219097 2.10332896206 
0.020524 349.13903784421 2.07948377520 
0.021031 330.69963215426 1.84811601126 
0.021538 320.14096585070 1.73611234380 
0.022045 304.18181185978 1.62453071369 
0.022551 294.69440264298 1.54203396382 
0.023058 283.10925878751 1.49811034621 
0.023565 270.25950755863 1.61269399295 
0.024072 263.65868935491 1.60033307307 
0.024579 253.64225882020 1.72677714290 
0.025085 246.93064741472 2.13887584663 
0.025592 241.08476915112 2.19161463194 
0.026099 232.48452639563 2.18834446855 
0.026606 223.65135307081 1.73946040356 
0.027112 220.29369091654 1.73862306777 
0.027619 213.87267880360 1.54063456501 
0.028126 208.09305026158 1.48676568776 
0.028633 202.96841192683 1.40663147688 
0.029139 200.31392995411 1.19928698897 
0.029646 193.76957172507 1.14524972520 
0.030153 190.35180586777 1.15973569828 
0.030660 187.15939084040 1.08461143064 
0.031167 184.16339446473 0.90174822659 
0.031673 179.95800201947 0.88987162423 
0.032180 178.22266220751 0.93590423892 
0.032687 173.52446898234 0.89600092816 
0.033194 170.91837798498 0.81715656402 
0.033700 168.22281892378 0.77894777796 
0.034207 167.50435225230 0.76119603411 
0.034714 162.12326815285 0.71970186057 
0.035221 160.49790693532 0.71010268115 
0.035727 159.17144569491 0.63739830689 
0.036234 156.68631254201 0.66576836487 
0.036741 154.57605506966 0.67047799395 
0.037248 153.64408917397 0.66456489953 
0.037755 151.08248808414 0.62831624225 
0.038261 149.25618014314 0.59209049120 
0.038768 147.24270032738 0.60330163076 
0.039275 146.60272591641 0.57474756152 
0.039782 145.31756023721 0.58326456745 
0.040288 142.51367497691 0.56029772055 
0.040795 141.23122022029 0.57896093383 
0.041302 140.50329670080 0.57173282123 
0.041809 139.46551284604 0.57783681180 
0.042315 138.02545712837 0.54935096871 
0.042822 137.02365651100 0.53599128619 
0.043329 135.25259890378 0.53014314034 
0.043836 134.87328568353 0.50372280984 
0.044343 133.29639956016 0.53765742129 
0.044849 131.93691100720 0.51948238796 
0.045356 131.05183978743 0.50955898679 
0.045863 129.66056156201 0.48939313850 
0.046370 129.90053023345 0.50070024373 
0.046876 128.84399210346 0.52517140321 
0.047383 127.62674923817 0.49461070083 
0.047890 126.66093749615 0.47775898016 
0.048397 126.05208448799 0.50702400071 
0.048903 125.19726557653 0.49390497263 
0.049410 124.71348243984 0.46256305242 
0.049917 122.98715264661 0.47254671536 
0.050424 122.15154010527 0.47442039748 
0.050931 121.76745977934 0.45780061588 
0.051437 121.59748995661 0.45076005264 
0.051944 120.81440758164 0.45392035914 
0.052451 120.05525187301 0.45350925120 
0.052958 118.99109073828 0.44351058706 
0.053464 118.29553163761 0.44000781702 
0.053971 117.42532880183 0.42754049802 
0.054478 116.38714149530 0.45019449927 
0.054985 116.14582324760 0.44592918617 
0.055491 116.45201423825 0.43065298651 
0.055998 115.52323791289 0.41474698477 
0.056505 113.73966811841 0.42769779738 
0.057012 113.71040596157 0.43278675019 
0.057519 112.74155956715 0.44369631475 
0.058025 112.75194583021 0.40787448180 
0.058532 112.29207711042 0.43314676265 
0.059039 111.50161692465 0.42239874846 
0.059546 111.27766647784 0.41192706578 
0.060052 110.80064574476 0.40118920192 
0.060559 110.48552906062 0.40460872455 
0.061066 109.22251779688 0.41159576979 
0.061573 109.37638863809 0.39350743028 
0.062079 108.71090286273 0.40589614988 
0.062586 107.64028565716 0.40522845408 
0.063093 107.76419975465 0.38980864867 
0.063600 106.76306714947 0.40214508157 
0.064106 106.92037663525 0.39568795499 
0.064613 106.25399125904 0.39235587954 
0.065120 106.34505297931 0.38327047874 
0.065627 105.65108288520 0.38715942832 
0.066134 105.41070864491 0.38317369921 
0.066640 104.55979245022 0.37713180354 
0.067147 104.00975815789 0.36624834543 
0.067654 104.28903546436 0.37445766906 
0.068161 103.74723231018 0.36975675751 
0.068667 104.11593453587 0.39007226285 
0.069174 103.10551636716 0.36484636248 
0.069681 103.09054997939 0.35770747618 
0.070188 102.27166740332 0.35671890147 
0.070694 101.89821308072 0.36128255046 
0.071201 101.43052662316 0.35064495150 
0.071708 101.73914695183 0.35515493302 
0.072215 100.86154638970 0.35445740516 
0.072721 100.62439886592 0.36991248508 
0.073228 100.87365829089 0.34470278900 
0.073735 100.55410883133 0.35121714327 
0.074242 99.80302812619 0.34177819729 
0.074748 99.81918866496 0.34520274937 
0.075255 99.66993179886 0.33773422615 
0.075762 99.37136862455 0.33728607170 
0.076269 98.81416785843 0.33799350100 
0.076776 98.64843283381 0.32327654381 
0.077282 98.54909204290 0.33132467984 
0.077789 97.85643786577 0.32493490066 
0.078296 98.17782975355 0.32789917411 
0.078803 97.06007657399 0.32316850702 
0.079309 97.54912577737 0.33130783167 
0.079816 97.93650114038 0.32749814231 
0.080323 97.13417329137 0.32822732520 
0.080830 97.48936491438 0.31928364038 
0.081336 97.06851831545 0.33894056759 
0.081843 96.62932428463 0.32873914395 
0.082350 96.55412663727 0.33909403359 
0.082857 96.73413062295 0.35033983392 
0.083363 96.46546253362 0.33624066310 
0.083870 96.48184244119 0.33537079669 
0.084377 95.84284059892 0.33968280124 
0.084884 95.88767452776 0.33463811365 
0.085390 95.93783998379 0.33887093709 
0.085897 96.18575546376 0.32830260942 
0.086404 95.56594372487 0.32175109039 
0.086911 95.12306310462 0.32313140462 
0.087417 95.18022809804 0.32768322907 
0.087924 94.25083317471 0.33554889655 
0.088431 94.39787954510 0.33806442443 
0.088938 94.74056283247 0.33229361947 
0.089444 94.84606321438 0.32639157602 
0.089951 94.08172380419 0.32779989121 
0.090458 94.66215306672 0.33507272810 
0.090965 94.18642795423 0.32841062354 
0.091471 93.62331267640 0.32788399801 
0.091978 93.82689412969 0.32857263013 
0.092485 92.82490476530 0.34988550722 
0.092992 93.44894868198 0.35260706562 
0.093498 93.01575318028 0.34264118266 
0.094005 92.66596641074 0.33085554062 
0.094512 92.38964537070 0.32923489382 
0.095019 93.33275446477 0.32902746270 
0.095525 92.62886445730 0.33173956521 
0.096032 92.28286086208 0.33019378627 
0.096539 92.34698855705 0.32373007547 
0.097046 92.10409222516 0.32971542552 
0.097552 92.16136481110 0.34180277375 
0.098059 92.57472909780 0.32707065033 
0.098566 91.58905149937 0.32510087072 
0.099073 91.69589674188 0.32651630532 
0.099579 91.70484461914 0.32536788779 
0.100086 91.17578799567 0.32196383092 
0.100593 91.12298942050 0.32847571336 
0.101100 91.30181880391 0.32218583289 
0.101606 90.58349902302 0.31048612651 
0.102113 90.17411854421 0.30439551115 
0.102620 89.37518088832 0.30907167770 
0.103127 89.43870371550 0.28954979814 
0.103633 89.05589820117 0.30658099682 
0.104140 89.05182329097 0.30380711152 
0.104647 88.19932768710 0.29983155001 
0.105154 88.73741986137 0.29950693435 
0.105660 88.82195318358 0.30335368065 
0.106167 88.05161230593 0.30155166505 
0.106674 87.75437053296 0.31335635639 
0.107181 88.31384557808 0.29899832885 
0.107687 88.20995961901 0.29869767816 
0.108194 88.09809349808 0.28972112193 
0.108701 88.15431420820 0.29002400557 
0.109208 87.85127315074 0.28362603897 
0.109714 87.94006300399 0.29179384870 
0.110221 88.00777719664 0.28594521528 
0.110728 86.71478146722 0.28559828810 
0.111235 88.11199440467 0.28288737936 
0.111741 87.55631836637 0.29043700376 
0.112248 87.27808974845 0.28390926855 
0.112755 87.09111483577 0.28627158447 
0.113262 86.77719256948 0.28073775769 
0.113768 87.46413140963 0.28315165093 
0.114275 87.11940707363 0.28600002553 
0.114782 86.82206230348 0.28101327596 
0.115289 86.63093087579 0.26855220066 
0.115795 86.52343643673 0.28397318433 
0.116302 86.81895028902 0.27498865050 
0.116809 86.64474040955 0.27335156671 
0.117316 86.37456818367 0.28151100747 
0.117822 86.43159421076 0.27255079121 
0.118329 85.98716153263 0.27626083446 
0.118836 85.91791729503 0.26595184429 
0.119342 86.14769576863 0.26915787730 
0.119849 86.21423932546 0.27121040674 
0.120356 85.95924981036 0.26527298978 
0.120863 86.07563246932 0.26603800238 
0.121369 85.89208551679 0.27328887950 
0.121876 85.66349417114 0.26093351685 
0.122383 85.76719656709 0.26798402236 
0.122890 85.18476206452 0.26695133585 
0.123396 85.63148441714 0.26684249234 
0.123903 85.47611234921 0.26152937666 
0.124410 85.13036990317 0.26061779293 
0.124917 84.68855729139 0.25628591190 
0.125423 84.98992394698 0.26101608057 
0.125930 85.37699611179 0.26010100186 
0.126437 85.02641720254 0.26126413983 
0.126944 85.06433329847 0.25539726641 
0.127450 84.94623482708 0.25443961596 
0.127957 84.82836890368 0.25738013696 
0.128464 84.69828029974 0.25150678929 
0.128970 84.61447498404 0.25279973673 
0.129477 84.72247033790 0.25519586379 
0.129984 84.58514400091 0.25276057768 
0.130491 84.67806129311 0.25005393530 
0.130997 84.32836994173 0.25597291182 
0.131504 84.61702663600 0.24636604594 
0.132011 84.53776654625 0.25281135513 
0.132518 83.81739222831 0.24900222860 
0.133024 83.95922130344 0.24516799095 
0.133531 84.15300678122 0.24772409064 
0.134038 84.12699606175 0.24845781646 
0.134545 84.23574511273 0.24658580352 
0.135051 84.05343933019 0.24413536491 
0.135558 83.79653290910 0.24764349075 
0.136065 83.82749851218 0.25309786464 
0.136571 83.63919591037 0.24444919494 
0.137078 83.70245685745 0.23996190237 
0.137585 83.58349969700 0.24225046981 
0.138092 83.52964069033 0.24919539245 
0.138598 83.67259561633 0.24630335972 
0.139105 82.95003618078 0.24265366469 
0.139612 83.53727078943 0.24486353638 
0.140119 83.37795799704 0.24323450219 
0.140625 83.15848664313 0.23672704311 
0.141132 83.23044570814 0.25003995218 
0.141639 83.31070968772 0.23598850343 
0.142145 82.89976098327 0.24327604408 
0.142652 82.78132819639 0.23996932762 
0.143159 82.62665546574 0.24003082294 
0.143666 82.57236146515 0.24558962370 
0.144172 82.32914192878 0.24424628803 
0.144679 82.63969951867 0.23934438294 
0.145186 82.18704935259 0.23975839468 
0.145692 82.27086605309 0.23923154612 
0.146199 82.02552542354 0.23912026098 
0.146706 81.88038698753 0.23937723014 
0.147213 82.07215190084 0.24420463867 
0.147719 81.71124633299 0.24284166999 
0.148226 81.68757642481 0.23347625624 
0.148733 82.11676000569 0.24589261530 
0.149240 81.57694196350 0.24379598034 
0.149746 81.81412092454 0.23982885657 
0.150253 81.38713053596 0.23768327208 
0.150760 81.63982474308 0.24088042550 
0.151266 81.45442545926 0.24352638957 
0.151773 81.58718570647 0.24422121470 
0.152280 81.47695404856 0.24425558201 
0.152787 81.11742789010 0.24269286434 
0.153293 81.32125653228 0.24383276143 
0.153800 81.14629769136 0.24094130874 
0.154307 81.02944956353 0.24468741197 
0.154813 80.92824868688 0.23759102166 
0.155320 80.41062837140 0.23518969973 
0.155827 80.83809208740 0.23352992315 
0.156334 80.57776371887 0.23587110737 
0.156840 80.43187386667 0.23767954132 
0.157347 80.37593382373 0.23552474261 
0.157854 80.56414946806 0.24232557590 
0.158360 80.38532904184 0.23390355471 
0.158867 80.41528260876 0.24358449368 
0.159374 80.38492124250 0.23388159517 
0.159881 80.40442277146 0.23686228689 
0.160387 79.99315571592 0.23638802979 
0.160894 80.25355288857 0.22997253040 
0.161401 80.13253422443 0.23711440942 
0.161907 79.74348805774 0.23428128286 
0.162414 79.76035220505 0.23350609905 
0.162921 79.54326019704 0.23319722340 
0.163427 79.33626195620 0.23598894717 
0.163934 79.34627079445 0.23078495629 
0.164441 79.69352487527 0.23740075797 
0.164948 79.47330680544 0.22937351333 
0.165454 79.19379244938 0.23132855509 
0.165961 79.39824464837 0.23309378239 
0.166468 79.45365430251 0.22933396888 
0.166974 79.23277486760 0.22601695036 
0.167481 79.18099256533 0.22909824679 
0.167988 79.19046929712 0.22491636406 
0.168495 79.33445984667 0.23213522294 
0.169001 79.20019068907 0.23577139178 
0.169508 79.44512841592 0.23757439906 
0.170015 79.57836102778 0.23699161583 
0.170521 79.31621286016 0.23194972853 
0.171028 79.52583459666 0.23692801167 
0.171535 79.33305795607 0.23106368365 
0.172041 79.25321410616 0.23614260902 
0.172548 79.03338888259 0.22915792833 
0.173055 79.03715746326 0.23475294869 
0.173562 78.81415426059 0.23356895706 
0.174068 78.88273135487 0.23791203767 
0.174575 78.68960373226 0.24279018640 
0.175082 78.68372845666 0.23260892639 
0.175588 79.00844543866 0.23861869019 
0.176095 78.95887659450 0.23565508826 
0.176602 78.55680658317 0.23143239102 
0.177108 79.18423320294 0.23748463886 
0.177615 78.66814940441 0.23130465014 
0.178122 78.81124133020 0.23518571687 
0.178629 78.87707687601 0.23784479767 
0.179135 78.95811143112 0.23489367839 
0.179642 78.87069691506 0.23268376825 
0.180149 79.17348800936 0.23398584690 
0.180655 78.57578527432 0.23972662044 
0.181162 78.72684539452 0.23923643021 
0.181669 78.92049044186 0.24108882813 
0.182175 78.68123444835 0.23397150036 
0.182682 79.11472177718 0.23775270776 
0.183189 79.06111329967 0.24180045717 
0.183695 78.76238736912 0.24053260169 
0.184202 78.27117532748 0.24393270681 
0.184709 78.54564318553 0.24331587577 
0.185216 78.23529187061 0.24250183045 
0.185722 78.41923056653 0.24378590264 
0.186229 78.42719714368 0.24625699524 
0.186736 78.22497253575 0.24717938474 
0.187242 77.96728858884 0.24438719371 
0.187749 78.44405399138 0.25108662555 
0.188256 78.19461310642 0.24542351284 
0.188762 78.09329034647 0.24567312062 
0.189269 77.90258751304 0.24175054858 
0.189776 77.78808472464 0.25126631772 
0.190282 77.75450887150 0.24787468524 
0.190789 77.96104184883 0.24907720637 
0.191296 77.73737307107 0.25165210215 
0.191802 77.79067648544 0.24536750040 
0.192309 77.37103534108 0.24204674646 
0.192816 77.21178592022 0.23599821389 
0.193323 76.86853753911 0.23333787263 
0.193829 76.83736667100 0.23333476367 
0.194336 76.92778159342 0.23944945050 
0.194843 76.90522262079 0.23471776973 
0.195349 76.86920015066 0.23600097104 
0.195856 76.69344936569 0.24167341088 
0.196363 76.62653921134 0.23174813857 
0.196869 76.07356118485 0.22886119576 
0.197376 76.21434503775 0.23391610659 
0.197883 76.20944173533 0.22733891287 
0.198389 76.02565295459 0.22832540757 
0.198896 76.13231247303 0.22244045982 
0.199403 75.93275965530 0.22602107882 
0.199909 76.09620525340 0.22966669004 
0.200416 76.14810314205 0.22404763441 
0.200923 75.87025002928 0.22092972515 
0.201429 75.93821800318 0.22385196531 
0.201936 75.84578225973 0.22335424772 
0.202443 75.43899982860 0.22278299335 
0.202949 75.65535178129 0.21766755261 
0.203456 75.91819414256 0.22349308980 
0.203963 75.48023719683 0.21714571916 
0.204469 75.89982462976 0.21940192526 
0.204976 75.96372613444 0.21510527069 
0.205483 75.48010175055 0.21951973619 
0.205989 75.42343212373 0.22015801194 
0.206496 75.54419651815 0.21598981972 
0.207003 75.27183592093 0.21243570068 
0.207509 75.54975071221 0.21295173544 
0.208016 75.37023551663 0.21849939796 
0.208523 75.65146938328 0.21225073687 
0.209029 75.14429388809 0.21214663481 
0.209536 75.14527648892 0.21315341072 
0.210043 75.57105794044 0.21509804895 
0.210549 75.15226682003 0.20926712544 
0.211056 75.06281687344 0.21109470466 
0.211563 75.42907549318 0.20989587522 
0.212069 75.12407862020 0.20922190284 
0.212576 74.89140125417 0.20854641291 
0.213083 74.86691759750 0.20963063221 
0.213589 75.06130027006 0.21102328059 
0.214096 74.90214002412 0.20943074687 
0.214603 74.48687895437 0.20125196643 
0.215109 74.78393762030 0.20681279011 
0.215616 74.73893253973 0.20815054960 
0.216123 74.93111516578 0.20313446504 
0.216629 74.37708474994 0.20656400665 
0.217136 74.29571464891 0.21104139381 
0.217643 74.09071816318 0.20876069417 
0.218149 74.30252851948 0.20622526579 
0.218656 74.42126401484 0.20668731708 
0.219163 74.37185525313 0.20671771844 
0.219669 74.34839223815 0.20270308205 
0.220176 74.03258991624 0.20385995474 
0.220683 74.08759610050 0.20310462468 
0.221189 74.10863428500 0.20408541121 
0.221696 74.20356803342 0.20737821997 
0.222203 74.38545368210 0.20445024891 
0.222709 73.87058509348 0.20520136246 
0.223216 73.38702420154 0.20575094723 
0.223722 73.94398173661 0.20571028197 
0.224229 73.86015727112 0.20306022434 
0.224736 73.85529747279 0.20469632208 
0.225242 73.81562145614 0.20144095790 
0.225749 73.64191649713 0.20350652113 
0.226256 73.58290766382 0.20365675984 
0.226762 73.83572334671 0.20673536677 
0.227269 73.34759362100 0.20548679193 
0.227776 73.69459903499 0.20547173810 
0.228282 73.51786702381 0.19836681523 
0.228789 73.32323255635 0.20167044557 
0.229296 73.47877512499 0.20191537937 
0.229802 73.41253101862 0.20193113779 
0.230309 73.30447281811 0.20368027327 
0.230816 73.35057374812 0.20104209032 
0.231322 73.12772531927 0.20456507645 
0.231829 73.25873258243 0.19975025474 
0.232335 73.00094233313 0.19882922101 
0.232842 73.16576146112 0.20190516634 
0.233349 72.96774836922 0.19961774200 
0.233855 72.93218151206 0.19940795040 
0.234362 73.00389810882 0.19782248510 
0.234869 72.66654358850 0.19668907129 
0.235375 72.53048222003 0.19924627897 
0.235882 72.76533274566 0.19611445881 
0.236389 72.58467413476 0.19623864549 
0.236895 72.75590996057 0.19850459324 
0.237402 72.50189858602 0.19965076660 
0.237908 72.30694988851 0.19515841850 
0.238415 72.44533742900 0.19841229309 
0.238922 72.46586047701 0.19981554634 
0.239428 72.25700465706 0.19968122394 
0.239935 72.41370710096 0.19588124356 
0.240442 72.18865241343 0.20035747356 
0.240948 72.20416846798 0.19946300647 
0.241455 72.29965330150 0.19669175856 
0.241962 72.34309476934 0.20385889438 
0.242468 71.86725102003 0.19637044223 
0.242975 72.31819107307 0.20049570299 
0.243481 71.94194575895 0.20027003025 
0.243988 71.79410864567 0.19819652244 
0.244495 71.68273375244 0.19845605226 
0.245001 71.84869141563 0.19923833648 
0.245508 71.87397619147 0.19816190077 
0.246015 71.76326058464 0.19400744547 
0.246521 71.59828336575 0.19679974339 
0.247028 71.59477611625 0.19837279726 
0.247534 71.78893423853 0.19684362888 
0.248041 71.71941701341 0.19968144372 
0.248548 71.63835142757 0.20057204678 
0.249054 71.46197795473 0.19882621016 
0.249561 71.21782298650 0.19264804534 
0.250068 71.53943821263 0.19752001494 
0.250574 71.27052255567 0.19931111849 
0.251081 71.40412182055 0.19688888044 
0.251587 71.22378248057 0.19919724965 
0.252094 71.07344519881 0.19774569414 
0.252601 71.21044413145 0.19592761913 
0.253107 71.02573963068 0.19654423907 
0.253614 70.93538476839 0.20086164094 
0.254120 70.83285300062 0.19592470938 
0.254627 70.91163498984 0.19692044485 
0.255134 71.05645687669 0.19459748440 
0.255640 71.15801303298 0.19515285084 
0.256147 71.18190817005 0.19410400054 
0.256654 70.72350534738 0.19597398660 
0.257160 71.23628180301 0.19610419378 
0.257667 71.38692088399 0.19617702841 
0.258173 71.30049388315 0.19716685636 
0.258680 71.50102695727 0.19381901314 
0.259187 71.43122319673 0.19448308236 
0.259693 71.68935020317 0.19539430227 
0.260200 71.58022168695 0.19487356504 
0.260706 71.33603768664 0.19258513164 
0.261213 71.61800496811 0.19462382207 
0.261720 71.53670864806 0.19478038437 
0.262226 71.53477231682 0.19242556044 
0.262733 71.70249704869 0.19154989052 
0.263239 71.63787399856 0.19189000101 
0.263746 71.66554909964 0.19553612446 
0.264253 71.41130421530 0.19193239833 
0.264759 71.66333262773 0.19205909979 
0.265266 71.76758133839 0.19298225955 
0.265772 71.65107971102 0.19027904972 
0.266279 71.92530275593 0.18886945595 
0.266786 71.80859201295 0.18941093990 
0.267292 71.85033361241 0.19256229282 
0.267799 71.71252531452 0.19156667315 
0.268305 71.90426624737 0.18808873970 
0.268812 71.71906415887 0.19275650888 
0.269319 71.78009276108 0.18950087812 
0.269825 71.85289120656 0.18882075435 
0.270332 71.88025380488 0.19344123402 
0.270838 71.85417466290 0.19380157815 
0.271345 72.02556084312 0.19311834705 
0.271852 72.05082045673 0.18924768437 
0.272358 72.45786017545 0.18919733377 
0.272865 72.03818911205 0.19176377268 
0.273371 72.33752969497 0.19511905853 
0.273878 72.29692852496 0.19355117759 
0.274385 72.22215180832 0.19153070168 
0.274891 72.36925159813 0.19019841787 
0.275398 72.13166777186 0.18189604633 
0.275904 72.37545349104 0.18482698943 
0.276411 72.30296490111 0.18539775349 
0.276917 72.47438817874 0.18227214207 
0.277424 72.09576792453 0.18248630709 
0.277931 72.13182171716 0.18757972836 
0.278437 72.14804972188 0.17928655158 
0.278944 72.05748249643 0.18205157615 
0.279450 72.27952345270 0.18428624774 
0.279957 72.30078837879 0.18196865966 
0.280464 72.22570329808 0.18038334710 
0.280970 72.05991227042 0.18341363462 
0.281477 72.28454329486 0.18269926797 
0.281983 72.06490850179 0.18131001181 
0.282490 71.81217138324 0.18433578211 
0.282996 72.41411300246 0.18234958038 
0.283503 71.84264977176 0.17817031433 
0.284010 72.09158819167 0.17933255500 
0.284516 72.03800243014 0.17796591764 
0.285023 71.75856158544 0.17646560495 
0.285529 71.79452847927 0.17658513045 
0.286036 71.55483838901 0.17233769038 
0.286542 71.43008604755 0.17565137804 
0.287049 71.73253342747 0.17357212654 
0.287556 71.47421763443 0.17442916165 
0.288062 71.28681335569 0.17432374029 
0.288569 71.44431296536 0.17135466520 
0.289075 71.54065804976 0.17244362088 
0.289582 71.43378823788 0.17037960446 
0.290088 71.32346182880 0.17059707424 
0.290595 71.32807040920 0.16805674210 
0.291102 71.18682203515 0.16860880163 
0.291608 71.12711032920 0.17081764530 
0.292115 71.18304772347 0.16961509321 
0.292621 71.17849152446 0.16395061412 
0.293128 71.10705691659 0.17002130856 
0.293634 71.43374450200 0.16521318537 
0.294141 71.07211713134 0.16706701346 
0.294647 71.17152737772 0.16768750918 
0.295154 70.78803747766 0.16856098995 
0.295661 70.93951779200 0.16360727270 
0.296167 70.74132206186 0.16395242000 
0.296674 70.74966518220 0.16795229922 
0.297180 70.72067774152 0.16425299278 
0.297687 70.68313209433 0.16724453053 
0.298193 70.79932549979 0.16535422827 
0.298700 70.64951778718 0.16577536310 
0.299207 70.61493653033 0.16361722817 
0.299713 70.54804117222 0.16395919326 
0.300220 70.42545974516 0.16361255438 
0.300726 70.52641177048 0.16703946522 
0.301233 70.70373121207 0.16661963573 
0.301739 70.28361167612 0.16628446651 
0.302246 70.44732982260 0.16197624471 
0.302752 70.27847528297 0.16009274172 
0.303259 70.36612541390 0.16079465415 
0.303765 70.48079682082 0.15996027039 
0.304272 70.28475496164 0.15967904601 
0.304779 70.01662191069 0.15847438760 
0.305285 70.30950402401 0.16183299215 
0.305792 70.21633348632 0.16257549463 
0.306298 70.22491553474 0.15979599612 
0.306805 69.87849078264 0.16399848643 
0.307311 70.02258000567 0.15927505301 
0.307818 69.91279135161 0.15656628837 
0.308324 69.69215444291 0.15421981669 
0.308831 69.54098738049 0.16074120069 
0.309337 69.14111633177 0.15448506821 
0.309844 69.09481255270 0.15209776491 
0.310350 69.26190861850 0.15485630503 
0.310857 68.70788775995 0.15286920069 
0.311364 68.89276227771 0.14892347497 
0.311870 68.70413409285 0.14953452790 
0.312377 68.45255826389 0.15051378015 
0.312883 68.15543123276 0.14932082501 
0.313390 68.11766270593 0.14912610598 
0.313896 67.84808235569 0.14542614063 
0.314403 67.84201359291 0.14353517321 
0.314909 67.66572750711 0.14416940680 
0.315416 67.40216132567 0.14597544479 
0.315922 67.62513415859 0.14465903900 
0.316429 67.32743647443 0.14122179942 
0.316935 67.39199881482 0.14390088461 
0.317442 67.26375009702 0.14371890185 
0.317948 67.18890061137 0.14234179921 
0.318455 67.23329248833 0.14121519822 
0.318961 66.74386465749 0.14240319008 
0.319468 66.85055085842 0.14131754558 
0.319975 66.83231219814 0.14298576991 
0.320481 66.71935836547 0.14244462096 
0.320988 66.62739944746 0.14490930957 
0.321494 66.63816264184 0.13989801613 
0.322001 66.55327212135 0.16446018938 
0.322507 66.69819166855 0.14133333930 
0.323014 66.48493975356 0.14299714846 
0.323520 66.25672169821 0.14311254475 
0.324027 66.55433834760 0.14321273568 
0.324533 66.59139748922 0.14285658034 
0.325040 66.40198107537 0.14090827429 
0.325546 66.45290408402 0.14075041499 
0.326053 66.07693478651 0.13670755495 
0.326559 66.42952016936 0.13764340870 
0.327066 66.09431089677 0.13697665045 
0.327572 66.14219541939 0.13746117692 
0.328079 66.38151315743 0.13808350359 
0.328585 66.35035037052 0.13805581925 
0.329092 66.17612592624 0.13912400949 
0.329598 66.15535102867 0.13704418263 
0.330105 66.12943351750 0.14033792203 
0.330611 66.04489311748 0.13807052452 
0.331118 66.26231320305 0.13852873961 
0.331624 65.81790003453 0.13882259336 
0.332131 65.86108404680 0.13779226512 
0.332637 66.11767257809 0.13753799675 
0.333144 65.89877433769 0.13813176405 
0.333650 66.02760862162 0.13938240131 
0.334157 65.91234089761 0.13885134084 
0.334663 65.85526650565 0.13951802401 
0.335170 65.85938057365 0.13960536733 
0.335676 65.68213858932 0.13834023278 
0.336183 65.60307984481 0.14075538571 
0.336689 65.61124412120 0.13689460189 
0.337196 65.78364156437 0.13841466657 
0.337702 65.56153412924 0.13826098787 
0.338209 65.42958073600 0.13875144528 
0.338715 65.51475961270 0.13922195750 
0.339222 65.66495402443 0.14039844192 
0.339728 65.23681301046 0.13860626330 
0.340235 65.42954037908 0.22799687361 
0.340741 65.64336480957 0.13646493958 
0.341248 65.22303452072 0.13744214384 
0.341754 65.26227423735 0.13843783119 
0.342261 65.32773854065 0.13952026524 
0.342767 65.04188725837 0.13890202166 
0.343274 65.07966071721 0.13827345740 
0.343780 65.17367873248 0.13928900982 
0.344287 65.19892793382 0.13891642218 
0.344793 65.14561555937 0.14096562962 
0.345300 65.14293620739 0.14164353169 
0.345806 64.81003884837 0.14194184907 
0.346313 64.84676591628 0.14603978514 
0.346819 65.19199362545 0.14352914726 
0.347325 65.07292335483 0.14590915365 
0.347832 64.84035862922 0.14379729890 
0.348338 64.87737824768 0.14531413807 
0.348845 64.90036085299 0.14608737627 
0.349351 64.90112540415 0.15087517623 
0.349858 64.70911229180 0.14659119819 
0.350364 64.74313736225 0.14921904061 
0.350871 64.50377737664 0.14435613979 
0.351377 64.68367280609 0.14807404215 
0.351884 64.55785692539 0.14599943428 
0.352390 64.66401889622 0.14783244544 
0.352897 64.69936555766 0.14876272173 
0.353403 64.60045747450 0.15086410941 
0.353910 64.42047704094 0.15100034607 
0.354416 64.12876034570 0.14980149477 
0.354923 64.21280169786 0.14766235242 
0.355429 64.18534512064 0.15232386425 
0.355935 64.08759386251 0.15005729844 
0.356442 64.08252669892 0.15280644139 
0.356948 64.15526699041 0.15287827061 
0.357455 64.03138874576 0.15387403423 
0.357961 63.77939279092 0.15632650751 
0.358468 63.72718454876 0.15795599520 
0.358974 63.51471899669 0.21896350357 
0.359481 63.70784325438 0.20370760112 
0.359987 63.89152841318 0.19991543295 
0.360494 63.91002513107 0.18880861064 
0.361000 63.84706531076 0.18685368453 
0.361506 63.93600883211 0.18737634896 
0.362013 63.70731053991 0.18725805617 
0.362519 64.13606040423 0.18433587014 
0.363026 63.51606207791 0.18462581750 
0.363532 63.82175041933 0.18665768457 
0.364039 63.56080998014 0.18331344537 
0.364545 63.67500234819 0.18241218568 
0.365052 63.58404778433 0.18281988658 
0.365558 63.68683664854 0.18356873563 
0.366064 63.96218898541 0.18142655527 
0.366571 63.48670745744 0.18420399305 
0.367077 63.71921610728 0.18219209359 
0.367584 63.50651907733 0.18595908429 
0.368090 63.70739426618 0.18606900301 
0.368597 63.55721215860 0.18880579671 
0.369103 63.72433387861 0.18633564820 
0.369610 63.89610477669 0.18967651829 
0.370116 63.77264082886 0.18647087815 
0.370622 63.62020048405 0.18942794556 
0.371129 63.62938208456 0.19456645701 
0.371635 63.66155203158 0.18908295996 
0.372142 63.58275936845 0.19376579722 
0.372648 63.36200438807 0.19480493628 
0.373155 63.37733215390 0.19932491712 
0.373661 63.40976034142 0.19104130880 
0.374167 63.58055544644 0.19250491112 
0.374674 63.87067021411 0.19885148228 
0.375180 63.49125600612 0.19356967963 
0.375687 63.57981038678 0.20323168310 
0.376193 63.31287601653 0.19969935884 
0.376700 63.54277894006 0.19804542866 
0.377206 63.54902708694 0.20314531678 
0.377712 63.57447930254 0.20313446102 
0.378219 63.17492666612 0.20179444830 
0.378725 63.08172344310 0.20559480254 
0.379232 63.04529786151 0.20345732781 
0.379738 63.40885427783 0.20498212382 
0.380245 63.17196693493 0.20742528661 
0.380751 63.17737352965 0.20789847304 
0.381257 63.12814976907 0.20971350079 
0.381764 63.09643874087 0.20920495407 
0.382270 62.71170859477 0.20834590722 
0.382777 63.38915907376 0.20828184912 
0.383283 62.94827345025 0.20279709571 
0.383789 62.99564831945 0.20982979596 
0.384296 62.88273783619 0.21041220379 
0.384802 63.04310688589 0.20752919125 
0.385309 63.40448366231 0.21146008962 
0.385815 62.96882875941 0.21251570509 
0.386321 62.97177255369 0.21406180408 
0.386828 62.83828293923 0.21237785897 
0.387334 62.98091188765 0.21493827307 
0.387841 62.86199645477 0.21316071563 
0.388347 62.68669831541 0.21659246544 
0.388853 62.64415525762 0.20970144324 
0.389360 62.68523985075 0.21627696714 
0.389866 62.93241565700 0.21354733178 
0.390373 62.74708675606 0.21307166254 
0.390879 62.71442423496 0.21385908454 
0.391385 63.27371394645 0.22388729273 
0.391892 62.90204714077 0.21277455209 
0.392398 62.89863220404 0.22392250750 
0.392905 62.99242768768 0.21867998661 
0.393411 62.78072467599 0.22010105352 
0.393917 63.13912379509 0.22236885166 
0.394424 62.64935034214 0.22368221454 
0.394930 62.38718237098 0.22464368128 
0.395437 62.62092209687 0.22818090074 
0.395943 63.01888847218 0.23014701529 
0.396449 62.61452159809 0.30659651670 
0.396956 62.48135713813 0.23083115173 
0.397462 62.43898675327 0.23646438566 
0.397969 62.44226251752 0.23120842719 
0.398475 62.50044310907 0.23069998863 
0.398981 62.80907743321 0.23736381326 
0.399488 62.61369053250 0.23610162616 
0.399994 62.37688034647 0.24651032995 
0.400500 62.43840315138 0.24388934428 
0.401007 62.50005785626 0.24237238725 
0.401513 62.61471725308 0.24371846189 
0.402020 62.23999121130 0.24801729697 
0.402526 62.20789674616 0.25271838768 
0.403032 62.47075501380 0.24033555481 
0.403539 62.54524733192 0.25675481805 
0.404045 62.36436984576 0.24743986892 
0.404551 62.21346288614 0.26989944670 
0.405058 62.63002991878 0.26972260768 
0.405564 62.01403932996 0.25962985480 
0.406071 62.29855670126 0.25363287795 
0.406577 62.46911499930 0.25644896744 
0.407083 62.37587806988 0.26422233003 
0.407590 62.08668413788 0.26892389258 
0.408096 62.19765645125 0.27170152951 
0.408602 61.98438289577 0.27528579380 
0.409109 61.98970424400 0.26721267692 
0.409615 62.20407731968 0.27040426855 
0.410121 62.19063094962 0.25991363888 
0.410628 61.99145481497 0.26648963478 
0.411134 62.36487156779 0.27054377799 
0.411641 61.90556354325 0.27587758286 
0.412147 62.09319916250 0.26631862766 
0.412653 61.96241134283 0.26612734017 
0.413160 62.14781557922 0.27427582549 
0.413666 62.19452723955 0.26378289092 
0.414172 62.02026859908 0.28652326574 
0.414679 61.58320467090 0.26419166279 
0.415185 62.37812372292 0.28254321873 
0.415691 61.80531590570 0.26415234926 
0.416198 62.00367663519 0.27838022434 
0.416704 61.54991404082 0.28079878081 
0.417210 62.13504103534 0.28327577794 
0.417717 62.03912843659 0.29563660306 
0.418223 61.56586028278 0.27406492310 
0.418729 61.67388272482 0.28047187472 
0.419236 62.14138113929 0.28042858494 
0.419742 62.11119009618 0.27598969073 
0.420248 61.56245261856 0.27396087899 
0.420755 62.04533847310 0.27567334268 
0.421261 62.12202804911 0.27174286742 
0.421767 62.18808784727 0.28601588974 
0.422274 62.01219204354 0.28357116720 
0.422780 62.11857269693 0.27641816792 
0.423286 61.63967964163 0.27776908382 
0.423793 62.02059811554 0.28518166698 
0.424299 61.87795690211 0.28916445032 
0.424805 62.02055130225 0.28457843646 
0.425312 61.64784958709 0.29759960751 
0.425818 61.97703132436 0.28669180713 
0.426324 61.27917779209 0.29410808912 
0.426831 61.70808373063 0.29566233119 
0.427337 61.45922335946 0.30616127078 
0.427843 61.58944016275 0.29402183041 
0.428350 61.56320063086 0.30859811143 
0.428856 61.11962256474 0.30537560869 
0.429362 61.94817866593 0.29627588333 
0.429869 61.72111743625 0.31068415166 
0.430375 61.41162467679 0.31648862582 
0.430881 61.24428928852 0.31689679480 
0.431388 61.77082743456 0.32144023943 
0.431894 61.41152681161 0.31171046997 
0.432400 61.45243703631 0.33515487254 
0.432907 61.55874336387 0.31484522386 
0.433413 61.66220026487 0.33598898745 
0.433919 61.27846498041 0.33029748173 
0.434425 61.59320525566 0.33035380930 
0.434932 61.66550822442 0.34795614882 
0.435438 61.56419213309 0.34678408961 
0.435944 61.02970640599 0.33848170910 
0.436451 61.03535699176 0.34973145626 
0.436957 61.50616401609 0.35182077066 
0.437463 61.58937359008 0.34536410024 
0.437970 61.14492605352 0.34582217972 
0.438476 61.44825622164 0.34839534369 
0.438982 61.84742890541 0.37164967375 
0.439489 60.54177438118 0.36317905088 
0.439995 61.37221055176 0.36273990917 
0.440501 61.33391086294 0.37717698268 
0.441007 61.11833577492 0.37353565010 
0.441514 61.04836414165 0.36421490686 
0.442020 61.15556147602 0.39985254108 
0.442526 61.29729617271 0.39504971281 
0.443033 60.62990138108 0.38520933291 
0.443539 61.23389509156 0.40560904298 
0.444045 61.26604520946 0.40202229857 
0.444551 61.16009072355 0.43127712727 
0.445058 61.50942607695 0.39994029141 
0.445564 60.73717340142 0.42616901441 
0.446070 60.22811576298 0.42877484020 
0.446577 60.54986451261 0.44548095796 
0.447083 61.08918564088 0.47044339998 
0.447589 60.74516452882 0.46393344334 
0.448095 60.61558627736 0.44493569625 
0.448602 60.48897965718 0.43941877179 
0.449108 61.07242239902 0.50102733019 
0.449614 60.01898282645 0.49705092616 
0.450121 59.97421708109 0.49506554425 
0.450627 60.72802562800 0.51699275350 
0.451133 60.21080763526 0.50199982940 
0.451639 60.12584305867 0.51910894417 
0.452146 59.92547158607 0.53400802068 
0.452652 60.24349126148 0.52413015887 
0.453158 60.61704979839 0.55670668177 
0.453664 59.95676583619 0.55952448377 
0.454171 60.11045156142 0.57017294599 
0.454677 59.65220681464 0.57006161443 
0.455183 59.62036542395 0.61067585549 
0.455689 60.60568999572 0.63606101475 
0.456196 60.85074355228 0.64377634957 
0.456702 60.39281521948 0.63582705025 
0.457208 59.99103780946 0.68780029040 
0.457714 60.02775782726 0.75963763248 
0.458221 61.84636363118 0.78811548058 
0.458727 59.72830080370 0.76867694043 
0.459233 61.26560118769 0.88687504487 
0.459740 60.73284975630 0.89402442971 
0.460246 59.19601292067 0.90515249859 
0.460752 60.91075628101 0.93780165839 
0.461258 60.49150132384 1.00265325100 
0.461765 60.63636138086 1.06667810872 
0.462271 60.95956141966 1.04301073817 
0.462777 60.69412401403 1.19704444317 
0.463283 59.77945879084 1.27027091480 
0.463789 59.85542042626 1.35383453519 
0.464296 60.11828471698 1.41794252094 
0.464802 61.12488182321 1.36853960361 
0.465308 59.96788889232 1.51829646826 
0.465814 61.00261324562 1.67979919157 
0.466321 60.38236158677 1.78823751128 
0.466827 59.78714063136 1.82080341288 
0.467333 59.66056247583 1.97323507288 
0.467839 59.18806328998 1.94291888870 
0.468346 58.71540193781 2.25500436554 
0.468852 58.93873674710 2.46363765800 
0.469358 53.01947203217 2.79676602939 
0.469864 57.93297262198 2.88883056576 
0.470371 52.54324642958 3.63262054210 
0.470877 48.28957885581 4.09678756735 
0.471383 46.74254710814 4.84158678649 
0.471889 42.22005124716 6.37854637880 
0.472395 52.81452557920 5.85978885564 
0.472902 31.07891551357 9.45063216219 
