0.010896 1362.56605937325 15.37997841200 
0.011402 1200.99979138246 11.21915595783 
0.011909 1080.27493484809 11.80536954709 
0.012416 993.79842990114 9.69635014455 
0.012923 894.94474913521 7.90049019857 
0.013430 828.29304467690 10.85213343530 
0.013936 791.83004361569 9.44231398288 
0.014443 742.70899011309 7.52062346572 
0.014950 683.82538311622 6.90761924832 
0.015457 630.40465609854 5.34054906261 
0.015963 584.31031375384 5.03130510116 
0.016470 545.56162796250 4.19276941269 
0.016977 514.77653751277 3.72984775045 
0.017484 475.91464904355 3.42621782377 
0.017990 454.15448030285 2.96705976799 
0.018497 426.34720598739 2.71452788706 
0.019004 403.04174241198 2.44713222288 
0.019511 380.97411439291 2.37402761210 
0.020018 363.66906417226 2.28265513433 
0.020524 346.44589677335 2.06223806491 
0.021031 328.05623908665 1.89794835148 
0.021538 316.36371467776 1.69061084435 
0.022045 301.88068266663 1.77621456631 
0.022551 291.71205491277 1.59690747517 
0.023058 280.98212129494 1.44409619810 
0.023565 270.38493805447 1.55953189210 
0.024072 261.96571425027 1.65417994027 
0.024579 253.54236025274 1.61147074658 
0.025085 245.90593280631 2.10254429860 
0.025592 236.83035691455 2.12863628326 
0.026099 231.46752710582 2.16876660711 
0.026606 224.23468264987 1.72932832854 
0.027112 218.34242139643 1.70306558347 
0.027619 212.80422439531 1.59034773162 
0.028126 208.50533589837 1.46443681906 
0.028633 203.67328345871 1.36446358320 
0.029139 198.54782391023 1.17329604527 
0.029646 194.41071739563 1.18863282412 
0.030153 189.73553015319 1.14094038889 
0.030660 185.51387692788 1.04128710162 
0.031167 183.35631554000 0.97150053911 
0.031673 179.40975738005 0.94008780275 
0.032180 175.24468537187 0.91911867250 
0.032687 173.38137618005 0.91461340075 
0.033194 171.20660384112 0.85039007981 
0.033700 168.47939945510 0.75702383830 
0.034207 165.40807202205 0.77961686134 
0.034714 163.13540128897 0.80198137471 
0.035221 160.39231644016 0.71624906112 
0.035727 157.35824849297 0.68932229797 
0.036234 156.70856609780 0.69576041590 
0.036741 155.05760566356 0.70948680464 
0.037248 151.67108757411 0.62484387753 
0.037755 150.11852153450 0.61701585936 
0.038261 148.12401470774 0.58780461300 
0.038768 146.71151128995 0.59907563517 
0.039275 145.20571575701 0.59962351147 
0.039782 144.82944750636 0.57005003699 
0.040288 142.39463454244 0.56815474632 
0.040795 142.30694616700 0.54062924019 
0.041302 140.75746558129 0.57143943522 
0.041809 137.48889948048 0.55459983839 
0.042315 137.12894433613 0.53760558133 
0.042822 137.03003316233 0.56163245230 
0.043329 134.76169921446 0.54970901629 
0.043836 134.37391867833 0.52372997934 
0.044343 133.01280995439 0.50240180826 
0.044849 131.45292354740 0.51589290665 
0.045356 130.72950179283 0.50557638247 
0.045863 129.89450448938 0.50393056979 
0.046370 128.74726052836 0.49594765655 
0.046876 128.13795772839 0.51489466941 
0.047383 128.15853582119 0.47762913626 
0.047890 126.32280577541 0.49898390951 
0.048397 124.94591857546 0.51561784945 
0.048903 124.58528506482 0.52207523478 
0.049410 123.86388783190 0.47809975311 
0.049917 123.24976363023 0.45910446513 
0.050424 121.68844466757 0.46457476505 
0.050931 121.43967189214 0.46893995283 
0.051437 120.75205294417 0.45683035563 
0.051944 119.91019676073 0.46583248562 
0.052451 119.51656475517 0.46116172996 
0.052958 118.54522137591 0.44140671895 
0.053464 117.82657409386 0.43011288925 
0.053971 116.94128588045 0.43913219619 
0.054478 116.32243368097 0.44998440928 
0.054985 115.38349477498 0.44631934340 
0.055491 115.31103006191 0.43874952264 
0.055998 114.95700477272 0.43113046289 
0.056505 114.47953300689 0.42589107130 
0.057012 114.04309531824 0.43721660387 
0.057519 113.53190258784 0.43322107493 
0.058025 112.58907532368 0.41099218355 
0.058532 112.08863963844 0.40151762973 
0.059039 111.76527447683 0.41051473705 
0.059546 110.99871323699 0.42684031250 
0.060052 110.49903181700 0.41315360540 
0.060559 109.78750038676 0.40522390360 
0.061066 108.07822233416 0.41183639715 
0.061573 109.45875205022 0.40762409748 
0.062079 108.27974296005 0.39489870156 
0.062586 107.83985325982 0.40025062222 
0.063093 107.50048778534 0.38890298727 
0.063600 107.00908150666 0.41231586263 
0.064106 106.45232885030 0.40442878021 
0.064613 106.63538634372 0.41343841081 
0.065120 105.67074093879 0.36941882870 
0.065627 105.37501323266 0.37459822647 
0.066134 105.08327305810 0.38360244430 
0.066640 104.84800443222 0.38095978416 
0.067147 104.28837340982 0.37391110262 
0.067654 104.06257712960 0.37857221323 
0.068161 103.46507135245 0.35873450754 
0.068667 103.51530810330 0.36419520880 
0.069174 103.33399012660 0.38034304784 
0.069681 102.94906591083 0.36524051497 
0.070188 102.10934164369 0.35924584751 
0.070694 101.81865875064 0.36682470701 
0.071201 101.56958261658 0.36157430611 
0.071708 101.49087856688 0.35882392790 
0.072215 101.29463193782 0.34306119642 
0.072721 100.41930821209 0.34883792587 
0.073228 100.77643458596 0.35236839838 
0.073735 100.27631205940 0.35030986696 
0.074242 99.94197857210 0.33437665748 
0.074748 99.51265294450 0.34277172407 
0.075255 99.10078781018 0.34753118592 
0.075762 99.00155537981 0.34311349426 
0.076269 99.12875629453 0.35059576286 
0.076776 98.59629676535 0.33868691092 
0.077282 98.53442246457 0.32639647477 
0.077789 98.45685887881 0.32465422258 
0.078296 97.70484173751 0.31805765374 
0.078803 97.78965351455 0.33311946483 
0.079309 97.96231129917 0.32701678534 
0.079816 97.48488013316 0.33256279330 
0.080323 97.14393924597 0.32845959314 
0.080830 97.16336888175 0.32350934708 
0.081336 97.13551662975 0.34666183005 
0.081843 96.86692730430 0.34354305010 
0.082350 97.10831336020 0.33154781290 
0.082857 96.54350991402 0.33778683145 
0.083363 96.33809066088 0.33307521415 
0.083870 96.22749387476 0.32927014892 
0.084377 96.84712442081 0.34407545167 
0.084884 95.44933217144 0.33258455172 
0.085390 95.93809678035 0.33139056423 
0.085897 95.92348283240 0.33331705024 
0.086404 94.98084468137 0.33866767878 
0.086911 95.39432022374 0.33504781770 
0.087417 94.89477225020 0.33763769707 
0.087924 95.30173571816 0.33196136166 
0.088431 94.90599340893 0.32205485059 
0.088938 95.25825690277 0.33175096754 
0.089444 94.11569500917 0.33018673347 
0.089951 94.03993513536 0.33370128942 
0.090458 94.04053748434 0.33140656207 
0.090965 94.26827247163 0.32719464691 
0.091471 94.06524841287 0.32472790751 
0.091978 93.79735045043 0.32748277253 
0.092485 92.54051085555 0.35354624259 
0.092992 92.97860086138 0.34730013344 
0.093498 92.73629212611 0.33828534442 
0.094005 92.66573392190 0.33198209542 
0.094512 93.07009102680 0.32459018554 
0.095019 92.50008573413 0.32795449286 
0.095525 93.04483260565 0.33167834363 
0.096032 92.83694318183 0.33025042186 
0.096539 92.57812926589 0.33398246399 
0.097046 92.15595884104 0.32462580509 
0.097552 91.54562911420 0.32937318192 
0.098059 91.87407972930 0.34102382315 
0.098566 92.30367238250 0.31966469163 
0.099073 91.67657195032 0.32344769320 
0.099579 91.41815259266 0.32123553596 
0.100086 91.29350289433 0.32242032326 
0.100593 91.06050639159 0.32568321720 
0.101100 91.15919635710 0.32609809808 
0.101606 91.11050380776 0.31556936563 
0.102113 90.13800555146 0.30279557486 
0.102620 89.55862524808 0.29567257358 
0.103127 88.99307755113 0.29810174688 
0.103633 89.21099940665 0.29456145070 
0.104140 89.25845531642 0.29806638365 
0.104647 88.61915780900 0.29692725606 
0.105154 89.08925138521 0.30744702024 
0.105660 88.67818109497 0.31042767176 
0.106167 88.40239273824 0.30381697035 
0.106674 88.24220587547 0.31091138896 
0.107181 88.48634095732 0.29189660135 
0.107687 88.18304602399 0.29185712434 
0.108194 87.78109044403 0.29670244274 
0.108701 87.75304620711 0.29319095097 
0.109208 87.66307803575 0.28476813037 
0.109714 87.55680097079 0.28768374392 
0.110221 87.73855136885 0.29045869203 
0.110728 87.62024225667 0.28179815792 
0.111235 87.34133589873 0.28470940389 
0.111741 87.54361754344 0.28051214406 
0.112248 87.43159089992 0.28579603876 
0.112755 87.38994642096 0.27774891866 
0.113262 87.49927374495 0.28778725463 
0.113768 87.22188462361 0.28458079388 
0.114275 86.81861202653 0.27902333429 
0.114782 86.86157874913 0.27847202253 
0.115289 87.00700816999 0.27075904232 
0.115795 86.80096842177 0.27337244255 
0.116302 86.81068251869 0.27491438969 
0.116809 86.59866593386 0.27094087976 
0.117316 87.17256790935 0.27606267296 
0.117822 86.25001792064 0.27354831033 
0.118329 86.07424913921 0.27712941470 
0.118836 85.98622325700 0.27045713533 
0.119342 85.80376693518 0.26938709801 
0.119849 85.51418604200 0.26723322338 
0.120356 85.85138572244 0.26694746154 
0.120863 85.79937704352 0.27208923516 
0.121369 85.43182216646 0.26534678675 
0.121876 85.92111839667 0.26106811301 
0.122383 85.33057128182 0.26744761191 
0.122890 85.10554347347 0.27089745699 
0.123396 85.54127797294 0.26286359320 
0.123903 84.85410685464 0.26067047941 
0.124410 85.29274567868 0.26682109144 
0.124917 84.98944328670 0.26527835190 
0.125423 85.26274572490 0.26675635628 
0.125930 85.04538501566 0.25972707492 
0.126437 84.97759035721 0.25832800049 
0.126944 85.13324805753 0.25781747980 
0.127450 84.60804226708 0.25262205401 
0.127957 84.85364000109 0.25686451990 
0.128464 84.86873376135 0.25889432050 
0.128970 84.55456198434 0.25378283425 
0.129477 84.31253646645 0.25271567966 
0.129984 84.72148358393 0.25860343717 
0.130491 84.45122426915 0.25003758592 
0.130997 84.48631040118 0.25544647816 
0.131504 84.10686959348 0.24714527330 
0.132011 83.77937351996 0.24875515688 
0.132518 83.74174260584 0.24539109271 
0.133024 84.11314802853 0.24310409665 
0.133531 84.10408764722 0.25046698924 
0.134038 84.33429388613 0.25202985065 
0.134545 83.56637054025 0.25322700588 
0.135051 83.97861909300 0.24548885226 
0.135558 83.75980570001 0.24601386316 
0.136065 83.87560448509 0.24434193423 
0.136571 83.01493386319 0.23904618505 
0.137078 83.62638928733 0.24541691254 
0.137585 83.58719711702 0.24617367663 
0.138092 83.36702412190 0.24709027322 
0.138598 83.34158328555 0.23838723605 
0.139105 83.35320361689 0.24827296652 
0.139612 83.39822209841 0.24288404609 
0.140119 83.10205794943 0.24148742903 
0.140625 83.08099892347 0.24501956952 
0.141132 82.95064989347 0.24137296774 
0.141639 83.01467831730 0.24952399662 
0.142145 82.76298032356 0.23791027459 
0.142652 82.54436646274 0.24184540171 
0.143159 82.73282984263 0.24294930697 
0.143666 82.64310623597 0.23943994253 
0.144172 82.59182987631 0.24453218892 
0.144679 81.97283581287 0.24322407406 
0.145186 82.26669961515 0.24385416956 
0.145692 82.24451111273 0.24595610078 
0.146199 82.24546031864 0.24177930212 
0.146706 82.05035562047 0.24334885114 
0.147213 82.17920282672 0.24679159555 
0.147719 81.67025036528 0.23888048577 
0.148226 82.23869731331 0.23656824647 
0.148733 81.73099676760 0.23915943147 
0.149240 81.43160536741 0.23646705190 
0.149746 81.33034653377 0.23793133831 
0.150253 81.07195316341 0.24176670938 
0.150760 81.61357438259 0.24058425738 
0.151266 81.32337364467 0.24121819576 
0.151773 81.52143291426 0.23577094041 
0.152280 81.38144778630 0.23563825748 
0.152787 80.80920346820 0.23140734228 
0.153293 80.82109232768 0.23783587944 
0.153800 80.87278592287 0.23195669163 
0.154307 80.66906963674 0.24272883850 
0.154813 80.64815674169 0.23902537630 
0.155320 80.58574574329 0.23697302602 
0.155827 80.61185927147 0.23739729448 
0.156334 80.28897126652 0.24080801706 
0.156840 80.56868718442 0.23988938961 
0.157347 80.01458812530 0.23830174449 
0.157854 80.40705451028 0.23671207163 
0.158360 80.04553864234 0.23233084239 
0.158867 80.09533625400 0.23014759676 
0.159374 80.00047699420 0.24147887395 
0.159881 79.91109857262 0.23957261656 
0.160387 80.01285167031 0.23356214883 
0.160894 79.82605879137 0.23751232372 
0.161401 80.14029221210 0.23704604796 
0.161907 79.65997454478 0.23592229655 
0.162414 79.37455393171 0.24068357879 
0.162921 79.42768503268 0.23251578133 
0.163427 79.64498004660 0.23688204385 
0.163934 79.52360536159 0.23004317459 
0.164441 79.30887239364 0.23054227848 
0.164948 79.46614593878 0.23364609999 
0.165454 79.04294635309 0.22503122921 
0.165961 79.28795259196 0.22992923156 
0.166468 79.33873791564 0.23310308394 
0.166974 79.19453687043 0.23162731368 
0.167481 79.05233194863 0.22576441670 
0.167988 79.18971768959 0.23181215771 
0.168495 79.05354590111 0.23403939563 
0.169001 78.87220664441 0.22846386368 
0.169508 79.40455495513 0.23256885218 
0.170015 79.60166262503 0.23031653779 
0.170521 79.23474675695 0.23681840959 
0.171028 78.90796018250 0.23558524945 
0.171535 79.09939663402 0.24135304439 
0.172041 79.14037485840 0.23147094060 
0.172548 78.85659735457 0.23929181853 
0.173055 79.09522940015 0.23645269790 
0.173562 79.09035331054 0.24036243198 
0.174068 78.99993198231 0.24253717980 
0.174575 78.83362132191 0.23907981789 
0.175082 78.98450158612 0.23644837151 
0.175588 79.25938199077 0.24072485667 
0.176095 78.86922314504 0.23536865266 
0.176602 78.95808435787 0.23841177834 
0.177108 78.85734658491 0.23698946569 
0.177615 78.56395619590 0.23824659027 
0.178122 78.75116650958 0.23507590427 
0.178629 78.91535622535 0.23724181396 
0.179135 78.39953604400 0.23880964074 
0.179642 78.64710053557 0.23760836904 
0.180149 78.59989425835 0.23757798827 
0.180655 78.70870530089 0.23899916753 
0.181162 78.37747950649 0.24031490145 
0.181669 78.40914354353 0.23901142776 
0.182175 79.01610347557 0.23737542635 
0.182682 78.94558794089 0.24597991235 
0.183189 78.96053226207 0.24445752903 
0.183695 78.49780654401 0.24565237175 
0.184202 78.41742312099 0.24238448805 
0.184709 78.31604915873 0.24319513933 
0.185216 78.43096905273 0.24505649681 
0.185722 78.07001099449 0.24387827948 
0.186229 78.20481422345 0.24001068286 
0.186736 77.53709762707 0.24082996334 
0.187242 78.03910671064 0.24989275247 
0.187749 77.91263686059 0.24280857719 
0.188256 78.05097190737 0.24368598937 
0.188762 77.56702335217 0.24221468922 
0.189269 77.63688308166 0.24401545146 
0.189776 77.65186559096 0.24301110484 
0.190282 77.81565501489 0.24691698018 
0.190789 77.81667773446 0.24443639949 
0.191296 77.27987670155 0.24572700057 
0.191802 77.14887530899 0.23971447066 
0.192309 77.11426452555 0.23836244906 
0.192816 76.90620895359 0.24253165434 
0.193323 76.72838350410 0.23849155330 
0.193829 76.52602758784 0.23521767863 
0.194336 76.79198504499 0.23735458120 
0.194843 76.40904952872 0.23054744165 
0.195349 76.67004033708 0.23374167573 
0.195856 76.28525839375 0.23348097047 
0.196363 76.47819938085 0.23082402532 
0.196869 76.43403396486 0.23488480965 
0.197376 76.16887457002 0.22907629444 
0.197883 76.10596127375 0.22572228456 
0.198389 76.03744144695 0.22824843413 
0.198896 75.70851898444 0.22593956789 
0.199403 76.21228909751 0.22358929595 
0.199909 75.79695893773 0.22411508402 
0.200416 75.76953899010 0.22512314647 
0.200923 75.97285481740 0.22496855743 
0.201429 76.00223464393 0.22458290444 
0.201936 76.01320525341 0.22157468231 
0.202443 75.79521856633 0.21745205890 
0.202949 75.43173928705 0.22461589352 
0.203456 75.83552214473 0.22295096301 
0.203963 75.62962703594 0.22015719300 
0.204469 75.76804333682 0.21872240770 
0.204976 75.58501380829 0.21882052980 
0.205483 75.36393109849 0.21783758502 
0.205989 75.48264757458 0.21360776582 
0.206496 75.35047606597 0.21422994989 
0.207003 75.36111193253 0.21325407575 
0.207509 75.29370377068 0.22092694861 
0.208016 75.24446961921 0.21328292707 
0.208523 75.44488770251 0.21046160601 
0.209029 75.15847524113 0.21584334647 
0.209536 75.28978219838 0.21490467005 
0.210043 75.07479699907 0.21257817907 
0.210549 75.15948947034 0.21436685062 
0.211056 75.18380360924 0.20945265536 
0.211563 74.84143601140 0.21149932671 
0.212069 74.93941406900 0.21422900659 
0.212576 75.13168549532 0.21026686432 
0.213083 74.83220228227 0.21208524665 
0.213589 74.72995723114 0.20702850215 
0.214096 74.76855472842 0.20441396160 
0.214603 74.95811579741 0.20747057712 
0.215109 74.84819304792 0.21179341891 
0.215616 74.86650357458 0.20855198516 
0.216123 74.14472201095 0.20703263869 
0.216629 74.56381848303 0.20257318328 
0.217136 74.32330338872 0.20956124792 
0.217643 74.06654819710 0.21134528621 
0.218149 74.10226210467 0.20648874005 
0.218656 74.06999448062 0.20474825741 
0.219163 74.20672321361 0.20610458306 
0.219669 74.18333496988 0.21114173443 
0.220176 74.08344191994 0.20633942210 
0.220683 73.89828742637 0.20688867768 
0.221189 73.70746767528 0.20487032915 
0.221696 73.93898138409 0.20617097837 
0.222203 73.76129255473 0.20298543686 
0.222709 73.63298679126 0.20047681018 
0.223216 74.02565380185 0.20150128968 
0.223722 74.09451732228 0.20886540018 
0.224229 73.84938640614 0.20212267654 
0.224736 73.53347062523 0.20289157788 
0.225242 73.72312056126 0.20409055511 
0.225749 73.52067111025 0.20515532168 
0.226256 74.01195805214 0.19759171890 
0.226762 73.49664156705 0.20328549661 
0.227269 73.33717131500 0.20196086996 
0.227776 73.35130079242 0.20251248095 
0.228282 73.11462254975 0.20008746617 
0.228789 73.55166132636 0.20132703793 
0.229296 73.13084909435 0.19856909774 
0.229802 73.34660138687 0.20021216118 
0.230309 73.01814579450 0.20178445739 
0.230816 73.05502449142 0.20210020678 
0.231322 73.29363361784 0.20530907086 
0.231829 72.96485221673 0.19932991348 
0.232335 72.87072006527 0.20335727858 
0.232842 72.65489584440 0.20149100813 
0.233349 73.00820842346 0.20143068088 
0.233855 73.03890167962 0.19860533200 
0.234362 72.87378287552 0.20134112191 
0.234869 72.80164609249 0.20058801243 
0.235375 72.82335495239 0.20176611637 
0.235882 72.71972106048 0.19602544691 
0.236389 72.52736890500 0.19891904793 
0.236895 72.54654397711 0.19701405598 
0.237402 72.73830032317 0.19894274849 
0.237908 72.30934319951 0.20076469466 
0.238415 72.22010120156 0.19905995280 
0.238922 72.21006727803 0.20242304872 
0.239428 72.47766215771 0.20036492771 
0.239935 72.07473301939 0.19576943488 
0.240442 72.11582727848 0.19899497542 
0.240948 72.22194576618 0.19891640659 
0.241455 72.11298415095 0.19997430985 
0.241962 71.98572308985 0.19879560164 
0.242468 72.17238690025 0.19926245508 
0.242975 71.96165094672 0.19721978394 
0.243481 71.99667711617 0.19636106109 
0.243988 72.08848044024 0.19719225152 
0.244495 71.53548255319 0.20032658180 
0.245001 71.66694818180 0.19658101513 
0.245508 71.68678569025 0.19560640561 
0.246015 71.73197259892 0.19862023533 
0.246521 72.01025003625 0.19455522490 
0.247028 71.66585184667 0.19856250253 
0.247534 71.46063214630 0.19641009232 
0.248041 71.51175700517 0.20048759953 
0.248548 71.43410413964 0.19776505403 
0.249054 71.60649776609 0.19579596391 
0.249561 71.43146121103 0.19664520312 
0.250068 71.45705404646 0.20254468563 
0.250574 71.37475373001 0.19538369626 
0.251081 70.92204079226 0.19505764496 
0.251587 71.45648895537 0.19939729690 
0.252094 70.96946654690 0.19518608252 
0.252601 71.04710890002 0.19741355697 
0.253107 71.48744435153 0.19725122786 
0.253614 71.35158460896 0.19788764687 
0.254120 71.09335996581 0.19689298895 
0.254627 70.72355742733 0.19392297367 
0.255134 71.15185400194 0.19407203428 
0.255640 71.01261966200 0.20065386049 
0.256147 70.85440529649 0.19476278535 
0.256654 70.93647027409 0.19708133575 
0.257160 71.04675315814 0.19398671673 
0.257667 71.16290749471 0.19471872808 
0.258173 71.36979522172 0.20082663087 
0.258680 71.26099546119 0.19602502438 
0.259187 71.54254506559 0.19369325344 
0.259693 71.54557714819 0.19682263028 
0.260200 71.58863373203 0.19333604758 
0.260706 71.54596717132 0.19626301468 
0.261213 71.60567091534 0.19375181905 
0.261720 71.35591984333 0.19311888121 
0.262226 71.54644959583 0.19592184740 
0.262733 71.43237532422 0.19387368297 
0.263239 71.69252721628 0.19278360566 
0.263746 71.74286760318 0.19858473355 
0.264253 71.72395827909 0.19455111063 
0.264759 71.87918815562 0.19296640070 
0.265266 72.14417379318 0.19617247332 
0.265772 71.53285188029 0.19210501266 
0.266279 71.91303359768 0.19596525677 
0.266786 71.79403677724 0.18979835697 
0.267292 71.78580009829 0.18828317466 
0.267799 71.72070610839 0.19111985140 
0.268305 71.93463248030 0.19114099342 
0.268812 71.85381921361 0.19002334527 
0.269319 71.64936532851 0.18845899082 
0.269825 71.75267063970 0.19256911775 
0.270332 71.65173096112 0.19098723322 
0.270838 71.84284151996 0.19141324153 
0.271345 72.16452535085 0.18942901242 
0.271852 72.26448631899 0.19036233904 
0.272358 72.41249287304 0.19642737930 
0.272865 72.34465607506 0.19458150097 
0.273371 72.45497434836 0.19162794738 
0.273878 72.20039999925 0.19086231215 
0.274385 72.59383748984 0.19159646195 
0.274891 72.67381539073 0.18818577386 
0.275398 72.13081978849 0.18568625703 
0.275904 72.62015594586 0.18476825188 
0.276411 72.10028932409 0.18590609754 
0.276917 72.37234655156 0.18803987278 
0.277424 72.09447173524 0.18433084469 
0.277931 72.17730252265 0.18258976215 
0.278437 72.28484734576 0.17977784338 
0.278944 72.24488413546 0.18189371371 
0.279450 72.29869089236 0.18045727842 
0.279957 72.14257037437 0.17970251050 
0.280464 72.17310531778 0.18067244202 
0.280970 72.47806696297 0.18196788709 
0.281477 72.16883993061 0.18302631764 
0.281983 72.05374368191 0.18144848512 
0.282490 72.10111915908 0.18467724123 
0.282996 71.98608039180 0.18233094807 
0.283503 72.04659705526 0.17725832010 
0.284010 71.82621074091 0.17942339933 
0.284516 71.95725005185 0.17776378014 
0.285023 71.67937974975 0.17824622881 
0.285529 71.75727350930 0.17553803793 
0.286036 71.84474768012 0.17344908427 
0.286542 71.41149714318 0.17555757053 
0.287049 71.66912655764 0.17417559264 
0.287556 71.72541194937 0.17405497375 
0.288062 71.68634131866 0.17446883809 
0.288569 71.36376603387 0.17081251575 
0.289075 71.41945627272 0.17177153586 
0.289582 71.44587094981 0.16956519821 
0.290088 71.64797229433 0.17141416023 
0.290595 71.31882053304 0.17014458162 
0.291102 71.21217868594 0.17028832929 
0.291608 71.14535713217 0.16758605974 
0.292115 71.04816932165 0.16824466099 
0.292621 71.16772600988 0.16757851561 
0.293128 71.11357001596 0.16595073474 
0.293634 71.04471060912 0.16610498862 
0.294141 70.94181781129 0.16547241869 
0.294647 71.01257803689 0.16645879126 
0.295154 70.74652604624 0.16864385927 
0.295661 70.94620010647 0.16582090414 
0.296167 71.21982769421 0.16605751773 
0.296674 70.78149143332 0.16792653806 
0.297180 70.70449959646 0.16655092238 
0.297687 70.83659777478 0.16353888942 
0.298193 70.55190561320 0.16698196553 
0.298700 70.61384822187 0.16362934597 
0.299207 70.77175003777 0.16389426945 
0.299713 70.65433562985 0.16595624554 
0.300220 70.63385117448 0.16491607575 
0.300726 70.57430359609 0.16245308426 
0.301233 70.64531399948 0.16427622755 
0.301739 70.39915237787 0.16329631327 
0.302246 70.46067171190 0.16567729121 
0.302752 70.26270881718 0.16254498055 
0.303259 70.51210001003 0.16184308557 
0.303765 69.90432707761 0.16052959342 
0.304272 70.33149589961 0.16095816186 
0.304779 69.95586279231 0.15972432724 
0.305285 70.25415225303 0.15826580585 
0.305792 70.18504550034 0.16188579632 
0.306298 70.17096333457 0.15956779046 
0.306805 69.88744313600 0.15990109763 
0.307311 69.91977109652 0.15780423521 
0.307818 69.95255188314 0.15859313421 
0.308324 69.81089212487 0.15693585760 
0.308831 69.40688928376 0.15520192581 
0.309337 69.14483158357 0.15582865603 
0.309844 69.22102333839 0.15316653717 
0.310350 69.25652801250 0.15337902741 
0.310857 68.84773338679 0.14815603466 
0.311364 68.61162867995 0.15154424699 
0.311870 68.69578496904 0.15106348156 
0.312377 68.22222410529 0.15197392491 
0.312883 68.31674823103 0.14662088204 
0.313390 67.79347004147 0.14940164576 
0.313896 67.89576718879 0.14778090001 
0.314403 67.78590298364 0.14718648575 
0.314909 67.80178723650 0.14274788554 
0.315416 67.68391661528 0.14190267200 
0.315922 67.52690588459 0.14315618834 
0.316429 67.61012451668 0.14459460157 
0.316935 67.36586338595 0.14204460922 
0.317442 67.26148341458 0.14422989759 
0.317948 67.19224626331 0.14134038556 
0.318455 67.42734970938 0.14119173886 
0.318961 67.03994195000 0.14104591153 
0.319468 66.90419413015 0.14176017788 
0.319975 66.85109112770 0.13935962035 
0.320481 66.87429977823 0.14351931909 
0.320988 66.72910340022 0.14532812519 
0.321494 66.49953185909 0.14088868732 
0.322001 66.70293589272 0.17577735050 
0.322507 66.39012294287 0.13856116318 
0.323014 66.80027384493 0.14003027030 
0.323520 66.71975771185 0.14160888355 
0.324027 66.68449988303 0.14308308073 
0.324533 66.09362181489 0.14047136250 
0.325040 66.55747016779 0.13946149451 
0.325546 66.40445373930 0.13851705751 
0.326053 66.48618811337 0.13884792430 
0.326559 66.42760324225 0.13933976240 
0.327066 66.07080475835 0.13804087450 
0.327572 66.07866560242 0.13732952251 
0.328079 66.01224443034 0.14089647462 
0.328585 66.36174512148 0.13630910110 
0.329092 66.09137844038 0.13867225968 
0.329598 66.13701217742 0.14091371796 
0.330105 65.98257942157 0.13890485120 
0.330611 65.92722594134 0.13560969301 
0.331118 65.68018210743 0.13692788326 
0.331624 65.97369315122 0.13625337833 
0.332131 65.99867104908 0.13816157032 
0.332637 65.70048971263 0.13767362134 
0.333144 66.09911308654 0.13808395162 
0.333650 66.05161259288 0.13976967485 
0.334157 65.77139731572 0.13671307241 
0.334663 66.07607604644 0.13908317216 
0.335170 65.44940602147 0.13799301329 
0.335676 65.69620025873 0.13955164965 
0.336183 65.80724709654 0.14001141676 
0.336689 65.67741625830 0.13902621363 
0.337196 65.51472849831 0.13806227259 
0.337702 65.61137374116 0.13752479483 
0.338209 65.47774329647 0.14102718182 
0.338715 65.35293953281 0.14164480379 
0.339222 65.38453036906 0.13909779942 
0.339728 65.32615881333 0.13993277355 
0.340235 65.50089356709 0.23527022671 
0.340741 65.42751058769 0.13643917940 
0.341248 65.19808947776 0.13881602828 
0.341754 65.23397089348 0.13706925004 
0.342261 64.99873467165 0.13916815195 
0.342767 65.56953232139 0.13936355700 
0.343274 65.17453937493 0.13890497077 
0.343780 65.15009308096 0.14003109956 
0.344287 65.24139743696 0.14047803244 
0.344793 65.15099282419 0.13792018782 
0.345300 65.24065460604 0.14223491919 
0.345806 65.16793808002 0.14142773524 
0.346313 65.00951542291 0.13761128043 
0.346819 64.78201972720 0.14404257311 
0.347325 64.92293373134 0.14568897117 
0.347832 65.00823599464 0.14521201957 
0.348338 65.06479080989 0.14146534906 
0.348845 64.77337631741 0.14617625831 
0.349351 64.87884805270 0.15015229818 
0.349858 64.71000149494 0.14943009738 
0.350364 64.58082209989 0.14654567110 
0.350871 64.39737821090 0.14641807318 
0.351377 64.48634230047 0.14754809248 
0.351884 64.52484837306 0.15083083553 
0.352390 64.58882492304 0.14648823713 
0.352897 64.43728381761 0.14909411339 
0.353403 64.23168101852 0.14839343072 
0.353910 64.31727680647 0.14645776978 
0.354416 64.35535238544 0.14990087150 
0.354923 64.28054750553 0.15105846690 
0.355429 64.46491602393 0.15259073726 
0.355935 64.00750855331 0.14923507053 
0.356442 64.06743358842 0.15302904954 
0.356948 64.01615059381 0.15360292473 
0.357455 63.92115379094 0.15179269357 
0.357961 64.00817904183 0.15774474032 
0.358468 63.64191077554 0.15499482981 
0.358974 63.71117171072 0.22039624703 
0.359481 64.00344358771 0.20485172296 
0.359987 63.69516262375 0.20072590976 
0.360494 63.90783542890 0.18999837096 
0.361000 63.75672425044 0.18547792136 
0.361506 63.94807651320 0.18445961367 
0.362013 63.80682031239 0.18436583308 
0.362519 63.77805608809 0.18366804067 
0.363026 63.85323166108 0.18137392188 
0.363532 64.09432914101 0.18665232109 
0.364039 63.65257384682 0.18252053546 
0.364545 63.77032499569 0.18084981292 
0.365052 63.75149426205 0.18297693749 
0.365558 63.92660108070 0.18301953687 
0.366064 63.58438441767 0.18304530217 
0.366571 63.68245017133 0.18562302896 
0.367077 63.57334338353 0.18639459218 
0.367584 63.71179474662 0.18699357549 
0.368090 63.73401036629 0.18524142215 
0.368597 63.84995475591 0.18865156534 
0.369103 63.62668431628 0.18881370173 
0.369610 63.86070694238 0.18913575175 
0.370116 63.56163257844 0.18716234955 
0.370622 63.51869117634 0.19314550445 
0.371129 63.64314678504 0.19574383885 
0.371635 63.47826333313 0.19240462480 
0.372142 63.67804084861 0.19087958982 
0.372648 63.53542598739 0.19320492614 
0.373155 63.66561894820 0.19377280917 
0.373661 63.44969849370 0.19183891344 
0.374167 63.53828913981 0.19563655949 
0.374674 63.55497783359 0.19947415217 
0.375180 63.53767835209 0.19850674723 
0.375687 63.75015601326 0.20192013303 
0.376193 63.04435790420 0.19509345584 
0.376700 63.80792033684 0.20357297244 
0.377206 63.86096349792 0.19842663693 
0.377712 63.71586721974 0.20314929842 
0.378219 63.25887359444 0.20268806176 
0.378725 63.20544583018 0.20343768948 
0.379232 63.37528861711 0.20439607907 
0.379738 63.37711305625 0.20485679533 
0.380245 63.40845096193 0.21022492851 
0.380751 62.96401571021 0.20635464733 
0.381257 63.10687462000 0.20463975832 
0.381764 62.90423309278 0.20697601250 
0.382270 62.88567980948 0.20301116559 
0.382777 63.03196810468 0.20964608862 
0.383283 63.12693531024 0.20562431279 
0.383789 63.00859042095 0.21340811696 
0.384296 63.13530512482 0.21223275264 
0.384802 63.02650445275 0.20978014656 
0.385309 63.33809787090 0.21146789229 
0.385815 62.73443289920 0.21054412396 
0.386321 63.25625235225 0.21173559349 
0.386828 63.42460591673 0.21820394444 
0.387334 63.30027911633 0.21216572405 
0.387841 63.04859334190 0.21309079374 
0.388347 62.97369306940 0.21723013641 
0.388853 62.69277323503 0.21897733972 
0.389360 62.93999896793 0.21365862943 
0.389866 62.83610126089 0.21819965565 
0.390373 62.65447856765 0.21677127692 
0.390879 62.82724021725 0.22035545412 
0.391385 62.92562234599 0.22204668754 
0.391892 62.49632638900 0.21369775215 
0.392398 62.72654230286 0.22047603578 
0.392905 62.95995108723 0.22643341759 
0.393411 62.51892147779 0.21985314028 
0.393917 62.60466108857 0.22714910233 
0.394424 62.47555875776 0.21691858088 
0.394930 62.55218277853 0.22961730986 
0.395437 62.86362470564 0.22780550195 
0.395943 62.60855813597 0.22046990222 
0.396449 62.70082060921 0.38366135101 
0.396956 62.69740364784 0.22712212669 
0.397462 62.46769947953 0.23313010133 
0.397969 62.63669711763 0.23685216101 
0.398475 62.77917324388 0.22737304473 
0.398981 62.55814224142 0.23823659040 
0.399488 62.52543869742 0.23719860511 
0.399994 62.34052014419 0.24152330784 
0.400500 62.55481877487 0.24493728630 
0.401007 62.52048151466 0.23537618363 
0.401513 62.71089846410 0.24131455461 
0.402020 62.46049460604 0.24228008211 
0.402526 62.85417701498 0.24807701946 
0.403032 62.66201016986 0.25087963066 
0.403539 62.46333821212 0.25007438737 
0.404045 62.19417288941 0.24449946190 
0.404551 62.38923931880 0.26151563683 
0.405058 62.28614550935 0.26082260274 
0.405564 62.07752539797 0.25946849971 
0.406071 62.44182579475 0.25434922354 
0.406577 62.35327369217 0.25552092421 
0.407083 61.93626489617 0.24989474276 
0.407590 62.50530758313 0.26929682949 
0.408096 62.52292003275 0.27232777411 
0.408602 62.22553983574 0.27425822898 
0.409109 61.78500604337 0.27214737353 
0.409615 62.31873931557 0.26549481161 
0.410121 62.28903091027 0.26658231013 
0.410628 61.73405291839 0.25980835414 
0.411134 62.23146709901 0.26779352069 
0.411641 61.97390420785 0.27714748716 
0.412147 62.16574991703 0.26561546007 
0.412653 61.81167885501 0.26999687573 
0.413160 61.48647419133 0.26253173776 
0.413666 62.19977922863 0.27259487669 
0.414172 61.73984197123 0.27743481006 
0.414679 61.93778021437 0.27057361654 
0.415185 61.94110454857 0.28523984496 
0.415691 61.66758424225 0.26998705463 
0.416198 61.74628956604 0.27211123705 
0.416704 61.70573526953 0.27752294580 
0.417210 61.35236647965 0.28936192305 
0.417717 61.83605331266 0.29368132099 
0.418223 61.23530243985 0.27936062081 
0.418729 62.06255260756 0.27937598752 
0.419236 61.50966701091 0.28032818548 
0.419742 61.87370957181 0.26824948087 
0.420248 61.15941695841 0.26759154433 
0.420755 61.81705985404 0.28804191269 
0.421261 61.62207786693 0.26698343459 
0.421767 61.85867002498 0.28556498686 
0.422274 61.64690243904 0.27687819679 
0.422780 61.76665288762 0.27591429864 
0.423286 61.27552561719 0.28423376969 
0.423793 62.02812541940 0.28180583776 
0.424299 61.70321536981 0.28663437644 
0.424805 61.62803840264 0.28469130983 
0.425312 61.79286558438 0.30088950622 
0.425818 61.70419743574 0.28833227965 
0.426324 61.54443936097 0.28442080496 
0.426831 61.63289328493 0.28044032142 
0.427337 61.62039646308 0.30499610307 
0.427843 61.47053733585 0.29621292816 
0.428350 61.34354685282 0.32129578581 
0.428856 61.94566987328 0.30994533133 
0.429362 61.61794707095 0.30403133595 
0.429869 61.76418745652 0.31568222228 
0.430375 61.31637231204 0.31905407082 
0.430881 61.81699836691 0.31509748658 
0.431388 61.56666674886 0.32321791657 
0.431894 61.60085029849 0.32305727191 
0.432400 61.49795097731 0.32896418665 
0.432907 62.05037992407 0.31370867811 
0.433413 61.38612560503 0.33301557597 
0.433919 61.74081870941 0.33826984613 
0.434425 61.27499514430 0.33764882721 
0.434932 61.19290361692 0.33997128518 
0.435438 61.57291941626 0.36383492348 
0.435944 61.22470766715 0.35174784652 
0.436451 61.33347650276 0.33862483597 
0.436957 61.15706338083 0.35520220967 
0.437463 61.55422794450 0.35538025064 
0.437970 61.50808493566 0.35693966468 
0.438476 61.85908758857 0.35375389503 
0.438982 61.66351316931 0.36119797663 
0.439489 61.78549889119 0.39057266624 
0.439995 61.61494830470 0.35564612217 
0.440501 61.80559883059 0.38496645739 
0.441007 60.80627057292 0.37071150509 
0.441514 61.01436845282 0.38577127953 
0.442020 61.28877119493 0.38006758365 
0.442526 61.39617674712 0.38241429682 
0.443033 61.30250408723 0.39852041183 
0.443539 61.09815139922 0.41145846738 
0.444045 61.04029022427 0.40375321662 
0.444551 61.42983115199 0.41989041452 
0.445058 61.05321632926 0.40759846351 
0.445564 60.61761129948 0.43794812768 
0.446070 60.88573210372 0.44038941386 
0.446577 60.74178274353 0.43869786585 
0.447083 60.77870911323 0.45333805000 
0.447589 60.26014984898 0.44549995619 
0.448095 61.18976444317 0.44586151718 
0.448602 61.51036452638 0.46408797174 
0.449108 60.79921335828 0.46984150375 
0.449614 60.49156001550 0.49934236417 
0.450121 60.27191869923 0.48895215122 
0.450627 60.25872030102 0.49672330817 
0.451133 61.03492127200 0.51962196624 
0.451639 60.71637073053 0.51831594924 
0.452146 60.72915926952 0.54688830694 
0.452652 60.28794318575 0.53991193974 
0.453158 59.66539269936 0.54805974425 
0.453664 60.61019598063 0.56082223829 
0.454171 60.23147872004 0.60145510352 
0.454677 59.91024575888 0.62211868160 
0.455183 59.81781253872 0.62846568172 
0.455689 59.80776788931 0.62536217612 
0.456196 59.47460239385 0.68827943456 
0.456702 59.63508802245 0.64516101579 
0.457208 60.93024453875 0.74707877875 
0.457714 59.62125197726 0.73655594923 
0.458221 59.47548266320 0.73389812100 
0.458727 61.00765234873 0.83349772110 
0.459233 60.27957756605 0.83097776911 
0.459740 59.76699220249 0.82250276881 
0.460246 60.40136983945 0.91352735784 
0.460752 59.66575448495 0.93830761187 
0.461258 59.85607896015 1.01014994365 
0.461765 59.33040807283 1.05430694154 
0.462271 60.36824480950 1.00600423560 
0.462777 59.22614100850 1.19567092410 
0.463283 60.27288602426 1.30632637607 
0.463789 61.85069263206 1.38422167057 
0.464296 59.74368672245 1.33786774158 
0.464802 61.66209056227 1.41745033055 
0.465308 59.51065305006 1.50285492516 
0.465814 60.20492942352 1.63317325560 
0.466321 59.90636206556 1.76290440204 
0.466827 61.97662628860 1.80257083993 
0.467333 59.49911701333 1.93147845785 
0.467839 60.11357121630 2.09532152365 
0.468346 58.75615680094 2.27501375318 
0.468852 61.62357890085 2.64717842896 
0.469358 60.18539737690 3.01199776745 
0.469864 58.59354181634 2.92284100822 
0.470371 59.10939649170 3.97593172926 
0.470877 58.31577391978 4.35541626972 
0.471383 54.05583897516 5.08875180283 
0.471889 57.01163494070 7.48440893819 
0.472395 54.12012965963 5.52157556294 
0.472902 53.74794650645 12.68088211812 
