0.010896 1340.71197499617 12.21196134502 
0.011402 1212.44967446928 10.13853086245 
0.011909 1078.00785130222 11.29231655353 
0.012416 984.42456576354 9.56319925002 
0.012923 886.68625797972 6.66154806254 
0.013430 832.01965506020 11.38154804353 
0.013936 790.45329830740 9.20453988095 
0.014443 737.90405669996 7.36988439177 
0.014950 681.07544573086 6.55470687111 
0.015457 630.28728772981 5.40454868413 
0.015963 578.09911456039 4.92781719562 
0.016470 545.15553246435 4.41539186055 
0.016977 512.14317423158 4.09718860004 
0.017484 478.44874900556 3.26887240973 
0.017990 448.90467900227 3.17685927767 
0.018497 422.20563706248 2.75455950121 
0.019004 401.64653915886 2.30722677087 
0.019511 380.59894231837 2.18284305850 
0.020018 360.92344659510 2.16098325012 
0.020524 347.15295470361 2.01371413554 
0.021031 328.90071043743 1.90644642562 
0.021538 316.69610375910 1.70773148465 
0.022045 302.48480383350 1.72423982667 
0.022551 289.87014452669 1.56061042538 
0.023058 279.36594574684 1.56246732531 
0.023565 270.65106140481 1.47153136405 
0.024072 260.37240119118 1.75267474295 
0.024579 249.85642543879 1.73834348537 
0.025085 243.00565063816 2.19108934716 
0.025592 237.12773842663 2.12012923227 
0.026099 229.28801935876 2.17278477223 
0.026606 223.85580214523 1.54922028092 
0.027112 216.97057495695 1.68771754746 
0.027619 211.62038979859 1.44157107190 
0.028126 208.43897220859 1.53037751285 
0.028633 201.39704211760 1.28709441949 
0.029139 197.86640611297 1.13689234890 
0.029646 194.26524112829 1.14066649052 
0.030153 189.41440099774 1.11479717161 
0.030660 187.08328825778 1.04697486629 
0.031167 182.03890221629 0.95592369244 
0.031673 178.93205568582 0.89931862328 
0.032180 175.76399504798 0.86542419171 
0.032687 172.61377836738 0.87588968508 
0.033194 169.72318888721 0.79102723622 
0.033700 166.96625065234 0.74692266973 
0.034207 165.06126351926 0.75957235153 
0.034714 162.65414588248 0.76107504079 
0.035221 160.12698170630 0.71517501378 
0.035727 157.54431806340 0.65026947349 
0.036234 154.66625875285 0.65736080966 
0.036741 153.24541896493 0.63530058799 
0.037248 152.14232764933 0.64169692771 
0.037755 151.11374835173 0.63991449702 
0.038261 147.97480075960 0.63790403787 
0.038768 147.43548727208 0.61824668226 
0.039275 146.05910562305 0.60642231500 
0.039782 143.39984277843 0.62845973593 
0.040288 142.18386157364 0.57226132935 
0.040795 140.14796520802 0.56344651402 
0.041302 140.15853150488 0.58628052993 
0.041809 138.33283245107 0.54669266765 
0.042315 137.20356545598 0.58283982395 
0.042822 137.81606057079 0.55404768878 
0.043329 134.47897173528 0.52612493111 
0.043836 133.69535887437 0.52940103027 
0.044343 133.38826146413 0.51081931325 
0.044849 132.15169215886 0.53431892939 
0.045356 130.99370023319 0.49366550721 
0.045863 129.24415241306 0.52068815304 
0.046370 129.40746347835 0.48769968759 
0.046876 126.93559751250 0.48740011817 
0.047383 126.82834752676 0.49163840620 
0.047890 126.01308876833 0.49718465253 
0.048397 125.12161350800 0.47878466218 
0.048903 124.32585018512 0.46389774830 
0.049410 124.07321843143 0.48120123153 
0.049917 122.96605651748 0.46384592600 
0.050424 122.31857139961 0.47844844675 
0.050931 120.96409350604 0.45734467528 
0.051437 120.96742352090 0.45358740049 
0.051944 119.92601487730 0.44584531138 
0.052451 118.86261073722 0.44629378545 
0.052958 118.44636148517 0.44478002121 
0.053464 117.98964016237 0.44715541983 
0.053971 116.67613505672 0.44557334996 
0.054478 116.21503533456 0.43893528717 
0.054985 115.37836127859 0.44192145437 
0.055491 114.59559915838 0.42786183006 
0.055998 114.85400075027 0.42613261037 
0.056505 114.11134081491 0.43922615902 
0.057012 113.46087517828 0.44079984757 
0.057519 112.92073206859 0.43633712775 
0.058025 112.00889289430 0.42959088752 
0.058532 111.97009637426 0.41302109338 
0.059039 111.28471421101 0.41796687687 
0.059546 110.63413600017 0.42817958412 
0.060052 109.73602588648 0.39727856490 
0.060559 109.48500058615 0.40448877963 
0.061066 109.76357343480 0.41060357857 
0.061573 109.08098320041 0.40933177259 
0.062079 108.79468046913 0.40823668189 
0.062586 108.57604123163 0.40637734869 
0.063093 107.76709126311 0.39724520894 
0.063600 107.12628969486 0.41035029986 
0.064106 106.37848474976 0.39852595081 
0.064613 106.68538252006 0.39866363686 
0.065120 106.17847362263 0.38209615170 
0.065627 105.32786209044 0.37835171110 
0.066134 105.62934358964 0.36961154340 
0.066640 104.45394398973 0.39544898801 
0.067147 104.27536880137 0.36940796441 
0.067654 104.12001969787 0.37355100888 
0.068161 103.51057876264 0.36311228161 
0.068667 103.05933439689 0.37359965048 
0.069174 103.35521404335 0.37859604763 
0.069681 103.04079432649 0.37639165113 
0.070188 101.79921224958 0.36138440516 
0.070694 101.85603249102 0.37739083366 
0.071201 101.08169304654 0.36507747621 
0.071708 101.55278064148 0.35587812918 
0.072215 100.83774899427 0.35747039254 
0.072721 100.53880938176 0.35098968740 
0.073228 100.05363794335 0.34937400129 
0.073735 100.21585238829 0.34983901634 
0.074242 99.26732959410 0.34803133245 
0.074748 99.44534353225 0.35782919653 
0.075255 99.20190468236 0.34034391974 
0.075762 99.06339870485 0.33907959936 
0.076269 98.72666782089 0.33956066842 
0.076776 98.15125164682 0.33485486288 
0.077282 98.47319357264 0.31583628987 
0.077789 97.69923256706 0.33010229419 
0.078296 98.02146121458 0.31308130379 
0.078803 97.21439884814 0.34687539384 
0.079309 97.29177990086 0.33027000931 
0.079816 97.59682966257 0.32089719743 
0.080323 97.34671399646 0.33102447202 
0.080830 97.11160820244 0.32769135322 
0.081336 96.99689243409 0.32226723593 
0.081843 97.41732224884 0.32897274836 
0.082350 96.68172214078 0.33136333617 
0.082857 96.28992416130 0.33390824809 
0.083363 96.82693121363 0.33197710277 
0.083870 95.94299100675 0.33382778225 
0.084377 95.12286835799 0.32357367282 
0.084884 95.95050580702 0.33018765093 
0.085390 95.41881354720 0.32743826299 
0.085897 95.27486223081 0.32456507298 
0.086404 95.08670967792 0.33134435377 
0.086911 95.32141852742 0.31858218530 
0.087417 95.36036312253 0.32603025375 
0.087924 94.80455923816 0.32721347901 
0.088431 95.12058877307 0.33266730417 
0.088938 94.46994227057 0.32468737591 
0.089444 93.89029539970 0.32949544539 
0.089951 94.09063068047 0.32940918669 
0.090458 94.45723341883 0.33874879712 
0.090965 93.99463233732 0.33682532161 
0.091471 93.45389994623 0.32944827066 
0.091978 93.78996517216 0.32510064152 
0.092485 92.60599488399 0.35225904696 
0.092992 93.23153425990 0.33847464799 
0.093498 92.46420520310 0.33389808177 
0.094005 92.87308980116 0.33023936388 
0.094512 92.54556143581 0.33229676438 
0.095019 92.10712267549 0.32827598107 
0.095525 91.83620593986 0.33165199332 
0.096032 92.39720338322 0.32569817787 
0.096539 91.92663377195 0.32450113706 
0.097046 92.03753401022 0.32481580352 
0.097552 92.47959313850 0.32568595172 
0.098059 92.25525653246 0.33444209973 
0.098566 92.13115892421 0.32721076469 
0.099073 91.52043332395 0.31923123426 
0.099579 91.87111129639 0.32200538863 
0.100086 91.51619923668 0.31359387819 
0.100593 91.02988182240 0.32862535406 
0.101100 90.86501850618 0.31727415418 
0.101606 90.71624906139 0.31118071987 
0.102113 90.01754002439 0.30612721567 
0.102620 89.47538972228 0.29393144113 
0.103127 89.35319530858 0.29692005346 
0.103633 89.08558714964 0.29428596729 
0.104140 88.41733589257 0.29880086752 
0.104647 88.53962155951 0.29937802536 
0.105154 88.20598218922 0.30774571320 
0.105660 88.77829347636 0.30042107103 
0.106167 88.52368023585 0.31428760926 
0.106674 87.91364569509 0.30772824387 
0.107181 88.32727781624 0.30342568037 
0.107687 88.13515261939 0.30723627717 
0.108194 87.86752698458 0.29836609268 
0.108701 87.97971645476 0.28509585599 
0.109208 87.82822537291 0.28919705960 
0.109714 87.82060555675 0.28916686720 
0.110221 87.92875708969 0.28157350960 
0.110728 87.24796995701 0.30003749395 
0.111235 87.22110511525 0.28228584200 
0.111741 87.14809919178 0.28129803193 
0.112248 87.18606439765 0.28610378510 
0.112755 86.64994488371 0.27970328690 
0.113262 87.15030373699 0.28045730515 
0.113768 87.44968164984 0.27567288645 
0.114275 86.72896188523 0.27880363029 
0.114782 86.84250588247 0.27236125608 
0.115289 87.35715139095 0.27940667194 
0.115795 86.70620182144 0.28456499211 
0.116302 86.16562752693 0.27525304504 
0.116809 85.71693809422 0.27906612723 
0.117316 86.54600325590 0.27358291248 
0.117822 86.29151322932 0.27657473788 
0.118329 86.24732928030 0.26933997324 
0.118836 86.13344029820 0.27479002604 
0.119342 85.71565771865 0.26936294159 
0.119849 85.99076555309 0.26588298597 
0.120356 85.92809188649 0.26285311888 
0.120863 85.56049370865 0.26902085001 
0.121369 85.38717871616 0.27137897429 
0.121876 85.43851901966 0.26564315731 
0.122383 85.16904692779 0.26107107610 
0.122890 85.40151338904 0.26858092804 
0.123396 85.45917536596 0.26237348300 
0.123903 85.05102019728 0.26268383617 
0.124410 85.32758881724 0.26540296678 
0.124917 84.99831865006 0.25834738490 
0.125423 84.76909430836 0.26174936488 
0.125930 85.34716865394 0.26369364704 
0.126437 84.71404491737 0.25382638729 
0.126944 84.56911563208 0.25776889571 
0.127450 84.47518925208 0.25775790039 
0.127957 84.65576156749 0.25615419091 
0.128464 84.86826788021 0.25801495965 
0.128970 84.35551950736 0.25540328112 
0.129477 84.64897359885 0.25455555478 
0.129984 84.71279994387 0.25886957747 
0.130491 84.29685574797 0.25193366966 
0.130997 84.11683797998 0.25679324672 
0.131504 83.80977010002 0.25635822414 
0.132011 84.76080549110 0.24679034098 
0.132518 84.21709805833 0.25125995508 
0.133024 84.01782053328 0.25400992860 
0.133531 83.97311630825 0.24981968175 
0.134038 83.62900131222 0.24816044365 
0.134545 83.88732538651 0.24036792066 
0.135051 83.71277902085 0.23802598378 
0.135558 83.70322687235 0.24797773515 
0.136065 83.85532116240 0.24271344826 
0.136571 83.75462803464 0.24569031230 
0.137078 83.53396883578 0.24891513368 
0.137585 83.61754632854 0.25053893136 
0.138092 83.37338967886 0.24534040889 
0.138598 82.82564387896 0.23639595556 
0.139105 83.43780645856 0.24481684796 
0.139612 83.18566139795 0.24422372470 
0.140119 83.30213891836 0.24708260958 
0.140625 82.61910431758 0.24572178337 
0.141132 82.80107170488 0.23497633072 
0.141639 83.11408465910 0.24532576791 
0.142145 83.05876822470 0.24656115976 
0.142652 82.53051900361 0.24225398941 
0.143159 82.78500083834 0.24002632882 
0.143666 82.53023131017 0.24667719259 
0.144172 82.61312717254 0.24458947068 
0.144679 82.03456113779 0.24621025911 
0.145186 82.40216141484 0.24300283941 
0.145692 82.10656959565 0.23817600052 
0.146199 81.68399546908 0.23933092271 
0.146706 81.86594868129 0.24490623287 
0.147213 82.06420839903 0.24474351915 
0.147719 81.95037832851 0.24245607019 
0.148226 81.73454703758 0.24069987437 
0.148733 81.51994079375 0.24376808089 
0.149240 81.57892274930 0.23983904081 
0.149746 81.75560213915 0.24834993192 
0.150253 81.50116975164 0.23794407265 
0.150760 81.32890528511 0.23761311386 
0.151266 81.62566811844 0.24012394975 
0.151773 81.44618563670 0.24297108291 
0.152280 80.82876497430 0.24453613285 
0.152787 80.81890586140 0.23837434711 
0.153293 80.91153659617 0.23142431835 
0.153800 81.04464257498 0.23823285084 
0.154307 80.59243553902 0.23768132296 
0.154813 80.39271525911 0.23909387092 
0.155320 80.38379391535 0.23554084799 
0.155827 80.34459913253 0.24019018499 
0.156334 80.36267177962 0.24319701377 
0.156840 80.18965804379 0.24375387145 
0.157347 80.23117099995 0.23572323590 
0.157854 80.44767905616 0.23652003953 
0.158360 80.27878395043 0.23864619909 
0.158867 79.98719976143 0.23540327252 
0.159374 80.07371254380 0.23370270507 
0.159881 79.85738081240 0.23840262059 
0.160387 79.97277032403 0.23472398652 
0.160894 80.22832065167 0.23456883354 
0.161401 79.74572306013 0.23393381052 
0.161907 79.63521881618 0.23631021381 
0.162414 79.85089233726 0.23007934300 
0.162921 79.34170420275 0.22961084105 
0.163427 79.53038933348 0.23241053266 
0.163934 79.30386721893 0.23564333229 
0.164441 79.30912125003 0.23401294689 
0.164948 79.59393073099 0.22984487387 
0.165454 79.32943891423 0.22913937408 
0.165961 79.05800070770 0.23228879733 
0.166468 79.28122507332 0.23018034810 
0.166974 79.25195018358 0.23046125071 
0.167481 78.75272678369 0.22873321579 
0.167988 79.06060569181 0.23145169639 
0.168495 79.20492741717 0.23427571936 
0.169001 79.28170371267 0.23384575331 
0.169508 79.36692976846 0.23888270652 
0.170015 79.21669456732 0.24143440738 
0.170521 79.33941002444 0.22666077903 
0.171028 79.14306530274 0.23903468370 
0.171535 79.40046290837 0.23479154886 
0.172041 79.40696871609 0.23974452770 
0.172548 79.46436169479 0.23438206515 
0.173055 78.97884400293 0.23564681953 
0.173562 79.32812201071 0.23803715402 
0.174068 78.63352780537 0.23915041505 
0.174575 78.98645424161 0.23934535379 
0.175082 78.74779887567 0.23353298618 
0.175588 78.72556887333 0.23595475406 
0.176095 78.85283592227 0.23563682139 
0.176602 78.75070257006 0.23748811711 
0.177108 78.80970901801 0.23496489695 
0.177615 78.87218139054 0.23907251629 
0.178122 78.45417837892 0.23324097641 
0.178629 78.64586666299 0.23842627527 
0.179135 78.66394102716 0.23833282183 
0.179642 78.70230236452 0.24059987018 
0.180149 78.54317435145 0.23327927649 
0.180655 78.52811537288 0.23885877060 
0.181162 78.83518856970 0.23765297573 
0.181669 78.92774053494 0.23612273162 
0.182175 78.72547561920 0.24695591532 
0.182682 78.88935400784 0.24433521805 
0.183189 78.60094001152 0.24323636398 
0.183695 78.66988138808 0.24651899321 
0.184202 78.31990574180 0.24074632577 
0.184709 78.07452850769 0.24052070221 
0.185216 77.93144526026 0.23914801027 
0.185722 78.16425150477 0.24771125867 
0.186229 78.25456263723 0.24144268902 
0.186736 78.06416480501 0.24129325153 
0.187242 78.26084466506 0.23869733638 
0.187749 78.19093244193 0.24576406375 
0.188256 77.71786002989 0.24529606375 
0.188762 77.85188694109 0.24689689159 
0.189269 77.85441559042 0.24736574427 
0.189776 77.63589350030 0.24626786947 
0.190282 77.70831295295 0.24962628434 
0.190789 77.69621017376 0.24347638592 
0.191296 77.38280399388 0.24755931253 
0.191802 77.64304831711 0.24931762129 
0.192309 77.44694609580 0.24464914650 
0.192816 76.85291969305 0.24158067598 
0.193323 76.90564032908 0.23780020780 
0.193829 76.66459588914 0.23291703599 
0.194336 76.52502625339 0.23443797784 
0.194843 76.33697092825 0.23717224809 
0.195349 76.31482990113 0.23596618267 
0.195856 76.51267986869 0.23550124948 
0.196363 76.18153230699 0.23293323499 
0.196869 76.15410881000 0.22683805404 
0.197376 76.06623112290 0.22562160349 
0.197883 76.12974095454 0.22911548228 
0.198389 75.85662176864 0.22968039307 
0.198896 75.86693093007 0.22416708164 
0.199403 76.10495705042 0.23005055962 
0.199909 75.89619390916 0.22487016572 
0.200416 75.78795041837 0.22210869192 
0.200923 75.85504459270 0.22575616515 
0.201429 75.51753202533 0.22241186373 
0.201936 76.04419426888 0.21998297208 
0.202443 75.83245817458 0.21885560938 
0.202949 75.53293054165 0.22054639051 
0.203456 75.51801622127 0.22109740159 
0.203963 75.50658687850 0.21845113548 
0.204469 75.50191751722 0.21552653814 
0.204976 75.57088694985 0.21510436311 
0.205483 75.50852061620 0.21255632335 
0.205989 75.39221710041 0.21695169253 
0.206496 75.27360729778 0.21828443381 
0.207003 75.38347266024 0.21673228955 
0.207509 75.24094935365 0.21277384781 
0.208016 75.25491607889 0.21208082274 
0.208523 75.54585249086 0.21658119890 
0.209029 75.40792592063 0.21659453024 
0.209536 75.21758082496 0.21209128126 
0.210043 75.52078805883 0.21481396412 
0.210549 75.18190004574 0.21404172916 
0.211056 75.11199979000 0.21287293821 
0.211563 75.10937466322 0.21154453771 
0.212069 75.05419924016 0.21175496090 
0.212576 75.00512658800 0.21246289483 
0.213083 74.93938849028 0.21027315579 
0.213589 74.74537922210 0.21360638396 
0.214096 75.06798571858 0.20753957535 
0.214603 74.60583376261 0.21076423268 
0.215109 74.61273162935 0.20631905848 
0.215616 74.63316436878 0.20792157606 
0.216123 74.46271290840 0.20766194647 
0.216629 74.37107513114 0.20798605322 
0.217136 74.41350708631 0.20806975311 
0.217643 74.34347017967 0.20707404214 
0.218149 74.13612242588 0.20719335672 
0.218656 74.25722144931 0.20261377101 
0.219163 74.07408556333 0.20651012562 
0.219669 74.32027136890 0.20428527014 
0.220176 74.20112864748 0.20820108993 
0.220683 74.19573405686 0.21103106013 
0.221189 73.88760704447 0.20658155770 
0.221696 74.02180940308 0.20812039160 
0.222203 74.15200765961 0.20724358137 
0.222709 73.87151612338 0.20615615732 
0.223216 73.98004467313 0.20106873543 
0.223722 73.69216787723 0.20123117357 
0.224229 74.00034773336 0.20280486988 
0.224736 73.67410406180 0.20562884484 
0.225242 73.83667044485 0.20034070518 
0.225749 73.71017832901 0.20020225916 
0.226256 73.34590952449 0.20376040657 
0.226762 73.40170507072 0.20409085573 
0.227269 73.60127659718 0.20127724564 
0.227776 73.33706677392 0.20452643883 
0.228282 73.48296956918 0.20270965814 
0.228789 73.30150137715 0.20182669922 
0.229296 73.10399558573 0.20048028003 
0.229802 73.52871712643 0.19934962775 
0.230309 73.15991063460 0.19878613616 
0.230816 73.08334393204 0.20441816928 
0.231322 73.19350295782 0.20348917119 
0.231829 73.07676386068 0.20079881011 
0.232335 72.94501252128 0.19864082127 
0.232842 73.09378974309 0.20310473789 
0.233349 72.90520253387 0.20148356750 
0.233855 72.71181009082 0.19717619783 
0.234362 72.69324391088 0.19647187188 
0.234869 72.70776215636 0.19993239008 
0.235375 72.59118960651 0.20086861909 
0.235882 72.52328724039 0.20418117924 
0.236389 72.50623443496 0.20417082111 
0.236895 72.60225079839 0.19786639554 
0.237402 72.94428769019 0.19770683763 
0.237908 72.09879050040 0.20361053448 
0.238415 72.04444433397 0.19951450766 
0.238922 72.34568495720 0.19579091509 
0.239428 72.44818884685 0.20107608143 
0.239935 72.06977461462 0.19892771459 
0.240442 72.15338213620 0.19795844382 
0.240948 72.08621766462 0.19911164737 
0.241455 72.07737865024 0.19797453691 
0.241962 72.09456628949 0.19427411756 
0.242468 72.02994319832 0.20035268754 
0.242975 71.73367084891 0.19880425365 
0.243481 71.92511775682 0.19907796457 
0.243988 71.88961857719 0.20187352718 
0.244495 71.75739027252 0.19866159238 
0.245001 71.89303832274 0.19823008363 
0.245508 71.77278858470 0.19573183535 
0.246015 71.73934222043 0.19790769898 
0.246521 71.97074543247 0.19207501814 
0.247028 71.50200345013 0.19686434437 
0.247534 71.35490262025 0.20045040429 
0.248041 71.42706872666 0.19752805137 
0.248548 71.38059140017 0.19746026999 
0.249054 71.28223828741 0.19610355762 
0.249561 71.20212635668 0.19602745888 
0.250068 71.17737412456 0.19683460074 
0.250574 71.48233287076 0.19579369857 
0.251081 71.29858234557 0.19659896242 
0.251587 71.15355754134 0.19778068181 
0.252094 71.05705931910 0.20091753029 
0.252601 71.01888974962 0.19839733082 
0.253107 70.98983951627 0.19739154710 
0.253614 70.89973187126 0.19537092274 
0.254120 71.01339916397 0.19680944614 
0.254627 70.81417142527 0.19559320367 
0.255134 71.03752244195 0.19337497345 
0.255640 70.95902729576 0.19552129424 
0.256147 70.91292140096 0.19320646288 
0.256654 70.83664201919 0.19974231371 
0.257160 71.15567399330 0.19689164051 
0.257667 71.32961901623 0.19695724478 
0.258173 71.10117805196 0.19726296783 
0.258680 71.10442290960 0.19406108058 
0.259187 71.49987524065 0.19258246536 
0.259693 71.44512257368 0.19298497468 
0.260200 71.55485790820 0.19441566156 
0.260706 71.60058246836 0.19196390184 
0.261213 71.73740530633 0.19446965219 
0.261720 71.69288778212 0.19821355170 
0.262226 71.57489226259 0.19289627950 
0.262733 71.58467494697 0.19148751841 
0.263239 71.33488120729 0.19186351595 
0.263746 71.81793889910 0.19014258911 
0.264253 71.76814465430 0.19428291225 
0.264759 71.79971326202 0.19106938246 
0.265266 71.74261565861 0.19378500469 
0.265772 71.54641316462 0.19073808994 
0.266279 71.33753440146 0.18917157659 
0.266786 71.84352996264 0.18936188318 
0.267292 71.88582577738 0.19205256687 
0.267799 71.72923416558 0.19227255394 
0.268305 71.74378057812 0.19043791056 
0.268812 71.51454462566 0.18909229633 
0.269319 71.83828027949 0.19008499469 
0.269825 71.96270311961 0.19029885189 
0.270332 71.72306042970 0.18925213949 
0.270838 71.87817576418 0.19010455306 
0.271345 71.57637303734 0.19160434575 
0.271852 72.27271627432 0.19371266872 
0.272358 72.14157590889 0.19110018143 
0.272865 72.20419841829 0.19259717043 
0.273371 72.28429619736 0.18982651174 
0.273878 72.45658571027 0.19438312782 
0.274385 72.44515291020 0.18542043810 
0.274891 72.24700734192 0.19222322740 
0.275398 72.28364609589 0.18770022716 
0.275904 72.20378406126 0.18153454119 
0.276411 72.29244322381 0.18257569435 
0.276917 72.27493522529 0.18459468701 
0.277424 72.42978810546 0.18874506383 
0.277931 72.13046758410 0.18648870674 
0.278437 72.24080419413 0.18712110011 
0.278944 71.98823439316 0.18397292704 
0.279450 72.02687412897 0.18338694959 
0.279957 72.27699605554 0.18217079037 
0.280464 72.14833061808 0.18529269216 
0.280970 71.98865724844 0.18559813393 
0.281477 72.15793920122 0.18276488764 
0.281983 72.19904463447 0.18303205496 
0.282490 71.98655076849 0.18154844882 
0.282996 72.20237880331 0.18099642543 
0.283503 71.88138139606 0.18231223280 
0.284010 72.27778221038 0.18101466116 
0.284516 71.90174601927 0.17591159693 
0.285023 71.67559007661 0.17739076483 
0.285529 71.96188446312 0.17540941105 
0.286036 71.67537056845 0.17578049110 
0.286542 71.80135734242 0.17571182553 
0.287049 71.72116563373 0.17434552071 
0.287556 71.63335533109 0.17312876967 
0.288062 71.49858092206 0.17388134231 
0.288569 71.70352644517 0.16953680875 
0.289075 71.24984162868 0.17094511506 
0.289582 71.36878159809 0.16920793598 
0.290088 71.48386379112 0.16594836847 
0.290595 71.06470542550 0.16871521598 
0.291102 71.14570510368 0.16733977051 
0.291608 71.33129970580 0.16972861563 
0.292115 71.09042982276 0.16749509742 
0.292621 71.04910664881 0.16677375420 
0.293128 71.02128987076 0.16906086879 
0.293634 71.15395476964 0.16803908189 
0.294141 71.05598486372 0.16474415252 
0.294647 70.97504838811 0.16467371474 
0.295154 70.97617601973 0.16503332714 
0.295661 70.87565918386 0.16492919714 
0.296167 70.96458531761 0.16814044091 
0.296674 70.87686427348 0.16783842350 
0.297180 70.80187370401 0.16655085312 
0.297687 70.66211661681 0.16558603262 
0.298193 70.66988346899 0.16318257870 
0.298700 70.78453637346 0.16228662256 
0.299207 70.75826115914 0.16172638226 
0.299713 70.53277966768 0.16305893563 
0.300220 70.47300733893 0.16456821377 
0.300726 70.38135641920 0.16014302771 
0.301233 70.40883666251 0.16323105256 
0.301739 70.19876293738 0.16426338745 
0.302246 70.31155908971 0.16386407792 
0.302752 70.41185359789 0.16416972297 
0.303259 70.06016892180 0.16210545598 
0.303765 70.36094623873 0.15943123623 
0.304272 70.34443935953 0.15820129383 
0.304779 70.24157522204 0.15997544497 
0.305285 70.15650108290 0.15869432294 
0.305792 70.22271240461 0.15979379239 
0.306298 70.33170887149 0.16031694211 
0.306805 70.09715993117 0.16484939336 
0.307311 69.83407532595 0.15924078483 
0.307818 70.01091576878 0.15998070899 
0.308324 69.88659580815 0.15555324453 
0.308831 69.57068288152 0.15658565933 
0.309337 69.14499511058 0.15146589352 
0.309844 69.39681083729 0.15297181325 
0.310350 69.10052753990 0.15260459236 
0.310857 68.80547342778 0.15134391591 
0.311364 68.59892313593 0.15368908544 
0.311870 68.42960517717 0.15116266427 
0.312377 68.17211434758 0.14820116629 
0.312883 68.23227879785 0.14831880832 
0.313390 68.22970430810 0.14757002731 
0.313896 67.87824307757 0.14382186377 
0.314403 67.77896672854 0.14331902847 
0.314909 67.82493077322 0.14422212127 
0.315416 67.31955385726 0.14597834993 
0.315922 67.48887532504 0.14445327619 
0.316429 67.57224361973 0.14265109000 
0.316935 67.26414862486 0.14311270392 
0.317442 66.89034213403 0.14265898444 
0.317948 67.15022196286 0.14224815106 
0.318455 67.11960303848 0.13878896051 
0.318961 66.82570497881 0.14110712505 
0.319468 67.06186447629 0.14086975988 
0.319975 66.73195254435 0.14366705225 
0.320481 66.55614500601 0.13908427471 
0.320988 66.58032776000 0.14373598225 
0.321494 66.76359085061 0.13635694115 
0.322001 66.91979528702 0.15966085479 
0.322507 66.59306808387 0.14120769968 
0.323014 66.58068466854 0.13861662414 
0.323520 66.47783750579 0.14229359088 
0.324027 66.51780453986 0.14322047749 
0.324533 66.36634460074 0.14118606289 
0.325040 66.75234051048 0.13800164752 
0.325546 66.45640432328 0.13915548316 
0.326053 66.17573710265 0.13898055798 
0.326559 66.25531238125 0.13663661428 
0.327066 66.17924018680 0.14026768587 
0.327572 66.44476599841 0.13835116506 
0.328079 66.15559513865 0.14067378081 
0.328585 65.93028361212 0.14155631498 
0.329092 66.16241071251 0.13901615637 
0.329598 66.12523150034 0.13890996604 
0.330105 66.09728718653 0.14063895110 
0.330611 66.00886177990 0.13887274670 
0.331118 66.01153128359 0.13841188653 
0.331624 65.99798484218 0.13706897926 
0.332131 65.76883091272 0.13941750121 
0.332637 66.08245305198 0.14067730749 
0.333144 65.66146463313 0.14073656652 
0.333650 65.75030835531 0.13784305781 
0.334157 65.68563261342 0.13689258958 
0.334663 65.62329638064 0.14033638921 
0.335170 65.72551208643 0.14134114717 
0.335676 65.86912170159 0.14059725766 
0.336183 65.56966564292 0.13653944053 
0.336689 65.59553934896 0.13778595563 
0.337196 65.61120781688 0.14087640729 
0.337702 65.61973067594 0.13848315895 
0.338209 65.45421775133 0.14036952614 
0.338715 65.47942455959 0.13678106327 
0.339222 65.54407812678 0.14157279288 
0.339728 65.51822752541 0.14052840712 
0.340235 65.54067049152 0.21733997919 
0.340741 65.39424538503 0.13851506409 
0.341248 65.09107934127 0.13950068207 
0.341754 65.22510397949 0.13797604540 
0.342261 65.23107586675 0.14110826891 
0.342767 65.12884381789 0.14020422922 
0.343274 64.99734970568 0.13838577480 
0.343780 65.11366465736 0.13712177549 
0.344287 65.32049983078 0.14099271032 
0.344793 65.42016925629 0.13836153675 
0.345300 65.23782804297 0.14182360444 
0.345806 65.07853186548 0.14107313593 
0.346313 64.95557989777 0.14290279929 
0.346819 64.72486137528 0.14483115250 
0.347325 64.73538175174 0.14323625791 
0.347832 64.90697828300 0.14580751034 
0.348338 65.03102750272 0.14209006130 
0.348845 64.77546268427 0.14665620734 
0.349351 64.63346275423 0.15073411677 
0.349858 64.95871914582 0.14895722391 
0.350364 64.79592053425 0.14697090115 
0.350871 65.03138228055 0.14956228191 
0.351377 64.56720947116 0.14972629358 
0.351884 64.59953500441 0.14671715965 
0.352390 64.23017550350 0.14758906529 
0.352897 64.66963581901 0.14417701743 
0.353403 64.57648951856 0.14990299086 
0.353910 64.10921954283 0.15048229695 
0.354416 64.32808629508 0.15193563842 
0.354923 64.38202664184 0.15330620402 
0.355429 64.00413831563 0.15263778737 
0.355935 64.11960755384 0.14951392860 
0.356442 63.66316608109 0.14963845263 
0.356948 64.06815890146 0.15429636724 
0.357455 64.03784624954 0.15571305312 
0.357961 63.55861758871 0.15491627172 
0.358468 63.81889623768 0.15807279267 
0.358974 63.68097868534 0.22156194090 
0.359481 63.91495079209 0.20555251643 
0.359987 63.97203860877 0.19908362031 
0.360494 63.96730253483 0.19026228590 
0.361000 63.62614990547 0.18857479119 
0.361506 63.82518004825 0.18344215716 
0.362013 63.64165073177 0.18767120819 
0.362519 63.51191787699 0.18221350690 
0.363026 64.07403859183 0.18391590690 
0.363532 63.86772926524 0.19149890289 
0.364039 63.93200575992 0.18607836116 
0.364545 63.66402693003 0.18439111713 
0.365052 63.98600698859 0.18428777008 
0.365558 63.67754169514 0.18075960231 
0.366064 63.52516042005 0.18270304208 
0.366571 63.56279553986 0.18493618922 
0.367077 63.62392634549 0.18569402372 
0.367584 64.05702130416 0.18829989264 
0.368090 63.51325101793 0.18638801716 
0.368597 63.77008703222 0.18786450172 
0.369103 63.69757449324 0.18724090219 
0.369610 63.70860724228 0.18725844871 
0.370116 63.68433370683 0.18980676401 
0.370622 63.86632045454 0.19423337522 
0.371129 63.51175060092 0.19247079815 
0.371635 63.65137535919 0.19148301530 
0.372142 63.37175531890 0.19508891213 
0.372648 63.70212888680 0.19335425477 
0.373155 63.57654230739 0.19840631339 
0.373661 63.54709158563 0.19738846678 
0.374167 63.46715840641 0.19660798945 
0.374674 63.19082253273 0.19450079421 
0.375180 63.33479929611 0.19352380006 
0.375687 63.64847743165 0.19699997230 
0.376193 63.40616167389 0.20244532163 
0.376700 63.46010663162 0.19808631218 
0.377206 63.61795910190 0.20323141254 
0.377712 63.35209703922 0.19787903625 
0.378219 63.51465326705 0.20405704551 
0.378725 63.23846643845 0.20124211073 
0.379232 63.31130860684 0.21323917534 
0.379738 63.31187607128 0.20214514434 
0.380245 63.11135094920 0.20353219249 
0.380751 63.29414133455 0.20583215509 
0.381257 63.34018873312 0.20761586502 
0.381764 63.12436174688 0.21120332589 
0.382270 63.17494733039 0.20844997034 
0.382777 62.82480473496 0.20588105647 
0.383283 63.20091786623 0.20638091644 
0.383789 63.16137491799 0.21178434631 
0.384296 62.82948769297 0.21138976002 
0.384802 62.87028706294 0.21285794535 
0.385309 63.00985269717 0.20980406254 
0.385815 62.92124905165 0.20819795709 
0.386321 63.24384652310 0.21409015363 
0.386828 62.98241562212 0.21588505192 
0.387334 62.64595886818 0.20810542202 
0.387841 63.03282363390 0.21465586978 
0.388347 63.08319343392 0.21468827419 
0.388853 62.98914104407 0.20990043012 
0.389360 62.73719857861 0.21784505301 
0.389866 63.03083346188 0.21507338743 
0.390373 62.43794601428 0.21331053860 
0.390879 62.96592384942 0.21872278100 
0.391385 62.49835243405 0.22146465494 
0.391892 62.92236996281 0.21987740023 
0.392398 62.58330008542 0.22258536648 
0.392905 62.59750604616 0.22381396123 
0.393411 63.00001672088 0.22209456902 
0.393917 62.80499884868 0.22234457546 
0.394424 62.81493708720 0.22395590620 
0.394930 62.45373038796 0.22546815329 
0.395437 63.08604892397 0.22863672964 
0.395943 62.45989886259 0.22032765439 
0.396449 62.69385433872 0.31933874279 
0.396956 62.62592668757 0.22619565227 
0.397462 62.40033841714 0.22907875232 
0.397969 62.56131266659 0.23234811979 
0.398475 62.63146887773 0.23634758815 
0.398981 62.39871491985 0.23275853083 
0.399488 62.30102818653 0.23565382370 
0.399994 62.39630608044 0.23875998510 
0.400500 62.40082069470 0.23787294223 
0.401007 62.73771006866 0.24425002227 
0.401513 62.39768708100 0.23926533629 
0.402020 62.02066768417 0.23981654206 
0.402526 62.13487539982 0.24452073899 
0.403032 62.02130859790 0.24639995631 
0.403539 62.24272936090 0.25208137295 
0.404045 61.99281228459 0.23929437141 
0.404551 62.34235326171 0.26353687670 
0.405058 62.42447775125 0.26447574496 
0.405564 62.09084026799 0.25815333988 
0.406071 62.33043010300 0.25436853604 
0.406577 62.04722148101 0.25391330690 
0.407083 62.34036210215 0.26440637579 
0.407590 62.31502101234 0.26792601027 
0.408096 62.53202297246 0.27462245406 
0.408602 62.45509008472 0.27359111666 
0.409109 61.69712170245 0.25889307381 
0.409615 62.27444326048 0.27750943368 
0.410121 62.05299745149 0.26132471950 
0.410628 62.19934672389 0.26622104017 
0.411134 62.57469721316 0.27332895211 
0.411641 62.11854225265 0.26913630794 
0.412147 61.88566199877 0.25717260690 
0.412653 61.79514615272 0.27005716047 
0.413160 62.20945015480 0.25941228957 
0.413666 62.24959281544 0.27204422434 
0.414172 61.77777785125 0.28351582060 
0.414679 61.67511882100 0.26494406206 
0.415185 62.24262721056 0.28495742711 
0.415691 62.06097725207 0.27745262917 
0.416198 61.80182798889 0.27480830837 
0.416704 61.80144839883 0.28417820883 
0.417210 61.64409971412 0.27804717345 
0.417717 61.70305410930 0.29289841119 
0.418223 61.61532040306 0.27896939449 
0.418729 62.06927155193 0.27966538146 
0.419236 61.65852495470 0.28134715861 
0.419742 61.85753624726 0.27640689577 
0.420248 61.88357067083 0.27111054070 
0.420755 61.96220895919 0.28283951651 
0.421261 62.23805619954 0.27816140440 
0.421767 61.76332301128 0.27612895840 
0.422274 61.83052767097 0.28418990261 
0.422780 61.87335287566 0.28055937218 
0.423286 61.49829133229 0.28511346700 
0.423793 61.49202026204 0.27770675336 
0.424299 61.56253070029 0.29329790826 
0.424805 62.20441349953 0.28345755702 
0.425312 61.85764895612 0.29870207196 
0.425818 61.49384123485 0.27590309634 
0.426324 61.95050571570 0.30867905946 
0.426831 61.57304276033 0.28659974789 
0.427337 61.83833754991 0.29568778573 
0.427843 61.96862913135 0.29828938759 
0.428350 61.53367887383 0.29976985174 
0.428856 61.41729880300 0.29276868228 
0.429362 61.93162333282 0.30390905585 
0.429869 61.39765682770 0.30632501681 
0.430375 61.74187003202 0.31310132715 
0.430881 61.50866471686 0.31655764372 
0.431388 61.61982124883 0.32098679608 
0.431894 61.73511151014 0.31646681250 
0.432400 61.20658945184 0.33509898111 
0.432907 60.93213775686 0.32226070834 
0.433413 61.35050894199 0.34595838743 
0.433919 61.30652326925 0.33459355425 
0.434425 61.27431810458 0.33441139994 
0.434932 61.37167892503 0.33703133243 
0.435438 61.19944409062 0.33714507141 
0.435944 61.32769347761 0.33088655808 
0.436451 61.58196214681 0.34065534802 
0.436957 61.17581647729 0.35556246244 
0.437463 61.40786853119 0.36659962302 
0.437970 60.71225604618 0.35338097479 
0.438476 61.33153998533 0.36906909580 
0.438982 61.66499900568 0.35916167991 
0.439489 60.88643464637 0.39268339672 
0.439995 61.26694415763 0.36489317263 
0.440501 60.93960353072 0.36391295354 
0.441007 61.06415738175 0.38273628771 
0.441514 60.45730373141 0.37539234779 
0.442020 61.32694328602 0.41125246821 
0.442526 61.12172338467 0.38996608029 
0.443033 61.40458952142 0.38343359909 
0.443539 60.91946392008 0.39755252022 
0.444045 61.13678392138 0.41508962768 
0.444551 60.94571615234 0.41678597670 
0.445058 61.18161231294 0.41298188460 
0.445564 60.86588890236 0.42412786342 
0.446070 60.52897243375 0.42362595580 
0.446577 61.16457279203 0.44661037742 
0.447083 61.39471911041 0.46439472625 
0.447589 60.86820009751 0.45318985219 
0.448095 59.58675791485 0.43473575366 
0.448602 60.13833190969 0.45855167371 
0.449108 61.46183559614 0.48533246614 
0.449614 61.20858738461 0.49541790640 
0.450121 60.45869520771 0.47592103324 
0.450627 60.36269252239 0.48124738526 
0.451133 60.44861828796 0.50707833998 
0.451639 60.79113480110 0.53312367645 
0.452146 60.79820434489 0.53503438934 
0.452652 59.86516612787 0.52414559752 
0.453158 60.77942914117 0.54981104819 
0.453664 60.94536394162 0.58572274806 
0.454171 60.67097386661 0.61349943611 
0.454677 59.99709067495 0.60378945571 
0.455183 60.19823797535 0.62080625621 
0.455689 59.82906073013 0.63300344276 
0.456196 60.54858111546 0.66183086108 
0.456702 61.04175734908 0.65789608370 
0.457208 61.49102818934 0.72505756333 
0.457714 60.46023660691 0.75265115476 
0.458221 59.55478189645 0.72216975843 
0.458727 60.07752376048 0.78595699373 
0.459233 60.12665599034 0.84414783980 
0.459740 60.27549904957 0.85439879159 
0.460246 60.94372052880 0.88170464954 
0.460752 60.47763463054 0.95217773925 
0.461258 60.75618561535 0.99971281026 
0.461765 59.21216569416 1.04370773747 
0.462271 60.45880533356 1.06145687679 
0.462777 61.20894856822 1.24107938470 
0.463283 60.30970568739 1.27287116454 
0.463789 60.06793811418 1.31901763995 
0.464296 60.12883951583 1.40219548329 
0.464802 59.41712084581 1.31396502118 
0.465308 59.50308845003 1.43153194743 
0.465814 59.54606245438 1.60559324703 
0.466321 60.11519652336 1.68436248173 
0.466827 60.40965711091 1.82224464924 
0.467333 60.28900441317 1.87319187147 
0.467839 60.14095801525 1.94295411729 
0.468346 58.13514191420 2.23348807789 
0.468852 58.65510597716 2.54573530732 
0.469358 58.93868738368 2.88046567091 
0.469864 61.05462374725 3.12728992874 
0.470371 58.67124063366 3.90200614991 
0.470877 57.02481159859 4.42913107091 
0.471383 59.47002996064 5.55654669124 
0.471889 59.40887704892 7.84520508469 
0.472395 55.54904941468 5.69663557784 
0.472902 51.28421457672 12.67298677286 
