0.010896 1347.73918778623 13.40942833713 
0.011402 1206.62865686193 12.47552446370 
0.011909 1099.44356204563 13.08311991492 
0.012416 991.15982558777 10.29031048571 
0.012923 891.97443405876 7.68358882288 
0.013430 827.29919848073 11.86373387407 
0.013936 794.43814536495 9.12592253224 
0.014443 747.05807899348 7.34554419343 
0.014950 686.21129268823 6.62436637716 
0.015457 627.99498722124 5.76325174246 
0.015963 583.65958102099 4.77911124732 
0.016470 547.12350107654 4.40763339096 
0.016977 507.49955941280 3.91028123279 
0.017484 476.33210796657 3.30130441503 
0.017990 449.67830260342 3.29715319506 
0.018497 426.28451011760 2.61193687618 
0.019004 403.46436684926 2.42043832766 
0.019511 380.60206045294 2.30443475425 
0.020018 363.57731422022 2.21527306463 
0.020524 344.11278202344 1.96269862920 
0.021031 333.33079465591 1.83699447699 
0.021538 317.55559034961 1.67314264055 
0.022045 302.22232170021 1.69522557736 
0.022551 288.99921273847 1.63296209109 
0.023058 279.66241605058 1.52605333711 
0.023565 267.96484950516 1.57284237714 
0.024072 261.03454819444 1.73779316594 
0.024579 251.12618400372 1.78070775594 
0.025085 244.02314139762 2.14175102186 
0.025592 237.18995495728 2.12967277654 
0.026099 229.86230485366 2.22057355918 
0.026606 224.97207314530 1.81785009488 
0.027112 218.88251311525 1.71297719272 
0.027619 214.02203650879 1.61116647162 
0.028126 207.29557236471 1.52991114819 
0.028633 201.52095199179 1.36009068239 
0.029139 198.71663744368 1.24259173409 
0.029646 194.64506656950 1.11675498242 
0.030153 189.84771523393 1.12499232430 
0.030660 185.66235183256 1.01935537101 
0.031167 182.67936435890 0.95858132751 
0.031673 178.36615192221 0.94897895840 
0.032180 178.14505845146 0.89930168182 
0.032687 173.25864704403 0.89790561413 
0.033194 170.07488814801 0.77166177251 
0.033700 168.08254987065 0.82080630693 
0.034207 165.74590861360 0.77815577957 
0.034714 162.16344524140 0.77423350124 
0.035221 160.41314133839 0.74037268257 
0.035727 158.11888022799 0.65937888722 
0.036234 156.96561445900 0.69309181239 
0.036741 154.58586430687 0.66355701150 
0.037248 151.95839453592 0.64151872948 
0.037755 151.07160901226 0.60466130513 
0.038261 149.07355498927 0.59726574025 
0.038768 147.10638747397 0.58176691055 
0.039275 145.74940275240 0.58051208188 
0.039782 143.09609651432 0.59689219163 
0.040288 141.79018266637 0.60164163924 
0.040795 140.90565055487 0.55368183579 
0.041302 140.01294344617 0.57911901678 
0.041809 138.82489770012 0.54122610298 
0.042315 138.20279397950 0.53493575028 
0.042822 135.50074851634 0.56698185191 
0.043329 135.19523862856 0.52270934292 
0.043836 133.68874875167 0.55310116698 
0.044343 132.85889891781 0.52779282256 
0.044849 131.42418681954 0.51743925823 
0.045356 130.35126890464 0.51586755046 
0.045863 129.99382450332 0.49732261375 
0.046370 128.63680014559 0.51439158463 
0.046876 128.25867537493 0.50134799643 
0.047383 127.33838100501 0.48452847488 
0.047890 125.47676431636 0.48790853047 
0.048397 126.15518151691 0.49354597222 
0.048903 124.66279490957 0.47444314290 
0.049410 123.61052027233 0.48182960593 
0.049917 123.11048195881 0.46805216044 
0.050424 122.34245568200 0.45384977188 
0.050931 120.74594394313 0.46339022725 
0.051437 120.76405892714 0.46286335819 
0.051944 119.65272948694 0.45574423198 
0.052451 119.17039089822 0.42418666149 
0.052958 117.99194694687 0.44147136112 
0.053464 117.46311552357 0.45115628674 
0.053971 117.20181313673 0.45018315393 
0.054478 117.08730156942 0.44074953629 
0.054985 116.49893981994 0.43520294315 
0.055491 115.70369887685 0.44100488815 
0.055998 114.04133560598 0.42319672656 
0.056505 114.17488541032 0.41924814914 
0.057012 113.89893381545 0.42004228808 
0.057519 112.60020782502 0.42776094763 
0.058025 112.27002416263 0.39832160345 
0.058532 112.41312102778 0.42081618560 
0.059039 112.07097138776 0.40918943047 
0.059546 110.18053762387 0.42055622912 
0.060052 109.66928706660 0.41097469488 
0.060559 109.43202805111 0.39712166164 
0.061066 109.13230377172 0.41099933228 
0.061573 108.76855257220 0.39948249546 
0.062079 109.16490393983 0.39817116696 
0.062586 107.70481422155 0.39839670271 
0.063093 107.37527134880 0.37420700545 
0.063600 106.46300193925 0.38763388603 
0.064106 106.67889154308 0.39566187293 
0.064613 106.00714285174 0.38561373763 
0.065120 105.26319879021 0.37181497606 
0.065627 105.71636303301 0.37580343626 
0.066134 104.65320803843 0.38841636761 
0.066640 104.42993510281 0.38354436553 
0.067147 104.09575615158 0.36466332823 
0.067654 104.37448627127 0.36487856294 
0.068161 103.56175692792 0.37326200432 
0.068667 103.02292473486 0.36090747371 
0.069174 103.26791925304 0.37664824499 
0.069681 102.10874749937 0.37711002141 
0.070188 101.97848646355 0.36147449802 
0.070694 101.82278047370 0.35853061456 
0.071201 101.51038673914 0.34720698166 
0.071708 101.59089048592 0.36958606424 
0.072215 101.29789777462 0.34370315349 
0.072721 100.84196089458 0.34659533738 
0.073228 100.52880947340 0.34661539248 
0.073735 99.92506335744 0.35061999189 
0.074242 100.02535579030 0.35133248051 
0.074748 100.27979134238 0.34980445062 
0.075255 99.09729657742 0.32999439740 
0.075762 99.96333862721 0.33193197196 
0.076269 98.88905155901 0.34359741424 
0.076776 98.92340245670 0.32975035183 
0.077282 98.19639013814 0.32335789038 
0.077789 98.18252052513 0.32590967563 
0.078296 97.62566634271 0.33770769763 
0.078803 97.28632957518 0.34176230497 
0.079309 97.39496250296 0.34241426154 
0.079816 97.41643396960 0.33560292683 
0.080323 97.12192131139 0.33193969243 
0.080830 97.27990698896 0.32999202438 
0.081336 97.37787221839 0.32473308944 
0.081843 97.08160626247 0.33517686116 
0.082350 96.18531224682 0.32959858762 
0.082857 95.85088191167 0.32455379158 
0.083363 96.08300626273 0.33081921411 
0.083870 96.02417876602 0.33952841767 
0.084377 96.14970720130 0.33917474804 
0.084884 95.73408035238 0.33279507816 
0.085390 95.50697997160 0.32428698404 
0.085897 95.85395559925 0.33595195287 
0.086404 95.17347099658 0.33028984057 
0.086911 95.37211327980 0.33807862650 
0.087417 95.03275676593 0.32501020443 
0.087924 94.75439614722 0.33261166904 
0.088431 94.97506549899 0.33552208770 
0.088938 94.51915894705 0.33029327397 
0.089444 94.28271490517 0.32305026959 
0.089951 94.00616052725 0.33553566323 
0.090458 93.94050553166 0.33359683598 
0.090965 93.96428627451 0.34063882612 
0.091471 93.52637088363 0.33402254661 
0.091978 93.68323382768 0.33334414436 
0.092485 92.72060117536 0.35542680339 
0.092992 93.11986240522 0.33188464244 
0.093498 92.64923775600 0.34441574703 
0.094005 92.86282402018 0.32924269935 
0.094512 92.42994149675 0.32904570335 
0.095019 92.79868974834 0.33994668826 
0.095525 92.54027226852 0.32742311513 
0.096032 91.93035769008 0.33989550578 
0.096539 92.77096113807 0.33457376415 
0.097046 92.39645797484 0.33168726246 
0.097552 91.68648788227 0.33562873999 
0.098059 92.10062962767 0.32586270640 
0.098566 91.45279575807 0.32226453333 
0.099073 91.48434513164 0.32229330744 
0.099579 91.29995794826 0.32095270172 
0.100086 91.49438235620 0.30577591233 
0.100593 91.33418069858 0.32522112492 
0.101100 91.21340837577 0.32392856419 
0.101606 91.18773598807 0.30755745563 
0.102113 90.40908931014 0.30628216444 
0.102620 89.55024395903 0.30307946893 
0.103127 89.22703994071 0.30022558665 
0.103633 89.04555858501 0.29857889072 
0.104140 88.68916338506 0.30228492831 
0.104647 88.68472624662 0.29318523883 
0.105154 88.68008901039 0.30577507983 
0.105660 88.34367279429 0.29785291596 
0.106167 88.01891616323 0.29652613279 
0.106674 88.20985724931 0.30719011643 
0.107181 87.60860958578 0.29870781367 
0.107687 87.73625920031 0.30676428163 
0.108194 87.71763980052 0.29705136489 
0.108701 87.72613847298 0.29717980098 
0.109208 87.58436701786 0.29631967274 
0.109714 87.85853509849 0.28665554124 
0.110221 87.59006908155 0.28855226312 
0.110728 87.29209032487 0.29513816553 
0.111235 87.49878648647 0.28708783659 
0.111741 87.09967980521 0.28377030071 
0.112248 87.40277577927 0.28157644529 
0.112755 87.23160264941 0.28911834693 
0.113262 86.96270749626 0.28632114933 
0.113768 87.28789376303 0.27898352850 
0.114275 86.84928444323 0.28545415182 
0.114782 86.33327384654 0.27875883948 
0.115289 86.80625885799 0.27704129885 
0.115795 86.67877923079 0.27970622405 
0.116302 86.16799418258 0.27232462819 
0.116809 86.54314792438 0.27518723286 
0.117316 86.41287232598 0.27536184366 
0.117822 85.89150042666 0.27104332923 
0.118329 86.13995566883 0.26941246893 
0.118836 86.27020412922 0.26082334634 
0.119342 85.86498131633 0.26728249517 
0.119849 85.57304679191 0.26981378192 
0.120356 85.75935908458 0.25976568024 
0.120863 85.94522357394 0.26671867869 
0.121369 85.45760016406 0.26810308424 
0.121876 85.69121245682 0.26475630668 
0.122383 85.46919596875 0.26946332575 
0.122890 84.89227612011 0.26395871398 
0.123396 85.30634589637 0.26365892976 
0.123903 85.22805114014 0.25647932265 
0.124410 85.13918877453 0.26119169223 
0.124917 85.21534033264 0.26308284506 
0.125423 84.95826664024 0.26322056746 
0.125930 84.57801284341 0.25202612039 
0.126437 85.17998665980 0.25609881460 
0.126944 84.85111219777 0.26056040265 
0.127450 84.70829042148 0.25623409057 
0.127957 84.41942185790 0.25847661273 
0.128464 84.53503115831 0.25466708960 
0.128970 84.18773557668 0.25687570008 
0.129477 84.27796780092 0.25423388405 
0.129984 84.17084435753 0.25351489649 
0.130491 84.14315149543 0.25247526811 
0.130997 84.05384515590 0.25205933614 
0.131504 84.11919317332 0.25896573683 
0.132011 84.16641354423 0.25283752427 
0.132518 83.90982809367 0.24925675393 
0.133024 83.97749643572 0.24351852481 
0.133531 83.93851647617 0.24901923092 
0.134038 84.13710123178 0.25015869834 
0.134545 83.96393347946 0.25649389081 
0.135051 83.65517936453 0.24193446312 
0.135558 83.93370337025 0.24674221052 
0.136065 83.19168096546 0.24390076100 
0.136571 83.22676430167 0.24667815003 
0.137078 83.42003960481 0.24336502164 
0.137585 83.29135319063 0.24121288907 
0.138092 83.12114082687 0.24205541497 
0.138598 83.12753029209 0.23899935370 
0.139105 82.88422445669 0.24082048862 
0.139612 83.12188193376 0.23794407265 
0.140119 82.97208451096 0.24534462813 
0.140625 82.81197409173 0.24374809913 
0.141132 83.12004409078 0.23621060034 
0.141639 82.95740856852 0.23760156390 
0.142145 82.59957066875 0.23428429517 
0.142652 82.40616110557 0.23639434362 
0.143159 82.34444273034 0.23959091512 
0.143666 82.53516445562 0.24142830416 
0.144172 82.08299798690 0.24669076554 
0.144679 81.87118279528 0.23392997843 
0.145186 82.31605460228 0.24471317625 
0.145692 81.90478216772 0.23672365237 
0.146199 81.92951640041 0.23471510338 
0.146706 82.06153994356 0.23935076712 
0.147213 81.97258506919 0.24141663377 
0.147719 81.56734262021 0.24413543388 
0.148226 81.65514761790 0.23993284109 
0.148733 81.36336904545 0.24228407457 
0.149240 81.42492599349 0.24205737522 
0.149746 81.05245808033 0.24056665913 
0.150253 81.15990429863 0.24078476030 
0.150760 81.29373169996 0.24091918302 
0.151266 81.01594539891 0.24311675131 
0.151773 81.17059187710 0.24037365304 
0.152280 81.00374948387 0.24106391009 
0.152787 80.90278919984 0.23967651994 
0.153293 80.83869918506 0.23399466902 
0.153800 80.84395643270 0.24222998763 
0.154307 80.63477257478 0.24196747486 
0.154813 80.56766017946 0.23300943182 
0.155320 80.55738973402 0.23823035007 
0.155827 80.61494579491 0.23538817329 
0.156334 80.51351401141 0.23361252425 
0.156840 80.35432240458 0.24164824473 
0.157347 80.30791517840 0.23183737726 
0.157854 80.27326232381 0.23761910058 
0.158360 80.01399749702 0.23947912333 
0.158867 80.20263369614 0.23563235589 
0.159374 80.03387288028 0.24331322401 
0.159881 79.69338735717 0.23762921020 
0.160387 80.17236840534 0.23857858401 
0.160894 79.82414068325 0.23715003412 
0.161401 79.90872999549 0.23610879869 
0.161907 79.48301513496 0.23847074593 
0.162414 79.44443010401 0.23079936838 
0.162921 79.10480708951 0.23049502025 
0.163427 79.49961455616 0.23423705447 
0.163934 79.30283418996 0.23466748329 
0.164441 79.26836063292 0.23318366317 
0.164948 79.13492586622 0.23204046471 
0.165454 79.27184504910 0.22291154503 
0.165961 78.89541564464 0.23019482179 
0.166468 79.01278123530 0.22288168866 
0.166974 79.15472304142 0.22285099490 
0.167481 78.79324968375 0.23677561575 
0.167988 78.84665957151 0.22621708049 
0.168495 78.95706364338 0.22934406953 
0.169001 79.07383431964 0.23201712949 
0.169508 79.26242931733 0.23815227953 
0.170015 79.39337249538 0.23487875195 
0.170521 78.96781402344 0.22905819098 
0.171028 78.92307961888 0.23110804344 
0.171535 79.40713090656 0.23681099407 
0.172041 79.02807765286 0.24062163657 
0.172548 79.19514055639 0.23394662544 
0.173055 79.10888522011 0.23915295460 
0.173562 78.93865630151 0.23423869332 
0.174068 78.97678091388 0.23351456081 
0.174575 79.08002929832 0.23896999459 
0.175082 78.88325596579 0.23706229217 
0.175588 79.13751924875 0.24336611167 
0.176095 78.59981678157 0.23474181442 
0.176602 78.70082995406 0.23556981435 
0.177108 78.63462673139 0.23865266735 
0.177615 78.41189879533 0.23637056407 
0.178122 78.39981486167 0.23094333142 
0.178629 78.41182377869 0.23619640982 
0.179135 78.58721540079 0.24067113724 
0.179642 78.24626481381 0.23895616347 
0.180149 78.48252161273 0.23398985533 
0.180655 78.50979406991 0.23783435693 
0.181162 78.12882206319 0.23369820049 
0.181669 78.32622826848 0.23271343564 
0.182175 78.54842586732 0.24235282545 
0.182682 78.92814964231 0.24082464265 
0.183189 78.72905553800 0.24264088406 
0.183695 78.30614339900 0.24011027073 
0.184202 78.07163695682 0.24272483743 
0.184709 78.29356819917 0.24447341043 
0.185216 78.45291942323 0.24636483281 
0.185722 78.23691158349 0.24276693190 
0.186229 77.81670253429 0.24119085888 
0.186736 78.01970408033 0.24838503775 
0.187242 78.02201252487 0.24921556510 
0.187749 77.90630126770 0.24432138835 
0.188256 78.07189507469 0.24955865309 
0.188762 77.87328417713 0.24025249484 
0.189269 77.59957500775 0.24356016103 
0.189776 77.47791152396 0.24841480752 
0.190282 77.85988784815 0.24567461923 
0.190789 77.41700614860 0.24386110087 
0.191296 77.09467023673 0.24226643117 
0.191802 77.33473187468 0.24566824097 
0.192309 77.42285389910 0.24376455646 
0.192816 76.90809795420 0.23742113216 
0.193323 76.94947175544 0.23510479548 
0.193829 76.66739298194 0.23792950079 
0.194336 76.47180530269 0.23419001884 
0.194843 76.33137060869 0.23193491190 
0.195349 76.54748339546 0.22594472880 
0.195856 76.01313796819 0.23146457208 
0.196363 76.16812662885 0.22969612796 
0.196869 76.17419744090 0.22951326784 
0.197376 75.91588912755 0.22302309532 
0.197883 76.10619827044 0.23077937190 
0.198389 75.70550132793 0.22591314963 
0.198896 75.84338965369 0.22680750630 
0.199403 76.05025330100 0.22542561140 
0.199909 75.95221871937 0.22682261424 
0.200416 75.81458564060 0.22226697987 
0.200923 75.34825248999 0.22441017154 
0.201429 75.94213831296 0.22429193136 
0.201936 75.69361861384 0.22959661762 
0.202443 75.41569452730 0.22178783436 
0.202949 75.65908567530 0.22071474915 
0.203456 75.35403765257 0.22234376746 
0.203963 75.62706211129 0.22080435707 
0.204469 75.37475260386 0.21892511468 
0.204976 75.50445376237 0.21979546211 
0.205483 75.49612293874 0.21265080309 
0.205989 75.42901141932 0.21681000296 
0.206496 75.45633395583 0.21871222252 
0.207003 75.59417222737 0.21724857156 
0.207509 75.37293331754 0.21459389224 
0.208016 75.04910791487 0.21330459558 
0.208523 75.31277049230 0.21176507819 
0.209029 75.35226530885 0.20992044585 
0.209536 75.06394769832 0.21125878153 
0.210043 75.20005162949 0.21166970207 
0.210549 74.84389625680 0.21033353097 
0.211056 74.95991114695 0.20554875821 
0.211563 75.11954487175 0.21113541529 
0.212069 75.03695687646 0.21269543111 
0.212576 74.98469289718 0.21279192767 
0.213083 74.87897975848 0.20958462566 
0.213589 74.94207262757 0.20881832611 
0.214096 74.54933119307 0.20868328714 
0.214603 74.76359919121 0.20463337796 
0.215109 74.54150653131 0.21025396675 
0.215616 74.28022721632 0.20969525446 
0.216123 74.38261371564 0.20480141868 
0.216629 74.35749318648 0.20623886712 
0.217136 74.54554853359 0.20922606443 
0.217643 74.02492083315 0.20600906213 
0.218149 73.96256223036 0.20687860139 
0.218656 73.93410113768 0.20442848461 
0.219163 74.04189464199 0.20734521345 
0.219669 73.95584233359 0.20222820643 
0.220176 73.76764552922 0.20478859745 
0.220683 73.93188522865 0.20331018798 
0.221189 73.93509840616 0.20410358779 
0.221696 74.01236732996 0.20033999210 
0.222203 74.09648011686 0.20654498190 
0.222709 74.02648580121 0.20206724196 
0.223216 73.75350646518 0.20501367243 
0.223722 73.80541965495 0.20329100293 
0.224229 73.39126174499 0.20315773132 
0.224736 73.76077639345 0.20313118512 
0.225242 73.25937471246 0.20479846413 
0.225749 73.37032336949 0.19987835083 
0.226256 73.71399956976 0.19977513015 
0.226762 73.59095652723 0.20153198103 
0.227269 73.06925503998 0.20296432372 
0.227776 73.54968174728 0.20282751545 
0.228282 73.30264642672 0.20284688166 
0.228789 73.29189816497 0.20371197066 
0.229296 73.46707836109 0.20225553438 
0.229802 73.22556295102 0.20042723705 
0.230309 73.10849894861 0.19858016064 
0.230816 72.88973091413 0.19890204107 
0.231322 73.00498595428 0.20058109893 
0.231829 73.08408871791 0.20051532045 
0.232335 72.58818736290 0.20400723352 
0.232842 72.81327549417 0.19933721983 
0.233349 72.78581860051 0.19911928946 
0.233855 72.60658283183 0.19744426007 
0.234362 72.70501367625 0.20022156640 
0.234869 72.76150051865 0.19822981559 
0.235375 72.56691403724 0.20050648952 
0.235882 72.59641713067 0.19865129123 
0.236389 72.55560317281 0.19713845386 
0.236895 72.47958900947 0.19730839033 
0.237402 72.48753442568 0.20136537887 
0.237908 72.27290495024 0.20052387109 
0.238415 72.57622883594 0.20086300285 
0.238922 72.31517474318 0.19545762926 
0.239428 72.13830483600 0.19717771876 
0.239935 72.03061222164 0.19710001614 
0.240442 72.04709394860 0.19887172951 
0.240948 72.10909308995 0.20120639821 
0.241455 72.16103174346 0.20044504446 
0.241962 72.12642727630 0.19907091119 
0.242468 71.84573692142 0.20042536201 
0.242975 71.94851397777 0.19597968762 
0.243481 71.83257453219 0.19786357827 
0.243988 71.62117551592 0.19315082933 
0.244495 71.56219711331 0.19955896836 
0.245001 71.57707723052 0.19660966671 
0.245508 71.60238978450 0.19542222497 
0.246015 71.54459527500 0.19221203790 
0.246521 71.48329089604 0.19225057262 
0.247028 71.63491582336 0.20116393551 
0.247534 71.59202559223 0.19767292728 
0.248041 71.53997629172 0.19696960722 
0.248548 71.61355191121 0.20081651776 
0.249054 71.56876873511 0.19481282969 
0.249561 71.38304356237 0.19519640394 
0.250068 71.20759696483 0.19701773311 
0.250574 71.12704033436 0.19949690371 
0.251081 71.24214761077 0.19535660407 
0.251587 71.39380599034 0.19862325221 
0.252094 71.15180374037 0.19759707198 
0.252601 71.01347573264 0.19452638939 
0.253107 70.86373083592 0.19354942849 
0.253614 70.88522974795 0.19503662450 
0.254120 70.83298590649 0.19497429377 
0.254627 70.93137750156 0.19526139144 
0.255134 71.17108075963 0.19429847845 
0.255640 71.03952898507 0.19535731664 
0.256147 71.02288181061 0.19663271421 
0.256654 70.78857852700 0.20011556183 
0.257160 71.06501155187 0.19581330963 
0.257667 71.18863759266 0.19344834255 
0.258173 71.04824978641 0.19662036561 
0.258680 71.55465964719 0.19110916002 
0.259187 71.57108990535 0.19793819793 
0.259693 71.37873207943 0.19276675214 
0.260200 71.61870035055 0.19497672030 
0.260706 71.70742500468 0.19108611695 
0.261213 71.47914887725 0.19698612923 
0.261720 71.74936109875 0.19640798008 
0.262226 71.34269826940 0.19342718121 
0.262733 71.55816531457 0.19444189011 
0.263239 71.82258953808 0.19378678824 
0.263746 71.60398490002 0.19341906915 
0.264253 71.77315278535 0.19280225012 
0.264759 71.78522173339 0.18975473731 
0.265266 71.47163364376 0.19406704409 
0.265772 71.70233096325 0.19330076556 
0.266279 71.62674942027 0.19243745944 
0.266786 71.43949919370 0.19110059985 
0.267292 71.75159016657 0.19098223529 
0.267799 71.71153880369 0.18979522452 
0.268305 71.67069750011 0.18749174660 
0.268812 71.45983220262 0.19173649567 
0.269319 71.55613603170 0.19040954764 
0.269825 71.50887302486 0.18615559709 
0.270332 71.74447046659 0.18936699130 
0.270838 71.92393190405 0.18786021659 
0.271345 71.82807772255 0.19236462514 
0.271852 72.14660717612 0.19041253786 
0.272358 72.22869287828 0.19433776679 
0.272865 71.94798555751 0.19192944944 
0.273371 72.12465095551 0.19153613706 
0.273878 72.34258457503 0.19238042303 
0.274385 72.38494621789 0.18870307855 
0.274891 72.43428836964 0.18970914364 
0.275398 72.30933215751 0.18576816027 
0.275904 72.07753256127 0.18705481958 
0.276411 72.27170233931 0.18729522504 
0.276917 72.00380784870 0.18390391489 
0.277424 72.45397060569 0.18423028600 
0.277931 72.05379497705 0.18367896649 
0.278437 72.23318138315 0.18040344274 
0.278944 71.98419708989 0.18332184124 
0.279450 72.22902616832 0.18265924695 
0.279957 71.87384653854 0.18598428235 
0.280464 72.07590921432 0.18463427133 
0.280970 71.95128658134 0.18214979589 
0.281477 72.00807470977 0.18343733622 
0.281983 71.87788709523 0.18393166887 
0.282490 72.24680006458 0.18094362027 
0.282996 71.98998391719 0.18738043134 
0.283503 72.04201209888 0.18111025973 
0.284010 71.90769641864 0.17890241746 
0.284516 71.59795373245 0.18110779099 
0.285023 71.38271482457 0.17535750223 
0.285529 71.81519813030 0.17656273426 
0.286036 71.67292320207 0.17344109764 
0.286542 71.64194140975 0.17152516594 
0.287049 71.60547754105 0.17561658083 
0.287556 71.44410977629 0.17341969940 
0.288062 71.43702418393 0.17208016505 
0.288569 71.35980659396 0.17159265384 
0.289075 71.33705461688 0.17088579122 
0.289582 71.51969042108 0.16871943521 
0.290088 71.43269744620 0.16961561845 
0.290595 71.37453406555 0.16949274337 
0.291102 71.34714551145 0.16712992328 
0.291608 71.17208781914 0.16744110919 
0.292115 71.09838959407 0.16615471253 
0.292621 71.20286986489 0.16554022847 
0.293128 71.04295367077 0.16687627737 
0.293634 71.03992696765 0.16566688104 
0.294141 71.17718722084 0.16802985035 
0.294647 70.85134927093 0.16573284773 
0.295154 70.71258155717 0.16699995248 
0.295661 70.67119728438 0.16659684319 
0.296167 70.84823479324 0.16550084678 
0.296674 70.66724868471 0.16385326289 
0.297180 70.50225020305 0.16728792620 
0.297687 70.72341523341 0.16539700173 
0.298193 70.91479829881 0.16522555871 
0.298700 70.49425076630 0.16451053690 
0.299207 70.58977185710 0.16523472393 
0.299713 70.54966664614 0.16545343435 
0.300220 70.41087761375 0.16371770006 
0.300726 70.49512737532 0.16288871322 
0.301233 70.16492907367 0.16231506534 
0.301739 70.43003594913 0.16305592293 
0.302246 70.26997543086 0.16263517147 
0.302752 70.21311592156 0.16389548548 
0.303259 70.25637873755 0.15936570042 
0.303765 70.42102839483 0.16335887729 
0.304272 70.08653412963 0.15757462624 
0.304779 70.09276924714 0.16243906717 
0.305285 70.02400947855 0.15709651316 
0.305792 70.39175620832 0.16070283390 
0.306298 70.25325443773 0.15463882670 
0.306805 70.07448603270 0.16089858744 
0.307311 70.10945825497 0.15800369157 
0.307818 69.68876521365 0.16111596101 
0.308324 69.76232465362 0.15586630520 
0.308831 69.58668253773 0.15533466132 
0.309337 69.33917494030 0.15308806456 
0.309844 69.25138560693 0.15343086455 
0.310350 68.96628663332 0.15629376057 
0.310857 68.94951657914 0.14931331951 
0.311364 68.77481541063 0.15037698605 
0.311870 68.25956886994 0.15060707795 
0.312377 68.19488353755 0.14811147449 
0.312883 68.29255743596 0.14720930230 
0.313390 67.88065104958 0.14872065378 
0.313896 67.74036923299 0.14487323264 
0.314403 67.61306853953 0.14586341308 
0.314909 67.71911134180 0.14557002850 
0.315416 67.38076520432 0.14544024279 
0.315922 67.62760378512 0.14572427128 
0.316429 67.36709527367 0.14123962478 
0.316935 67.26271120896 0.14019521128 
0.317442 67.23469392484 0.14136042794 
0.317948 67.12369012093 0.14181408823 
0.318455 67.10451217046 0.14297499816 
0.318961 66.76704564257 0.14144622356 
0.319468 66.93605183936 0.13844477184 
0.319975 66.82314242962 0.14131864547 
0.320481 66.88282847357 0.14121540460 
0.320988 66.61866459213 0.14222601037 
0.321494 66.58513957799 0.14393673262 
0.322001 66.67941710256 0.15057665537 
0.322507 66.49610123230 0.14277488490 
0.323014 66.59858023485 0.14181570251 
0.323520 66.34415991534 0.14027530599 
0.324027 66.41170609314 0.14096500131 
0.324533 66.63555125552 0.14366105135 
0.325040 66.37722686610 0.13973682001 
0.325546 66.19976775289 0.14075315929 
0.326053 66.01672668672 0.13950405203 
0.326559 66.22947371118 0.13885976944 
0.327066 66.20978368788 0.13699813999 
0.327572 66.32308844197 0.13799138407 
0.328079 66.20651866257 0.13991120435 
0.328585 66.20105541733 0.13834290424 
0.329092 66.24195684788 0.13783596899 
0.329598 65.98525672332 0.14015481303 
0.330105 66.04853625647 0.14012391838 
0.330611 66.18309466063 0.13900207276 
0.331118 65.83113596333 0.14062327739 
0.331624 65.73489392950 0.13674785233 
0.332131 65.99274825874 0.13858372735 
0.332637 65.88611107024 0.13803466802 
0.333144 65.91558691869 0.13751388338 
0.333650 65.69669813790 0.13553691079 
0.334157 65.79216692004 0.13921653936 
0.334663 65.65778812457 0.13915962947 
0.335170 65.77599268674 0.14137156204 
0.335676 65.65744338910 0.14022958777 
0.336183 65.77517274869 0.14153554125 
0.336689 65.65550386457 0.14073526365 
0.337196 65.80760396372 0.13676678012 
0.337702 65.55598271193 0.13877456831 
0.338209 65.51316694903 0.13968645747 
0.338715 65.40836751152 0.13914716490 
0.339222 65.37221089359 0.14088508969 
0.339728 65.21523497456 0.13846103960 
0.340235 65.50739823053 0.22227146720 
0.340741 65.06766066951 0.13661005819 
0.341248 65.09412967715 0.13767109766 
0.341754 65.09666269336 0.14141881162 
0.342261 65.34002097722 0.13701964127 
0.342767 65.41818855139 0.13976025715 
0.343274 65.12535587377 0.13871945199 
0.343780 65.22977590778 0.14103664533 
0.344287 65.18100770288 0.13990694103 
0.344793 65.05773712669 0.13853980259 
0.345300 64.89845492524 0.14093223147 
0.345806 65.12102554990 0.14338833911 
0.346313 65.08896324201 0.14144093460 
0.346819 65.13499079082 0.13985443646 
0.347325 65.09951516581 0.14379496047 
0.347832 64.85293387237 0.14164780848 
0.348338 64.79406574657 0.14334329478 
0.348845 64.89609509747 0.14777592984 
0.349351 64.68033277890 0.14516905969 
0.349858 64.75271295309 0.14851539861 
0.350364 64.85796243643 0.14679605071 
0.350871 64.56771895953 0.14470845577 
0.351377 64.53533370008 0.14851542630 
0.351884 64.69803779196 0.15071267379 
0.352390 64.54042903518 0.14833404220 
0.352897 64.33798506438 0.14873619622 
0.353403 64.22834834488 0.15096148373 
0.353910 64.25359914353 0.14888001162 
0.354416 64.30012261422 0.15475743228 
0.354923 64.23436153657 0.15319593374 
0.355429 64.16903912300 0.15497062579 
0.355935 63.89204181243 0.14817609194 
0.356442 64.11139455631 0.15000699588 
0.356948 63.91796780053 0.15450873891 
0.357455 63.93865990086 0.15577776207 
0.357961 63.80956406944 0.15309565058 
0.358468 63.90455437006 0.15922394744 
0.358974 63.63842340938 0.22107193917 
0.359481 63.75444343048 0.20186161624 
0.359987 63.90807717772 0.19894136473 
0.360494 63.90130273943 0.19192127487 
0.361000 64.01680934010 0.18863460793 
0.361506 63.65196863173 0.18635201641 
0.362013 63.88860229442 0.18645136956 
0.362519 63.98647806859 0.18705011197 
0.363026 63.78371602532 0.18478866709 
0.363532 63.83006804760 0.18805311502 
0.364039 63.84770378819 0.18095748924 
0.364545 64.15367612164 0.18192191932 
0.365052 63.95285846235 0.18725380794 
0.365558 63.75703915019 0.17967608710 
0.366064 63.96684944200 0.18455265573 
0.366571 63.49153775564 0.18240536051 
0.367077 63.34230900947 0.18628844452 
0.367584 63.68653060487 0.18755759697 
0.368090 63.66160711961 0.18194787666 
0.368597 63.31380938781 0.18666360337 
0.369103 63.49976847036 0.18481539816 
0.369610 63.55800181633 0.18842865754 
0.370116 63.65459845081 0.19135296695 
0.370622 63.46097535243 0.19105564831 
0.371129 63.58047620338 0.19534522336 
0.371635 63.49259971285 0.19027958001 
0.372142 63.45797707268 0.19210936152 
0.372648 63.49920775788 0.19401349199 
0.373155 63.73925710240 0.19868075820 
0.373661 63.30994643295 0.19759687451 
0.374167 63.48653672467 0.19467495373 
0.374674 63.31225571701 0.20073090398 
0.375180 63.53430043965 0.19674987944 
0.375687 63.63359040873 0.19985104279 
0.376193 63.33419733328 0.19937323250 
0.376700 63.34704277186 0.19862444578 
0.377206 63.29486603198 0.19758485644 
0.377712 63.59969881572 0.20300805702 
0.378219 63.18284546994 0.20049389723 
0.378725 63.07829104014 0.20168219701 
0.379232 63.13791625498 0.20814415388 
0.379738 63.20553044749 0.20031945344 
0.380245 63.12717245232 0.20718642228 
0.380751 63.12110875772 0.20883527779 
0.381257 63.04814730760 0.20828644263 
0.381764 63.33732173999 0.21088875636 
0.382270 63.01502798761 0.21159468791 
0.382777 62.76343964222 0.20863029185 
0.383283 63.11446413423 0.20789027057 
0.383789 63.18405244566 0.21160526554 
0.384296 63.11137682145 0.20729293612 
0.384802 62.90269498402 0.20968166248 
0.385309 63.30535081276 0.21084326209 
0.385815 63.09820836178 0.21151442113 
0.386321 63.02134880472 0.21067399880 
0.386828 62.90946983976 0.21800281808 
0.387334 62.96719583177 0.21467569390 
0.387841 63.39292745652 0.22248360321 
0.388347 63.13528770589 0.21556906955 
0.388853 62.89127976035 0.21437060660 
0.389360 62.82832860577 0.21565236892 
0.389866 63.08264913272 0.21154444592 
0.390373 62.96369180653 0.21974843245 
0.390879 62.72163358659 0.21948769400 
0.391385 62.78687593809 0.21910206442 
0.391892 62.53271096528 0.21676820874 
0.392398 63.00390613882 0.21987993861 
0.392905 62.76607201450 0.22033714203 
0.393411 62.25452132735 0.22477715234 
0.393917 63.05473645920 0.22226633118 
0.394424 63.02623309192 0.22354771108 
0.394930 62.78155566482 0.22274421085 
0.395437 62.71471117040 0.22286782816 
0.395943 62.34326689775 0.22434918225 
0.396449 62.67350297474 0.28473866478 
0.396956 62.96326371040 0.22831169373 
0.397462 62.38304938260 0.23331520599 
0.397969 62.65246379143 0.23436716026 
0.398475 62.38953841181 0.23183371453 
0.398981 62.71850991870 0.23324789701 
0.399488 62.40146742886 0.23837621037 
0.399994 62.18097486033 0.24477182645 
0.400500 62.77248500995 0.24082812826 
0.401007 62.73351779233 0.23435334339 
0.401513 62.43872994007 0.24164040206 
0.402020 62.23411902068 0.25256486390 
0.402526 62.30225689864 0.24533580787 
0.403032 62.58980646790 0.24724798390 
0.403539 62.37550971511 0.25648330726 
0.404045 62.28917763759 0.25040510443 
0.404551 62.24996035432 0.26421622301 
0.405058 62.79583713098 0.26609500095 
0.405564 61.98126286527 0.25516877921 
0.406071 62.63188983785 0.25712762145 
0.406577 62.17335642792 0.25967598467 
0.407083 62.08524352407 0.26153627861 
0.407590 62.08838766325 0.27198958245 
0.408096 62.09478239216 0.27521073622 
0.408602 62.15591563136 0.27868418583 
0.409109 62.37265729412 0.25608401211 
0.409615 62.29819312085 0.26835023062 
0.410121 62.31880137680 0.25382610870 
0.410628 62.16914846437 0.27228993866 
0.411134 61.78979144345 0.26823255715 
0.411641 62.10838411552 0.27722207033 
0.412147 62.05221499866 0.26181053032 
0.412653 62.01542459972 0.27068159245 
0.413160 61.81893673111 0.26484272788 
0.413666 62.31873536645 0.26828909052 
0.414172 62.02338906214 0.28239777774 
0.414679 62.09793935235 0.26911602781 
0.415185 61.93422284124 0.27839014023 
0.415691 62.32336447482 0.27549280366 
0.416198 61.75104922607 0.27621909366 
0.416704 61.66030976157 0.28616090640 
0.417210 62.31529554685 0.28211005374 
0.417717 61.95537982047 0.28731094888 
0.418223 61.27267178788 0.28180428749 
0.418729 62.17086761701 0.28696160485 
0.419236 62.31805694944 0.27380993738 
0.419742 61.03256106850 0.27440968013 
0.420248 61.50662330174 0.27559896940 
0.420755 62.35796132830 0.28096086017 
0.421261 61.65892119978 0.27150271321 
0.421767 62.06672048681 0.27701336692 
0.422274 61.55394500773 0.28340378192 
0.422780 61.65960059304 0.28091083138 
0.423286 61.65429015478 0.29719694828 
0.423793 61.98297053619 0.27844091381 
0.424299 61.51440960690 0.29322348276 
0.424805 61.87839287994 0.28903625571 
0.425312 61.39347990743 0.29476417472 
0.425818 61.81212444325 0.29532874460 
0.426324 62.12494628557 0.30955289224 
0.426831 61.56491334096 0.28531911721 
0.427337 62.11242318235 0.29931700024 
0.427843 61.52105476253 0.29520616086 
0.428350 61.47825549988 0.30855602464 
0.428856 61.82685321893 0.31532813923 
0.429362 61.53253295931 0.29609212519 
0.429869 61.37521664304 0.31376723421 
0.430375 61.47005953221 0.31354842804 
0.430881 61.48094836630 0.31966387014 
0.431388 61.53272067960 0.30399289884 
0.431894 61.91121150728 0.31540077808 
0.432400 61.54747690582 0.32623132738 
0.432907 61.34570368909 0.33202245636 
0.433413 61.94405474056 0.33176497766 
0.433919 61.30300232271 0.34194991944 
0.434425 61.25815919645 0.32950837107 
0.434932 61.64920146116 0.33060134400 
0.435438 61.63821303229 0.35049547882 
0.435944 61.07752598665 0.33715712479 
0.436451 61.45419201600 0.34261536519 
0.436957 61.02071326799 0.35122374231 
0.437463 61.54815681405 0.35680989997 
0.437970 61.70973242829 0.35013331090 
0.438476 61.61188817873 0.36384111462 
0.438982 61.33310977115 0.36097650718 
0.439489 61.53458180555 0.37750777024 
0.439995 61.31844313676 0.36178238305 
0.440501 61.31894424627 0.37738681518 
0.441007 61.33938352681 0.38308036152 
0.441514 61.28923216796 0.38121560116 
0.442020 61.37398835291 0.39504803816 
0.442526 61.55609593813 0.38847935878 
0.443033 61.41729566972 0.40348594612 
0.443539 60.74911320813 0.38403108076 
0.444045 60.99902875795 0.39493290375 
0.444551 60.74893373946 0.41888539404 
0.445058 60.77128067433 0.41183132202 
0.445564 61.12827756198 0.43244130517 
0.446070 61.40758964741 0.43438885044 
0.446577 61.36552679241 0.44868694855 
0.447083 61.46858584920 0.47386914178 
0.447589 60.68208874957 0.46273426986 
0.448095 60.26947505023 0.46953769249 
0.448602 60.58455148002 0.47983717906 
0.449108 60.48107730329 0.47243571962 
0.449614 60.02710748347 0.47407708245 
0.450121 61.00005798977 0.48329636122 
0.450627 60.46372564399 0.49226135337 
0.451133 60.80220429324 0.49395888910 
0.451639 60.05945541299 0.54243154056 
0.452146 59.83480871575 0.50780027102 
0.452652 60.47418227719 0.52637335832 
0.453158 60.60451996406 0.57575490841 
0.453664 60.54152425708 0.59017474984 
0.454171 60.86060178338 0.58217813605 
0.454677 60.36702176728 0.59606667480 
0.455183 60.50040652256 0.63889697587 
0.455689 59.82782617479 0.63709238084 
0.456196 59.78786542739 0.66633001728 
0.456702 60.85160451884 0.66721250743 
0.457208 60.90816745214 0.71887152104 
0.457714 59.60767632636 0.76806010860 
0.458221 60.98953408181 0.75650882868 
0.458727 60.56551232524 0.80750401268 
0.459233 60.34904454979 0.83627779452 
0.459740 60.69074854745 0.89845375791 
0.460246 60.97365820027 0.93203335403 
0.460752 60.83133835081 0.99182985086 
0.461258 60.13238713736 1.02248078721 
0.461765 61.38532823591 1.15642481289 
0.462271 59.53866143915 1.01466284144 
0.462777 59.13684737379 1.17389796414 
0.463283 60.32141306792 1.26269699159 
0.463789 59.84602593177 1.34036877394 
0.464296 58.43446371992 1.32650462104 
0.464802 60.63981608626 1.35109305929 
0.465308 59.11678304016 1.50713379219 
0.465814 60.34621661535 1.68420737937 
0.466321 61.66262054141 1.78706338885 
0.466827 58.09649107945 1.81824434448 
0.467333 58.88129993455 1.91765168410 
0.467839 59.04226990614 1.91030874345 
0.468346 58.64387535738 2.26650462885 
0.468852 59.53893439998 2.64512336544 
0.469358 60.50418738335 3.03529176631 
0.469864 59.64219280976 3.04380734005 
0.470371 60.29739248171 3.84327791055 
0.470877 57.42093396199 4.64380487780 
0.471383 61.76012193148 5.95765398505 
0.471889 54.39098158758 7.07503508170 
0.472395 52.99260723909 5.99007655709 
0.472902 52.62045582158 12.68175867979 
