0.010896 1378.92552513344 13.90832427841 
0.011402 1226.71287564660 10.70992854810 
0.011909 1100.77751821559 12.13371700449 
0.012416 995.71380763750 8.69706906592 
0.012923 903.48576225144 7.46331545887 
0.013430 840.25104850033 10.74836332194 
0.013936 799.88950030765 9.20585895707 
0.014443 746.23564155806 7.73015578302 
0.014950 690.18899811798 6.51679879258 
0.015457 639.28218134574 5.64126193385 
0.015963 591.70574534163 5.18769287658 
0.016470 547.90595213380 4.53917847516 
0.016977 514.26573931339 3.86291941867 
0.017484 481.18474871042 3.28359035037 
0.017990 454.37486301776 3.27574586786 
0.018497 428.26055768638 2.82298550648 
0.019004 409.49449793853 2.21833111962 
0.019511 384.31783231496 2.16370050771 
0.020018 364.86824476611 2.21884125552 
0.020524 349.41926558529 2.03126043793 
0.021031 333.02326539634 1.96321701843 
0.021538 318.64784097471 1.63730399718 
0.022045 305.17707442473 1.77829472327 
0.022551 293.47717110336 1.63378474026 
0.023058 282.30784669998 1.55376330842 
0.023565 273.72474953872 1.65376756888 
0.024072 262.50302802676 1.78559996518 
0.024579 253.59247025997 1.68100998814 
0.025085 247.60986203874 2.16322936260 
0.025592 238.17909952787 2.14169316198 
0.026099 229.94382319134 2.15793389405 
0.026606 225.16811622172 1.62188128040 
0.027112 218.34345766062 1.75518014504 
0.027619 214.51006259181 1.44226820611 
0.028126 208.07222474757 1.51559723422 
0.028633 203.72172608229 1.35677516375 
0.029139 198.33921103481 1.20409456344 
0.029646 195.00189407457 1.13723652926 
0.030153 191.14074766305 1.16161221594 
0.030660 187.65204387232 1.02747003260 
0.031167 184.67890602755 0.90232813234 
0.031673 179.93256046471 0.93408945394 
0.032180 176.91827481887 0.87393004203 
0.032687 172.75627841750 0.86962949307 
0.033194 169.63376404099 0.83755038444 
0.033700 168.77753351978 0.77751826069 
0.034207 165.35470428433 0.80453073348 
0.034714 163.47469778992 0.77901557066 
0.035221 160.67748903643 0.73711694567 
0.035727 158.38430627319 0.66861558972 
0.036234 156.53656633844 0.71070384598 
0.036741 153.74251493287 0.68688544588 
0.037248 152.47058091616 0.63950359508 
0.037755 150.81236162454 0.59608946000 
0.038261 148.51234674168 0.60839168875 
0.038768 146.81682251425 0.61045621376 
0.039275 147.46594825426 0.62442119343 
0.039782 144.53668232923 0.59688503821 
0.040288 143.58784647465 0.55609670504 
0.040795 142.07133953148 0.57887524393 
0.041302 141.24402347861 0.56224343819 
0.041809 139.86923026799 0.55934053434 
0.042315 138.06780103539 0.54154718032 
0.042822 136.31395300753 0.54705393159 
0.043329 135.48170808614 0.55093318362 
0.043836 134.78652603867 0.53357025856 
0.044343 132.46271737871 0.53625184341 
0.044849 132.33835021180 0.53653447711 
0.045356 131.29934950669 0.50270733429 
0.045863 130.14948003029 0.53082901236 
0.046370 129.48592642498 0.49012437505 
0.046876 129.13651005481 0.50501924005 
0.047383 128.12715950478 0.49822624472 
0.047890 126.60831601803 0.49503755239 
0.048397 125.51642114196 0.48883854007 
0.048903 124.78863078761 0.46097113337 
0.049410 124.19463570621 0.48335275708 
0.049917 123.26612228290 0.44857405838 
0.050424 122.34179939696 0.48732044550 
0.050931 122.22115384667 0.45476722063 
0.051437 120.65730758736 0.43841813379 
0.051944 120.32464103572 0.43908049124 
0.052451 119.80414649978 0.45792996554 
0.052958 119.12791684877 0.42343487027 
0.053464 117.50067322762 0.45237033980 
0.053971 117.36468941331 0.44930417813 
0.054478 116.95204727188 0.44189716072 
0.054985 116.44838771567 0.43907862046 
0.055491 115.06582562148 0.45606947538 
0.055998 115.10917269605 0.45838231325 
0.056505 114.21095545552 0.41143048587 
0.057012 113.29723029072 0.44426191133 
0.057519 113.18591224352 0.43086681970 
0.058025 112.87363064822 0.42094481336 
0.058532 111.51099066956 0.42609925739 
0.059039 111.07107137245 0.42549618705 
0.059546 111.17660657981 0.42737833163 
0.060052 111.21068868336 0.41725833412 
0.060559 110.40950929645 0.40896597372 
0.061066 109.11737043845 0.39577722597 
0.061573 109.19082851948 0.39391448480 
0.062079 108.07520146306 0.39365513962 
0.062586 108.67885542342 0.38722220598 
0.063093 107.75786324018 0.37712659337 
0.063600 106.78909392139 0.38619194307 
0.064106 106.77926995149 0.38455534479 
0.064613 106.95094909987 0.38746373265 
0.065120 105.99140768024 0.38369910090 
0.065627 105.80850201074 0.38458877410 
0.066134 105.85554601296 0.36893577725 
0.066640 104.52006784826 0.37502505185 
0.067147 104.79124297545 0.37220908973 
0.067654 103.88279377577 0.37139309536 
0.068161 104.40327580001 0.36808272742 
0.068667 103.86508778508 0.38422148194 
0.069174 103.19771486955 0.37730746689 
0.069681 103.58546404105 0.36126954855 
0.070188 102.84793772491 0.35856177290 
0.070694 102.47968182759 0.35442673804 
0.071201 102.18347558104 0.35427884220 
0.071708 101.49883884464 0.35934407560 
0.072215 100.84971959045 0.35714338486 
0.072721 101.14105089343 0.34879165723 
0.073228 100.33621458540 0.34585342099 
0.073735 100.35593273155 0.35658834187 
0.074242 100.13153952601 0.34481018944 
0.074748 99.30263288107 0.33026333302 
0.075255 99.07870249437 0.33826119586 
0.075762 98.98042046989 0.34697960168 
0.076269 98.85275632151 0.33100287010 
0.076776 98.59952577157 0.34340099688 
0.077282 98.58889122684 0.33039997394 
0.077789 98.50560748666 0.32512619960 
0.078296 97.68602411976 0.31808835772 
0.078803 97.95201742525 0.31867483933 
0.079309 97.75101371261 0.32155955232 
0.079816 97.48391093197 0.33449515042 
0.080323 97.64909297396 0.33399504893 
0.080830 97.18091012299 0.32061167366 
0.081336 96.70853634605 0.33155906544 
0.081843 96.63275456815 0.32866991131 
0.082350 96.92791586404 0.32732905956 
0.082857 96.45517932724 0.32972878571 
0.083363 96.04926668047 0.33017219932 
0.083870 96.26354011969 0.33946653149 
0.084377 96.45501545927 0.34362928565 
0.084884 95.73347410734 0.33583869488 
0.085390 96.07874340576 0.32727888212 
0.085897 96.23376186510 0.33982656077 
0.086404 95.39489939053 0.33666468251 
0.086911 95.75443349837 0.33291345707 
0.087417 95.11394744783 0.32115568990 
0.087924 94.81873390188 0.32317162465 
0.088431 95.06431100440 0.32432206236 
0.088938 94.91179919062 0.33693152636 
0.089444 94.14608120155 0.33599710721 
0.089951 94.94126932841 0.31147422769 
0.090458 93.88524549941 0.31777534333 
0.090965 94.27981146638 0.32241052950 
0.091471 93.85874386791 0.32639246629 
0.091978 93.49193930718 0.32462517873 
0.092485 92.45606873358 0.34322749985 
0.092992 92.51283211278 0.34221511274 
0.093498 93.09872321023 0.33283381640 
0.094005 92.36184410486 0.34751792500 
0.094512 92.96026621037 0.32902612095 
0.095019 93.35933816766 0.33740527144 
0.095525 92.58256555656 0.33516465266 
0.096032 92.49810645603 0.33100720483 
0.096539 92.63230958316 0.31871158194 
0.097046 92.02509511686 0.32694206577 
0.097552 92.04506216206 0.32342189838 
0.098059 92.02885484331 0.32467526702 
0.098566 92.25138914003 0.32833603733 
0.099073 91.55931831025 0.32852157684 
0.099579 91.54209868080 0.31711093228 
0.100086 91.98282382597 0.32251842222 
0.100593 91.68943559714 0.33771944045 
0.101100 91.01007352743 0.31936519947 
0.101606 91.20933270958 0.31690490900 
0.102113 89.77806070790 0.30409582509 
0.102620 90.14206751553 0.30560793707 
0.103127 89.14131987474 0.30134361445 
0.103633 89.11640871658 0.29332328437 
0.104140 88.18128805962 0.29530747276 
0.104647 88.90327454650 0.29580391942 
0.105154 88.76740253127 0.29253552442 
0.105660 88.74674188610 0.31169289273 
0.106167 88.75025849889 0.29913044268 
0.106674 88.47775792541 0.30754807105 
0.107181 88.32591412130 0.29927099669 
0.107687 87.62776958634 0.30446915853 
0.108194 87.74627002723 0.30554286966 
0.108701 88.27927364524 0.30285070230 
0.109208 87.78780147601 0.29814050165 
0.109714 87.40271326599 0.29095152168 
0.110221 87.51372260671 0.29496541800 
0.110728 86.84547459306 0.29049120615 
0.111235 87.12515721169 0.28560964905 
0.111741 87.22031970460 0.28468922387 
0.112248 87.26541137495 0.29021965939 
0.112755 87.27320371433 0.28140762241 
0.113262 87.23174479888 0.27883489867 
0.113768 86.87695129778 0.28598265048 
0.114275 87.12588399375 0.27246114755 
0.114782 87.02122716503 0.27675163242 
0.115289 87.02658126464 0.27746825403 
0.115795 87.15645852669 0.27938795186 
0.116302 86.55083499402 0.27860525559 
0.116809 86.34002113692 0.26408582812 
0.117316 86.29220897235 0.27664394175 
0.117822 86.16820924002 0.27478293087 
0.118329 86.21966821269 0.26929960535 
0.118836 86.07157356704 0.27217500510 
0.119342 85.90082511730 0.26879528898 
0.119849 86.17822568231 0.26716428380 
0.120356 86.20205499353 0.26251092665 
0.120863 85.88344039531 0.27007497724 
0.121369 85.52821595762 0.25850418030 
0.121876 85.61121563187 0.26496502083 
0.122383 85.66406096911 0.25182426014 
0.122890 85.47940368662 0.26534527251 
0.123396 85.75076304531 0.26282150075 
0.123903 85.26192406017 0.25727438536 
0.124410 85.53364577958 0.26251880551 
0.124917 85.29083392963 0.26138436712 
0.125423 85.69715101871 0.26358818072 
0.125930 85.31906475037 0.25905833479 
0.126437 84.97592012801 0.26257492751 
0.126944 85.03032188981 0.25878763275 
0.127450 84.81781777599 0.25549314359 
0.127957 85.12027934166 0.25468374611 
0.128464 84.56037318570 0.25102990206 
0.128970 84.23340271120 0.25298615036 
0.129477 84.31027602875 0.24940866476 
0.129984 84.69632148454 0.25393009186 
0.130491 84.64750289736 0.24596014368 
0.130997 84.34452277038 0.24590520582 
0.131504 84.32984493675 0.24932443896 
0.132011 84.23922760096 0.25235341563 
0.132518 83.92063526698 0.25707521387 
0.133024 84.05697251188 0.24578683975 
0.133531 83.84874500825 0.25057360887 
0.134038 84.13530218312 0.25152760489 
0.134545 83.94287234373 0.24635469976 
0.135051 83.97636409627 0.24441004264 
0.135558 83.52937305577 0.24791285830 
0.136065 83.80275715362 0.24270152298 
0.136571 83.34695353535 0.23577504879 
0.137078 83.63771464732 0.25091232713 
0.137585 83.25418208662 0.23576707907 
0.138092 83.63711449229 0.23245691890 
0.138598 82.96653454861 0.24314587810 
0.139105 83.17017829586 0.24804803745 
0.139612 83.37603720313 0.24471631676 
0.140119 83.06303957790 0.24546703907 
0.140625 83.08526523162 0.24904773756 
0.141132 82.81664657258 0.24301400579 
0.141639 83.44918418808 0.24001294182 
0.142145 83.24223370213 0.24453014400 
0.142652 82.56978692885 0.24254042866 
0.143159 82.39788942495 0.23943753363 
0.143666 82.49882613870 0.24175277969 
0.144172 82.53963856866 0.23668610870 
0.144679 82.56416357401 0.24535273242 
0.145186 82.43343046236 0.24288474947 
0.145692 82.29715990499 0.23852036532 
0.146199 82.09166906203 0.24555314625 
0.146706 82.40431759683 0.24388479743 
0.147213 82.21363492112 0.24328904057 
0.147719 81.98127609749 0.24164775344 
0.148226 81.65581797392 0.24220928181 
0.148733 81.89440770139 0.23902038994 
0.149240 81.07112118440 0.24450338829 
0.149746 81.46953419232 0.24324046104 
0.150253 81.26072678138 0.23915235096 
0.150760 81.55738418428 0.23913113193 
0.151266 81.89215596659 0.24516499701 
0.151773 81.32564272213 0.23900559932 
0.152280 81.26092253332 0.23918920564 
0.152787 81.30622196012 0.23961109264 
0.153293 81.13990803161 0.23824614383 
0.153800 81.09544155671 0.24057524856 
0.154307 81.25878840645 0.24216811098 
0.154813 80.84252292721 0.23713894690 
0.155320 80.72256415344 0.23505739174 
0.155827 80.98343875845 0.23631276256 
0.156334 80.94188676403 0.24021466779 
0.156840 81.07457055161 0.24136922250 
0.157347 80.38390367318 0.23803569999 
0.157854 80.84378653856 0.23570624022 
0.158360 80.15528802999 0.23254934838 
0.158867 80.32445685990 0.23507812749 
0.159374 79.85573893453 0.23851349884 
0.159881 80.32437277172 0.23857214615 
0.160387 79.77423682013 0.23361963991 
0.160894 80.05459210828 0.23717427091 
0.161401 80.03645414185 0.23416874045 
0.161907 79.95804726136 0.23894878296 
0.162414 79.52993074506 0.23414763843 
0.162921 79.95479531740 0.23280830454 
0.163427 79.90680609314 0.23172892637 
0.163934 79.95134521150 0.23181887554 
0.164441 79.93783060348 0.23720092188 
0.164948 79.96453321308 0.23432786103 
0.165454 79.34410704504 0.23068947744 
0.165961 79.25487836377 0.22539389353 
0.166468 79.14563041738 0.22646666941 
0.166974 79.08593481147 0.23083465372 
0.167481 79.28880365828 0.23247232926 
0.167988 79.10915758513 0.23208340813 
0.168495 79.65441937211 0.23910550832 
0.169001 79.58250625827 0.24114736781 
0.169508 79.43414148448 0.23396705236 
0.170015 79.28069328973 0.23900436702 
0.170521 79.29232340253 0.22884261520 
0.171028 79.38252077877 0.23264839616 
0.171535 79.17101252653 0.23450431539 
0.172041 79.16019088874 0.23726603538 
0.172548 79.24869779487 0.23269130437 
0.173055 79.44032184626 0.23636395559 
0.173562 79.12787704642 0.23650091711 
0.174068 79.00080538062 0.23625456008 
0.174575 79.19131530351 0.23724278381 
0.175082 78.93731146846 0.23800432418 
0.175588 78.72206560899 0.23757099831 
0.176095 79.30533069622 0.23658444999 
0.176602 78.73986312642 0.23699804731 
0.177108 78.61756301263 0.24205847314 
0.177615 78.59167608403 0.23801399144 
0.178122 78.72912765263 0.24080760337 
0.178629 78.76234429837 0.23975677445 
0.179135 78.91690523625 0.24307122279 
0.179642 78.34162317574 0.23869524121 
0.180149 78.81365270720 0.23590835936 
0.180655 78.81119707138 0.24109312333 
0.181162 78.45969211154 0.23975312722 
0.181669 78.47558282372 0.23823119837 
0.182175 78.92985325997 0.24097986060 
0.182682 78.88698013382 0.24351155055 
0.183189 78.93285708617 0.24254847068 
0.183695 78.82678562081 0.24189956497 
0.184202 78.40857858904 0.23986284384 
0.184709 78.48484336331 0.24786400904 
0.185216 78.28433448288 0.24376409726 
0.185722 78.22124278896 0.24454385812 
0.186229 78.18151873478 0.24738060829 
0.186736 78.38350436830 0.24412273098 
0.187242 77.95924477753 0.25176099639 
0.187749 78.18699433515 0.24317574558 
0.188256 77.73117919931 0.23782126374 
0.188762 77.68097081187 0.24605399483 
0.189269 78.00195127531 0.25368340862 
0.189776 77.93649655951 0.25098317835 
0.190282 77.50830811337 0.24162547727 
0.190789 77.95539578575 0.24903202382 
0.191296 77.51181487141 0.24256075695 
0.191802 77.52752210933 0.24200509725 
0.192309 77.46427207645 0.23993364848 
0.192816 77.56220373844 0.24245898571 
0.193323 76.89015915718 0.23474470758 
0.193829 76.79431980682 0.23341071333 
0.194336 76.71090203977 0.23873666400 
0.194843 76.74651864007 0.23888329446 
0.195349 76.56302171277 0.23255501716 
0.195856 76.48827416335 0.22931079529 
0.196363 76.28489850662 0.23092063130 
0.196869 76.25154650237 0.22533248405 
0.197376 76.27890309688 0.22953612262 
0.197883 76.09475382872 0.22491425824 
0.198389 76.18392565480 0.23044852805 
0.198896 75.97018569308 0.22543468882 
0.199403 75.98662830113 0.22289842083 
0.199909 75.83602254029 0.22464746644 
0.200416 75.85908740377 0.22210596544 
0.200923 76.01075579386 0.22417222885 
0.201429 75.65544354503 0.22313205481 
0.201936 75.77155242301 0.22525050294 
0.202443 75.99780398750 0.22242856516 
0.202949 75.89609697585 0.22727381003 
0.203456 75.55529319051 0.21799554295 
0.203963 75.82399798913 0.21974090767 
0.204469 75.71255774787 0.21839646277 
0.204976 75.74481277886 0.21530158348 
0.205483 75.71960522838 0.21934757823 
0.205989 75.52276309291 0.21448183501 
0.206496 75.38437388412 0.21727802607 
0.207003 75.38852401773 0.21323602517 
0.207509 75.43268130038 0.21411570558 
0.208016 75.39358349458 0.21841040470 
0.208523 75.48847923721 0.21391629599 
0.209029 74.95061680611 0.20813916271 
0.209536 75.47860205507 0.21395454809 
0.210043 75.20068334488 0.21049832044 
0.210549 75.21051859989 0.20526909777 
0.211056 75.21509653838 0.20977790390 
0.211563 75.12825787239 0.20984612661 
0.212069 75.09679812415 0.21053466719 
0.212576 75.11126986124 0.21406662746 
0.213083 75.09380433551 0.20841131239 
0.213589 75.17056211122 0.21196933142 
0.214096 74.82962659606 0.20238291832 
0.214603 74.91930711043 0.20737820966 
0.215109 74.94362396868 0.20959063103 
0.215616 74.89406986010 0.20948847221 
0.216123 74.17917139893 0.20738077682 
0.216629 74.66834996440 0.20701352826 
0.217136 74.25303204102 0.20741085375 
0.217643 74.35100533346 0.20541093671 
0.218149 74.13688553728 0.20627415654 
0.218656 74.51065375320 0.21022080248 
0.219163 74.39135029456 0.20498191954 
0.219669 73.96174161176 0.20403650899 
0.220176 74.23502858226 0.21202261384 
0.220683 73.95045292486 0.21068703414 
0.221189 73.84194680104 0.20580156727 
0.221696 73.84663524084 0.19697211942 
0.222203 74.03534398636 0.20544241171 
0.222709 73.88442908537 0.20844245467 
0.223216 73.95108709345 0.20287007136 
0.223722 73.86607206818 0.20270565920 
0.224229 73.78724441132 0.20442732542 
0.224736 73.84559608393 0.20630533811 
0.225242 73.98342777196 0.20428277111 
0.225749 73.53103321422 0.20240134699 
0.226256 73.35904435368 0.20287145146 
0.226762 73.58664004907 0.19879523596 
0.227269 73.44923709791 0.20035827746 
0.227776 73.31752771541 0.20478093469 
0.228282 73.72414598285 0.20189259771 
0.228789 73.05830818419 0.19799550080 
0.229296 73.07405670007 0.20224665813 
0.229802 73.17959638688 0.19645518646 
0.230309 73.62177861332 0.20122256035 
0.230816 72.91899816266 0.19895262791 
0.231322 73.01875348460 0.20172519844 
0.231829 73.14820391162 0.20076307318 
0.232335 73.15352028141 0.19933121868 
0.232842 73.03607259784 0.19884055065 
0.233349 73.27088995254 0.20147488192 
0.233855 72.72377809732 0.20179112056 
0.234362 72.66332570888 0.19941915010 
0.234869 72.80841156834 0.19779579562 
0.235375 72.62573754485 0.20339142339 
0.235882 72.86739851746 0.19863444526 
0.236389 72.77882333966 0.19721366813 
0.236895 72.57366553823 0.19974550637 
0.237402 72.31968702222 0.19886196639 
0.237908 72.59470766733 0.20078064977 
0.238415 72.53611885007 0.20332376892 
0.238922 72.40569421939 0.19665169996 
0.239428 72.26089557554 0.20027262399 
0.239935 72.11614143540 0.20012032766 
0.240442 72.26599202180 0.19756052308 
0.240948 72.05451327234 0.19754028407 
0.241455 71.96168069738 0.19795817698 
0.241962 72.02464634960 0.19947159560 
0.242468 72.14895289875 0.19883835261 
0.242975 72.19501588517 0.19640943970 
0.243481 71.82343408974 0.20135570940 
0.243988 71.79221526774 0.19707691180 
0.244495 71.73634337021 0.20102328601 
0.245001 71.58435515243 0.19903043787 
0.245508 71.77233180530 0.19930808676 
0.246015 71.68741426223 0.19893068862 
0.246521 72.03296888569 0.20066083792 
0.247028 71.40083118171 0.19888449319 
0.247534 71.80201648212 0.19852905110 
0.248041 71.53377988226 0.19743866948 
0.248548 71.57467189454 0.20050330293 
0.249054 71.55003866577 0.19662419151 
0.249561 71.19631808256 0.19784035587 
0.250068 71.22594623039 0.20100170301 
0.250574 71.53816605316 0.19723740514 
0.251081 71.40156026427 0.19692097616 
0.251587 71.30896515227 0.19820290284 
0.252094 71.25046598774 0.19850205959 
0.252601 71.20335581573 0.19555146283 
0.253107 70.67630530482 0.19807689209 
0.253614 71.08406225530 0.19897776940 
0.254120 70.96137525092 0.19410015548 
0.254627 70.95491639040 0.19896055423 
0.255134 71.01341546053 0.19225030898 
0.255640 70.96293259308 0.19537528802 
0.256147 71.12777805681 0.19296243798 
0.256654 70.94126871420 0.19782910731 
0.257160 71.21776374607 0.19443946527 
0.257667 71.27531435326 0.19746229593 
0.258173 71.13505364565 0.19828142502 
0.258680 71.47538053775 0.19861801795 
0.259187 71.60991862962 0.19458936060 
0.259693 71.33898028871 0.19333527355 
0.260200 71.69462517939 0.19259101542 
0.260706 71.73099840956 0.19551651707 
0.261213 71.87730964729 0.19650881978 
0.261720 71.68613492334 0.19390361292 
0.262226 71.66523461288 0.19010141421 
0.262733 71.86196333344 0.19629737004 
0.263239 71.61004058514 0.19664347220 
0.263746 71.71006982014 0.19252902191 
0.264253 71.65260317299 0.19194307491 
0.264759 71.72405196692 0.18925751349 
0.265266 71.69508500753 0.19187400195 
0.265772 71.60684481138 0.19171421155 
0.266279 71.71708702545 0.18995428752 
0.266786 72.02502403483 0.19310235613 
0.267292 71.51724175427 0.18977558483 
0.267799 71.64962466879 0.19219383004 
0.268305 71.74352251910 0.19094532683 
0.268812 71.98176528138 0.19183530678 
0.269319 71.50406581855 0.18961447516 
0.269825 71.89932340251 0.19003939088 
0.270332 71.97350929933 0.19122189071 
0.270838 71.85210567333 0.18966934922 
0.271345 72.01209227973 0.19263220002 
0.271852 72.08734516870 0.19210579589 
0.272358 72.41978742789 0.19509801216 
0.272865 72.07575341376 0.19258644341 
0.273371 72.23760148465 0.19248086310 
0.273878 72.42829218454 0.19290359132 
0.274385 72.59590036382 0.19102454610 
0.274891 72.34729824705 0.18778000685 
0.275398 72.28571036144 0.18757316134 
0.275904 72.36387596097 0.18074089256 
0.276411 72.13077476041 0.18558693606 
0.276917 72.35071381191 0.18632838246 
0.277424 72.38265001174 0.18674637650 
0.277931 72.50520043581 0.18234641146 
0.278437 71.96638339949 0.18452408216 
0.278944 72.55864218452 0.18444858224 
0.279450 72.27299168158 0.18248154092 
0.279957 72.38273233611 0.18132728804 
0.280464 72.08585268293 0.18264777523 
0.280970 72.00238694574 0.18248860662 
0.281477 71.99960976628 0.17807067131 
0.281983 71.98073873882 0.18289213692 
0.282490 71.85586413345 0.18257452641 
0.282996 72.23271502179 0.17915350223 
0.283503 72.09592126268 0.17734502883 
0.284010 71.90167805579 0.17957612396 
0.284516 71.94214718181 0.17753091112 
0.285023 71.80775804125 0.17895407501 
0.285529 71.80673978738 0.17952196379 
0.286036 71.83807038800 0.17557788172 
0.286542 71.67952457746 0.17321817176 
0.287049 71.73638960275 0.17357855535 
0.287556 71.48136818220 0.17424347098 
0.288062 71.33650458109 0.17132307863 
0.288569 71.51188938854 0.17043527604 
0.289075 71.44102601789 0.17180079907 
0.289582 71.27944605425 0.17129652574 
0.290088 71.56306728094 0.17003450331 
0.290595 71.21601421647 0.17101301071 
0.291102 71.33286957822 0.16560754631 
0.291608 71.16687709218 0.16487224633 
0.292115 71.18703531261 0.16707233459 
0.292621 71.24185564395 0.16843861138 
0.293128 71.06542190327 0.16491001241 
0.293634 70.99907159740 0.16495623161 
0.294141 71.02753486752 0.16502094714 
0.294647 71.08464379418 0.16633265480 
0.295154 70.96580774579 0.16902612453 
0.295661 70.78443585449 0.16632405299 
0.296167 71.01451573531 0.16271361434 
0.296674 70.68548338075 0.16385832168 
0.297180 70.70216692072 0.16395301674 
0.297687 70.62235336820 0.16477939380 
0.298193 70.79898085547 0.16389566634 
0.298700 70.42506954197 0.16711244095 
0.299207 70.45360570847 0.15919137132 
0.299713 70.53005019533 0.16242786919 
0.300220 70.51417189799 0.16370577308 
0.300726 70.44911349711 0.16339526982 
0.301233 70.38588008254 0.16454440406 
0.301739 70.47014724634 0.16613121303 
0.302246 70.52799822927 0.16214160174 
0.302752 70.25725517802 0.16214667114 
0.303259 70.33549996622 0.16394774419 
0.303765 70.31673055175 0.16430642972 
0.304272 70.33161892125 0.16321756804 
0.304779 70.08568889480 0.15857788453 
0.305285 70.18152922954 0.16181622947 
0.305792 69.99083729451 0.15971478068 
0.306298 70.07264901453 0.16034921397 
0.306805 70.10783893876 0.16165238769 
0.307311 70.08942194101 0.15971342332 
0.307818 69.84559882856 0.15977572830 
0.308324 69.68752474006 0.15725192309 
0.308831 69.55058868331 0.15660467571 
0.309337 69.43880835868 0.15452914894 
0.309844 69.30165084378 0.15476634752 
0.310350 69.03669697277 0.15541316881 
0.310857 69.02635068455 0.15365556516 
0.311364 68.64009693140 0.14929218971 
0.311870 68.12758709226 0.15211736156 
0.312377 68.28765496499 0.14780600756 
0.312883 68.12023317118 0.14464779927 
0.313390 67.92184106585 0.14608389744 
0.313896 68.03642979745 0.14515023096 
0.314403 67.95256315303 0.14558506828 
0.314909 67.63936378812 0.14525867973 
0.315416 67.55390477786 0.14030773118 
0.315922 67.47548557027 0.14736343204 
0.316429 67.32217179991 0.14160089867 
0.316935 67.32665593583 0.13943289932 
0.317442 67.10503027872 0.14056249523 
0.317948 67.25817467691 0.14181633797 
0.318455 67.01927367776 0.14067718613 
0.318961 66.85646873440 0.14095613741 
0.319468 66.91452858411 0.13887570295 
0.319975 66.66849610735 0.14245441002 
0.320481 66.76741286861 0.14244414926 
0.320988 66.90058309610 0.14195528562 
0.321494 66.60688715471 0.14036235586 
0.322001 66.76806048055 0.15619755893 
0.322507 66.54299146897 0.14251860706 
0.323014 66.71039249653 0.14168242942 
0.323520 66.74741899144 0.14370890716 
0.324027 66.48624888513 0.14031213425 
0.324533 66.83415859761 0.13970209116 
0.325040 66.53517090493 0.14185010849 
0.325546 66.41487092451 0.14260409424 
0.326053 66.16725588442 0.13752049667 
0.326559 66.40749285475 0.14026973608 
0.327066 66.15023860507 0.13845464613 
0.327572 66.05759694401 0.13895868743 
0.328079 66.19331437070 0.13647213375 
0.328585 66.14718949732 0.13874952013 
0.329092 66.14214535137 0.13643830713 
0.329598 66.41506883623 0.13562330864 
0.330105 66.12226727713 0.14289233918 
0.330611 66.34604573321 0.13988098499 
0.331118 65.94364859647 0.13975849369 
0.331624 66.12430808115 0.13947675821 
0.332131 65.93162627514 0.13691742155 
0.332637 65.89650562324 0.13790656031 
0.333144 66.01423173941 0.13807475750 
0.333650 65.99267672994 0.13883991328 
0.334157 65.48944395380 0.13691896526 
0.334663 66.03571066170 0.13833526008 
0.335170 65.92949394662 0.14116749044 
0.335676 65.51386535982 0.14171380172 
0.336183 65.69582124228 0.13712634039 
0.336689 65.64001557504 0.13959717907 
0.337196 65.63837679000 0.13619507661 
0.337702 65.38911200776 0.13835514292 
0.338209 65.53575730326 0.13914891527 
0.338715 65.36747183986 0.13795157256 
0.339222 65.36647227835 0.13922124707 
0.339728 65.29559319697 0.13969166701 
0.340235 65.29331299665 0.22636456026 
0.340741 65.51977963452 0.13810908673 
0.341248 65.30790395771 0.13903496021 
0.341754 65.27654705016 0.13831303675 
0.342261 65.13273744004 0.14181468230 
0.342767 65.27238297510 0.14078699474 
0.343274 65.37312003353 0.13975341078 
0.343780 65.08029965642 0.13921805825 
0.344287 65.15342796615 0.14011045421 
0.344793 65.11735893357 0.13779477520 
0.345300 65.05481240581 0.14093057040 
0.345806 64.98667043843 0.14068077617 
0.346313 65.13236960424 0.14276882791 
0.346819 64.96566058912 0.14449590870 
0.347325 64.97047662872 0.14423506508 
0.347832 64.94922707155 0.14248922243 
0.348338 64.71408194026 0.14348492312 
0.348845 64.87246863853 0.14751969197 
0.349351 64.71529520985 0.14652114130 
0.349858 64.65589910162 0.14893367539 
0.350364 64.99145091200 0.14677010487 
0.350871 64.48597554310 0.14632390695 
0.351377 64.75813656119 0.14749787567 
0.351884 64.49287091653 0.14896851321 
0.352390 64.90828612943 0.14807269796 
0.352897 64.75498306925 0.15161504564 
0.353403 64.39238896036 0.14920490851 
0.353910 64.58842099281 0.14756404868 
0.354416 64.42413827995 0.15039799323 
0.354923 64.29592668534 0.14887540744 
0.355429 64.04428539072 0.15317548885 
0.355935 64.05733463293 0.14983570657 
0.356442 63.80529281743 0.15127263827 
0.356948 63.88525897633 0.15321915515 
0.357455 63.78665157805 0.15604088885 
0.357961 63.95871453873 0.15444750568 
0.358468 63.49578866387 0.15514208563 
0.358974 63.73700059521 0.22199213275 
0.359481 63.69344930649 0.20507460372 
0.359987 63.70477963314 0.19909365412 
0.360494 63.95500203673 0.18825794468 
0.361000 64.07412001634 0.19031357975 
0.361506 63.92686043370 0.18583177144 
0.362013 63.70877388061 0.18371063561 
0.362519 63.82541567707 0.18219696713 
0.363026 63.77964444042 0.18237740740 
0.363532 63.86351029855 0.18743364091 
0.364039 63.73234159655 0.18054220331 
0.364545 63.83410148741 0.18147838110 
0.365052 63.70133743148 0.18451120722 
0.365558 63.82502094679 0.18166094814 
0.366064 63.85496891251 0.18288762889 
0.366571 63.91175199888 0.18669446943 
0.367077 63.53892001979 0.18690176423 
0.367584 63.97700990361 0.19094233785 
0.368090 63.82807004584 0.18508368415 
0.368597 63.65752578266 0.18754477992 
0.369103 63.29967071263 0.18650237774 
0.369610 63.42312626454 0.18839644459 
0.370116 63.70049326109 0.19176033335 
0.370622 63.58366783193 0.19265873903 
0.371129 63.66334907823 0.19772547335 
0.371635 63.73967922463 0.19184135653 
0.372142 63.43294209497 0.19338514499 
0.372648 63.35181527135 0.19263741855 
0.373155 63.45694016855 0.19412932406 
0.373661 63.47362506382 0.19292836169 
0.374167 63.44982024158 0.19668815188 
0.374674 63.51004644384 0.19810264525 
0.375180 63.33228486641 0.19578510159 
0.375687 63.40799604005 0.19567764413 
0.376193 63.47019034278 0.19793488978 
0.376700 63.37083886043 0.20186914146 
0.377206 63.40584987492 0.20145637551 
0.377712 63.39227723813 0.20126180378 
0.378219 63.01026915139 0.19772702188 
0.378725 63.47195557004 0.20363248794 
0.379232 63.13685788063 0.20719815996 
0.379738 63.42242575612 0.20588996665 
0.380245 63.10506468384 0.20807324438 
0.380751 63.33302354325 0.20611212270 
0.381257 63.16862480257 0.20459101584 
0.381764 63.30942891912 0.21122791006 
0.382270 63.09329103567 0.20717773513 
0.382777 63.19310119472 0.20958416600 
0.383283 63.21372903775 0.20973892488 
0.383789 62.95754498159 0.21488426639 
0.384296 63.31162168201 0.21285071113 
0.384802 63.39718751598 0.21385042137 
0.385309 63.01471686389 0.20227752860 
0.385815 63.16168633169 0.21620729994 
0.386321 62.75704965177 0.21788782418 
0.386828 63.13541945551 0.21446235880 
0.387334 63.05029567352 0.21500378633 
0.387841 62.71596609429 0.21019542064 
0.388347 62.80381500262 0.21692243988 
0.388853 62.85010256614 0.20976470364 
0.389360 62.68434980669 0.21026578349 
0.389866 63.13392202845 0.21499125261 
0.390373 62.84905007239 0.21420387451 
0.390879 63.21675913485 0.22062018020 
0.391385 62.87783929609 0.22306202165 
0.391892 62.70960105216 0.21082072575 
0.392398 63.02133490395 0.22072655715 
0.392905 62.53610733619 0.22150585985 
0.393411 63.01330047730 0.22212338577 
0.393917 63.12167675816 0.22552885479 
0.394424 62.13588762422 0.22374388627 
0.394930 62.45189331246 0.22057015214 
0.395437 62.88185448233 0.22790800917 
0.395943 62.57100749841 0.21769424643 
0.396449 62.88993077641 0.31711891177 
0.396956 62.70049339311 0.22788887969 
0.397462 62.32249725383 0.23414389871 
0.397969 62.82934451085 0.23595975192 
0.398475 62.73798149356 0.23118504932 
0.398981 62.41121855257 0.23458171726 
0.399488 62.32118241180 0.22948664159 
0.399994 62.06566896402 0.23867310573 
0.400500 62.36607359359 0.24458242841 
0.401007 62.48437273153 0.23580620434 
0.401513 62.38615619270 0.23583929489 
0.402020 62.30138473439 0.24075036144 
0.402526 62.55015842402 0.24678754447 
0.403032 62.50629012498 0.23764165384 
0.403539 62.35702026224 0.25452863738 
0.404045 62.27103516710 0.24822508346 
0.404551 62.44920744650 0.26651673787 
0.405058 62.23485983599 0.26551978237 
0.405564 61.99767574909 0.26122139508 
0.406071 62.02728776389 0.25291654395 
0.406577 62.25217897274 0.26102562101 
0.407083 62.14864063944 0.26238206913 
0.407590 62.12396717872 0.26463907626 
0.408096 62.66775006369 0.27586470284 
0.408602 62.14369479676 0.27322311097 
0.409109 61.72171541113 0.25788447436 
0.409615 62.59480743601 0.27104420949 
0.410121 62.13967007375 0.26331458705 
0.410628 62.23194069632 0.26714281723 
0.411134 61.67913171543 0.26465369179 
0.411641 62.03065380728 0.27333735266 
0.412147 62.22264036971 0.26496011775 
0.412653 62.20458725006 0.27003578708 
0.413160 61.83922841765 0.26676370329 
0.413666 61.97854977619 0.26636446649 
0.414172 61.66655259577 0.27785749730 
0.414679 61.99258133793 0.26968735183 
0.415185 61.97919708988 0.28823455856 
0.415691 61.82954088650 0.27653150072 
0.416198 61.83495972258 0.28249765847 
0.416704 61.73440479402 0.28296657116 
0.417210 62.04093922428 0.28099591689 
0.417717 61.57257791534 0.29095463882 
0.418223 61.67026045713 0.27312451458 
0.418729 61.74247160661 0.28149172908 
0.419236 62.09214207097 0.28307240242 
0.419742 61.87625020619 0.27881320901 
0.420248 61.92284119627 0.27780384151 
0.420755 61.76442162795 0.28330787970 
0.421261 61.41072733680 0.27423984332 
0.421767 61.41246029369 0.28490362787 
0.422274 62.19032720477 0.28094185600 
0.422780 61.83039541067 0.27792078607 
0.423286 61.60433032164 0.28192403703 
0.423793 61.61494367078 0.27564967926 
0.424299 61.30765298546 0.29143322673 
0.424805 61.28230663094 0.28312178183 
0.425312 61.42822041134 0.29329114622 
0.425818 61.88144428955 0.28707725568 
0.426324 62.07081675250 0.30818509599 
0.426831 61.58911949047 0.29571492182 
0.427337 61.54504988909 0.29639539665 
0.427843 61.63892364163 0.30257605312 
0.428350 61.13928948332 0.30636233439 
0.428856 61.11318468968 0.29652934392 
0.429362 61.49007833787 0.30577434918 
0.429869 61.43170456580 0.31559256553 
0.430375 61.64682017808 0.31352591353 
0.430881 61.38293779312 0.32222228931 
0.431388 61.42446975753 0.31743476801 
0.431894 61.83964667464 0.32313575331 
0.432400 61.37851505528 0.32902257966 
0.432907 61.96706607874 0.31747524483 
0.433413 61.22640677839 0.33720092577 
0.433919 61.25375492891 0.34906986491 
0.434425 61.47553111341 0.32933353410 
0.434932 61.55836488293 0.33551273389 
0.435438 61.42231104713 0.34889864352 
0.435944 61.25244258558 0.34438603908 
0.436451 61.38463185504 0.34117048333 
0.436957 61.13769017423 0.35323426760 
0.437463 62.03727723898 0.35939792281 
0.437970 61.54910426893 0.34683865707 
0.438476 60.80559523365 0.36326921457 
0.438982 61.58745396771 0.35504531499 
0.439489 61.51878639542 0.37930883913 
0.439995 61.26527229919 0.36419135876 
0.440501 60.88781542646 0.36853451761 
0.441007 61.27344553559 0.38745171563 
0.441514 61.85273123107 0.38018875506 
0.442020 61.25568290421 0.40033565120 
0.442526 60.96299160200 0.39421316379 
0.443033 60.87441721198 0.38184281487 
0.443539 61.09533874319 0.39425591697 
0.444045 61.02801002464 0.40309671243 
0.444551 61.01078874015 0.41580539374 
0.445058 61.10288288027 0.41103675235 
0.445564 61.33167184895 0.43305631879 
0.446070 61.32850906885 0.42877402743 
0.446577 60.69710696674 0.44123603593 
0.447083 61.41428372934 0.46269574135 
0.447589 60.34401025586 0.44770292475 
0.448095 60.92916652688 0.45740476088 
0.448602 61.06503075796 0.49429865972 
0.449108 60.74884046114 0.46223070227 
0.449614 60.53083200894 0.48257598126 
0.450121 60.96209673444 0.50742626996 
0.450627 60.24167905812 0.49620117196 
0.451133 60.52360065716 0.51029033487 
0.451639 59.99183561384 0.53315123234 
0.452146 61.56335403151 0.55666240730 
0.452652 60.18329555221 0.54218096812 
0.453158 60.74453407802 0.56994931773 
0.453664 60.10308290773 0.60522494378 
0.454171 60.95278770685 0.56205171105 
0.454677 60.26880694694 0.60193495533 
0.455183 60.35823792448 0.62372891884 
0.455689 60.19338003773 0.64365883168 
0.456196 59.68607697529 0.65352425292 
0.456702 60.14984061196 0.66603602191 
0.457208 60.26028539601 0.70462084240 
0.457714 60.73196084198 0.78726883342 
0.458221 60.53475832507 0.73833025100 
0.458727 59.87054014635 0.78538518867 
0.459233 60.43791526949 0.83020999987 
0.459740 60.22356855323 0.81892669341 
0.460246 60.31845447330 0.91602864087 
0.460752 60.32788041466 1.00052181365 
0.461258 59.75344117842 0.98702673103 
0.461765 58.12324527603 1.08558399211 
0.462271 59.17709230676 1.03104940210 
0.462777 60.07929982218 1.20577962347 
0.463283 59.09080743018 1.18938110624 
0.463789 59.50246933555 1.32933145333 
0.464296 59.33627385475 1.41436452582 
0.464802 60.23373107559 1.33439987578 
0.465308 60.38921813540 1.49561544373 
0.465814 58.75173865691 1.60297859288 
0.466321 58.71542917838 1.69745819361 
0.466827 60.87898712454 1.83693539887 
0.467333 59.86162374775 1.95897307940 
0.467839 58.58082639652 1.99179377295 
0.468346 59.37222538320 2.31656173412 
0.468852 59.04491354375 2.47532430964 
0.469358 58.99092648379 2.85457900660 
0.469864 61.22712084495 3.11784361431 
0.470371 58.20946831664 3.79408443685 
0.470877 56.69843765646 4.28010589894 
0.471383 56.48223404007 5.55930100221 
0.471889 56.88674336556 7.33625122295 
0.472395 54.37402028818 6.03693581198 
0.472902 54.18888698150 13.09617203782 
