0.010896 1340.35238254434 11.89233452587 
0.011402 1197.25102349215 11.15045329482 
0.011909 1078.50378409808 11.74243963503 
0.012416 985.02170660299 8.91446175077 
0.012923 889.30197867881 7.14816589486 
0.013430 829.30859717201 10.97045706710 
0.013936 787.63850314460 9.36687487816 
0.014443 736.88097540405 7.44560948373 
0.014950 679.15817207331 6.60449068684 
0.015457 626.48741267356 5.35104261494 
0.015963 584.78115308091 4.72378357170 
0.016470 544.97904269394 4.18733267603 
0.016977 508.40214636661 3.84433786165 
0.017484 473.89533233675 3.21726653684 
0.017990 450.37273795677 3.05718347204 
0.018497 424.26302989065 2.60632379489 
0.019004 402.91186740679 2.32313855153 
0.019511 377.58193584869 2.39848880732 
0.020018 359.33275284180 2.16874781535 
0.020524 345.02626613408 2.00658501020 
0.021031 328.83413815377 1.89538397403 
0.021538 313.11154806209 1.62957354347 
0.022045 300.97717801832 1.68948358593 
0.022551 290.86810415108 1.63899202455 
0.023058 280.28355969857 1.40328211907 
0.023565 267.43543098244 1.62680089091 
0.024072 260.41759093630 1.65761823510 
0.024579 251.07870923102 1.79969474644 
0.025085 242.55830085460 2.13724266921 
0.025592 236.42822845043 2.10522988173 
0.026099 230.08567879839 2.14078851117 
0.026606 223.09449664061 1.62237613649 
0.027112 217.20774787233 1.70135026904 
0.027619 212.17990882236 1.56853768335 
0.028126 208.36298963095 1.44456244662 
0.028633 202.28002923746 1.33119791727 
0.029139 199.24017925432 1.23118810498 
0.029646 193.70243666567 1.11319384127 
0.030153 190.00761244834 1.14335411146 
0.030660 186.62468754347 1.06577023656 
0.031167 182.53590876544 0.92857744318 
0.031673 179.74405394896 0.94273159188 
0.032180 176.20362019002 0.84739053473 
0.032687 173.74944076466 0.89410064992 
0.033194 171.23058246390 0.85910081867 
0.033700 167.88635150509 0.79683353902 
0.034207 165.30002279804 0.75224328566 
0.034714 162.86050927321 0.76406649506 
0.035221 161.45607669761 0.72290532354 
0.035727 157.60678883756 0.68202467172 
0.036234 156.85973163616 0.67246335455 
0.036741 154.26587070508 0.69726003137 
0.037248 152.27528363805 0.63696164960 
0.037755 150.76084733608 0.60610888102 
0.038261 148.33014737789 0.63059946794 
0.038768 148.21267724288 0.57014419890 
0.039275 145.48447095428 0.58860581337 
0.039782 143.91325393365 0.60575088343 
0.040288 142.47129521264 0.60183747513 
0.040795 141.71595654636 0.53815672452 
0.041302 139.35111353510 0.55904078618 
0.041809 139.46732544199 0.54830019544 
0.042315 137.99680009687 0.52644437662 
0.042822 135.75326351965 0.52741309576 
0.043329 135.86170309812 0.56140185914 
0.043836 134.16675135503 0.53068396583 
0.044343 133.07525179349 0.51643483399 
0.044849 132.57268421573 0.51676614948 
0.045356 130.77591859462 0.47578202074 
0.045863 129.25635106145 0.51270028559 
0.046370 128.69658997637 0.47757110680 
0.046876 127.29980458202 0.49612907596 
0.047383 127.69389723016 0.49456480377 
0.047890 126.68883998142 0.48762518170 
0.048397 125.71307607815 0.48027869306 
0.048903 124.39526178474 0.48676565803 
0.049410 122.84309834777 0.47170821935 
0.049917 123.55244620172 0.47164221463 
0.050424 122.49274658285 0.48679782036 
0.050931 121.12936774126 0.44328665774 
0.051437 121.04172193820 0.45626910985 
0.051944 120.11569165452 0.43022818572 
0.052451 119.82388493375 0.46075391911 
0.052958 118.75982720078 0.44263561429 
0.053464 118.48209548566 0.44049563793 
0.053971 117.63417236715 0.45253207468 
0.054478 116.60976191151 0.44460782015 
0.054985 115.05308375801 0.44058754123 
0.055491 114.99606953207 0.44337587263 
0.055998 115.27367230441 0.45190204285 
0.056505 114.51339097798 0.42569842368 
0.057012 113.46958313635 0.43826475263 
0.057519 113.41167156269 0.42588010773 
0.058025 112.45892657885 0.41973715224 
0.058532 111.79631832809 0.42730475560 
0.059039 111.64339321164 0.41627130045 
0.059546 110.78810724117 0.41044779725 
0.060052 110.26220584096 0.40800699722 
0.060559 109.91522253362 0.39996388104 
0.061066 109.43554375208 0.41768762058 
0.061573 109.40382707982 0.40151629481 
0.062079 107.76134706904 0.39979363176 
0.062586 108.35258671867 0.38524396723 
0.063093 107.34687894572 0.39970044303 
0.063600 107.56765443995 0.38816660616 
0.064106 106.43577921468 0.39076851273 
0.064613 105.69787498398 0.38119370517 
0.065120 106.67152784531 0.37763626934 
0.065627 105.91680116684 0.37570539089 
0.066134 105.76202421283 0.38319385557 
0.066640 105.12853797769 0.37239295591 
0.067147 104.74154454671 0.38679498646 
0.067654 104.09317358974 0.38220377519 
0.068161 103.58796032058 0.37259495259 
0.068667 103.37472028968 0.38380830231 
0.069174 103.24882950459 0.37305837689 
0.069681 102.38674188239 0.35146945849 
0.070188 102.42530954567 0.35074843404 
0.070694 102.08123450949 0.35547448289 
0.071201 101.91956715490 0.36982991468 
0.071708 101.50502971320 0.35296339204 
0.072215 101.39648649908 0.34634952735 
0.072721 100.49354311758 0.35154782563 
0.073228 100.42519550424 0.35599829224 
0.073735 100.81051031003 0.35094479157 
0.074242 100.29360354428 0.35309857232 
0.074748 99.69712423032 0.34207071574 
0.075255 99.20163406721 0.32865625721 
0.075762 99.16628825769 0.34950068541 
0.076269 98.86365205271 0.35076834290 
0.076776 99.03679651207 0.33814218321 
0.077282 98.30025640973 0.33838147967 
0.077789 98.20008162179 0.32489176064 
0.078296 98.06502271990 0.32726394078 
0.078803 97.44255906938 0.32804591252 
0.079309 97.23717103918 0.33698706077 
0.079816 97.60748684039 0.34585675930 
0.080323 97.54991646010 0.31573956206 
0.080830 96.90431946031 0.32994077965 
0.081336 96.92050820636 0.32378852174 
0.081843 97.05018274966 0.33341326730 
0.082350 96.41500452487 0.33416579023 
0.082857 96.61293512905 0.32275628177 
0.083363 96.22097696101 0.32890547854 
0.083870 96.50344399307 0.34157270910 
0.084377 95.82440335328 0.32653647545 
0.084884 95.95738066768 0.33034255717 
0.085390 96.16987223893 0.31897563950 
0.085897 96.06579140513 0.33129856616 
0.086404 95.52598111342 0.31732200616 
0.086911 95.32826834949 0.33071779053 
0.087417 94.90697172719 0.32788395403 
0.087924 95.59338000754 0.33391778075 
0.088431 95.22170529618 0.33774221638 
0.088938 94.88490212081 0.33830421130 
0.089444 94.04352520974 0.32147761983 
0.089951 94.42966535265 0.31713330511 
0.090458 93.88715890806 0.33414000834 
0.090965 94.02249611758 0.34083682485 
0.091471 93.92482880907 0.32615064809 
0.091978 93.45864207114 0.33359873021 
0.092485 92.81388836928 0.34321100428 
0.092992 93.57397903321 0.34819552628 
0.093498 93.01991481426 0.34323298290 
0.094005 92.78617146525 0.32705225537 
0.094512 92.78730415514 0.33962505699 
0.095019 92.88679116597 0.32975524551 
0.095525 93.07150250326 0.33349726986 
0.096032 92.44522229668 0.32878898790 
0.096539 92.44361102956 0.33025464952 
0.097046 91.87649512974 0.31943250190 
0.097552 91.81237956594 0.32875752030 
0.098059 92.38611587437 0.31237158519 
0.098566 91.61649489339 0.33248070842 
0.099073 91.79261671189 0.30816172723 
0.099579 91.62562293279 0.31605434054 
0.100086 91.26372718566 0.32131420218 
0.100593 91.33380181894 0.32568547253 
0.101100 91.32840298226 0.31690574152 
0.101606 90.59031960607 0.30135119915 
0.102113 89.87583353650 0.30235457966 
0.102620 89.58622571003 0.29615965601 
0.103127 89.83903873461 0.28834894257 
0.103633 88.90546669602 0.29688352294 
0.104140 88.14183769568 0.29778058172 
0.104647 88.41721477509 0.29326467229 
0.105154 88.14540798724 0.29429531765 
0.105660 88.20150535707 0.30611743902 
0.106167 88.05051425466 0.29310487013 
0.106674 88.39105042292 0.30468811146 
0.107181 87.75457843909 0.30379946790 
0.107687 87.83177011490 0.30460676659 
0.108194 87.86524763170 0.29495241814 
0.108701 87.76957554440 0.29646113927 
0.109208 87.85001624545 0.29315742257 
0.109714 88.08680473250 0.29368606084 
0.110221 87.62036235370 0.28656569276 
0.110728 87.17994094437 0.29117018758 
0.111235 87.47615957466 0.28103440840 
0.111741 87.51960194518 0.28420727389 
0.112248 87.03883556842 0.27695151756 
0.112755 87.30268593282 0.28124469900 
0.113262 86.88181523146 0.28279840173 
0.113768 86.83942404880 0.27917928056 
0.114275 86.93530152063 0.27777493305 
0.114782 86.74633253207 0.28409409710 
0.115289 86.65675277408 0.27392548064 
0.115795 86.54070730137 0.27816922915 
0.116302 86.33101711522 0.26810790523 
0.116809 86.41343265128 0.26558291173 
0.117316 86.06124658099 0.26762297550 
0.117822 86.34855404543 0.27273905340 
0.118329 86.46180994558 0.26793238628 
0.118836 85.64339925455 0.26756260425 
0.119342 85.56313409296 0.27248120756 
0.119849 85.67560950487 0.26756342425 
0.120356 85.76763123694 0.26059853020 
0.120863 85.49257605623 0.26811820372 
0.121369 85.42763539356 0.26271617033 
0.121876 85.05916529181 0.25734117800 
0.122383 85.51147060932 0.26233897899 
0.122890 85.63737596737 0.27200050349 
0.123396 85.31545433847 0.26707489023 
0.123903 84.74442229276 0.26305373955 
0.124410 84.79134891199 0.26577249588 
0.124917 85.08513563170 0.25594331658 
0.125423 85.12567331374 0.26574214852 
0.125930 85.04073124292 0.25658886487 
0.126437 85.11588477785 0.25666965399 
0.126944 85.11677001521 0.25982333114 
0.127450 84.92885772214 0.24945828130 
0.127957 84.80470866833 0.25827556817 
0.128464 84.35651564104 0.25897370172 
0.128970 84.20247217123 0.25244350382 
0.129477 84.44133470946 0.25151342138 
0.129984 84.29432644557 0.25813885200 
0.130491 84.41625876836 0.24979906913 
0.130997 84.31696379308 0.25865095527 
0.131504 84.24136117585 0.24595623622 
0.132011 84.55759040344 0.25219096971 
0.132518 83.74036130779 0.24879298670 
0.133024 83.91994756530 0.24974023778 
0.133531 83.61244264398 0.24901767615 
0.134038 84.02108701435 0.25292923506 
0.134545 83.71885892621 0.24881648520 
0.135051 83.62213565765 0.24985970380 
0.135558 83.84189219452 0.24928631167 
0.136065 83.61639419156 0.24360630077 
0.136571 83.40691088356 0.24827560584 
0.137078 83.63051834865 0.24806242847 
0.137585 83.90320082330 0.24725398809 
0.138092 83.57493451152 0.24771402428 
0.138598 82.85252606947 0.24129568685 
0.139105 82.99711759880 0.25059642917 
0.139612 83.27596301451 0.24856137635 
0.140119 83.21654081895 0.24688984154 
0.140625 83.05147413843 0.23848308213 
0.141132 82.66851286274 0.23831302765 
0.141639 82.93820232754 0.24601223516 
0.142145 83.05126364841 0.24127331077 
0.142652 82.36608256343 0.23870146258 
0.143159 82.02559978990 0.24286998988 
0.143666 82.35742954586 0.24597303397 
0.144172 82.65952394557 0.23998363316 
0.144679 82.26990472191 0.23916953266 
0.145186 82.15320701681 0.24536525444 
0.145692 81.90864330575 0.24301637102 
0.146199 82.05073237496 0.24322492014 
0.146706 82.15722611874 0.23914458780 
0.147213 81.65717809059 0.24188891460 
0.147719 81.77378719403 0.24101737676 
0.148226 81.88134160371 0.24513649593 
0.148733 81.62650431545 0.23887230021 
0.149240 81.54145427228 0.24582958329 
0.149746 81.16435331013 0.23827575571 
0.150253 81.24822877098 0.24583277207 
0.150760 81.20510982647 0.24074647726 
0.151266 80.96251993544 0.24527736531 
0.151773 81.32459162833 0.24644623509 
0.152280 81.01641406929 0.24728284613 
0.152787 80.81354938231 0.24252952480 
0.153293 80.63030997433 0.23558303383 
0.153800 80.64682318052 0.23613174661 
0.154307 80.50783290066 0.24279044587 
0.154813 80.60629698354 0.23915275061 
0.155320 80.54407244101 0.23583061055 
0.155827 80.76837187228 0.23804814054 
0.156334 80.70321662921 0.23679698268 
0.156840 80.41692887043 0.23347093470 
0.157347 80.51781833842 0.24322797981 
0.157854 80.26132099085 0.23800675111 
0.158360 80.12930441770 0.24584968533 
0.158867 80.16357939076 0.23680329043 
0.159374 80.31263538117 0.23844562944 
0.159881 79.78119262842 0.23658470550 
0.160387 79.56988537973 0.23330146642 
0.160894 79.99715351111 0.23544313732 
0.161401 79.82663802183 0.23923450626 
0.161907 79.89013951513 0.23184027604 
0.162414 79.62355879109 0.23474449894 
0.162921 79.64009315684 0.23385068366 
0.163427 79.51571696475 0.24201487101 
0.163934 79.33300892144 0.23852139980 
0.164441 79.25782485345 0.23409703010 
0.164948 79.26830392320 0.23147087160 
0.165454 78.81419124008 0.22810082118 
0.165961 78.92354032932 0.22784796741 
0.166468 79.23610348390 0.23080037322 
0.166974 79.00320053277 0.23140228576 
0.167481 78.56940374014 0.22830149883 
0.167988 78.97589916580 0.23030696025 
0.168495 79.03036722557 0.23331008723 
0.169001 79.03342773145 0.23394177313 
0.169508 79.12504675909 0.23629545386 
0.170015 78.92895792482 0.23045363807 
0.170521 78.91686414443 0.23319947993 
0.171028 78.76519472054 0.23121662646 
0.171535 79.21865387062 0.24135768473 
0.172041 78.86298920952 0.23667950205 
0.172548 78.84472302806 0.23296638537 
0.173055 78.87876986015 0.23617004406 
0.173562 79.06552134915 0.23883975344 
0.174068 79.06204891793 0.23950986481 
0.174575 78.69287473896 0.24113168699 
0.175082 78.68916382312 0.23600932494 
0.175588 78.65488436419 0.23900269579 
0.176095 79.15584290756 0.23759797701 
0.176602 78.66553794335 0.23523770243 
0.177108 78.63936568676 0.23925998029 
0.177615 78.76337751063 0.23682283287 
0.178122 78.57834939301 0.24068326088 
0.178629 78.52840118877 0.23349904387 
0.179135 78.79250570468 0.23751554045 
0.179642 78.59538009097 0.23696738216 
0.180149 78.46384469140 0.23577893774 
0.180655 78.43336014057 0.23819864035 
0.181162 78.39716370543 0.23593600288 
0.181669 78.40901604116 0.23291790662 
0.182175 78.92895404100 0.24379123507 
0.182682 78.64089404435 0.23752022916 
0.183189 78.44690339690 0.24235566129 
0.183695 79.04438120859 0.24440207949 
0.184202 78.37586893975 0.24617231925 
0.184709 78.08879930192 0.24438593251 
0.185216 78.24030647240 0.24268716618 
0.185722 78.29432376117 0.24492077628 
0.186229 77.80380323316 0.24270660161 
0.186736 78.27498741932 0.24679942555 
0.187242 77.85824336882 0.24954587244 
0.187749 77.90556427443 0.24499776867 
0.188256 77.80297511000 0.24476700846 
0.188762 77.85791860954 0.24925941251 
0.189269 77.67419198358 0.25253773113 
0.189776 77.43700463248 0.25130301131 
0.190282 77.34643798115 0.24435733567 
0.190789 77.49427305388 0.24589892400 
0.191296 76.98771765050 0.24575403640 
0.191802 77.33142759717 0.23798428964 
0.192309 77.18469436560 0.23934135965 
0.192816 76.92117464061 0.24076840968 
0.193323 76.59056245372 0.23834781429 
0.193829 76.66441854491 0.23254840835 
0.194336 76.81066190916 0.23887140988 
0.194843 76.35638324316 0.24086407046 
0.195349 76.16189242479 0.22918379684 
0.195856 76.10168732835 0.23483870737 
0.196363 76.16493659490 0.23462754926 
0.196869 76.13439135442 0.23027842132 
0.197376 76.48375371258 0.22433271300 
0.197883 75.88569976151 0.22850344169 
0.198389 75.98102634608 0.22929937988 
0.198896 76.18028357294 0.22497887820 
0.199403 76.11211831985 0.22764263601 
0.199909 76.08582777517 0.22362250223 
0.200416 75.64762376032 0.22473708960 
0.200923 75.61333554963 0.22558070106 
0.201429 75.80282968452 0.22286748624 
0.201936 75.59568140742 0.22410848123 
0.202443 75.70946934389 0.22214524751 
0.202949 75.31572464300 0.21821383781 
0.203456 75.71721440088 0.22464293036 
0.203963 75.28753155002 0.21284327203 
0.204469 75.48523168213 0.22174664843 
0.204976 75.24753001524 0.21883731258 
0.205483 75.37457582139 0.21773456796 
0.205989 75.04778123874 0.21783004931 
0.206496 75.05584391586 0.21622958487 
0.207003 75.26632920883 0.21013842363 
0.207509 75.28219192705 0.21512094103 
0.208016 75.24166696067 0.21379837057 
0.208523 75.36466032126 0.21472686482 
0.209029 74.96141051147 0.21063100279 
0.209536 75.01675056213 0.21611052202 
0.210043 75.02805560753 0.20939245534 
0.210549 74.93849208078 0.21005543963 
0.211056 75.11350763694 0.21252983563 
0.211563 75.17400400559 0.20991173006 
0.212069 74.84871939977 0.20964564797 
0.212576 74.95993723880 0.20812211024 
0.213083 74.70089450970 0.20950411035 
0.213589 74.94716555629 0.21122733605 
0.214096 74.78837429254 0.20614986494 
0.214603 74.68904804030 0.20683886702 
0.215109 74.72905082121 0.20918398521 
0.215616 74.56267546562 0.20502301289 
0.216123 74.07503780329 0.20647905027 
0.216629 74.28188556190 0.20355278424 
0.217136 74.18911291693 0.20656063164 
0.217643 74.47713824733 0.20742834912 
0.218149 74.18196970502 0.20542005694 
0.218656 73.81469321535 0.20997709271 
0.219163 74.14434146640 0.20727436111 
0.219669 74.02706285291 0.20716232908 
0.220176 74.05798609408 0.20642797701 
0.220683 74.05760683550 0.20174253167 
0.221189 73.73410965529 0.20565488249 
0.221696 73.93206044283 0.20390424583 
0.222203 73.97738283711 0.20754233446 
0.222709 73.97061612308 0.20557034697 
0.223216 73.78235350577 0.20186511464 
0.223722 73.57951158671 0.20584416223 
0.224229 73.63773445274 0.19974089627 
0.224736 73.46545341485 0.20280579190 
0.225242 73.72925627928 0.19974317000 
0.225749 73.64736313601 0.20195654988 
0.226256 73.72401693574 0.20418444821 
0.226762 73.71460073044 0.19964861760 
0.227269 73.33030220732 0.20202745425 
0.227776 73.30245623564 0.20213791988 
0.228282 73.21326099849 0.19933998627 
0.228789 73.16438455818 0.20203034055 
0.229296 73.07359086422 0.20509056127 
0.229802 73.20660699955 0.20053561636 
0.230309 73.20550536125 0.20161670452 
0.230816 72.95205006298 0.20324473970 
0.231322 73.32486366519 0.20348327304 
0.231829 73.08169661776 0.19981754191 
0.232335 73.01043326411 0.20224381865 
0.232842 72.76722242468 0.20085536047 
0.233349 72.94321101193 0.19737823917 
0.233855 72.88864734451 0.19847569388 
0.234362 72.91742725819 0.20157618537 
0.234869 72.77071359546 0.19854977254 
0.235375 72.52233148342 0.19536579456 
0.235882 72.45871780942 0.19163441577 
0.236389 72.53541084199 0.19967114651 
0.236895 72.31930493764 0.19762464557 
0.237402 72.59828333324 0.20180363511 
0.237908 72.50949142221 0.19794722194 
0.238415 72.24016592199 0.19918196701 
0.238922 72.32237825668 0.19896981516 
0.239428 72.14357923664 0.20179869208 
0.239935 72.31875624139 0.19850790128 
0.240442 72.29374161228 0.19822379421 
0.240948 72.10419668452 0.19726919615 
0.241455 72.22926296743 0.19791176426 
0.241962 71.97747499438 0.20170569036 
0.242468 71.76314690721 0.19782242401 
0.242975 71.87381714217 0.19990692442 
0.243481 71.81792351656 0.19987839527 
0.243988 71.70709614102 0.19952102573 
0.244495 71.85243621605 0.19615968136 
0.245001 71.82018996460 0.19186376526 
0.245508 71.69244784379 0.19100337042 
0.246015 71.71255660386 0.19604175789 
0.246521 71.78416378986 0.19521395968 
0.247028 71.29233834097 0.19800010082 
0.247534 71.63076173650 0.19755135392 
0.248041 71.52615550412 0.19455149571 
0.248548 71.46190443678 0.19704790648 
0.249054 71.40058920488 0.19622496676 
0.249561 71.31386374545 0.20082677773 
0.250068 71.28101056030 0.19701000087 
0.250574 71.01629604679 0.19612316280 
0.251081 71.03240136888 0.19728777455 
0.251587 71.27377737143 0.19652773891 
0.252094 71.13668805714 0.19923424433 
0.252601 71.36203768401 0.19799810536 
0.253107 71.44705479856 0.19440264420 
0.253614 70.98577423785 0.19102159606 
0.254120 70.92607699377 0.19283157492 
0.254627 70.74660566659 0.19669231637 
0.255134 70.87444151937 0.19343294131 
0.255640 71.04864806170 0.19820501996 
0.256147 70.80308137014 0.19167002390 
0.256654 70.71035958884 0.19502604045 
0.257160 70.97406207882 0.19887180480 
0.257667 71.26614537698 0.19641442758 
0.258173 71.07326515938 0.19947836801 
0.258680 71.29895015949 0.19526672838 
0.259187 71.52452817438 0.19706203103 
0.259693 71.47134795248 0.19636383992 
0.260200 71.04537822784 0.19624232069 
0.260706 71.46704574802 0.19103145353 
0.261213 71.62253208165 0.19593948224 
0.261720 71.73415394527 0.19717036236 
0.262226 71.76120811525 0.19317695554 
0.262733 71.54707399997 0.19655222737 
0.263239 71.50260339979 0.19507353196 
0.263746 71.89500395369 0.19833214206 
0.264253 71.53935690053 0.19694223406 
0.264759 71.50916410681 0.19274370333 
0.265266 71.67292621551 0.19240357804 
0.265772 71.63232475804 0.18947811772 
0.266279 71.87178193523 0.19272817616 
0.266786 71.68636194298 0.19315931199 
0.267292 71.76485631992 0.18938519839 
0.267799 71.73970657772 0.19142863646 
0.268305 71.62286001125 0.19414839259 
0.268812 71.62765366020 0.18905965818 
0.269319 71.83505846507 0.18653729625 
0.269825 71.86555088111 0.18887928549 
0.270332 71.82308020606 0.19225655435 
0.270838 71.84931411557 0.19372214272 
0.271345 72.13287107509 0.19048591116 
0.271852 72.10310349179 0.19314512292 
0.272358 71.91890523471 0.19307892246 
0.272865 72.06503746126 0.19297736286 
0.273371 72.41555550940 0.19163063282 
0.273878 72.21375586409 0.18957485563 
0.274385 72.23324854686 0.18987025382 
0.274891 72.49744839112 0.18795032237 
0.275398 72.38779137734 0.18570007180 
0.275904 72.28443942124 0.18980267973 
0.276411 72.55014421024 0.18823458003 
0.276917 72.21580567465 0.18694771660 
0.277424 72.30181565646 0.18551405543 
0.277931 71.97450233824 0.18282063575 
0.278437 72.26807181364 0.18444684985 
0.278944 72.24942065921 0.18157096410 
0.279450 71.84765143823 0.18005394379 
0.279957 72.42368219878 0.18484587278 
0.280464 72.25946861603 0.18316821419 
0.280970 71.97031016222 0.18005088491 
0.281477 72.52395677172 0.17957912874 
0.281983 71.79702858132 0.18430250463 
0.282490 72.07422910777 0.17921156142 
0.282996 71.89795284239 0.17927394763 
0.283503 71.98899910196 0.18101638698 
0.284010 72.08141438574 0.17833198011 
0.284516 71.61361865056 0.18153140732 
0.285023 71.53207131593 0.17803334516 
0.285529 71.50376536721 0.17178989875 
0.286036 71.67004562503 0.17765909333 
0.286542 71.59250869604 0.17495047626 
0.287049 71.90790756340 0.17177622058 
0.287556 71.23079355035 0.17735462550 
0.288062 71.55690590564 0.17512229931 
0.288569 71.39908936062 0.16919762649 
0.289075 71.45635593910 0.17119788568 
0.289582 71.58059959807 0.17208843715 
0.290088 71.27339712179 0.17071493905 
0.290595 71.31671067785 0.17061534861 
0.291102 70.79552662245 0.16499514909 
0.291608 70.97495653548 0.16906795150 
0.292115 71.04735501229 0.16484532727 
0.292621 71.08509624476 0.16851940875 
0.293128 71.01976766065 0.17020416780 
0.293634 71.13071801533 0.16710050469 
0.294141 71.16976371087 0.16727719136 
0.294647 71.06523200450 0.16913872706 
0.295154 70.95067674459 0.16814201123 
0.295661 70.79009858561 0.16237317276 
0.296167 70.97798859684 0.16581532898 
0.296674 70.80687720098 0.16612199420 
0.297180 70.81148226717 0.16751623211 
0.297687 70.55628483572 0.16288600376 
0.298193 70.53277540524 0.16576049284 
0.298700 70.72922648814 0.16797204665 
0.299207 70.51992729337 0.16347775217 
0.299713 70.50201139469 0.16405200113 
0.300220 70.34619308525 0.16617415149 
0.300726 70.65942564139 0.16316212499 
0.301233 70.51753619560 0.16321583959 
0.301739 70.41813876226 0.16273652259 
0.302246 70.30562552996 0.16270329159 
0.302752 70.34835562894 0.16378635174 
0.303259 70.33386644523 0.16217191425 
0.303765 70.04266356586 0.16406380266 
0.304272 70.31401079315 0.16228413097 
0.304779 70.01843223553 0.15880064879 
0.305285 70.28556536997 0.15994780948 
0.305792 70.07183610941 0.15952005590 
0.306298 70.01076494696 0.15865041336 
0.306805 70.23809162092 0.16347020842 
0.307311 69.93842634962 0.15707296495 
0.307818 69.96279243232 0.15885500963 
0.308324 69.72706534959 0.15742684023 
0.308831 69.35163353192 0.15792584857 
0.309337 69.40590249275 0.15409255305 
0.309844 69.23770273582 0.15379256263 
0.310350 69.35328301579 0.15277337480 
0.310857 68.97133343722 0.15263938132 
0.311364 68.63143094106 0.15190717941 
0.311870 68.54030114227 0.15206255885 
0.312377 68.26187944628 0.14931430467 
0.312883 68.20001208133 0.14894590623 
0.313390 67.82678383479 0.14782547573 
0.313896 67.55676905322 0.14815579845 
0.314403 67.75067942991 0.14533138459 
0.314909 67.66721276119 0.14805376465 
0.315416 67.46031373364 0.14284507621 
0.315922 67.28674649583 0.14391387525 
0.316429 67.37510071199 0.14014019839 
0.316935 67.12380989162 0.14190392011 
0.317442 67.14756108825 0.14094511150 
0.317948 66.99473681978 0.13957334447 
0.318455 67.16674893882 0.13948971406 
0.318961 67.13706117212 0.13918713091 
0.319468 67.03671352707 0.14106492734 
0.319975 66.76997707857 0.14590478803 
0.320481 66.53244375388 0.14362688780 
0.320988 66.65583573600 0.14118048907 
0.321494 66.55382422588 0.14071314819 
0.322001 66.62609338720 0.15437036680 
0.322507 66.65820601606 0.14161854366 
0.323014 66.52980278410 0.14292400077 
0.323520 66.71072187962 0.14356406827 
0.324027 66.57571658014 0.14354065134 
0.324533 66.42541677957 0.13762594315 
0.325040 66.46656436768 0.14245216437 
0.325546 66.22621101715 0.14341630273 
0.326053 66.26331686578 0.14001666400 
0.326559 66.09848341925 0.13573595308 
0.327066 66.18288814226 0.13659101177 
0.327572 66.38564037264 0.13921511174 
0.328079 66.36819376070 0.13814300842 
0.328585 66.11211879662 0.14036810882 
0.329092 66.10102307782 0.13817711213 
0.329598 65.89316185338 0.14022464097 
0.330105 65.84110898289 0.14135142520 
0.330611 65.99945204270 0.13922493085 
0.331118 66.11806234563 0.13661445920 
0.331624 66.05853820502 0.13762647014 
0.332131 66.02533467209 0.14186480474 
0.332637 65.79432366528 0.13770342491 
0.333144 66.00446383065 0.13769414837 
0.333650 65.73704568424 0.13542775967 
0.334157 65.59375876814 0.14031069490 
0.334663 65.47320679384 0.14025803327 
0.335170 65.80569231051 0.13929847894 
0.335676 65.59035162551 0.14123279308 
0.336183 65.87501583803 0.13968855845 
0.336689 65.42125180670 0.13766146838 
0.337196 65.50759386532 0.13764751134 
0.337702 65.28754776684 0.13682555788 
0.338209 65.41427964033 0.13940608778 
0.338715 65.45497985112 0.13902558503 
0.339222 65.60341123721 0.13778506804 
0.339728 65.22030516927 0.14131881513 
0.340235 65.64349053096 0.25028004949 
0.340741 65.25356251667 0.13776450948 
0.341248 65.07715563090 0.13735135138 
0.341754 65.14767487194 0.13988214135 
0.342261 65.32522847716 0.13912699822 
0.342767 65.20260986070 0.13951767721 
0.343274 65.40493467243 0.13896747547 
0.343780 65.19311381879 0.14158462292 
0.344287 65.15557493701 0.13989536284 
0.344793 64.91233522386 0.13719650653 
0.345300 64.97686718207 0.14025282572 
0.345806 65.00034469855 0.13925701072 
0.346313 64.85385815552 0.14448526512 
0.346819 64.93952613968 0.14059930445 
0.347325 64.85832998335 0.14427862484 
0.347832 64.64739279997 0.14309781775 
0.348338 64.76247237739 0.14533921324 
0.348845 64.70638804588 0.14857405776 
0.349351 64.54430596253 0.14701381654 
0.349858 64.62605887759 0.14873251973 
0.350364 64.74176554225 0.14914163487 
0.350871 64.53841953817 0.14675266137 
0.351377 64.67521452540 0.14572122406 
0.351884 64.42940553888 0.14442484214 
0.352390 64.55649503554 0.14720301236 
0.352897 64.82394462637 0.15142265314 
0.353403 64.19635416346 0.14738028994 
0.353910 64.17121953308 0.14829770206 
0.354416 64.27789411365 0.15173514256 
0.354923 64.48239780394 0.15019994753 
0.355429 64.19605312773 0.15606664878 
0.355935 64.15069460001 0.14921690380 
0.356442 64.16315912993 0.15432116620 
0.356948 63.71958910159 0.15422032853 
0.357455 63.86293190462 0.16048982111 
0.357961 63.75002621790 0.15457939289 
0.358468 63.55559360825 0.15571466835 
0.358974 63.67501342033 0.22268796898 
0.359481 64.01159229181 0.20409446876 
0.359987 63.83383619003 0.20152401246 
0.360494 63.98417538616 0.18927597183 
0.361000 63.93165214278 0.18697756593 
0.361506 63.68146048142 0.18205226164 
0.362013 63.72571924270 0.18587278902 
0.362519 63.67356429850 0.18396810538 
0.363026 63.96663725251 0.18464931218 
0.363532 64.17669317913 0.18531442553 
0.364039 63.78475612836 0.18124981309 
0.364545 63.89856917718 0.18316353414 
0.365052 63.70275003213 0.18197528590 
0.365558 63.65394298002 0.18499396171 
0.366064 63.58988457570 0.18248576254 
0.366571 63.80817215354 0.18399753314 
0.367077 63.72268992752 0.18235320331 
0.367584 63.38305914412 0.18339234039 
0.368090 63.54995356281 0.19061370643 
0.368597 63.48637726693 0.18875575120 
0.369103 63.77989103941 0.18817159932 
0.369610 63.72075301329 0.18752342076 
0.370116 63.49164448703 0.19179349827 
0.370622 63.47883504344 0.19231827390 
0.371129 63.43779163241 0.19299405052 
0.371635 63.29649893774 0.18964991960 
0.372142 63.57150638293 0.19485965033 
0.372648 63.43580410424 0.19274481571 
0.373155 63.46222663549 0.19261190644 
0.373661 63.49163242417 0.19652309305 
0.374167 63.78034543805 0.19600913830 
0.374674 63.53817333787 0.19471469710 
0.375180 63.15059571679 0.19821648797 
0.375687 63.54825473330 0.19696656943 
0.376193 63.34669146416 0.19933193034 
0.376700 63.48629076821 0.20286982918 
0.377206 63.57259833728 0.20159103260 
0.377712 63.26638264104 0.20261208906 
0.378219 63.20421736444 0.20014389312 
0.378725 63.71775201199 0.20760796055 
0.379232 63.01285712784 0.20830638765 
0.379738 63.32108031240 0.20844461073 
0.380245 63.46345446745 0.20675967679 
0.380751 63.14696299633 0.20877141443 
0.381257 63.32076414896 0.20933480963 
0.381764 63.32482892246 0.20765307065 
0.382270 62.97128946451 0.20839765682 
0.382777 63.49025523516 0.21006551430 
0.383283 63.14076930639 0.21018906480 
0.383789 63.01475476961 0.20962731896 
0.384296 63.06590003774 0.20949801562 
0.384802 63.16785939254 0.21227966561 
0.385309 62.86110753553 0.20451963976 
0.385815 63.00977915107 0.20857790797 
0.386321 63.06460545822 0.20991896782 
0.386828 62.67099614470 0.21426221080 
0.387334 63.08000127317 0.20978383133 
0.387841 63.13424321449 0.21238666563 
0.388347 62.98351773343 0.21626869023 
0.388853 63.20737374974 0.21650744625 
0.389360 62.76685397822 0.22165965374 
0.389866 62.94495285396 0.21441433153 
0.390373 62.74132733178 0.20938974922 
0.390879 62.71461883402 0.21673047060 
0.391385 62.98603138312 0.22140366498 
0.391892 63.37497251294 0.22240188871 
0.392398 62.97626772610 0.22233536058 
0.392905 62.80013619783 0.22061787379 
0.393411 62.85011261899 0.22219601645 
0.393917 62.58485860279 0.22752278533 
0.394424 62.50458092476 0.22321690150 
0.394930 62.80767499351 0.22062032298 
0.395437 62.49374564176 0.22780291530 
0.395943 63.01375165318 0.22872133099 
0.396449 62.72160351804 0.39388009960 
0.396956 62.68356687545 0.22623378113 
0.397462 62.63546858875 0.23292478475 
0.397969 62.89389957793 0.23433642908 
0.398475 62.39659196939 0.22759023972 
0.398981 62.60527103696 0.23339393142 
0.399488 62.38600375360 0.23072739858 
0.399994 62.20650838391 0.23969776191 
0.400500 62.62756909016 0.23703013713 
0.401007 62.68131000298 0.23518430662 
0.401513 62.56940713582 0.24280416362 
0.402020 62.25889193699 0.25218796045 
0.402526 62.72824200778 0.24556365383 
0.403032 62.25295315303 0.24512929829 
0.403539 62.37476464434 0.25350726422 
0.404045 61.93324916351 0.24553372816 
0.404551 62.59403823325 0.26923620071 
0.405058 62.39308181346 0.26584434057 
0.405564 62.46545084214 0.25449332701 
0.406071 62.30642143180 0.25337329791 
0.406577 61.94205703124 0.25617645224 
0.407083 61.96423627271 0.25790520587 
0.407590 62.39639384337 0.26406766991 
0.408096 62.16599907678 0.27702398888 
0.408602 61.87164708068 0.27588495835 
0.409109 61.85761323303 0.26216377966 
0.409615 62.03572224970 0.27180598759 
0.410121 62.41696398696 0.26735606885 
0.410628 62.05248920396 0.26301383363 
0.411134 62.14025212651 0.27605765648 
0.411641 61.75762116553 0.27632821457 
0.412147 61.92794337837 0.26108698576 
0.412653 61.99257304108 0.26691131096 
0.413160 61.87556381733 0.26754371815 
0.413666 61.84849996760 0.25982849422 
0.414172 61.99102559511 0.28060366895 
0.414679 61.58562414430 0.27332160379 
0.415185 62.24109598442 0.28242734697 
0.415691 62.42747728307 0.27591180692 
0.416198 61.95247463148 0.27643777939 
0.416704 61.99379018061 0.28184678730 
0.417210 61.28205090230 0.27694757347 
0.417717 61.89047105798 0.30254647381 
0.418223 61.96577828453 0.27909093518 
0.418729 61.96906628609 0.27863785019 
0.419236 62.25848888710 0.27404381890 
0.419742 62.04522117151 0.27616003469 
0.420248 61.81212857703 0.27807884321 
0.420755 61.81322134743 0.28919687381 
0.421261 61.61621277684 0.27667873599 
0.421767 61.69796756124 0.27464463730 
0.422274 61.98035034829 0.27740467981 
0.422780 61.89126141386 0.27182097617 
0.423286 61.71761205630 0.28400276473 
0.423793 61.42390629655 0.28025725171 
0.424299 61.45584367485 0.28529891508 
0.424805 61.46869583172 0.28732147534 
0.425312 61.19103494663 0.29594508482 
0.425818 61.84641305789 0.28706122259 
0.426324 61.87893616923 0.29236481769 
0.426831 61.65466294263 0.29365306848 
0.427337 61.52847452844 0.30235160599 
0.427843 61.48458702713 0.30924089052 
0.428350 61.68423771587 0.31124830413 
0.428856 61.63455917423 0.30246910630 
0.429362 61.79465003772 0.30468359633 
0.429869 61.76255489309 0.31121627458 
0.430375 61.17014810669 0.31064976860 
0.430881 61.48051594917 0.32002353885 
0.431388 61.59693661881 0.30560188874 
0.431894 61.65083698588 0.31889547430 
0.432400 61.50554210495 0.32109034900 
0.432907 61.45333735194 0.31921878483 
0.433413 61.48008710743 0.33066144296 
0.433919 61.59092926097 0.32993814705 
0.434425 61.74504779067 0.32348043693 
0.434932 61.55009467257 0.33474021758 
0.435438 62.02125024805 0.33869980346 
0.435944 61.36405720852 0.35683782529 
0.436451 61.36648094288 0.32704020786 
0.436957 61.29612678563 0.36052777590 
0.437463 61.01293396871 0.35158074492 
0.437970 62.03520864525 0.33496638619 
0.438476 61.19033243380 0.35578999403 
0.438982 61.33905029066 0.37463701930 
0.439489 61.63201875320 0.37508688396 
0.439995 61.43681147040 0.38395848635 
0.440501 61.14905294272 0.37686505902 
0.441007 60.76469715065 0.37048436396 
0.441514 61.57613478720 0.37806223190 
0.442020 61.71512051914 0.39133581917 
0.442526 61.31555072914 0.40075958135 
0.443033 60.88260575687 0.40174344950 
0.443539 61.22304886195 0.40303420477 
0.444045 61.08368682671 0.42220314962 
0.444551 61.64273513212 0.42463807041 
0.445058 61.21279438082 0.43521845547 
0.445564 60.80595110632 0.42501538928 
0.446070 60.95641516213 0.42377669501 
0.446577 61.02104718770 0.42240910423 
0.447083 60.74605934860 0.44849487460 
0.447589 60.63643720795 0.45697978814 
0.448095 60.43178334424 0.44050465144 
0.448602 60.19914427457 0.47874187979 
0.449108 60.82042797485 0.47673883605 
0.449614 60.81203371061 0.47172634513 
0.450121 61.22590984426 0.49449464618 
0.450627 59.82228763843 0.49805164502 
0.451133 60.82121886267 0.49294670177 
0.451639 60.36446281150 0.52215241655 
0.452146 60.99033820791 0.54316695746 
0.452652 60.86031362382 0.54411578859 
0.453158 59.78849150016 0.58023633957 
0.453664 60.23360164685 0.57327407739 
0.454171 60.46906740606 0.57519597068 
0.454677 60.16320516542 0.64034907932 
0.455183 60.36993274890 0.60941877897 
0.455689 59.98577923579 0.63328487684 
0.456196 60.56833775638 0.62490489219 
0.456702 59.45132517792 0.64328150695 
0.457208 59.99939066633 0.68593966086 
0.457714 60.56840633352 0.73068571807 
0.458221 60.29984351429 0.75676663276 
0.458727 60.59541665467 0.80230426958 
0.459233 60.29111092304 0.85974756527 
0.459740 59.56078369358 0.83082110075 
0.460246 59.22200680090 0.87708479944 
0.460752 60.57151110229 0.96311923172 
0.461258 59.39653496669 0.99617913460 
0.461765 59.19886735231 1.10515470844 
0.462271 60.17448745202 1.10019338736 
0.462777 60.55264293443 1.20057041330 
0.463283 59.52362031988 1.26061521680 
0.463789 61.30268243138 1.32852413442 
0.464296 59.48074182039 1.37596294022 
0.464802 61.62310696431 1.41413998778 
0.465308 62.16789011764 1.45221061176 
0.465814 59.40740102496 1.68499947957 
0.466321 60.53381271662 1.75941165553 
0.466827 59.58384428930 1.79018719272 
0.467333 59.76769288115 1.86820939972 
0.467839 59.93885472149 1.90437472085 
0.468346 57.80596474063 2.18994724153 
0.468852 57.36690155636 2.46007988918 
0.469358 58.46028107924 2.96896530459 
0.469864 58.34769118023 2.98816016246 
0.470371 57.35239641538 3.64189597192 
0.470877 59.65476514909 4.61658286160 
0.471383 61.39583456575 5.95333698776 
0.471889 57.97913882173 7.53381287430 
0.472395 58.29101302331 6.85995594994 
0.472902 48.10034204549 11.57851377859 
