0.010896 1376.23652559048 12.87182275301 
0.011402 1216.78441133695 11.18662206875 
0.011909 1088.53487870944 10.37134018668 
0.012416 987.93546448438 9.60122023091 
0.012923 893.32094223086 8.73655132767 
0.013430 835.82961157959 11.10477346553 
0.013936 797.38008495409 9.67838618033 
0.014443 745.01981450765 7.34711242821 
0.014950 679.25719261689 6.71524139447 
0.015457 638.69681583812 5.75757947225 
0.015963 582.57854624947 4.85796833268 
0.016470 543.43467378319 4.00935963478 
0.016977 511.90126998204 4.08651396353 
0.017484 479.35065987413 3.43945539612 
0.017990 452.66594115492 3.43171294793 
0.018497 427.17040809567 2.64157350995 
0.019004 405.85668269065 2.49403112060 
0.019511 380.86611576067 2.24663711392 
0.020018 364.16480826450 2.19392601070 
0.020524 347.56876965949 1.97282666410 
0.021031 330.12393707595 1.96428247739 
0.021538 315.87937540771 1.71543946798 
0.022045 303.61173926640 1.56870813782 
0.022551 290.07599281289 1.59435123946 
0.023058 280.66997833061 1.52529004969 
0.023565 271.54801258228 1.49686566565 
0.024072 263.42422240779 1.74932849850 
0.024579 252.35336486404 1.65291500179 
0.025085 244.74445698770 2.13163450986 
0.025592 236.16750012903 2.15546437589 
0.026099 230.43125098015 2.18299269645 
0.026606 224.60473997580 1.61308047694 
0.027112 218.47568160266 1.76639178744 
0.027619 212.89918690425 1.50765103956 
0.028126 208.08534971017 1.49438365409 
0.028633 203.47387074016 1.29601853015 
0.029139 199.21929237256 1.18832693406 
0.029646 192.72160444160 1.19323124898 
0.030153 190.13676485836 1.14453781792 
0.030660 187.19126846628 1.08710654138 
0.031167 183.23403744905 0.99470917774 
0.031673 179.93711327460 0.88723697941 
0.032180 176.33470184657 0.85977631368 
0.032687 172.54814328541 0.89252747308 
0.033194 169.78528158580 0.82103961173 
0.033700 168.28337742328 0.78502379178 
0.034207 165.02017747095 0.76542798455 
0.034714 163.10498134509 0.74074829896 
0.035221 160.70465150026 0.76685882709 
0.035727 158.19253828573 0.66090106151 
0.036234 156.64572514348 0.66053394492 
0.036741 154.53670736309 0.65093164527 
0.037248 153.27646140968 0.63572014257 
0.037755 151.63471548422 0.59463792595 
0.038261 148.88106858696 0.60833978708 
0.038768 147.50234211294 0.60018828542 
0.039275 146.25810100993 0.60067434154 
0.039782 144.17696304264 0.57433967319 
0.040288 142.42412532344 0.55968856618 
0.040795 141.92995375758 0.57396632254 
0.041302 140.89271942407 0.54857191482 
0.041809 138.12950125981 0.54475940516 
0.042315 138.15368491197 0.54476362075 
0.042822 136.44407129355 0.51957432288 
0.043329 135.28513014827 0.55104527275 
0.043836 133.65469843845 0.51311637394 
0.044343 132.41067875968 0.50097944389 
0.044849 131.18141813501 0.53711727188 
0.045356 130.90588521834 0.48707538203 
0.045863 129.48832983416 0.50827417165 
0.046370 129.28348338145 0.49786139116 
0.046876 128.65725292530 0.48973163809 
0.047383 127.54749744648 0.47887644890 
0.047890 126.22470888442 0.47453622956 
0.048397 125.52437982626 0.48570597557 
0.048903 124.72160085004 0.48806773566 
0.049410 123.62658750490 0.47113130402 
0.049917 122.62976731659 0.47796447399 
0.050424 123.12331120917 0.47668272968 
0.050931 121.75918830328 0.48878360334 
0.051437 121.51184403452 0.45565921813 
0.051944 120.12870141928 0.44661417677 
0.052451 119.39539643239 0.45324192126 
0.052958 118.64898904860 0.44130715292 
0.053464 118.48520251228 0.45520669898 
0.053971 117.03101547398 0.45247684677 
0.054478 117.31034035041 0.45225419093 
0.054985 115.57244017712 0.44492517558 
0.055491 116.00426252746 0.42514813194 
0.055998 114.79533429736 0.44514219742 
0.056505 113.88238429451 0.42732527306 
0.057012 113.00690693335 0.44103871052 
0.057519 113.21006283850 0.44403221491 
0.058025 112.09729734674 0.41710071813 
0.058532 112.09538148718 0.41818638461 
0.059039 110.63211778346 0.40310615642 
0.059546 111.32764401426 0.41815819470 
0.060052 110.13043920900 0.41944905430 
0.060559 109.49094602109 0.39874874084 
0.061066 108.89288793031 0.40081621889 
0.061573 108.63868947052 0.40651081145 
0.062079 108.96249512452 0.41465456702 
0.062586 108.16089184179 0.40747147668 
0.063093 107.53797838569 0.38441948566 
0.063600 107.04505911337 0.37824347466 
0.064106 106.91208817685 0.39033204358 
0.064613 106.29806277741 0.38327422484 
0.065120 105.58417943347 0.38300470145 
0.065627 105.54984674719 0.38236918753 
0.066134 105.02124373124 0.37196219374 
0.066640 104.08709131376 0.38408633776 
0.067147 104.64171178948 0.37255086447 
0.067654 103.84072182433 0.37533713519 
0.068161 104.16518501776 0.36173916367 
0.068667 103.42725247947 0.37260365333 
0.069174 103.59950111050 0.36354615725 
0.069681 102.53559487459 0.37451352342 
0.070188 101.70600293184 0.35805124209 
0.070694 102.11704933204 0.35851262498 
0.071201 101.77528247617 0.35233503649 
0.071708 101.33053328626 0.36202558244 
0.072215 100.65613876872 0.35878282112 
0.072721 100.39812650481 0.35254948496 
0.073228 100.74481689479 0.34866216055 
0.073735 99.91032759934 0.35107574202 
0.074242 99.66850020623 0.36282238427 
0.074748 99.22049921854 0.33777592423 
0.075255 98.99990849635 0.33577258571 
0.075762 99.21076137469 0.34066601719 
0.076269 99.06222393935 0.34897743354 
0.076776 98.18802393042 0.34734923634 
0.077282 98.58598802104 0.32224238044 
0.077789 97.76179875407 0.33155218440 
0.078296 97.69902012549 0.31986326914 
0.078803 97.44301204007 0.31870677002 
0.079309 97.47013191461 0.32772799849 
0.079816 97.82282241555 0.31194206171 
0.080323 97.27502005783 0.32676943055 
0.080830 97.03236137459 0.32546058754 
0.081336 97.10352388385 0.33132461181 
0.081843 96.50339247160 0.33740333433 
0.082350 96.25439980539 0.32660037341 
0.082857 96.39899556149 0.33080039928 
0.083363 96.84926276214 0.33246638315 
0.083870 96.05397275843 0.32579819312 
0.084377 96.35473338801 0.33386797650 
0.084884 95.42603465848 0.32833586424 
0.085390 95.44042185500 0.33922026472 
0.085897 95.52451146664 0.35367467650 
0.086404 95.93055628761 0.33478334069 
0.086911 95.15507131750 0.32441658724 
0.087417 94.96538607582 0.33909577488 
0.087924 94.74839580526 0.32208976846 
0.088431 94.51838219443 0.33304426095 
0.088938 94.56395159605 0.32948581699 
0.089444 94.10636910936 0.32397216604 
0.089951 94.52848252133 0.32786452792 
0.090458 94.04645126510 0.33453999428 
0.090965 93.61468411474 0.32270331668 
0.091471 93.72736737929 0.32169094733 
0.091978 93.89402579749 0.33326460303 
0.092485 92.52006404869 0.35390805768 
0.092992 93.38722619387 0.33010167362 
0.093498 92.21161194678 0.33948521197 
0.094005 92.98697678747 0.33704113789 
0.094512 93.33973939203 0.33399404100 
0.095019 92.98126788485 0.33346648144 
0.095525 92.39447212591 0.32264517156 
0.096032 92.34381778521 0.31814590391 
0.096539 92.26717742518 0.32473849592 
0.097046 92.05693865092 0.33065501921 
0.097552 92.34717872250 0.33161201018 
0.098059 91.55357694741 0.32371407344 
0.098566 91.62339079310 0.32932366653 
0.099073 91.76487449054 0.32699966218 
0.099579 91.46277167245 0.32386400595 
0.100086 91.65900494868 0.32687080917 
0.100593 91.16845191419 0.32891155735 
0.101100 91.57735179975 0.31711353096 
0.101606 90.65517106691 0.31716758435 
0.102113 89.87823356063 0.30347613177 
0.102620 89.71758621095 0.30584036067 
0.103127 89.34475378498 0.30291713791 
0.103633 89.17212111866 0.30378136154 
0.104140 88.27543135421 0.29478775285 
0.104647 88.81636011539 0.30451684437 
0.105154 88.29668085594 0.30427365290 
0.105660 88.06902024506 0.30137446329 
0.106167 88.14322257402 0.29524234280 
0.106674 88.18404622700 0.30370238525 
0.107181 88.18391798899 0.29919763798 
0.107687 88.07135652437 0.29939202948 
0.108194 88.46496829688 0.29312693688 
0.108701 87.72907172433 0.28887634486 
0.109208 87.66032084351 0.29394045206 
0.109714 87.91001873271 0.29178801270 
0.110221 87.54709233366 0.28741501091 
0.110728 87.26329210220 0.28663306717 
0.111235 87.46224205519 0.28368902432 
0.111741 87.18078138271 0.29259160567 
0.112248 86.56304835318 0.28113910426 
0.112755 86.97927337919 0.28297086122 
0.113262 86.69144087787 0.27930003787 
0.113768 86.97124333403 0.27968264496 
0.114275 87.23844102882 0.27477476396 
0.114782 87.06093958171 0.28168501826 
0.115289 86.47426554015 0.27602833114 
0.115795 86.83704457349 0.28350972786 
0.116302 86.46150199891 0.27366147967 
0.116809 86.20668860501 0.26790670958 
0.117316 86.00872505055 0.27456657540 
0.117822 85.93699705821 0.26716232146 
0.118329 86.22047188575 0.27197416337 
0.118836 85.78862039805 0.26910633960 
0.119342 86.12888163992 0.26650620686 
0.119849 85.91183474487 0.26458855407 
0.120356 86.40653752474 0.27126609299 
0.120863 85.45141244941 0.26280668998 
0.121369 85.64410149004 0.25937702792 
0.121876 85.45006867189 0.27417952493 
0.122383 85.27978399352 0.26585027956 
0.122890 85.19809716780 0.26802125137 
0.123396 85.29522950840 0.27359234227 
0.123903 85.06947086663 0.26616030291 
0.124410 85.24087530882 0.26483100275 
0.124917 84.57123417387 0.26315010585 
0.125423 84.88942897178 0.25848754224 
0.125930 84.86153470983 0.26588564634 
0.126437 84.72332181162 0.26296154363 
0.126944 84.96350755724 0.25848728273 
0.127450 84.83222569562 0.25388735481 
0.127957 84.55333773987 0.25506119322 
0.128464 84.79588902541 0.25696348618 
0.128970 84.61252909451 0.25107727019 
0.129477 84.05981009311 0.25920356069 
0.129984 84.13472262742 0.25541334691 
0.130491 84.09888727959 0.25043496138 
0.130997 84.00533911085 0.25503166405 
0.131504 84.11173328551 0.24695838889 
0.132011 84.56749203888 0.25546738785 
0.132518 84.23629339069 0.24143479352 
0.133024 84.23913643228 0.25073146247 
0.133531 83.77877654695 0.25073945079 
0.134038 83.82602386467 0.24373259788 
0.134545 83.74882780753 0.25594948965 
0.135051 83.81229071362 0.24678593156 
0.135558 83.25383464497 0.24679151509 
0.136065 83.76405314277 0.24832584580 
0.136571 83.58172056234 0.24237485233 
0.137078 83.72811475558 0.24691091722 
0.137585 83.58811746853 0.24685689190 
0.138092 83.22910773955 0.24708152514 
0.138598 83.15345098741 0.24662936893 
0.139105 83.24261216886 0.23931217193 
0.139612 83.05124696739 0.24049073575 
0.140119 82.90238978838 0.23700307846 
0.140625 82.82159553043 0.24052469108 
0.141132 82.87483156750 0.24023966345 
0.141639 83.03542728935 0.24131406784 
0.142145 82.83978508517 0.24123889265 
0.142652 82.74527904174 0.24196169814 
0.143159 82.72523417797 0.23880698882 
0.143666 82.36885533180 0.23923231163 
0.144172 82.12346449981 0.24252426399 
0.144679 82.48621285166 0.23807215215 
0.145186 82.15671931321 0.23532258074 
0.145692 81.97142624958 0.24774856948 
0.146199 81.74818895623 0.24160427318 
0.146706 81.95629882577 0.24632345964 
0.147213 81.63061086998 0.24181816823 
0.147719 82.07529286892 0.24605235639 
0.148226 81.29649171002 0.23881360771 
0.148733 81.74788871469 0.24311392881 
0.149240 81.30696777041 0.24028251322 
0.149746 81.36304910948 0.24118729137 
0.150253 81.32346998601 0.23806941653 
0.150760 81.26513168984 0.23919657371 
0.151266 81.38906778046 0.23734076367 
0.151773 81.43132467161 0.24337657078 
0.152280 81.20865632872 0.23799505853 
0.152787 80.44181470011 0.23803578423 
0.153293 80.92649751274 0.24082350520 
0.153800 80.93970234523 0.23493576198 
0.154307 81.09625525357 0.23799639872 
0.154813 80.49533665814 0.24318130330 
0.155320 80.80869095787 0.23870760548 
0.155827 80.57262351015 0.23728477254 
0.156334 80.56290176526 0.24314414377 
0.156840 80.53232102197 0.24353361992 
0.157347 80.54234864092 0.23742510005 
0.157854 80.56788978091 0.24021420010 
0.158360 80.42837799976 0.23534084185 
0.158867 80.03092717457 0.23330050657 
0.159374 80.08910417843 0.23426608314 
0.159881 79.89700852513 0.23886615184 
0.160387 79.76083514903 0.23480059893 
0.160894 80.02591404981 0.23607058602 
0.161401 79.98530307113 0.22825063513 
0.161907 79.43124647767 0.23334742623 
0.162414 79.54335943528 0.23520314407 
0.162921 80.10456082133 0.23342883940 
0.163427 79.95337555830 0.23098774833 
0.163934 79.52015720010 0.23454266789 
0.164441 79.48298277166 0.23225505410 
0.164948 79.45920061841 0.22636866000 
0.165454 79.33140869637 0.23218620330 
0.165961 79.45572036861 0.22915034595 
0.166468 79.18043471713 0.23410533040 
0.166974 79.20976799278 0.22929865372 
0.167481 78.83384031523 0.23037109681 
0.167988 79.10082507106 0.23816416558 
0.168495 78.63316391932 0.23322315523 
0.169001 79.11632660311 0.23586835750 
0.169508 78.79912789038 0.23530765149 
0.170015 79.11943462736 0.23032884420 
0.170521 79.13304705127 0.23064636370 
0.171028 79.04979604433 0.23393101099 
0.171535 79.05823911650 0.23508154045 
0.172041 78.94196776914 0.23652395009 
0.172548 78.96052471531 0.23224915748 
0.173055 79.02523342782 0.24179809100 
0.173562 78.94541791755 0.23485646004 
0.174068 78.92618353777 0.23955897966 
0.174575 78.84357468899 0.23683198501 
0.175082 78.88926392685 0.23436950109 
0.175588 78.94224888436 0.23109275962 
0.176095 78.80649673236 0.23704644028 
0.176602 78.66713523263 0.23362294479 
0.177108 79.07062302408 0.23555032824 
0.177615 78.77094644126 0.23562557152 
0.178122 78.93913274858 0.23017822848 
0.178629 78.68333756764 0.23569846188 
0.179135 78.26978212050 0.23654142350 
0.179642 78.53760492261 0.23693112958 
0.180149 78.59788358568 0.23930530217 
0.180655 78.57420448738 0.23582110384 
0.181162 78.43894949088 0.23564543742 
0.181669 78.68662756215 0.23596457521 
0.182175 78.86394327862 0.24241932059 
0.182682 78.82151021378 0.23968692356 
0.183189 78.95729415563 0.24082164289 
0.183695 78.64826831187 0.24825077332 
0.184202 78.46815019022 0.25074267283 
0.184709 78.41182502091 0.24064085477 
0.185216 78.26050102855 0.24163776222 
0.185722 78.59155174381 0.24090610434 
0.186229 78.00268049742 0.24625974592 
0.186736 77.78695476521 0.23807024047 
0.187242 77.89469002982 0.24400513076 
0.187749 78.06296662210 0.23973596186 
0.188256 77.80517306461 0.24299158705 
0.188762 77.96424487226 0.24153701866 
0.189269 77.60123392475 0.24267728694 
0.189776 77.95248026766 0.24495236215 
0.190282 77.86534914765 0.24736410836 
0.190789 77.84832263023 0.25090902423 
0.191296 77.45221129330 0.24581087494 
0.191802 77.50721695614 0.24276218939 
0.192309 76.97163675766 0.23547729146 
0.192816 77.05946913605 0.24536380878 
0.193323 77.00960289488 0.23398293160 
0.193829 76.80669640417 0.24124104663 
0.194336 76.62523654924 0.23504865617 
0.194843 76.70243005731 0.23090023504 
0.195349 76.48630868691 0.23084634113 
0.195856 76.18271155141 0.23802687064 
0.196363 76.15365584747 0.23205805696 
0.196869 76.06522211452 0.22845672463 
0.197376 76.50141903735 0.22927525082 
0.197883 76.35371774628 0.23021751244 
0.198389 76.08602534718 0.22777056414 
0.198896 75.83240855514 0.21991486474 
0.199403 75.96282688213 0.21897230108 
0.199909 75.77366707950 0.22308436141 
0.200416 76.11199331255 0.22405260496 
0.200923 75.89190207127 0.22813988284 
0.201429 75.76089499000 0.22089969521 
0.201936 75.83168506789 0.21994106072 
0.202443 75.10113755341 0.21592572005 
0.202949 75.59255782389 0.22263753735 
0.203456 75.28765129916 0.22317338509 
0.203963 75.72859522618 0.22446844497 
0.204469 75.33733722714 0.21683049212 
0.204976 75.47015708112 0.21403814660 
0.205483 75.25978916570 0.21672787257 
0.205989 75.23027173488 0.21854813454 
0.206496 75.26460131711 0.21699559798 
0.207003 75.42648328967 0.21391328173 
0.207509 75.53201557028 0.21442761147 
0.208016 75.27944808314 0.21803462692 
0.208523 75.04730363845 0.21124630720 
0.209029 75.37230516010 0.21719401247 
0.209536 75.17413233430 0.21172684512 
0.210043 74.92456196942 0.21021801367 
0.210549 75.04139961525 0.20724516805 
0.211056 75.02886787779 0.21140025536 
0.211563 74.98983522676 0.20894667066 
0.212069 75.39965702775 0.21009919055 
0.212576 75.07201492229 0.21114695994 
0.213083 74.89715111236 0.21045233201 
0.213589 74.98366553529 0.21088223116 
0.214096 74.63546440282 0.20617905916 
0.214603 74.92220877990 0.20805604776 
0.215109 74.58397526611 0.20203002857 
0.215616 74.28418048742 0.20537855834 
0.216123 74.27260619731 0.20694034337 
0.216629 74.46643215952 0.20430739371 
0.217136 74.38634961212 0.21005456152 
0.217643 74.40119951215 0.21214104745 
0.218149 74.36176013971 0.20320621415 
0.218656 74.04517201624 0.20927514076 
0.219163 74.12748874001 0.20763727053 
0.219669 74.28002676067 0.20457738559 
0.220176 74.29276495268 0.20421801384 
0.220683 73.96864267564 0.20354195791 
0.221189 74.27292163833 0.20551289416 
0.221696 73.86845319539 0.20661148838 
0.222203 74.10547394625 0.20619801129 
0.222709 73.88119062305 0.20465028826 
0.223216 74.04718011959 0.20515009037 
0.223722 73.93974168021 0.20353596069 
0.224229 73.63127141392 0.20081054224 
0.224736 73.55525318045 0.20738004786 
0.225242 73.71851493617 0.20494023442 
0.225749 73.66223305891 0.20208271802 
0.226256 73.53552400724 0.20610124493 
0.226762 73.44924071965 0.20242714833 
0.227269 73.52589173233 0.20394550676 
0.227776 73.33546511739 0.20324083817 
0.228282 73.19789404451 0.19791928294 
0.228789 73.29139759131 0.19958030864 
0.229296 73.13783827661 0.20306978553 
0.229802 73.50145403313 0.20264252779 
0.230309 72.96377185280 0.19917614174 
0.230816 72.95643051103 0.20120205153 
0.231322 73.24974871616 0.20485926259 
0.231829 73.19826671370 0.20132096563 
0.232335 73.08443698921 0.20073563767 
0.232842 72.93628849319 0.20129857097 
0.233349 72.86667804456 0.19884081112 
0.233855 72.72793231967 0.19737023039 
0.234362 72.83923321565 0.20078989164 
0.234869 72.81580292621 0.20422715964 
0.235375 72.62105550226 0.19836801415 
0.235882 72.54081728884 0.19860768921 
0.236389 72.75465766876 0.20013932961 
0.236895 72.31862730242 0.20157432332 
0.237402 72.46541958299 0.20400903549 
0.237908 72.28581638765 0.19866679531 
0.238415 72.08921805317 0.19969805164 
0.238922 72.34705029750 0.20057515599 
0.239428 72.26251376100 0.20201558416 
0.239935 72.29858835847 0.19641148087 
0.240442 72.07297301028 0.19680455881 
0.240948 71.85409197656 0.19844594169 
0.241455 71.89613485865 0.19852369086 
0.241962 72.09490058983 0.20101847149 
0.242468 71.85895188461 0.19688879415 
0.242975 72.22580100427 0.19622987455 
0.243481 72.01103808548 0.19839843382 
0.243988 71.87965547540 0.19946747587 
0.244495 71.76514391747 0.19779025148 
0.245001 71.65876947415 0.19352229837 
0.245508 71.66750865757 0.19435859713 
0.246015 71.73168001301 0.20150837011 
0.246521 71.51035334890 0.19905456911 
0.247028 71.47945139686 0.19598914462 
0.247534 71.49506348927 0.19362703006 
0.248041 71.48569782023 0.19501140477 
0.248548 71.49632686612 0.19575524752 
0.249054 71.07981902366 0.19517554991 
0.249561 71.38876843355 0.19677389299 
0.250068 71.46473865220 0.19622984634 
0.250574 71.36422242912 0.19569843764 
0.251081 71.18732348952 0.19534639259 
0.251587 71.13366587056 0.19623860878 
0.252094 70.99350365621 0.19725345209 
0.252601 71.29385450321 0.19620670711 
0.253107 71.19379420315 0.19819039358 
0.253614 71.30871007963 0.19996430592 
0.254120 71.31932016821 0.19318922830 
0.254627 70.75142054939 0.19281397414 
0.255134 70.88167521194 0.19418857455 
0.255640 70.89678815484 0.19682466770 
0.256147 71.15883404999 0.19611777488 
0.256654 70.82754958964 0.19747528376 
0.257160 70.99054571238 0.19466745796 
0.257667 71.41753871681 0.19599978712 
0.258173 71.40708821674 0.20058722793 
0.258680 71.31895234242 0.19657773998 
0.259187 71.30720706160 0.19580262551 
0.259693 71.48642497732 0.19355142160 
0.260200 71.47788276901 0.19607283820 
0.260706 71.49037707124 0.19389601089 
0.261213 71.71247989940 0.19304758138 
0.261720 71.43407727341 0.19281846882 
0.262226 71.67604480418 0.18797661444 
0.262733 71.33795260225 0.19415612935 
0.263239 71.75365727338 0.19499082359 
0.263746 71.64748507027 0.19473907850 
0.264253 71.80627857384 0.19019638070 
0.264759 71.63005337754 0.19144247362 
0.265266 71.81855405636 0.19555525081 
0.265772 71.81750431713 0.19096839791 
0.266279 71.64537382935 0.19710299477 
0.266786 71.67655861069 0.19228133925 
0.267292 71.44917849963 0.19266128732 
0.267799 71.63473136194 0.19207120712 
0.268305 71.79732920519 0.19083893650 
0.268812 71.85071412753 0.19225460590 
0.269319 71.67708961331 0.18889403604 
0.269825 71.86688816876 0.18752544025 
0.270332 71.61742637450 0.19056654135 
0.270838 71.85832040148 0.19137820039 
0.271345 72.11568163631 0.19080921948 
0.271852 72.10995370349 0.19108555293 
0.272358 72.52506618668 0.19016582354 
0.272865 72.00636731692 0.18763488416 
0.273371 72.34157469743 0.18781420538 
0.273878 72.34259660201 0.19229943302 
0.274385 72.59615739603 0.18979885122 
0.274891 72.58693289448 0.19066279539 
0.275398 72.12865272245 0.18914244549 
0.275904 72.26757642147 0.18369597946 
0.276411 72.55213077937 0.18684103084 
0.276917 72.17178781091 0.18514280052 
0.277424 72.20195726821 0.18338980508 
0.277931 72.32663167246 0.18232080257 
0.278437 72.27510172499 0.18388772786 
0.278944 72.12396690344 0.18160583818 
0.279450 72.34303195559 0.18317897641 
0.279957 72.26001482012 0.18140910863 
0.280464 71.95106300903 0.18174992671 
0.280970 71.99991461380 0.18405700020 
0.281477 72.09308886592 0.18244838843 
0.281983 72.02813041833 0.18102731520 
0.282490 72.10055336439 0.18027357454 
0.282996 72.18579871702 0.18144394627 
0.283503 72.04137462010 0.18109132768 
0.284010 72.00953857702 0.18433477531 
0.284516 71.76912212263 0.18024842735 
0.285023 71.91466969843 0.17626086990 
0.285529 71.65031939552 0.17616207540 
0.286036 71.67972400155 0.17329439847 
0.286542 71.53436899677 0.17612141202 
0.287049 71.62098603367 0.17221460944 
0.287556 71.67749757841 0.17199876154 
0.288062 71.55395932211 0.17653574443 
0.288569 71.16600547466 0.16995996127 
0.289075 71.53056881535 0.17263523782 
0.289582 71.13089264071 0.17324369259 
0.290088 71.28390736109 0.16888184212 
0.290595 71.53303008647 0.17160630754 
0.291102 71.36480899515 0.17123826477 
0.291608 71.37229191243 0.17075916661 
0.292115 71.13162249878 0.16986307736 
0.292621 71.18701498514 0.16443697125 
0.293128 71.19063724948 0.16540780636 
0.293634 71.22578827187 0.16570098510 
0.294141 71.21405459172 0.16556578440 
0.294647 70.93591668985 0.16689419911 
0.295154 71.03711610092 0.16408597030 
0.295661 71.21762632000 0.16666550721 
0.296167 70.94447264837 0.16550281602 
0.296674 70.75110515219 0.16322917899 
0.297180 70.95985932948 0.16406155358 
0.297687 70.76880040454 0.16281856998 
0.298193 70.56073597287 0.16598392557 
0.298700 70.53785900620 0.16367209744 
0.299207 70.77716296748 0.16297739123 
0.299713 70.66621129945 0.16687353497 
0.300220 70.40912514038 0.16303894984 
0.300726 70.43258062477 0.16253409224 
0.301233 70.08467432852 0.16508019164 
0.301739 70.40315582036 0.16751000771 
0.302246 70.43614556313 0.16278101131 
0.302752 70.39300595028 0.16328727541 
0.303259 70.39090604211 0.16191868110 
0.303765 70.20792837663 0.16334548209 
0.304272 70.18936831955 0.16029914718 
0.304779 70.07502203724 0.15850780602 
0.305285 69.97070903228 0.15891239497 
0.305792 69.79405083013 0.15662206391 
0.306298 69.80910955249 0.15926958399 
0.306805 70.13625902455 0.16408864057 
0.307311 69.88952737525 0.15677162551 
0.307818 69.94044226272 0.16244654932 
0.308324 69.80732884594 0.15852211377 
0.308831 69.37931252374 0.15616409306 
0.309337 69.34325321063 0.15674022309 
0.309844 69.30983510334 0.15488562034 
0.310350 69.38987341012 0.15371165146 
0.310857 68.94857457718 0.15163253758 
0.311364 68.72326247944 0.15075919214 
0.311870 68.39522294785 0.15284076100 
0.312377 68.40945267427 0.14805673092 
0.312883 68.11536243513 0.14590325463 
0.313390 67.91065419404 0.14402628997 
0.313896 67.89035026921 0.14420223510 
0.314403 67.79724438365 0.14730143253 
0.314909 67.70167031724 0.14367322417 
0.315416 67.68188566357 0.14630408493 
0.315922 67.60458392958 0.14339731601 
0.316429 67.18718500280 0.14198633333 
0.316935 67.28940461731 0.14081360225 
0.317442 67.19795300453 0.14369221482 
0.317948 67.33168235010 0.14112392938 
0.318455 67.18013645326 0.14139209199 
0.318961 66.88050649813 0.14053638441 
0.319468 66.84628342040 0.14146518235 
0.319975 67.00488199760 0.14312544735 
0.320481 66.75953519072 0.14341553207 
0.320988 66.84780696703 0.14491940407 
0.321494 66.86484169497 0.13900487803 
0.322001 66.82420627536 0.15660585421 
0.322507 66.59962262177 0.13849553111 
0.323014 66.75549142028 0.13906195130 
0.323520 66.49494364298 0.14102120086 
0.324027 66.54585236529 0.14214695705 
0.324533 66.56595609606 0.14529363572 
0.325040 66.32515947422 0.14157662387 
0.325546 66.21457134345 0.14147550082 
0.326053 66.33774716463 0.13668138687 
0.326559 66.37680798207 0.13826474528 
0.327066 66.35642267097 0.13821557302 
0.327572 66.26578694274 0.13680343373 
0.328079 66.28603427838 0.13569400230 
0.328585 66.05955872143 0.13970393353 
0.329092 65.74366389620 0.13882720983 
0.329598 66.21791595871 0.13879132051 
0.330105 66.04955155522 0.13864367700 
0.330611 65.96960370292 0.13538838601 
0.331118 66.02337953494 0.14036130894 
0.331624 65.65653907257 0.13949823730 
0.332131 65.87636621538 0.13503097871 
0.332637 65.75987862491 0.13854520739 
0.333144 65.84456185641 0.14007326622 
0.333650 65.71839164029 0.14104834928 
0.334157 66.04979407549 0.13796786208 
0.334663 65.62675920513 0.13933906263 
0.335170 65.69508476423 0.13906944984 
0.335676 65.72350163817 0.13858887055 
0.336183 65.44589093081 0.14093610413 
0.336689 65.87111259449 0.13819463678 
0.337196 65.33500981221 0.13883460424 
0.337702 65.55620143907 0.13662917672 
0.338209 65.39410008514 0.13890037063 
0.338715 65.43398450783 0.14057787143 
0.339222 65.70448072038 0.13782857826 
0.339728 65.45785888980 0.13979419139 
0.340235 65.41562922961 0.22038262848 
0.340741 65.50355563887 0.13609337654 
0.341248 65.18519096049 0.13818757570 
0.341754 65.38864131230 0.13612220016 
0.342261 65.23556434909 0.13861499149 
0.342767 65.23129284916 0.14369852958 
0.343274 65.20206842956 0.13890668042 
0.343780 65.13237236581 0.14056318252 
0.344287 65.12051716420 0.14214616393 
0.344793 65.18477953998 0.13951394966 
0.345300 65.18949364250 0.14324654407 
0.345806 64.95418951139 0.14114358502 
0.346313 65.02170874388 0.14397361321 
0.346819 65.08784466247 0.14197399226 
0.347325 64.67261289374 0.14396688489 
0.347832 65.05124296883 0.14299331372 
0.348338 64.78388157984 0.14623402149 
0.348845 64.76850859293 0.14705131113 
0.349351 64.61023126858 0.15104268223 
0.349858 64.80024965008 0.14856469384 
0.350364 64.62159726963 0.14694509282 
0.350871 64.36254211083 0.14519629757 
0.351377 64.49875690711 0.14714575560 
0.351884 64.52907095228 0.14912521054 
0.352390 64.61310908639 0.14944981968 
0.352897 64.54687665061 0.14421888634 
0.353403 64.31839466273 0.14781856034 
0.353910 64.47799854293 0.14754755274 
0.354416 64.07935341309 0.14987860096 
0.354923 64.16542212444 0.15338247291 
0.355429 64.16139957247 0.15048976017 
0.355935 64.01404690788 0.15262002731 
0.356442 64.10030545071 0.15309179073 
0.356948 64.00509860344 0.15058202654 
0.357455 63.75312420243 0.15750508571 
0.357961 63.76470466871 0.15649770489 
0.358468 63.83442827157 0.16121910391 
0.358974 63.87071792452 0.22187263440 
0.359481 63.89155521647 0.20445716970 
0.359987 63.96064887014 0.19857099070 
0.360494 63.82193990403 0.19078501258 
0.361000 63.94929270636 0.18621951294 
0.361506 63.85831365048 0.18680971565 
0.362013 63.84293654663 0.18813254041 
0.362519 63.66700437779 0.18391560258 
0.363026 63.71793493047 0.18487244292 
0.363532 63.94764216218 0.18754651456 
0.364039 63.75906182243 0.18289792954 
0.364545 63.93172258104 0.18501702988 
0.365052 63.82729393295 0.18469034802 
0.365558 64.00381098478 0.18765513025 
0.366064 63.70355811478 0.18071607544 
0.366571 63.72129525173 0.18176956384 
0.367077 63.58692064384 0.18669724489 
0.367584 63.57792188801 0.18943720049 
0.368090 63.95886881265 0.18760927124 
0.368597 63.35392562100 0.18759564072 
0.369103 63.57441506395 0.18906832149 
0.369610 63.67145802996 0.18560512000 
0.370116 63.51545796358 0.18789139151 
0.370622 63.33560316273 0.19172338241 
0.371129 63.54642243925 0.19170193699 
0.371635 63.71469454874 0.19228672197 
0.372142 63.37692576001 0.19113938299 
0.372648 63.36026716270 0.19331649970 
0.373155 63.59071621208 0.19591087125 
0.373661 63.23546547287 0.19403213378 
0.374167 63.56865141797 0.19682947140 
0.374674 63.41889677355 0.19873773650 
0.375180 63.34125867786 0.19507195679 
0.375687 63.76863735757 0.19543170334 
0.376193 63.21803615369 0.19504279991 
0.376700 63.14188627260 0.20208011881 
0.377206 63.41345362685 0.20108522261 
0.377712 63.03385337345 0.20061231573 
0.378219 63.05029530025 0.20199109939 
0.378725 63.50536521778 0.20335407950 
0.379232 63.19533476090 0.20357077756 
0.379738 63.46934475976 0.20717623655 
0.380245 63.40275264110 0.21146023038 
0.380751 63.41894819994 0.20338293068 
0.381257 63.27609947247 0.20657360863 
0.381764 63.62914580364 0.20932838800 
0.382270 63.30933381858 0.20621404326 
0.382777 63.20193403817 0.20675158101 
0.383283 63.18837739497 0.20641859396 
0.383789 62.87486855112 0.21131507645 
0.384296 63.43987234364 0.20952177285 
0.384802 63.41821992718 0.21288219340 
0.385309 63.31032425457 0.21214144477 
0.385815 62.93055803626 0.21319439991 
0.386321 63.31299336281 0.21152415962 
0.386828 63.20672481210 0.21505177708 
0.387334 62.87042862174 0.21211257829 
0.387841 62.79526251924 0.21140098904 
0.388347 62.83619083781 0.21157285112 
0.388853 62.74891986022 0.21128727437 
0.389360 62.56789797717 0.21444080861 
0.389866 62.87524735744 0.21427412406 
0.390373 62.69145162259 0.21778649333 
0.390879 63.08976265734 0.22266678648 
0.391385 62.71799097367 0.21834759057 
0.391892 63.03575514469 0.21794766700 
0.392398 62.88708645192 0.22724722200 
0.392905 62.42048936354 0.22112861514 
0.393411 62.93193929559 0.22429302487 
0.393917 62.83765290363 0.21689485756 
0.394424 62.74714603920 0.22538533964 
0.394930 62.51662410039 0.22344818306 
0.395437 62.47817365823 0.22800599637 
0.395943 62.63719439585 0.22838964982 
0.396449 62.34519978006 0.39405199905 
0.396956 62.30587755881 0.22050228806 
0.397462 62.55539312364 0.23348848510 
0.397969 62.53045445206 0.23130243744 
0.398475 62.74763328263 0.22737181415 
0.398981 62.47367056673 0.23298997543 
0.399488 62.31164848757 0.23123942243 
0.399994 62.18291055047 0.24077903382 
0.400500 62.31210706841 0.23692714259 
0.401007 62.51514508284 0.23944777569 
0.401513 62.17054590399 0.25245142662 
0.402020 62.38638341673 0.24649086720 
0.402526 62.47353757044 0.24475595134 
0.403032 62.33981978202 0.23408146800 
0.403539 62.72713570878 0.25389812208 
0.404045 62.63118000107 0.24541920202 
0.404551 62.15487988213 0.26222741636 
0.405058 62.30066055853 0.26163788337 
0.405564 62.22330461929 0.25843277935 
0.406071 62.54281126418 0.26133866475 
0.406577 62.17479384271 0.25304732407 
0.407083 62.25734856515 0.25931297954 
0.407590 62.82476580034 0.27195202230 
0.408096 62.43128219095 0.27001597047 
0.408602 62.27228431121 0.27738922973 
0.409109 62.03242309495 0.25992051748 
0.409615 61.98413526417 0.27243531291 
0.410121 62.20819007582 0.25933585394 
0.410628 61.83157317220 0.25870474710 
0.411134 61.87542213721 0.26069058538 
0.411641 61.90414959645 0.27114317965 
0.412147 62.11789999111 0.26578822749 
0.412653 61.67958309312 0.26777030293 
0.413160 61.86949058942 0.26659603350 
0.413666 61.77475310502 0.27181246083 
0.414172 61.59256863969 0.28188422162 
0.414679 62.32432581887 0.27435106322 
0.415185 62.07689057899 0.28567853292 
0.415691 61.92630976662 0.26626105406 
0.416198 61.63884345120 0.27702891960 
0.416704 62.30840578351 0.28560439589 
0.417210 62.04390907388 0.27660375903 
0.417717 61.60554689860 0.28845190075 
0.418223 61.87002815035 0.28091898397 
0.418729 61.99927290968 0.28653956836 
0.419236 61.71972634283 0.28701968972 
0.419742 62.09275896795 0.26225780528 
0.420248 61.78421613095 0.26902691474 
0.420755 61.53889777805 0.26677330788 
0.421261 61.04719014184 0.26758155276 
0.421767 61.61430609429 0.27155877333 
0.422274 62.03794994972 0.27798020918 
0.422780 61.78079445884 0.28650134465 
0.423286 61.51326892364 0.28440039533 
0.423793 61.82095533116 0.27678659074 
0.424299 62.00089830758 0.29178804753 
0.424805 61.69891141283 0.28326277738 
0.425312 61.22641645909 0.29082673785 
0.425818 61.76049958119 0.29057080074 
0.426324 61.73284084598 0.28854610002 
0.426831 60.96726520233 0.29680617214 
0.427337 61.42797980398 0.29266953709 
0.427843 61.82885276653 0.30221021371 
0.428350 61.31939632212 0.31180503577 
0.428856 61.93106516776 0.30486507164 
0.429362 61.33994016937 0.30664111788 
0.429869 61.72836242771 0.32128129777 
0.430375 61.93395219496 0.31592137046 
0.430881 61.84921064290 0.31170302460 
0.431388 61.69989110348 0.30717643509 
0.431894 61.45582390464 0.32501833243 
0.432400 61.42867183985 0.31756618719 
0.432907 61.62148065123 0.31953413886 
0.433413 61.54541012633 0.32772945336 
0.433919 61.46480955121 0.33885128968 
0.434425 61.57594750102 0.34107425578 
0.434932 61.59512666315 0.34592988889 
0.435438 62.03384736286 0.35310329472 
0.435944 60.78730987974 0.33732908217 
0.436451 61.37471587614 0.34643846616 
0.436957 61.56942847231 0.36077001720 
0.437463 61.22365731497 0.33715239901 
0.437970 61.44064540003 0.35109287877 
0.438476 60.73862850513 0.34274101500 
0.438982 61.76360881188 0.37295939667 
0.439489 60.67929177625 0.37466679269 
0.439995 61.30174281455 0.36614548582 
0.440501 61.88215806241 0.39288777604 
0.441007 60.76764498695 0.36078364398 
0.441514 61.20134049765 0.38266150597 
0.442020 61.23067583657 0.40101292529 
0.442526 61.22196096759 0.39073328393 
0.443033 61.58647122401 0.39112026956 
0.443539 61.12675473371 0.39309714151 
0.444045 61.09262148110 0.41990051496 
0.444551 61.20243252764 0.41781784875 
0.445058 60.39117168079 0.39671272585 
0.445564 60.85177977455 0.42611234454 
0.446070 60.86904489898 0.43720676950 
0.446577 60.86602124861 0.44151484677 
0.447083 61.17973917578 0.47104748648 
0.447589 61.49961832319 0.44767571697 
0.448095 60.27522309520 0.43665353086 
0.448602 60.68794369652 0.46477114885 
0.449108 60.54333840727 0.46924397773 
0.449614 60.40820902097 0.49999774666 
0.450121 60.38337083904 0.48186041338 
0.450627 60.78483695819 0.51288752339 
0.451133 61.04542648069 0.48834800038 
0.451639 60.16653853688 0.52857769512 
0.452146 60.21576249514 0.52221329279 
0.452652 60.56603193643 0.53658021019 
0.453158 59.32409189740 0.52090792091 
0.453664 60.10200408031 0.56717550803 
0.454171 59.57685051801 0.59416114396 
0.454677 60.64307828746 0.58034403684 
0.455183 61.07346362058 0.65146630874 
0.455689 60.60225573514 0.64877937130 
0.456196 60.24816685737 0.64282977081 
0.456702 60.12487833362 0.63649363446 
0.457208 59.12775570347 0.68147514236 
0.457714 60.35126139040 0.74987136405 
0.458221 59.77126651860 0.74206555880 
0.458727 60.96357387898 0.78690487280 
0.459233 60.62511949875 0.81217349819 
0.459740 60.38728311507 0.83665784990 
0.460246 60.48792089566 0.88370735067 
0.460752 60.86308871687 0.98412407841 
0.461258 59.99166362047 0.98061756988 
0.461765 61.35886402634 1.10329981725 
0.462271 61.39051254574 1.06407563718 
0.462777 60.03023107625 1.15486380009 
0.463283 58.58313506282 1.25078950523 
0.463789 60.48946329365 1.36255569129 
0.464296 59.16768186713 1.33911566381 
0.464802 61.01051722685 1.35461945761 
0.465308 60.15553251843 1.50676520330 
0.465814 60.72617148058 1.59940376333 
0.466321 60.07850956561 1.73069325196 
0.466827 60.20049856992 1.85189073572 
0.467333 60.28308639294 1.96295495204 
0.467839 60.38444801145 2.01020313050 
0.468346 57.51187832605 2.23243790912 
0.468852 58.02645658697 2.51547836032 
0.469358 60.31045038682 2.91534684028 
0.469864 59.13345114658 2.83357354274 
0.470371 56.91082516916 3.68180868717 
0.470877 59.61802831126 4.64975531859 
0.471383 58.26521393232 5.44674368942 
0.471889 57.05241550755 7.61787361111 
0.472395 55.40393187898 5.88501689655 
0.472902 56.02748384422 13.49189426001 
