0.010896 1394.45813481515 12.53637229121 
0.011402 1238.08214922879 13.42287477858 
0.011909 1130.52306695474 12.22424049867 
0.012416 1016.01190297613 9.31798864946 
0.012923 923.77909500786 8.55461278924 
0.013430 863.91932787868 11.28987862910 
0.013936 830.09126714449 9.47487179961 
0.014443 777.46087537259 7.40717961838 
0.014950 723.04829110791 6.48027914838 
0.015457 664.78426249685 5.30302332405 
0.015963 622.44406903741 5.25582503956 
0.016470 579.90025907609 4.06423492254 
0.016977 547.63772493584 3.81621410503 
0.017484 515.00412004255 3.30673473482 
0.017990 487.94371235871 3.13485060091 
0.018497 463.04513414627 2.79051112979 
0.019004 442.24854301436 2.52850687639 
0.019511 418.83760472983 2.22106460907 
0.020018 399.83161838707 2.22030304700 
0.020524 383.29588590651 1.93921340640 
0.021031 364.89107551881 1.92099496714 
0.021538 350.66913756913 1.76866572240 
0.022045 338.81241268919 1.66279147341 
0.022551 324.94278384747 1.64014365717 
0.023058 313.88344651889 1.73404649186 
0.023565 304.91769032056 1.64389353867 
0.024072 295.53867124195 1.87878848549 
0.024579 284.46226033686 1.65573237285 
0.025085 277.51656633571 2.21088417929 
0.025592 269.28422563093 2.22622145009 
0.026099 262.34892391870 2.13949152397 
0.026606 254.88653210803 1.59926826136 
0.027112 249.64468754470 1.75460486660 
0.027619 243.26833191786 1.58561546986 
0.028126 238.19468823426 1.53380501644 
0.028633 232.06793100928 1.40866355229 
0.029139 228.55797698021 1.23509484208 
0.029646 222.56707492288 1.25105408019 
0.030153 218.84191197717 1.16506600592 
0.030660 215.41623167954 1.07097810028 
0.031167 210.85149833439 0.89000281701 
0.031673 206.28987850702 1.05079346883 
0.032180 203.81524169025 0.95868351645 
0.032687 200.00560480990 0.95175452449 
0.033194 196.80833831216 0.90159349082 
0.033700 192.67107727629 0.82007603566 
0.034207 189.18986314213 0.78575957044 
0.034714 188.24985630236 0.84887046967 
0.035221 185.09912816867 0.75960455473 
0.035727 181.63380744028 0.68302096730 
0.036234 180.27742973036 0.72853643056 
0.036741 177.14694080474 0.70735509712 
0.037248 175.37966715102 0.72101189735 
0.037755 171.95993251074 0.68295454592 
0.038261 170.74126486953 0.67412365103 
0.038768 169.23864144230 0.61355103011 
0.039275 166.42040372080 0.66100043669 
0.039782 164.06281082061 0.65388472349 
0.040288 163.28267496918 0.59972005325 
0.040795 161.58235058828 0.58158827884 
0.041302 160.62274814700 0.60301764594 
0.041809 156.65238066297 0.58469965102 
0.042315 156.18557584370 0.56028216188 
0.042822 155.02393029422 0.56179518425 
0.043329 153.51749103533 0.54265951047 
0.043836 152.00402756772 0.59981448923 
0.044343 149.65247331912 0.57325635939 
0.044849 149.24671546580 0.55225168437 
0.045356 148.03983678222 0.53253110534 
0.045863 146.73588025011 0.52863016175 
0.046370 145.75804522991 0.51498315403 
0.046876 143.93751787510 0.51922935085 
0.047383 143.22389237799 0.51983089672 
0.047890 140.98380421231 0.49789234915 
0.048397 140.03751810958 0.49153408413 
0.048903 139.04241077138 0.50763539679 
0.049410 138.40777403474 0.51093401906 
0.049917 137.27451427661 0.49522864296 
0.050424 135.93514788223 0.49022129906 
0.050931 135.59585231524 0.45594977111 
0.051437 134.41697312180 0.46686328892 
0.051944 133.54159880453 0.47353114436 
0.052451 131.94430975043 0.47802501244 
0.052958 132.03848806664 0.45085146682 
0.053464 130.71271269303 0.47114138043 
0.053971 128.57580954890 0.46006635550 
0.054478 128.18076875432 0.45631528200 
0.054985 127.37564296908 0.45483382697 
0.055491 126.55105006907 0.45539499747 
0.055998 126.35455459493 0.44940128612 
0.056505 124.87137862175 0.45047005482 
0.057012 124.69896928026 0.47273828924 
0.057519 123.72400025334 0.44032447521 
0.058025 123.29729617628 0.43972493582 
0.058532 122.16667636181 0.43573785324 
0.059039 121.76373925078 0.43765268857 
0.059546 120.85863814757 0.44483986879 
0.060052 119.80704611164 0.42138844440 
0.060559 119.95630051337 0.43214854997 
0.061066 119.53063884104 0.40311643608 
0.061573 117.90308572978 0.40984194221 
0.062079 117.68947678618 0.40896210881 
0.062586 117.17550473291 0.41487037989 
0.063093 116.59691673939 0.41585174823 
0.063600 116.22214118361 0.40357757347 
0.064106 115.27028562496 0.39329460671 
0.064613 114.37544952983 0.39271003117 
0.065120 113.92607741536 0.40011974946 
0.065627 113.01627737300 0.39487914580 
0.066134 113.57184979384 0.38491818932 
0.066640 112.67218741689 0.39349875165 
0.067147 112.69823350914 0.37793902774 
0.067654 111.27640690797 0.36624683017 
0.068161 110.94528026754 0.38983508690 
0.068667 110.77137688895 0.38929420752 
0.069174 110.54516614123 0.38370081290 
0.069681 110.20848031739 0.36155931022 
0.070188 109.27259588960 0.37023941379 
0.070694 108.23799102115 0.38079028418 
0.071201 108.26131283237 0.36654479136 
0.071708 107.91627050745 0.37239587399 
0.072215 107.05154169970 0.36325004663 
0.072721 107.38500296522 0.36231752022 
0.073228 106.78783009266 0.37347028577 
0.073735 106.50561499809 0.35657038659 
0.074242 106.05083070172 0.36776034691 
0.074748 105.12825351638 0.34883318168 
0.075255 105.60299246694 0.35236731781 
0.075762 104.78129353998 0.33900176479 
0.076269 103.94919050250 0.34864153264 
0.076776 103.97090167357 0.35651964795 
0.077282 103.30683750416 0.33304124560 
0.077789 103.47635433504 0.32549703297 
0.078296 103.33529806573 0.32854604229 
0.078803 102.31401855298 0.33465100825 
0.079309 102.60323025705 0.33318598458 
0.079816 102.30756636313 0.35426253558 
0.080323 102.39844021678 0.32766151017 
0.080830 102.16983145148 0.33708991427 
0.081336 101.85510342914 0.33414780472 
0.081843 101.59682152451 0.33377534652 
0.082350 101.35153009557 0.34175660556 
0.082857 101.24819524835 0.33780202206 
0.083363 101.20933623458 0.32884587201 
0.083870 100.50175369977 0.34014072025 
0.084377 100.63706738306 0.34794555731 
0.084884 100.65122389794 0.33205838883 
0.085390 100.13772166081 0.32975387320 
0.085897 99.74368359529 0.34383703424 
0.086404 99.62476566507 0.33831722107 
0.086911 99.28379809906 0.32943126904 
0.087417 99.09651299960 0.33345549878 
0.087924 98.70713557928 0.33943314931 
0.088431 98.18514069245 0.34508176389 
0.088938 98.40090309764 0.33981601852 
0.089444 97.38234057865 0.33933443157 
0.089951 97.46475641474 0.32704224757 
0.090458 97.39307969499 0.33808108834 
0.090965 97.02927336198 0.34217616478 
0.091471 97.34400118640 0.34091063343 
0.091978 96.30215659374 0.32978629799 
0.092485 95.63808531098 0.34922843273 
0.092992 95.82732835328 0.34670989395 
0.093498 95.70135013266 0.33128433002 
0.094005 95.38716038124 0.34441164919 
0.094512 95.50907621897 0.33542407821 
0.095019 95.45203538999 0.33827746019 
0.095525 95.42436021107 0.34331427115 
0.096032 94.85199929176 0.32367611686 
0.096539 95.24398930859 0.33788200044 
0.097046 94.90150808456 0.32994383701 
0.097552 94.81514763470 0.33275917797 
0.098059 94.71182017722 0.33329094978 
0.098566 94.00545678114 0.33239264583 
0.099073 94.11506427939 0.33401078332 
0.099579 93.87714836639 0.32499910598 
0.100086 94.14433206992 0.31932974481 
0.100593 93.73836854103 0.33141576480 
0.101100 93.36083148273 0.32363268250 
0.101606 93.57787837602 0.31004831827 
0.102113 91.76297892290 0.31744483268 
0.102620 91.76144148210 0.29548614855 
0.103127 91.94724728345 0.31046432264 
0.103633 90.70659131921 0.29121780701 
0.104140 90.28990445806 0.30240178088 
0.104647 90.00826248753 0.30209344536 
0.105154 90.63649794566 0.30641996374 
0.105660 90.29886399363 0.31564738104 
0.106167 89.78246792139 0.31117089294 
0.106674 89.94237175444 0.31816070331 
0.107181 89.73007514053 0.30205328240 
0.107687 89.66805685745 0.29106824330 
0.108194 89.73890312896 0.30334347297 
0.108701 89.59257204576 0.30296873310 
0.109208 89.06203411252 0.29069118416 
0.109714 89.35278130714 0.29622608478 
0.110221 89.30215240286 0.29180352418 
0.110728 88.80295500010 0.28829215016 
0.111235 88.81729952770 0.28469904267 
0.111741 88.15212520504 0.29146161133 
0.112248 88.67138588356 0.28105407740 
0.112755 88.08413990992 0.29149393271 
0.113262 88.43222727036 0.28408376944 
0.113768 88.56580543200 0.27621631129 
0.114275 88.05714098520 0.27948265875 
0.114782 88.05270886398 0.28535218452 
0.115289 87.70243264797 0.27120234521 
0.115795 87.79144635765 0.28000549544 
0.116302 87.90421308450 0.27548249575 
0.116809 87.66144567760 0.27489747463 
0.117316 87.69345250713 0.27526195794 
0.117822 87.09438704516 0.28031205683 
0.118329 87.08832806179 0.27412786498 
0.118836 87.36946044991 0.26765526589 
0.119342 87.00424812959 0.27556706130 
0.119849 86.90650042085 0.26833603651 
0.120356 86.69547248438 0.26691202057 
0.120863 86.95909747539 0.27651868711 
0.121369 86.54127913672 0.26619868268 
0.121876 86.48608078213 0.26760693416 
0.122383 86.48367158584 0.27260681695 
0.122890 86.03437907695 0.25870569339 
0.123396 85.89072762120 0.26419174879 
0.123903 86.11763339178 0.26273305370 
0.124410 85.64601042962 0.26372143489 
0.124917 85.61739563174 0.26184147232 
0.125423 85.21107672750 0.26000274636 
0.125930 86.17649191468 0.25647046682 
0.126437 85.49959518181 0.26630591952 
0.126944 85.38089094802 0.26037722833 
0.127450 85.56583787916 0.26544004671 
0.127957 85.48262016022 0.26267810546 
0.128464 85.34151723750 0.25908376784 
0.128970 85.35386803509 0.25027727680 
0.129477 85.19098723051 0.25701199501 
0.129984 85.35008280581 0.26232978505 
0.130491 84.91990799895 0.24946521634 
0.130997 84.63890031958 0.24301640976 
0.131504 84.72297233975 0.25138776054 
0.132011 84.49597356058 0.25443119313 
0.132518 84.71341545779 0.24944588403 
0.133024 84.75295343621 0.24523188204 
0.133531 84.58842514556 0.24386508647 
0.134038 84.55854751415 0.25278883455 
0.134545 84.30334347863 0.24310362902 
0.135051 84.25668770380 0.25001693439 
0.135558 84.38349514201 0.24626351044 
0.136065 84.05883498368 0.24387914899 
0.136571 83.95520984117 0.24081922519 
0.137078 84.09491956195 0.24095884405 
0.137585 84.31567229059 0.25726116722 
0.138092 84.30044107834 0.24540129409 
0.138598 83.86598405656 0.24919101301 
0.139105 83.96046134079 0.25248438087 
0.139612 84.01467343537 0.24775122063 
0.140119 83.71042050642 0.24164494081 
0.140625 83.67568999076 0.23926299857 
0.141132 83.18968557278 0.24034995071 
0.141639 83.27760517025 0.23713523001 
0.142145 83.33043303072 0.23758309386 
0.142652 83.06234860469 0.23662989349 
0.143159 82.92023140503 0.23111932024 
0.143666 82.95972307474 0.23777460380 
0.144172 83.08177799272 0.24491255759 
0.144679 82.79809047399 0.23881719369 
0.145186 82.82748519386 0.23882478768 
0.145692 82.36574994045 0.24399421759 
0.146199 82.46284811702 0.24341507298 
0.146706 82.56286126922 0.24442504566 
0.147213 82.35953260965 0.24648377229 
0.147719 82.35733802262 0.24547923031 
0.148226 82.32803527912 0.24234619995 
0.148733 82.32144932480 0.24226952144 
0.149240 82.00734371056 0.24268361323 
0.149746 82.05156369337 0.24336670014 
0.150253 81.54343002142 0.23458551173 
0.150760 81.71866130953 0.23830176273 
0.151266 81.76715530393 0.24114610349 
0.151773 81.74336335431 0.24304316017 
0.152280 81.14932584297 0.24048730372 
0.152787 81.53795016368 0.24097896444 
0.153293 81.40048280229 0.23611267731 
0.153800 81.33311308623 0.23775740334 
0.154307 80.94384883887 0.24605731366 
0.154813 81.34896819633 0.24051647045 
0.155320 81.04345606832 0.23515865562 
0.155827 80.82780868497 0.23792312229 
0.156334 80.57780962762 0.23878517868 
0.156840 81.20426250432 0.23575575293 
0.157347 80.59124891888 0.24015540077 
0.157854 80.54484313032 0.23986894349 
0.158360 80.78703053172 0.23789334213 
0.158867 80.23336621761 0.23968026793 
0.159374 80.43822368020 0.23353769732 
0.159881 80.53553739719 0.24041908596 
0.160387 80.29248675284 0.23359451703 
0.160894 80.04171646336 0.22895195433 
0.161401 80.53674713902 0.23276340263 
0.161907 80.34375148986 0.23703900482 
0.162414 79.83285613657 0.23064900797 
0.162921 79.80379114792 0.23461076008 
0.163427 79.50391017761 0.23592964213 
0.163934 79.88965007007 0.22859828996 
0.164441 79.76924002197 0.22924837338 
0.164948 79.81545992122 0.23146973195 
0.165454 79.53801189833 0.23011093612 
0.165961 79.82604193906 0.23480141448 
0.166468 79.29587811625 0.22582031945 
0.166974 79.49577101744 0.23069751673 
0.167481 79.31711467560 0.23005588530 
0.167988 79.42073750180 0.23330010864 
0.168495 79.59198210218 0.23072784961 
0.169001 79.60193832066 0.23988640442 
0.169508 79.46703827266 0.23338534728 
0.170015 79.43918373354 0.23266079519 
0.170521 79.78534522012 0.23793184985 
0.171028 79.36299088502 0.23831733038 
0.171535 79.22995117172 0.23769623850 
0.172041 79.31605942560 0.23522123499 
0.172548 79.37464153636 0.23649873935 
0.173055 79.54763582139 0.24140972179 
0.173562 79.31285250834 0.23832800849 
0.174068 79.04299955624 0.23367581930 
0.174575 78.90005136091 0.23521144057 
0.175082 79.34522353634 0.23596728172 
0.175588 79.15373873424 0.23841091995 
0.176095 79.13430790938 0.23682103289 
0.176602 79.04101408479 0.23121749822 
0.177108 79.01133438695 0.24395600585 
0.177615 78.95985058809 0.24219951862 
0.178122 79.05771250411 0.23252581794 
0.178629 78.95995241982 0.23718989696 
0.179135 79.06542882470 0.23961525408 
0.179642 79.02564231351 0.23228700657 
0.180149 78.99376607526 0.23674239168 
0.180655 79.04906374924 0.23596937252 
0.181162 78.73538564502 0.23566096112 
0.181669 79.04344400755 0.23577183196 
0.182175 78.95795390419 0.24350477965 
0.182682 78.82392413361 0.24402475211 
0.183189 78.64915685742 0.24450904308 
0.183695 78.94667241640 0.24094023551 
0.184202 78.60984329160 0.23962696016 
0.184709 78.42340565008 0.24533857751 
0.185216 78.69043259756 0.24599951175 
0.185722 78.69737683480 0.23937750382 
0.186229 78.37009800373 0.24170949816 
0.186736 77.96416678657 0.24243342083 
0.187242 78.32674871141 0.24724255504 
0.187749 78.19644770534 0.24472219122 
0.188256 77.99759266778 0.24423496625 
0.188762 77.98800013827 0.24244512484 
0.189269 77.80839567238 0.24759931935 
0.189776 78.04165825237 0.25156243443 
0.190282 77.52820720252 0.25006670483 
0.190789 77.81274849267 0.24545952891 
0.191296 77.59330211971 0.24739251183 
0.191802 77.41914830914 0.24555982308 
0.192309 77.23307901486 0.24273148093 
0.192816 77.13289929856 0.24105086861 
0.193323 77.08195894838 0.23769547527 
0.193829 76.88003775416 0.23770692757 
0.194336 76.70875106115 0.23523793401 
0.194843 77.05111998243 0.23734633222 
0.195349 76.92198448452 0.23148309614 
0.195856 76.26651307988 0.23006713821 
0.196363 76.37044068217 0.23114906339 
0.196869 76.34712271285 0.23366198210 
0.197376 76.43564347540 0.22458607053 
0.197883 76.41569764951 0.22766406651 
0.198389 76.36805162852 0.22726766823 
0.198896 76.38605630243 0.22458971336 
0.199403 75.96125357824 0.22836591904 
0.199909 76.00146345613 0.22651725686 
0.200416 75.93415194995 0.22160027982 
0.200923 75.85231682477 0.22122469928 
0.201429 76.05352581308 0.22068514545 
0.201936 75.92075449874 0.21960609348 
0.202443 76.01849993252 0.22425213156 
0.202949 75.74814187452 0.22379599988 
0.203456 75.75921776370 0.22057060369 
0.203963 75.65604387368 0.21481152136 
0.204469 75.57442225033 0.22224350034 
0.204976 75.82023056571 0.21664161495 
0.205483 75.49820145605 0.21830270491 
0.205989 75.64881397505 0.21923377307 
0.206496 75.32852432446 0.21361588734 
0.207003 75.72205755091 0.21630044242 
0.207509 75.53537882402 0.22286179574 
0.208016 75.62650159342 0.21642301453 
0.208523 75.16575182135 0.21740876053 
0.209029 75.22934168774 0.20794092782 
0.209536 75.38396750567 0.21169679347 
0.210043 75.31084570765 0.21341965079 
0.210549 75.32550510419 0.20813882132 
0.211056 75.34099110178 0.20998100379 
0.211563 75.20632280569 0.20812613001 
0.212069 75.05256626010 0.21083672130 
0.212576 74.88609747812 0.20978681863 
0.213083 75.08098839156 0.20831552625 
0.213589 75.31687974581 0.21225371125 
0.214096 74.84965646276 0.20393323247 
0.214603 74.89646407584 0.20721271201 
0.215109 74.89522090467 0.21187725967 
0.215616 74.83716599887 0.20720497151 
0.216123 74.85457487327 0.20271732494 
0.216629 74.47554659232 0.20389190203 
0.217136 74.52116980368 0.21063027852 
0.217643 74.04231597153 0.20691604387 
0.218149 74.16876273163 0.20883500223 
0.218656 74.22574514941 0.20800338262 
0.219163 74.60253614877 0.20957494132 
0.219669 74.50673273381 0.20835480928 
0.220176 74.02568979254 0.20453607399 
0.220683 74.00103392425 0.20535876004 
0.221189 74.05564666910 0.20244556686 
0.221696 74.27842602923 0.20404088037 
0.222203 73.85364663767 0.20293375731 
0.222709 73.80138685732 0.20399724997 
0.223216 73.72902346169 0.20177305104 
0.223722 74.07469795404 0.20265157578 
0.224229 73.69723034883 0.20583048366 
0.224736 73.83209308003 0.20004112884 
0.225242 73.72378727534 0.20417722703 
0.225749 73.91575043113 0.19889584457 
0.226256 73.90700333056 0.20149274920 
0.226762 73.66157658837 0.20221806122 
0.227269 73.69429482240 0.20469493824 
0.227776 73.60703920924 0.20322821751 
0.228282 73.50399032874 0.20040586901 
0.228789 73.20911175389 0.20284357487 
0.229296 73.13930519460 0.20544755928 
0.229802 73.61698851401 0.20395665079 
0.230309 73.38173546597 0.20138897791 
0.230816 73.07967100288 0.20014040282 
0.231322 73.41547072311 0.20362409822 
0.231829 73.45191289697 0.20102015677 
0.232335 73.22500746566 0.20503347730 
0.232842 73.05604450768 0.19729733323 
0.233349 73.50902873482 0.20067989863 
0.233855 72.84888776633 0.19942355223 
0.234362 72.95508146617 0.20456850792 
0.234869 72.74885632215 0.20434599346 
0.235375 72.49771621324 0.19903488043 
0.235882 72.60589171814 0.19832288346 
0.236389 72.75916136934 0.20087309846 
0.236895 72.60666262954 0.19569630777 
0.237402 72.39641296272 0.19753387156 
0.237908 72.63863956915 0.19745881982 
0.238415 72.48806539273 0.19897872905 
0.238922 72.38032918374 0.19916818447 
0.239428 72.12964204321 0.20077417719 
0.239935 72.42243411065 0.19983270827 
0.240442 72.15230523945 0.19739575051 
0.240948 72.04296689411 0.19987405240 
0.241455 71.80165951128 0.20278641929 
0.241962 71.98047828162 0.19347264091 
0.242468 71.86079123587 0.19874201991 
0.242975 72.16312169214 0.20153956639 
0.243481 72.03072948404 0.20049482567 
0.243988 72.12496741623 0.20016893341 
0.244495 72.09073442275 0.19803751977 
0.245001 71.47291622744 0.20147207922 
0.245508 71.68539858061 0.19147782528 
0.246015 71.94341955687 0.19952086256 
0.246521 71.85077956880 0.19770300757 
0.247028 71.38601274301 0.19518149799 
0.247534 71.74558311330 0.19740287026 
0.248041 71.62909287101 0.19755571590 
0.248548 71.76980986970 0.20089201194 
0.249054 71.45266807718 0.19549443838 
0.249561 71.34340459360 0.19764007074 
0.250068 71.17871647789 0.19652219907 
0.250574 71.50760077326 0.19590876859 
0.251081 71.17164254420 0.19686617997 
0.251587 71.27795411797 0.19896554413 
0.252094 71.46670484560 0.19648891927 
0.252601 71.36147325240 0.19721064955 
0.253107 71.15883547538 0.20079863674 
0.253614 71.18507498051 0.19629839513 
0.254120 71.05173444449 0.19651115692 
0.254627 71.14455375497 0.19488435427 
0.255134 71.13517496312 0.19483737002 
0.255640 71.01614704675 0.19738787803 
0.256147 70.90942945789 0.19512122496 
0.256654 70.98592679397 0.19831096887 
0.257160 71.21914298794 0.19629496090 
0.257667 71.35836625432 0.19332259829 
0.258173 71.39947024444 0.19358899333 
0.258680 71.52769083020 0.19735986856 
0.259187 71.48164212865 0.19586444812 
0.259693 71.43708750211 0.19345450390 
0.260200 71.63048973093 0.19429573578 
0.260706 71.77407875786 0.19682961565 
0.261213 71.83130929040 0.19485859020 
0.261720 71.64577470446 0.19542565726 
0.262226 71.70462766498 0.19264315135 
0.262733 71.68151287627 0.19797743384 
0.263239 71.66278574961 0.19552046455 
0.263746 71.61654299748 0.19404606081 
0.264253 71.71784831187 0.19460604316 
0.264759 71.81526060958 0.19154373160 
0.265266 71.80209097784 0.19366197137 
0.265772 71.91158129970 0.19176495302 
0.266279 71.98994612673 0.18998883740 
0.266786 71.61463386427 0.19265456171 
0.267292 71.78329120109 0.19166819219 
0.267799 71.70237050631 0.18912690878 
0.268305 71.86793120077 0.18990568742 
0.268812 71.88571792631 0.19098380423 
0.269319 71.67856033851 0.19019899205 
0.269825 71.89810689863 0.18846581774 
0.270332 71.74208130515 0.19151889633 
0.270838 72.16420302141 0.19122449774 
0.271345 72.15668102491 0.19161939059 
0.271852 72.51606839761 0.19312281613 
0.272358 72.31033443964 0.19411067799 
0.272865 72.21599007594 0.19110270771 
0.273371 72.34159566331 0.19278219344 
0.273878 72.51959371990 0.19158193119 
0.274385 72.53134586240 0.19592589633 
0.274891 72.21652170622 0.19059152916 
0.275398 72.35939223728 0.18555849341 
0.275904 72.39192733586 0.18548743625 
0.276411 72.48112520367 0.18748545972 
0.276917 72.57123749486 0.18207560761 
0.277424 72.31690435907 0.18386240499 
0.277931 72.37382327938 0.18720221564 
0.278437 72.23197731143 0.18225877953 
0.278944 71.89259293605 0.18146963062 
0.279450 72.14255732323 0.18034714740 
0.279957 72.43775088788 0.18093751894 
0.280464 72.56327551316 0.18257144063 
0.280970 72.21708635356 0.18343114172 
0.281477 72.47922062030 0.18056222503 
0.281983 72.15131810215 0.18158842077 
0.282490 72.21736927257 0.18145628615 
0.282996 72.25443316441 0.18071257025 
0.283503 72.20961166595 0.18095972853 
0.284010 72.37712413739 0.18204141348 
0.284516 71.82742444719 0.17599850389 
0.285023 71.57019442919 0.17697666885 
0.285529 72.16650358774 0.17684954226 
0.286036 71.97362204391 0.17254695770 
0.286542 71.93541529771 0.17541957467 
0.287049 71.52331356353 0.17158972549 
0.287556 71.75517979905 0.17652766032 
0.288062 71.19891823053 0.17539661710 
0.288569 71.56438371245 0.17134418372 
0.289075 71.30999934673 0.17127205591 
0.289582 71.38683931048 0.17217217547 
0.290088 71.61420127658 0.16964517661 
0.290595 71.52277966339 0.16644407896 
0.291102 71.27749382856 0.16954111177 
0.291608 71.25809672588 0.16903375617 
0.292115 71.21980839083 0.16829824457 
0.292621 71.25164525867 0.16827070045 
0.293128 71.44894093981 0.16778643629 
0.293634 71.35686572509 0.16760688502 
0.294141 70.97997405349 0.16681768822 
0.294647 70.88834261553 0.16771709476 
0.295154 71.02811370040 0.16653481983 
0.295661 70.94502611836 0.16572410013 
0.296167 71.02162528342 0.16375085318 
0.296674 70.81456386819 0.16563433440 
0.297180 70.70684548833 0.16539680123 
0.297687 70.81484457487 0.16786025123 
0.298193 70.72338266542 0.16827163241 
0.298700 70.84178934339 0.16347410929 
0.299207 70.62112091044 0.16510323007 
0.299713 70.97057581194 0.16405122852 
0.300220 70.86304117944 0.16631833815 
0.300726 70.63162284410 0.16430678416 
0.301233 70.29204928927 0.16376015222 
0.301739 70.35137159252 0.16573764362 
0.302246 70.32951906723 0.16235809803 
0.302752 70.20533077035 0.16325043574 
0.303259 70.14785701755 0.16004887506 
0.303765 70.08214394733 0.16186012337 
0.304272 70.13170697688 0.16253323959 
0.304779 70.11292694617 0.16229373690 
0.305285 70.51105113858 0.16127665011 
0.305792 70.11896317777 0.15808067410 
0.306298 70.26749555768 0.15857961157 
0.306805 70.03332912919 0.16132392161 
0.307311 69.83172503795 0.16026242638 
0.307818 70.03860506751 0.15941791056 
0.308324 69.85266487704 0.15651839848 
0.308831 69.64945270927 0.15693794941 
0.309337 69.38932611377 0.15326842156 
0.309844 69.31074762219 0.15486303371 
0.310350 69.14510468762 0.15451023492 
0.310857 68.89147598110 0.15086952087 
0.311364 68.63383566220 0.15005351341 
0.311870 68.36569949955 0.15080654024 
0.312377 68.25034402058 0.14951642839 
0.312883 68.39373158097 0.14840704770 
0.313390 68.29032904390 0.14753226859 
0.313896 68.08886907438 0.14692353044 
0.314403 67.76110875324 0.14602058636 
0.314909 67.69330577500 0.14726883291 
0.315416 67.51574674954 0.14306713412 
0.315922 67.49675926654 0.14358056359 
0.316429 67.28490173494 0.14597382533 
0.316935 67.31880298504 0.14154307507 
0.317442 67.23749743822 0.14331100981 
0.317948 67.10948740453 0.14145179275 
0.318455 67.22615845986 0.14152177035 
0.318961 66.96296470068 0.14067027121 
0.319468 66.86763700599 0.14198806066 
0.319975 66.79415188173 0.14349440966 
0.320481 66.86297849955 0.14201409457 
0.320988 66.76580759582 0.14427127377 
0.321494 66.73630295657 0.14145910033 
0.322001 67.00732759891 0.16476629587 
0.322507 66.60409779274 0.13786137451 
0.323014 66.65257038719 0.14138796297 
0.323520 66.67717991459 0.14209105910 
0.324027 66.47705084823 0.14498970630 
0.324533 66.54312256520 0.14091970839 
0.325040 66.58687301729 0.13830812102 
0.325546 66.74246644080 0.14356285286 
0.326053 66.31766344685 0.13867636065 
0.326559 66.29825218913 0.13810121738 
0.327066 66.33549881373 0.13700168487 
0.327572 66.20520382027 0.13864482457 
0.328079 66.08034444236 0.13930692528 
0.328585 66.34525147607 0.14016527903 
0.329092 66.37951853694 0.13790872667 
0.329598 66.16889218952 0.14193142200 
0.330105 66.17963256585 0.14176912941 
0.330611 66.31491748520 0.14022537560 
0.331118 66.16098747794 0.13783432290 
0.331624 66.21714194101 0.14127977834 
0.332131 65.71987529555 0.13766892399 
0.332637 65.99052021354 0.13897509053 
0.333144 65.67645752010 0.14175987721 
0.333650 65.93662213141 0.13749557235 
0.334157 65.69701741812 0.13681756163 
0.334663 65.71559894248 0.13878548797 
0.335170 65.83801042012 0.14075436901 
0.335676 65.64038631170 0.13618467651 
0.336183 65.35035019085 0.13814016029 
0.336689 65.63992157294 0.13840150102 
0.337196 65.81589152645 0.13971950396 
0.337702 65.66493342470 0.13746172270 
0.338209 65.68653202193 0.13944293467 
0.338715 65.65474404330 0.13756663513 
0.339222 65.77226905180 0.13847408520 
0.339728 65.51707222510 0.14044427842 
0.340235 65.59065585115 0.26022360692 
0.340741 65.52831900496 0.13718804674 
0.341248 65.48814530479 0.13712394983 
0.341754 65.19873453107 0.14085027815 
0.342261 65.40453044370 0.14083078513 
0.342767 65.09186008942 0.13893033429 
0.343274 65.37743543979 0.13822257110 
0.343780 65.19722397148 0.13871142395 
0.344287 65.35417477134 0.14012682416 
0.344793 65.21739786704 0.14285854687 
0.345300 65.14693484696 0.14039419537 
0.345806 65.12797299712 0.14126855147 
0.346313 65.24854224559 0.14461162279 
0.346819 65.13319909901 0.14393466709 
0.347325 64.99333878024 0.14403341555 
0.347832 64.97390323189 0.14576383869 
0.348338 64.70899702262 0.14619566821 
0.348845 64.68934164326 0.14469188827 
0.349351 64.66531490660 0.14912533036 
0.349858 65.01912422109 0.14837737152 
0.350364 64.73825557560 0.14650920647 
0.350871 64.97733641122 0.14692010577 
0.351377 64.54574621153 0.14704620794 
0.351884 64.72247324243 0.14776694379 
0.352390 64.67385424358 0.15047506678 
0.352897 64.53939060512 0.15143784294 
0.353403 64.45290777419 0.14687735784 
0.353910 64.31814666599 0.14804833904 
0.354416 64.59507211748 0.15115171608 
0.354923 64.47739806415 0.15117202822 
0.355429 64.29461611055 0.15531110850 
0.355935 64.10357959600 0.15263973827 
0.356442 63.98277273181 0.15018861983 
0.356948 64.29383342198 0.15158091977 
0.357455 63.74062250052 0.15294369488 
0.357961 63.64101708769 0.15476656289 
0.358468 63.54096121986 0.15230772749 
0.358974 63.85376455327 0.22103840607 
0.359481 63.84832365078 0.20283092108 
0.359987 63.95539553923 0.20016560796 
0.360494 63.80834757290 0.19194785143 
0.361000 63.97019732057 0.19027066140 
0.361506 63.93121410859 0.18575412910 
0.362013 63.80811422197 0.18650046591 
0.362519 64.01787712232 0.18667678957 
0.363026 63.87038279257 0.18637780026 
0.363532 63.97351731687 0.18667974919 
0.364039 63.84430277903 0.18152837700 
0.364545 63.67467880100 0.17822325369 
0.365052 63.83980690589 0.18278651067 
0.365558 64.39201870848 0.18392079738 
0.366064 64.02077496801 0.18477812752 
0.366571 63.64200493504 0.18277624439 
0.367077 63.78508144616 0.18719820748 
0.367584 63.75250123812 0.18830365673 
0.368090 63.89240352422 0.18571245369 
0.368597 63.47411632450 0.18749486974 
0.369103 63.59018036706 0.18928726153 
0.369610 63.49795797127 0.18478587226 
0.370116 63.56046508760 0.19132329918 
0.370622 63.72970511664 0.18779603691 
0.371129 63.71277292362 0.19049862759 
0.371635 63.59931367982 0.19113923618 
0.372142 63.90787446347 0.19659550576 
0.372648 63.83348869882 0.19552288644 
0.373155 63.74746009487 0.19451173450 
0.373661 63.79223270212 0.19728536844 
0.374167 63.13544682346 0.19633610859 
0.374674 63.79638347682 0.20061186259 
0.375180 63.64604533496 0.19423369351 
0.375687 63.93190676018 0.20279960785 
0.376193 63.35871562566 0.19939711571 
0.376700 63.20515119488 0.20287722119 
0.377206 63.40070834648 0.19733122887 
0.377712 63.46323659308 0.20247669753 
0.378219 63.48373287149 0.20773534060 
0.378725 63.54295455818 0.20309890033 
0.379232 63.37154970829 0.20584458879 
0.379738 63.16165797404 0.20356643846 
0.380245 63.43579161177 0.20541853191 
0.380751 63.40895397782 0.20610674837 
0.381257 63.24370618069 0.20943585433 
0.381764 63.32398953344 0.20830369229 
0.382270 63.14511079075 0.21041206846 
0.382777 63.38512977827 0.20951321640 
0.383283 63.03792555594 0.20966359743 
0.383789 63.30803547016 0.21125381727 
0.384296 63.45372746051 0.20898844805 
0.384802 63.12033989356 0.21355360165 
0.385309 63.36646025719 0.21257507273 
0.385815 63.20656647721 0.21365760577 
0.386321 63.35725486030 0.21227688096 
0.386828 63.19107437129 0.21258448322 
0.387334 62.84115914398 0.20878220567 
0.387841 63.02805631662 0.21203773149 
0.388347 62.92276470924 0.21221626847 
0.388853 63.06469365625 0.21395833203 
0.389360 62.53444527437 0.21016820988 
0.389866 63.01545811520 0.21337050922 
0.390373 62.59371130947 0.21719589661 
0.390879 62.89040712018 0.21560954617 
0.391385 62.84425589491 0.22964905788 
0.391892 62.97427683533 0.21486289723 
0.392398 63.40532269672 0.22089080038 
0.392905 62.73150163723 0.21933705886 
0.393411 63.00370814672 0.22499532577 
0.393917 62.91494317139 0.22334333850 
0.394424 62.75622652035 0.22600901154 
0.394930 62.68674092803 0.22566846357 
0.395437 62.57921282681 0.22164436052 
0.395943 63.20817947625 0.22908290583 
0.396449 62.59973557994 0.44991091223 
0.396956 62.67566623597 0.21825255196 
0.397462 62.69892106146 0.23875606301 
0.397969 63.05484698942 0.23283620477 
0.398475 62.71241765522 0.23434585155 
0.398981 62.87335323056 0.23487441040 
0.399488 62.69939043357 0.23932307057 
0.399994 62.34680004142 0.24014497565 
0.400500 62.58751826549 0.24303082310 
0.401007 62.60607286078 0.23583646015 
0.401513 62.27615384626 0.24670268133 
0.402020 62.69509071999 0.24475027885 
0.402526 62.73414338208 0.24065074210 
0.403032 62.64466362223 0.24836613154 
0.403539 62.63020159113 0.26018546292 
0.404045 62.91931462707 0.24414606137 
0.404551 62.63331545952 0.26716362785 
0.405058 62.44195260387 0.26525457293 
0.405564 62.58052396937 0.27162144538 
0.406071 62.43239948934 0.25285612162 
0.406577 62.28094851634 0.25748067706 
0.407083 62.00225027776 0.25515835708 
0.407590 62.12197029078 0.26436374098 
0.408096 62.35950660181 0.28169731965 
0.408602 62.77340833860 0.26749857957 
0.409109 62.04374856714 0.26109126532 
0.409615 62.28308298445 0.27029107684 
0.410121 62.35857578828 0.25650997260 
0.410628 62.35512747966 0.26556411540 
0.411134 62.12129982713 0.26796573815 
0.411641 62.17607311395 0.27348244138 
0.412147 62.06211814729 0.25749126353 
0.412653 62.28287701817 0.26603687911 
0.413160 62.03365479871 0.25747697086 
0.413666 62.38118777301 0.26050555229 
0.414172 62.60162247977 0.28122747686 
0.414679 62.12005892047 0.26112831890 
0.415185 62.67449972497 0.28774200924 
0.415691 62.37150955208 0.28029948531 
0.416198 61.95049252187 0.28857094259 
0.416704 62.17801063211 0.28236300662 
0.417210 61.92627562406 0.28435980964 
0.417717 61.82585373403 0.29483961199 
0.418223 62.02230917802 0.27697349049 
0.418729 61.81357987038 0.28137037208 
0.419236 61.94882083780 0.27687955607 
0.419742 61.47389996233 0.27612347911 
0.420248 61.77585498433 0.26884508163 
0.420755 61.70812808677 0.27449531143 
0.421261 61.17180067890 0.27256693511 
0.421767 61.79291682219 0.28474221185 
0.422274 61.80861793317 0.27697182127 
0.422780 61.89463698288 0.27901138241 
0.423286 61.73715139116 0.28632599845 
0.423793 62.03958808374 0.28070978613 
0.424299 61.64398519117 0.29267013420 
0.424805 61.27447074593 0.28897322350 
0.425312 61.30729345021 0.28914941767 
0.425818 62.04420217876 0.29137785725 
0.426324 62.22095300401 0.30223731485 
0.426831 61.69455382804 0.29525904658 
0.427337 61.83435754922 0.30707570486 
0.427843 61.35640644378 0.29771912987 
0.428350 61.55705099200 0.30666216901 
0.428856 61.50516761254 0.29956984757 
0.429362 61.51883096287 0.30437388646 
0.429869 61.45616921357 0.30543744840 
0.430375 61.06222738857 0.31370289986 
0.430881 61.46082022606 0.32681793181 
0.431388 61.39588121391 0.31749622033 
0.431894 61.94811449478 0.31617186458 
0.432400 61.22575622174 0.33272066232 
0.432907 61.67661892712 0.33187370956 
0.433413 61.79057372706 0.34235808874 
0.433919 61.48194629843 0.33844543736 
0.434425 61.17750037743 0.33451110834 
0.434932 61.73970857006 0.33200549517 
0.435438 61.65589009241 0.35859755974 
0.435944 61.59782206075 0.34279663651 
0.436451 61.47308650675 0.33782383925 
0.436957 62.26341665304 0.36599990964 
0.437463 61.46553869130 0.35934454055 
0.437970 62.30985633380 0.35865964853 
0.438476 61.50470807341 0.36623820251 
0.438982 61.45135995557 0.37037871704 
0.439489 61.23131352356 0.37203587343 
0.439995 61.53442984319 0.36999271838 
0.440501 60.87476309129 0.38699858309 
0.441007 61.23328720953 0.38800594256 
0.441514 61.33535775881 0.38159821911 
0.442020 61.26895576721 0.38762989599 
0.442526 60.80001966805 0.39256422775 
0.443033 61.18826332242 0.40165715047 
0.443539 61.23635889640 0.39695450529 
0.444045 61.31464456215 0.39826783626 
0.444551 61.61910409241 0.43142094364 
0.445058 60.79451427107 0.40256280888 
0.445564 60.87197199214 0.42020775781 
0.446070 61.10974519341 0.43701027264 
0.446577 61.22066317742 0.43626832656 
0.447083 61.55150317930 0.45502827394 
0.447589 60.72501129680 0.45390627334 
0.448095 61.21334780666 0.44504544478 
0.448602 60.87306443681 0.45624151510 
0.449108 60.93069771628 0.47425274838 
0.449614 60.82347218950 0.47149753119 
0.450121 60.78878594417 0.50051555409 
0.450627 59.82344162307 0.49626450735 
0.451133 59.53771038037 0.49230287571 
0.451639 61.18214521275 0.53833816952 
0.452146 59.83089074240 0.52852838574 
0.452652 60.46359296677 0.53677397088 
0.453158 59.97069538331 0.56957539071 
0.453664 59.95981531930 0.56948140397 
0.454171 60.53029459942 0.56740338972 
0.454677 60.04717598681 0.60183771363 
0.455183 60.17305928322 0.59487830815 
0.455689 59.56951554536 0.65632634025 
0.456196 59.74868161231 0.64939582977 
0.456702 60.62623933897 0.65812443367 
0.457208 60.07127611555 0.72503102631 
0.457714 60.68554306642 0.76972005764 
0.458221 59.00913097447 0.72906553108 
0.458727 60.53228734581 0.78774109810 
0.459233 59.94927192653 0.84638667514 
0.459740 59.40870214544 0.84912132932 
0.460246 60.77381580110 0.94904674219 
0.460752 60.07534176888 0.96209818153 
0.461258 59.39965744113 0.98635986184 
0.461765 60.08724917827 1.10251364269 
0.462271 59.80479185695 1.07031402827 
0.462777 59.40126397922 1.18145452312 
0.463283 61.75968259670 1.29118991606 
0.463789 61.16271072476 1.33770287597 
0.464296 59.40965105353 1.36598312926 
0.464802 59.39053368054 1.34376647077 
0.465308 58.97024528896 1.48302862348 
0.465814 60.20073985737 1.63519684439 
0.466321 59.97094824910 1.76344896605 
0.466827 60.95482104942 1.82444369636 
0.467333 59.21944028632 1.89533385383 
0.467839 59.15741863809 1.99594099924 
0.468346 58.30741167607 2.34658158636 
0.468852 59.06069009503 2.52094189982 
0.469358 59.27928230465 2.90111266530 
0.469864 58.95392545180 2.98570377113 
0.470371 60.24088660201 3.90843075157 
0.470877 58.36465682289 4.41613761973 
0.471383 56.52914968534 5.41848786964 
0.471889 52.85699798262 6.78185581820 
0.472395 51.30159022996 5.47689095012 
0.472902 56.59470341401 13.55932973348 
