0.010896 1348.30860394144 12.81674007593 
0.011402 1193.96965622602 12.46196728564 
0.011909 1082.43872541546 11.74414476921 
0.012416 969.53989633428 9.32101424911 
0.012923 886.98383433254 8.04578388814 
0.013430 822.88111563175 11.05087213053 
0.013936 786.63032076789 9.51542199354 
0.014443 736.23447536527 7.69547367003 
0.014950 674.11965997949 6.39493745399 
0.015457 629.17485574573 5.63828545718 
0.015963 577.10501066765 4.60064171966 
0.016470 543.96293710725 3.97030536903 
0.016977 508.78295444982 3.81388609898 
0.017484 474.70737386954 3.35929264832 
0.017990 445.27995318213 3.04603159286 
0.018497 424.17598778168 2.62712573125 
0.019004 400.03019499736 2.32706797054 
0.019511 378.46057577360 2.17579960295 
0.020018 359.30253326791 2.25494153524 
0.020524 346.08733451994 1.92847940166 
0.021031 326.19225187670 1.82436124989 
0.021538 314.90917594435 1.72494181575 
0.022045 300.59662923390 1.66498968165 
0.022551 287.26951219563 1.61180639791 
0.023058 278.92635168913 1.49610938856 
0.023565 268.41104400038 1.57944689902 
0.024072 260.56849548881 1.77242614466 
0.024579 249.38775681002 1.56806939882 
0.025085 242.03098611578 2.13269736672 
0.025592 236.21449466277 2.09842621682 
0.026099 229.79687064372 2.13849466508 
0.026606 223.17311839536 1.69147427392 
0.027112 218.74247342364 1.70400959239 
0.027619 212.56273812651 1.49166457095 
0.028126 207.85169998975 1.41383468144 
0.028633 202.01650890679 1.36155649183 
0.029139 197.46374182078 1.25097270131 
0.029646 192.46558900623 1.16514215084 
0.030153 189.45950932519 1.17413654531 
0.030660 185.47228829161 1.03475124594 
0.031167 182.41494567850 0.99300181824 
0.031673 179.22835722336 0.88848087237 
0.032180 175.72623888214 0.88924904038 
0.032687 173.61121575406 0.85310475958 
0.033194 169.67007770440 0.84293307745 
0.033700 168.70023553608 0.78787301579 
0.034207 166.26453801089 0.75399175347 
0.034714 162.37773159133 0.71506078131 
0.035221 161.00007790802 0.70522923055 
0.035727 158.83437054056 0.70296361674 
0.036234 156.42857484817 0.67075524408 
0.036741 153.99574208503 0.67537886264 
0.037248 151.36693890952 0.66548567554 
0.037755 150.38886345973 0.61339333191 
0.038261 149.22478663490 0.60065190363 
0.038768 147.57156057908 0.60288474514 
0.039275 144.47484750870 0.60062123055 
0.039782 144.19467118431 0.59550409095 
0.040288 142.21203518272 0.57331146906 
0.040795 141.06100396840 0.57666647943 
0.041302 140.28014950080 0.53890083852 
0.041809 138.90561951538 0.56311931576 
0.042315 137.80984344656 0.53537508998 
0.042822 137.07467029365 0.51214896082 
0.043329 134.57107097844 0.56097116707 
0.043836 134.16526801545 0.52991265650 
0.044343 132.03893173982 0.51977968605 
0.044849 131.63654595039 0.49720711346 
0.045356 131.18454319171 0.51930576050 
0.045863 129.83181517554 0.50930881589 
0.046370 129.10603445962 0.50371534180 
0.046876 127.99495713918 0.51028032158 
0.047383 125.92734190918 0.49499007088 
0.047890 126.19543445780 0.50738404895 
0.048397 125.95481187062 0.48475785734 
0.048903 124.81494139218 0.46839213450 
0.049410 123.64289221258 0.47801741508 
0.049917 123.41930366822 0.46902081023 
0.050424 122.56452203318 0.48095549576 
0.050931 122.41633878720 0.44997639100 
0.051437 120.77076476071 0.43634523035 
0.051944 120.54106243219 0.44936485295 
0.052451 120.14187661132 0.43668573222 
0.052958 118.34145351849 0.44149428040 
0.053464 117.75979471233 0.43596768721 
0.053971 117.23208130656 0.42989372513 
0.054478 116.92513510622 0.44314604812 
0.054985 116.22014924846 0.44206916896 
0.055491 115.53596176618 0.42939879254 
0.055998 114.67819525579 0.42367043194 
0.056505 113.93233676246 0.42817079175 
0.057012 113.63755744167 0.43748175149 
0.057519 113.16109837335 0.42000395537 
0.058025 112.09269636166 0.43149452531 
0.058532 112.70347665888 0.40853174379 
0.059039 112.23753954948 0.41696542010 
0.059546 111.60982903612 0.40800076196 
0.060052 110.27679866458 0.40759710069 
0.060559 110.04507750959 0.40154455836 
0.061066 109.51419073773 0.39741528574 
0.061573 109.11191326285 0.40639613828 
0.062079 108.24843716498 0.41029837989 
0.062586 107.74150748228 0.38256149399 
0.063093 108.19256851899 0.39166615347 
0.063600 107.71988351723 0.39326392985 
0.064106 106.68614839244 0.37417111135 
0.064613 106.77083061589 0.41103532927 
0.065120 106.47356222089 0.38247277040 
0.065627 105.75510008499 0.37957427969 
0.066134 105.19498551275 0.37657321869 
0.066640 104.65127089983 0.37483520250 
0.067147 104.28289974021 0.37644313024 
0.067654 104.17089377713 0.38500527947 
0.068161 103.80253124729 0.38019402153 
0.068667 103.40319006318 0.37316991510 
0.069174 103.25385320757 0.37743295550 
0.069681 102.43669331134 0.35448996062 
0.070188 102.19277236129 0.36064489641 
0.070694 101.86409248582 0.35735890637 
0.071201 101.71730950677 0.34740331183 
0.071708 101.37273575604 0.36593665164 
0.072215 101.10295449162 0.34794742057 
0.072721 100.87424293427 0.35004789976 
0.073228 100.37109910105 0.34669104814 
0.073735 100.14427524366 0.34174126937 
0.074242 100.22491490105 0.34970404455 
0.074748 99.31605375843 0.32953866583 
0.075255 99.55544868064 0.34179198612 
0.075762 99.18503466344 0.33782022877 
0.076269 98.29949411944 0.34373939057 
0.076776 98.52899347822 0.33746520023 
0.077282 99.22021834281 0.32697575148 
0.077789 97.80963725982 0.33273151133 
0.078296 98.09694064097 0.32025952123 
0.078803 98.23643195130 0.33565137158 
0.079309 97.97004082278 0.33337779927 
0.079816 98.21888786939 0.33757611304 
0.080323 97.69819274137 0.32382509859 
0.080830 97.43504591523 0.33986785311 
0.081336 97.37706222588 0.32584391979 
0.081843 97.14161491525 0.33576896168 
0.082350 97.44493378625 0.33261458066 
0.082857 96.78265607329 0.32809262421 
0.083363 96.62753771839 0.33376387703 
0.083870 96.51640744140 0.33583845046 
0.084377 96.48340546457 0.32718337866 
0.084884 95.45444251670 0.31836024248 
0.085390 95.62582400965 0.33258954947 
0.085897 95.97199194506 0.33391020849 
0.086404 95.59357480857 0.33322639515 
0.086911 95.61307440177 0.32817002756 
0.087417 95.51567698219 0.32969053117 
0.087924 95.06696522819 0.32950476037 
0.088431 94.62883119342 0.33101258161 
0.088938 94.82281080860 0.33794724733 
0.089444 94.76012716433 0.32118575964 
0.089951 94.35293683206 0.32202856793 
0.090458 94.92637596837 0.32864948149 
0.090965 94.25351897336 0.33960416328 
0.091471 94.63973824305 0.31289499152 
0.091978 93.47152271312 0.34069040061 
0.092485 92.95488744513 0.33642051643 
0.092992 92.97504842576 0.33236647600 
0.093498 93.12227153412 0.33867110541 
0.094005 93.02954863253 0.33291715111 
0.094512 92.85135301731 0.32957198031 
0.095019 92.41333835968 0.33978206025 
0.095525 92.79653170432 0.32560315053 
0.096032 92.36491222789 0.33227442199 
0.096539 92.40672846989 0.33123565464 
0.097046 92.28351822145 0.32455362455 
0.097552 92.45820881010 0.32767955082 
0.098059 92.51337280221 0.33568987133 
0.098566 92.02545296080 0.32453405883 
0.099073 91.93241496688 0.32852542875 
0.099579 91.18658771773 0.31710116569 
0.100086 91.44669390277 0.31512111395 
0.100593 91.59792387976 0.33029075538 
0.101100 91.13911861119 0.31950923682 
0.101606 90.71954433545 0.31908254433 
0.102113 89.65548893729 0.30473252648 
0.102620 89.62247090787 0.28967091343 
0.103127 89.61802765015 0.29927168165 
0.103633 89.42300885247 0.29430906878 
0.104140 89.41738337553 0.29490468615 
0.104647 88.63790334501 0.30417230788 
0.105154 88.38929946034 0.31429081988 
0.105660 88.64928029127 0.30193417878 
0.106167 88.46867858876 0.30580744107 
0.106674 89.12210427113 0.30182308041 
0.107181 87.83052182382 0.30470001433 
0.107687 88.58578858788 0.29942933442 
0.108194 87.55608075256 0.30008867167 
0.108701 87.96166317050 0.29342477888 
0.109208 87.63714648663 0.28881903429 
0.109714 87.56278075226 0.28905126392 
0.110221 87.78215515811 0.29323995259 
0.110728 87.58700544284 0.28816956672 
0.111235 87.17393567931 0.28405304174 
0.111741 87.03078708015 0.28342650332 
0.112248 87.28416351710 0.28647179058 
0.112755 87.48930529480 0.28473276692 
0.113262 86.72146757070 0.28271239926 
0.113768 86.96718293659 0.28364431237 
0.114275 86.59555934003 0.27760351679 
0.114782 86.55783114545 0.27838004060 
0.115289 86.66822516240 0.27855119584 
0.115795 87.15829631243 0.27132312268 
0.116302 86.67227310844 0.27316070689 
0.116809 86.57054885587 0.26795772152 
0.117316 86.43853196772 0.26466866516 
0.117822 86.49447277141 0.27461448658 
0.118329 85.90875239588 0.25996898517 
0.118836 86.31069182406 0.26907821622 
0.119342 86.22623262904 0.26131216215 
0.119849 85.74694146277 0.27250293860 
0.120356 86.24781744296 0.26167778298 
0.120863 86.08274792995 0.26877164457 
0.121369 85.85148041112 0.26120070161 
0.121876 85.88688941794 0.26824069273 
0.122383 85.68301761465 0.26629005399 
0.122890 85.23059420814 0.26528109721 
0.123396 85.53918227171 0.25913839125 
0.123903 85.19729112861 0.25567256194 
0.124410 85.26449937515 0.26908307218 
0.124917 84.92874928691 0.27488915740 
0.125423 85.12500773508 0.26361898375 
0.125930 85.07745418247 0.25472811077 
0.126437 84.86961695506 0.25554418982 
0.126944 85.15008321668 0.25567122761 
0.127450 84.85445347798 0.25576294033 
0.127957 84.33853157483 0.26015480847 
0.128464 84.83871468869 0.25189527905 
0.128970 84.86819399871 0.25075931126 
0.129477 84.20863704785 0.25546372295 
0.129984 85.05675651659 0.25715091200 
0.130491 84.58291958425 0.25465201798 
0.130997 84.61466472493 0.25647292843 
0.131504 84.39048076818 0.25133015813 
0.132011 84.19994385949 0.25334213347 
0.132518 84.06663158408 0.25387138387 
0.133024 83.85193153011 0.24612595614 
0.133531 84.06466457753 0.25251577441 
0.134038 83.91208519589 0.24674818388 
0.134545 83.95242862274 0.24434339583 
0.135051 83.83897049129 0.24877375290 
0.135558 83.60020615281 0.24383193144 
0.136065 83.56083544633 0.24360440922 
0.136571 83.48221064646 0.24761491419 
0.137078 83.53668766769 0.24325488375 
0.137585 83.28247829481 0.24119094792 
0.138092 83.22815179518 0.24105038485 
0.138598 82.95543171182 0.24268164948 
0.139105 83.49780654508 0.24641992699 
0.139612 83.09441920784 0.24245544169 
0.140119 82.99062193375 0.24193314037 
0.140625 82.96716042463 0.23890355738 
0.141132 82.82945309930 0.23856415983 
0.141639 82.74509519389 0.23532525686 
0.142145 82.74773483926 0.24102533380 
0.142652 82.55802723642 0.24713445187 
0.143159 82.74305243183 0.24108049473 
0.143666 82.64924331289 0.24241064333 
0.144172 82.44990105361 0.24077648753 
0.144679 82.65063828055 0.24004261449 
0.145186 82.24316418642 0.24308802224 
0.145692 81.72461965431 0.23510800698 
0.146199 81.99355456864 0.24333648252 
0.146706 81.80247875111 0.24221834981 
0.147213 81.91854303595 0.24269883827 
0.147719 81.95368935238 0.24270938675 
0.148226 81.63654410578 0.23840846314 
0.148733 81.90603571240 0.24197918849 
0.149240 81.74943426622 0.24513364666 
0.149746 81.08109867204 0.23732972688 
0.150253 81.56542659360 0.24317591858 
0.150760 81.22245887438 0.23949265698 
0.151266 81.03488672968 0.23714418890 
0.151773 80.85982236515 0.23631551608 
0.152280 80.93043900121 0.23969936111 
0.152787 80.92230823138 0.24206661060 
0.153293 80.90438833023 0.24324635501 
0.153800 80.73383308375 0.23232686292 
0.154307 80.99034174473 0.24359017959 
0.154813 80.51011118862 0.24059631816 
0.155320 80.74370025778 0.24328833643 
0.155827 80.91997616694 0.23856516519 
0.156334 80.69242952055 0.24035517773 
0.156840 80.38966124728 0.23582856354 
0.157347 80.46177591187 0.24490060099 
0.157854 80.36086803566 0.23416535831 
0.158360 80.24472860682 0.23918154175 
0.158867 79.81086933629 0.23750058464 
0.159374 79.71944549669 0.23340106579 
0.159881 79.86849506870 0.23678186785 
0.160387 80.09330491522 0.23745499242 
0.160894 80.28987867259 0.23231601919 
0.161401 80.09069304301 0.23488348120 
0.161907 79.86731398400 0.23282160877 
0.162414 79.34111999485 0.23278604163 
0.162921 79.47578807555 0.22704596160 
0.163427 79.68428142753 0.22995689183 
0.163934 79.48650851934 0.23835189205 
0.164441 79.66377768091 0.22772997789 
0.164948 79.07706592519 0.22719213759 
0.165454 79.46267699689 0.22860571643 
0.165961 79.37453570026 0.23107455264 
0.166468 79.13083075655 0.23007342846 
0.166974 79.27279007714 0.23079892633 
0.167481 78.96493224169 0.22985538177 
0.167988 79.06612112060 0.22707883374 
0.168495 79.25346667367 0.23618615056 
0.169001 79.27636957269 0.23223122182 
0.169508 79.03563589529 0.23779640975 
0.170015 78.85288260899 0.23435329148 
0.170521 79.23110846360 0.23218760561 
0.171028 79.36196245119 0.23514342683 
0.171535 78.80393082355 0.23071960726 
0.172041 78.92664775792 0.23658869874 
0.172548 79.14602330584 0.23470988348 
0.173055 78.99072581548 0.23294189350 
0.173562 78.87527364274 0.23701003393 
0.174068 78.73224630060 0.24282201124 
0.174575 79.01836224271 0.23910260573 
0.175082 79.25021573041 0.23505235429 
0.175588 78.84174194464 0.23798896253 
0.176095 78.96958838959 0.23537836446 
0.176602 78.80170712080 0.23306604666 
0.177108 78.93523315510 0.23988963763 
0.177615 78.54180352245 0.23379330223 
0.178122 78.72503346491 0.22886059468 
0.178629 78.74438398673 0.23885018764 
0.179135 78.57374532386 0.23525389960 
0.179642 78.82876573259 0.24009957222 
0.180149 79.00668114014 0.24039283742 
0.180655 78.88150530023 0.23638970908 
0.181162 78.82181876654 0.24075730132 
0.181669 78.73079693933 0.24166782132 
0.182175 78.97791292302 0.24120774476 
0.182682 78.87579550536 0.24342196696 
0.183189 78.72001239093 0.23905791676 
0.183695 78.80318932855 0.23971618362 
0.184202 78.56588951501 0.24410579749 
0.184709 78.44501415628 0.24114766524 
0.185216 78.49417549491 0.24371867827 
0.185722 78.33425212604 0.24452892416 
0.186229 78.44979160207 0.24616202943 
0.186736 78.07190773419 0.24868364353 
0.187242 78.21688354949 0.24382132708 
0.187749 77.86081498495 0.25204737313 
0.188256 77.91688294818 0.25125291354 
0.188762 77.63744667335 0.24020865523 
0.189269 77.80798456694 0.24921343992 
0.189776 77.68163373526 0.24104758239 
0.190282 77.58960798482 0.24693961234 
0.190789 77.16042551953 0.24526038692 
0.191296 77.89918968380 0.24886102066 
0.191802 77.34822446498 0.24402689097 
0.192309 77.37508296404 0.23946969515 
0.192816 76.86334841136 0.24288671935 
0.193323 76.91027503739 0.23677263250 
0.193829 77.12969974194 0.23996277483 
0.194336 76.51044866878 0.23355457037 
0.194843 76.78894678504 0.23561892361 
0.195349 76.67644468438 0.23142717841 
0.195856 76.53069311587 0.23398397745 
0.196363 76.28518775591 0.22820705447 
0.196869 76.16927179149 0.23513758992 
0.197376 76.36948607434 0.22931655608 
0.197883 76.39976568412 0.22610660294 
0.198389 76.02051151666 0.22435373939 
0.198896 76.27432496195 0.22715096448 
0.199403 76.24524299244 0.22648365186 
0.199909 76.02924266433 0.21935267959 
0.200416 75.88584001875 0.22162862858 
0.200923 75.78732262897 0.22370044690 
0.201429 75.90431239247 0.22046364517 
0.201936 76.03524631896 0.22063111786 
0.202443 75.79888820675 0.22330046770 
0.202949 75.45143465564 0.22548084930 
0.203456 75.58343556938 0.22257301934 
0.203963 75.30948247781 0.21456073437 
0.204469 75.51668727576 0.21586385696 
0.204976 75.72297073437 0.21779812433 
0.205483 75.66114929048 0.21355503187 
0.205989 75.26613980270 0.22080399545 
0.206496 75.39416647352 0.21557790097 
0.207003 75.38539932308 0.21540239563 
0.207509 75.31411637435 0.21889702711 
0.208016 75.26574558583 0.21367322022 
0.208523 75.36819458302 0.21436597326 
0.209029 75.34996163198 0.21195546143 
0.209536 75.32685108904 0.20758353371 
0.210043 75.23373427751 0.21135611634 
0.210549 75.27279204276 0.21171861213 
0.211056 75.05849678682 0.20788418398 
0.211563 75.10522184580 0.21003681387 
0.212069 75.05512337839 0.20709815050 
0.212576 74.53836345530 0.20791693965 
0.213083 75.02161119110 0.20708135377 
0.213589 75.08596555697 0.20856591030 
0.214096 75.10162161264 0.20968233490 
0.214603 74.98050618701 0.21147355277 
0.215109 74.73993726340 0.20894381729 
0.215616 74.81643218383 0.20586311908 
0.216123 74.37883665034 0.20606749988 
0.216629 74.28401741679 0.20377997026 
0.217136 74.12497446488 0.20910967506 
0.217643 74.24842995309 0.20587877715 
0.218149 74.17930762099 0.20542896196 
0.218656 74.38464754958 0.20890669861 
0.219163 74.11387281341 0.20719902450 
0.219669 74.00485213522 0.20710864931 
0.220176 74.42649101440 0.20529666623 
0.220683 74.31916627351 0.20749267787 
0.221189 74.11679280189 0.20324593788 
0.221696 74.13447800251 0.20667534294 
0.222203 73.90053045952 0.20608539482 
0.222709 73.78058896671 0.20547435291 
0.223216 73.70979008162 0.20440254145 
0.223722 74.04939128230 0.20620477942 
0.224229 73.63411340132 0.20706977288 
0.224736 73.86831548359 0.20726762978 
0.225242 73.94422728008 0.20142611057 
0.225749 73.52392194335 0.20422465071 
0.226256 73.77251845303 0.20145166742 
0.226762 73.49297285314 0.19933971668 
0.227269 73.77167022234 0.20711957855 
0.227776 73.49404735440 0.20164027234 
0.228282 73.48789754293 0.20427723016 
0.228789 73.46076535760 0.20555758677 
0.229296 73.62265674145 0.20632064926 
0.229802 73.69012846374 0.20417946174 
0.230309 73.48765023423 0.19866926706 
0.230816 73.40906448556 0.20258534707 
0.231322 73.05749419519 0.20228362443 
0.231829 73.17836525765 0.20108745660 
0.232335 73.03686151797 0.19750921349 
0.232842 73.11074490174 0.19967684980 
0.233349 73.14193241947 0.19921482304 
0.233855 72.72220200918 0.19643447687 
0.234362 72.94769169994 0.20159102644 
0.234869 72.98343858253 0.20053343903 
0.235375 72.98568215617 0.19759899035 
0.235882 72.64152601571 0.19729097828 
0.236389 72.54906999682 0.19778965728 
0.236895 72.77452396354 0.19645058141 
0.237402 72.70881933791 0.19957583203 
0.237908 72.21732914838 0.19845241068 
0.238415 72.74522176651 0.19784222801 
0.238922 72.35413116914 0.19937791251 
0.239428 72.51334564942 0.19942108824 
0.239935 72.55143331383 0.19901504310 
0.240442 72.11853617628 0.19540827503 
0.240948 71.90063921099 0.19889484600 
0.241455 71.77755083908 0.20123715761 
0.241962 72.14149270531 0.19415594590 
0.242468 71.95933397747 0.20030688395 
0.242975 72.03645187201 0.19788834347 
0.243481 71.95451332393 0.19815987583 
0.243988 72.08132675932 0.19901955433 
0.244495 71.74115341172 0.19643765551 
0.245001 71.65455766989 0.19752908618 
0.245508 71.78919366551 0.19637359489 
0.246015 72.05860080794 0.19822903176 
0.246521 71.69730538545 0.19881890920 
0.247028 71.32674658088 0.19656621204 
0.247534 71.57486457207 0.19434755161 
0.248041 71.24965943417 0.20262583123 
0.248548 71.23615653080 0.19545550376 
0.249054 71.56025655300 0.19624745215 
0.249561 71.38813722396 0.19558040576 
0.250068 71.58194548599 0.19819090674 
0.250574 71.21049495583 0.19853807668 
0.251081 71.28046053122 0.19581729940 
0.251587 71.24030406147 0.19735321119 
0.252094 71.56371980797 0.19952295425 
0.252601 71.28222439535 0.20084987222 
0.253107 71.02525991672 0.19661312602 
0.253614 71.07397633173 0.19930959822 
0.254120 71.18830246443 0.19459712587 
0.254627 70.89551572683 0.19579665480 
0.255134 71.05159251214 0.19285850692 
0.255640 70.77076291316 0.19437287267 
0.256147 71.10519883066 0.19424980324 
0.256654 71.10237835281 0.20191623463 
0.257160 71.24372494335 0.19728040566 
0.257667 71.41651051314 0.18985150236 
0.258173 71.24725133278 0.19446085451 
0.258680 71.86367538781 0.19810840463 
0.259187 71.63280262190 0.19653695673 
0.259693 71.56144450852 0.19801870885 
0.260200 71.57718257707 0.19357831371 
0.260706 71.70307112013 0.19060244989 
0.261213 71.72625438891 0.19448335466 
0.261720 71.89554631705 0.19682934417 
0.262226 71.70263048457 0.19158566086 
0.262733 71.95669965183 0.19294247931 
0.263239 72.02421054142 0.19384346265 
0.263746 71.66150526854 0.19697474156 
0.264253 71.69446481084 0.19309591624 
0.264759 71.80938999694 0.19429191147 
0.265266 71.58897352939 0.19510637642 
0.265772 71.85381454896 0.19068128124 
0.266279 71.83249008338 0.19644205903 
0.266786 71.85982499842 0.19309106529 
0.267292 72.04954775777 0.18913757720 
0.267799 71.80243921855 0.18962171696 
0.268305 71.77561971380 0.18917645329 
0.268812 71.77027746535 0.19171819660 
0.269319 71.82654006269 0.19321715113 
0.269825 72.00507071658 0.18770472346 
0.270332 71.75080927868 0.19142136970 
0.270838 71.83191983562 0.19302862086 
0.271345 72.17160480828 0.19095054847 
0.271852 72.21383377572 0.19340821996 
0.272358 72.31220803361 0.19346378835 
0.272865 72.30540589491 0.18982470519 
0.273371 72.62110434462 0.19196225841 
0.273878 72.26183278233 0.19108120036 
0.274385 72.59248732184 0.19334263765 
0.274891 72.61892482922 0.18552245239 
0.275398 72.65109728620 0.18862113450 
0.275904 72.46301254311 0.18351860262 
0.276411 72.45033745729 0.18690085802 
0.276917 72.05206816537 0.18560927027 
0.277424 72.60685457906 0.18521919702 
0.277931 72.40605792115 0.18103798622 
0.278437 72.46960438924 0.18524856783 
0.278944 72.07755061334 0.18308960716 
0.279450 72.22694193159 0.18339920774 
0.279957 72.39943659666 0.18161182775 
0.280464 72.20280928002 0.18134736605 
0.280970 72.13738228237 0.17986198567 
0.281477 72.40067852536 0.18098119202 
0.281983 72.00242325970 0.18359660893 
0.282490 72.62616609734 0.18504483666 
0.282996 72.12328299914 0.18175892484 
0.283503 72.00551781095 0.18296648082 
0.284010 72.29125202018 0.18180126445 
0.284516 72.06738142844 0.18103439289 
0.285023 71.94012778806 0.17792867709 
0.285529 71.80487007933 0.17816379973 
0.286036 71.79113151807 0.17404682464 
0.286542 71.93282817302 0.17387796252 
0.287049 71.76428683225 0.17163663309 
0.287556 71.68775658121 0.17560900759 
0.288062 71.52111581454 0.17179426460 
0.288569 71.68423704258 0.17138469477 
0.289075 71.78801632641 0.17245005273 
0.289582 71.67411009243 0.17228423622 
0.290088 71.51161470047 0.16929238228 
0.290595 71.53605426918 0.17024607217 
0.291102 71.17402374352 0.16999571628 
0.291608 71.31116304044 0.16665905391 
0.292115 71.25533773467 0.16780455816 
0.292621 71.13296832196 0.16483139946 
0.293128 71.34572474070 0.16821055721 
0.293634 71.19003901039 0.16641539711 
0.294141 71.31116650901 0.16756473360 
0.294647 71.28561622025 0.16632352028 
0.295154 71.29062117401 0.16764055187 
0.295661 71.10025503352 0.16171028213 
0.296167 71.10129553778 0.16727615415 
0.296674 71.12171243650 0.16663372975 
0.297180 70.93473466877 0.16494071385 
0.297687 71.05495740122 0.16576079879 
0.298193 70.80528322933 0.16226621015 
0.298700 71.00275982852 0.16815075269 
0.299207 70.70044082757 0.16332447288 
0.299713 70.97517932645 0.16598270851 
0.300220 70.54422830422 0.16441277501 
0.300726 70.78973374522 0.16772686766 
0.301233 70.51477188222 0.16942124025 
0.301739 70.24504707180 0.16381847627 
0.302246 70.48287654482 0.16126809288 
0.302752 70.45061241238 0.15956269853 
0.303259 70.28498843745 0.16134383243 
0.303765 70.27637646468 0.15940002891 
0.304272 70.18078028898 0.15988858656 
0.304779 70.24552977711 0.15618652321 
0.305285 70.29660494732 0.16002718918 
0.305792 70.23918284745 0.16256975815 
0.306298 70.25793151225 0.16224736354 
0.306805 70.11621985706 0.16187127457 
0.307311 70.00732519856 0.15830036598 
0.307818 69.95793941956 0.15776958839 
0.308324 69.81509695218 0.15492781427 
0.308831 69.65049923665 0.15444942990 
0.309337 69.67648449182 0.15398111531 
0.309844 69.26116612268 0.15255784939 
0.310350 69.66907158592 0.15480615698 
0.310857 69.23526875292 0.15397910300 
0.311364 68.72449295013 0.14932771533 
0.311870 68.57521516067 0.15147235839 
0.312377 68.41281605163 0.14681501428 
0.312883 68.46427234256 0.15090771065 
0.313390 67.89885924922 0.14581336846 
0.313896 67.99388252500 0.14925205717 
0.314403 68.03913482454 0.14332021919 
0.314909 67.74190577012 0.14564987095 
0.315416 67.72160355642 0.14493077365 
0.315922 67.51821181911 0.14408953805 
0.316429 67.43807631367 0.14456980060 
0.316935 67.37434161080 0.14240137017 
0.317442 67.29977058128 0.14094835659 
0.317948 67.37308391550 0.14181586739 
0.318455 67.31264750222 0.14228279067 
0.318961 66.94914239233 0.14311832317 
0.319468 66.90749337339 0.14171803492 
0.319975 67.10912245957 0.14450870696 
0.320481 66.76261393057 0.13993176571 
0.320988 67.01874358779 0.14300386836 
0.321494 66.85921875696 0.13889237851 
0.322001 66.88337138101 0.16068754716 
0.322507 66.66247235804 0.13768251016 
0.323014 66.86939135756 0.14360187577 
0.323520 66.35429606189 0.14376546325 
0.324027 66.74732189678 0.14267224451 
0.324533 66.37448479179 0.14122751940 
0.325040 66.58581095164 0.13986539965 
0.325546 66.52956302052 0.13976083641 
0.326053 66.54587649584 0.13802618911 
0.326559 66.48250855564 0.14020654240 
0.327066 66.43672950328 0.14093102059 
0.327572 66.28000496418 0.13502363055 
0.328079 66.29998006122 0.13844359090 
0.328585 66.36304413007 0.13816131019 
0.329092 66.12399902707 0.13806720604 
0.329598 66.26113950143 0.13993092410 
0.330105 65.91424359517 0.13986420178 
0.330611 66.26652798801 0.14097237657 
0.331118 66.20096086617 0.13898022542 
0.331624 66.02451820534 0.13698407433 
0.332131 66.02429989260 0.13914883068 
0.332637 66.01110369322 0.13886891792 
0.333144 65.92283180129 0.13966989937 
0.333650 66.09397423593 0.13784504312 
0.334157 66.24168205692 0.13862892209 
0.334663 65.82312185189 0.13892090863 
0.335170 65.62029713942 0.14120801403 
0.335676 65.90981264896 0.13629363845 
0.336183 65.90317649217 0.14037531485 
0.336689 65.75032244769 0.14007657670 
0.337196 65.64859692378 0.13900049338 
0.337702 65.87590228919 0.13847367792 
0.338209 65.80665748278 0.13952284887 
0.338715 65.60920381597 0.14007007059 
0.339222 65.85775856556 0.13996776094 
0.339728 65.64744909965 0.14194047313 
0.340235 65.29533216572 0.23520322796 
0.340741 65.26393400630 0.13834375346 
0.341248 65.33817680276 0.13859787135 
0.341754 65.32953251867 0.14042928078 
0.342261 65.47893639635 0.14128819743 
0.342767 65.36409090088 0.14218234632 
0.343274 65.25143326201 0.13691516117 
0.343780 65.43812825206 0.14368465350 
0.344287 65.07005909258 0.14070684409 
0.344793 65.19965672708 0.13719282036 
0.345300 65.16585783431 0.14313390452 
0.345806 65.20551296226 0.14561057379 
0.346313 65.35549445582 0.14550327315 
0.346819 65.29186303834 0.14548830870 
0.347325 65.13742102004 0.14558747437 
0.347832 65.01851205263 0.14393790991 
0.348338 64.99001253922 0.14625865901 
0.348845 64.81151654394 0.14741496275 
0.349351 64.74741562999 0.14698278155 
0.349858 64.74453592028 0.14951237319 
0.350364 65.00411610058 0.14781162934 
0.350871 64.54785099920 0.14867531801 
0.351377 64.85756399760 0.14647464796 
0.351884 64.79200631127 0.14961993238 
0.352390 64.48752485241 0.14846577460 
0.352897 64.64626049464 0.15008154917 
0.353403 64.49458419776 0.14902796299 
0.353910 64.46077450148 0.14983618487 
0.354416 64.35731183911 0.15228259072 
0.354923 64.32050967595 0.15478188471 
0.355429 64.26393331834 0.15020205604 
0.355935 64.04762480829 0.15311699412 
0.356442 64.03563948254 0.15044302416 
0.356948 64.35420852315 0.15211145551 
0.357455 63.93603385588 0.15807817150 
0.357961 63.92889570551 0.15847669551 
0.358468 63.98813801233 0.15865957426 
0.358974 63.67751266272 0.21950984255 
0.359481 63.83944674627 0.20374686268 
0.359987 64.16790972594 0.20128824721 
0.360494 63.96158619929 0.19101596022 
0.361000 63.91890099539 0.18793294264 
0.361506 63.88721159735 0.18350568989 
0.362013 63.73500528708 0.18688480784 
0.362519 63.86011560041 0.18211610165 
0.363026 63.64388705184 0.18304786020 
0.363532 63.80432039550 0.19001420258 
0.364039 63.67219198930 0.18292850361 
0.364545 63.88715327488 0.18330466645 
0.365052 63.76951869939 0.18352188880 
0.365558 63.84418295011 0.18359843392 
0.366064 63.75956832288 0.18328012426 
0.366571 63.80473726117 0.18558853885 
0.367077 63.76706058880 0.18531882949 
0.367584 63.83003482092 0.18707819545 
0.368090 63.88301496877 0.18763636330 
0.368597 64.03114693507 0.18792913213 
0.369103 63.91423628361 0.19077892000 
0.369610 63.59078429180 0.18729626470 
0.370116 63.81111168007 0.18836864891 
0.370622 63.71475405119 0.19177883212 
0.371129 63.77755278101 0.19659654576 
0.371635 63.53636990204 0.19096177887 
0.372142 63.82297916256 0.19449289452 
0.372648 63.45976651091 0.19651052482 
0.373155 63.71457908331 0.19463807991 
0.373661 63.49706299177 0.19491935483 
0.374167 63.30987026624 0.19414001866 
0.374674 63.86661636913 0.20035894402 
0.375180 63.45137606504 0.19751813869 
0.375687 63.65944394659 0.19882637496 
0.376193 63.38271380379 0.20180348003 
0.376700 63.54632827814 0.20086691497 
0.377206 63.53529111831 0.19992875025 
0.377712 63.47713820135 0.20352116628 
0.378219 63.46813159486 0.20229507583 
0.378725 63.51198855413 0.20936562295 
0.379232 63.31226219773 0.20582434444 
0.379738 63.45942629247 0.20428907688 
0.380245 63.61508298384 0.20835499312 
0.380751 63.27351616681 0.20642423715 
0.381257 63.07967599541 0.20960632063 
0.381764 63.41465661386 0.20883430262 
0.382270 63.53399908852 0.21032740816 
0.382777 63.52007796770 0.20410400300 
0.383283 63.26820734446 0.20888864832 
0.383789 63.04122177028 0.20718566212 
0.384296 63.28632140433 0.21282959907 
0.384802 63.14201861203 0.21345456079 
0.385309 63.33712158418 0.20946908856 
0.385815 63.17621209994 0.20858476086 
0.386321 63.11368436435 0.20951990162 
0.386828 62.94333029008 0.21617525063 
0.387334 62.95857747614 0.21334765868 
0.387841 63.29639631541 0.21046868670 
0.388347 63.43907500296 0.21260254971 
0.388853 62.97834958768 0.21591736761 
0.389360 62.88794134406 0.21508212921 
0.389866 62.91681887188 0.21049084673 
0.390373 63.08876874339 0.21828184043 
0.390879 63.10207697987 0.22153830704 
0.391385 62.89739010912 0.21986839432 
0.391892 63.14582148897 0.21950177949 
0.392398 63.00533265312 0.22431600613 
0.392905 62.85360461778 0.22501667199 
0.393411 62.56299879598 0.22383975931 
0.393917 63.07633494966 0.22185005976 
0.394424 62.75832430793 0.22023149745 
0.394930 62.76625226579 0.22827671015 
0.395437 63.32620255217 0.22841397669 
0.395943 63.03689371427 0.22904930767 
0.396449 63.12555475452 0.29341824742 
0.396956 62.37766213908 0.21956835823 
0.397462 62.85914392317 0.23284306420 
0.397969 62.73106409995 0.23643389109 
0.398475 62.62721098958 0.23213335674 
0.398981 63.20636413931 0.23471854093 
0.399488 62.59376269380 0.23341360360 
0.399994 62.48727013922 0.23646563104 
0.400500 63.04630261780 0.23604376590 
0.401007 62.97105920002 0.24089588264 
0.401513 62.41385650251 0.24355858670 
0.402020 62.35453744967 0.24009810891 
0.402526 62.80351118924 0.24850293305 
0.403032 62.41332143702 0.24544307071 
0.403539 62.35163693431 0.25517859068 
0.404045 62.52525929002 0.25139263181 
0.404551 62.51885345659 0.26548961797 
0.405058 62.29986225663 0.27325521869 
0.405564 62.28983173747 0.26240713583 
0.406071 62.35562681043 0.25367944677 
0.406577 62.51167486200 0.24803101272 
0.407083 62.55285145497 0.26345754500 
0.407590 62.87743209675 0.26154615539 
0.408096 62.67511893410 0.28296075938 
0.408602 61.92881396886 0.27207391038 
0.409109 62.14265934607 0.25572065547 
0.409615 62.34436725814 0.27056618135 
0.410121 62.42551724270 0.26496124993 
0.410628 62.31655643850 0.26722430304 
0.411134 62.17558314127 0.26407941909 
0.411641 62.27848087603 0.27426337189 
0.412147 62.31613207342 0.26109528304 
0.412653 62.15694482696 0.27004737460 
0.413160 61.96450557062 0.25948546215 
0.413666 62.00371046705 0.26662556941 
0.414172 62.14632901217 0.28038601535 
0.414679 62.13205243190 0.26765300713 
0.415185 62.17893716935 0.28228811497 
0.415691 61.98060390879 0.26483733533 
0.416198 61.79087788948 0.27990814537 
0.416704 62.25576756050 0.28164541459 
0.417210 61.98792124487 0.28055433226 
0.417717 61.59672506819 0.28501097807 
0.418223 61.78305670980 0.28120871710 
0.418729 62.17541801785 0.28131532911 
0.419236 61.77087948552 0.27739431226 
0.419742 62.11470206108 0.27016241911 
0.420248 61.53132856113 0.28596987576 
0.420755 61.94100446232 0.27464893574 
0.421261 61.74603184485 0.27438709488 
0.421767 62.00476117076 0.27962371721 
0.422274 61.70067892077 0.27228372946 
0.422780 61.50466648041 0.27355457553 
0.423286 61.68887044124 0.28394021796 
0.423793 62.01435774272 0.28311868187 
0.424299 61.39749694306 0.29005295582 
0.424805 61.96015204264 0.28595524091 
0.425312 61.81323604850 0.30331924584 
0.425818 62.06001756471 0.29140629861 
0.426324 61.88894426634 0.30368378257 
0.426831 62.03773495963 0.29024397635 
0.427337 61.97494047330 0.30437436598 
0.427843 62.12739438773 0.30863030891 
0.428350 62.00158143052 0.30626547059 
0.428856 62.00087435371 0.29994658203 
0.429362 61.91403301903 0.29416940828 
0.429869 61.84018936319 0.30516620104 
0.430375 61.55244361202 0.31271912569 
0.430881 61.29096364702 0.30907756640 
0.431388 61.45491736869 0.31013883043 
0.431894 61.39466977683 0.31431562658 
0.432400 61.76309331523 0.32006215572 
0.432907 62.01914032430 0.32320817704 
0.433413 61.88276434313 0.33516490230 
0.433919 61.71533245838 0.33975787283 
0.434425 61.74580402605 0.32111846366 
0.434932 61.72605425743 0.32880508029 
0.435438 61.95760167309 0.35503899641 
0.435944 61.58891926798 0.33252593134 
0.436451 61.59434021978 0.34416710242 
0.436957 62.03710915051 0.35664237891 
0.437463 61.41132074043 0.35437203695 
0.437970 61.96927188531 0.36685003364 
0.438476 61.43908031149 0.36419041810 
0.438982 61.37158421164 0.35932250131 
0.439489 61.58764454770 0.38725224476 
0.439995 61.71913438526 0.36534966400 
0.440501 61.36583999087 0.38229820543 
0.441007 61.44095319126 0.38313489413 
0.441514 61.60378758586 0.39369941376 
0.442020 61.50508412980 0.40032373508 
0.442526 60.97001170558 0.39488399676 
0.443033 61.03041806999 0.40001131862 
0.443539 61.31069887948 0.40326387760 
0.444045 61.20854980700 0.38615453532 
0.444551 61.61057630545 0.41943865589 
0.445058 61.48338382553 0.42462651599 
0.445564 60.87222082210 0.41852954169 
0.446070 61.23800500798 0.43697309477 
0.446577 61.34964275613 0.44550408398 
0.447083 60.38812666284 0.46900211195 
0.447589 61.26570576959 0.46572384842 
0.448095 60.93955791534 0.44303765106 
0.448602 60.45375937221 0.47923695097 
0.449108 61.55277144389 0.47413257153 
0.449614 60.69781166199 0.47048274293 
0.450121 60.85792551139 0.47938122146 
0.450627 60.68347765814 0.51931541788 
0.451133 61.13684135794 0.49915531138 
0.451639 60.98680237625 0.51978827918 
0.452146 60.35173243495 0.53635709146 
0.452652 60.85353986502 0.55853824604 
0.453158 60.08853552470 0.56578963234 
0.453664 59.68576874727 0.56729751865 
0.454171 60.46342675058 0.57933199300 
0.454677 61.15930335141 0.62155658909 
0.455183 60.36161544805 0.61212033708 
0.455689 60.11942239840 0.63602687368 
0.456196 60.18692275227 0.64901735302 
0.456702 60.98203273638 0.64773033276 
0.457208 59.73636415752 0.67209583750 
0.457714 59.98618630461 0.74677632092 
0.458221 61.48189078225 0.75795250202 
0.458727 60.67334740985 0.77654269204 
0.459233 60.21068736512 0.80743249068 
0.459740 61.21876568844 0.89014779583 
0.460246 60.37180070833 0.89029665420 
0.460752 59.56478552442 0.98759491062 
0.461258 59.92629680105 1.01950885627 
0.461765 60.70346926913 1.09747821424 
0.462271 59.54587778509 1.03828456721 
0.462777 60.25316310480 1.19924561709 
0.463283 59.97199298035 1.22974678562 
0.463789 59.40024678198 1.32290610223 
0.464296 61.07855809144 1.37874865686 
0.464802 60.70505116516 1.35483677188 
0.465308 59.48971587542 1.54281558398 
0.465814 60.54623819537 1.67411788815 
0.466321 60.27115278849 1.76936017382 
0.466827 60.89935247938 1.87061609794 
0.467333 59.11892301720 1.96766027923 
0.467839 62.12724544832 2.00423513205 
0.468346 60.64812915047 2.38914419278 
0.468852 59.22811817132 2.53973445630 
0.469358 59.15792126146 2.85179128613 
0.469864 59.20691034496 2.84653940557 
0.470371 60.92065682473 3.96712108226 
0.470877 58.08664801239 4.57509367389 
0.471383 59.74023394231 5.73610411827 
0.471889 53.41177947475 7.15974826214 
0.472395 50.88719150303 5.43462649145 
0.472902 53.03971136517 12.82652259295 
