0.010896 1360.96944389437 16.65513975493 
0.011402 1204.61886102885 11.22563846473 
0.011909 1091.24185119772 11.13450547468 
0.012416 990.77372963363 8.95379065949 
0.012923 893.57663770606 8.76767710769 
0.013430 825.18455290524 11.20872899964 
0.013936 790.05144827029 9.33944632141 
0.014443 741.40516524441 7.20273458918 
0.014950 684.34639361503 6.47175077655 
0.015457 628.65670464964 5.58621423066 
0.015963 585.03185761123 5.02637640050 
0.016470 549.21468986273 4.50313520536 
0.016977 509.55792849040 3.90461589230 
0.017484 478.59692481246 3.39638342116 
0.017990 451.52923825893 2.94691627729 
0.018497 424.53136518910 2.73134290801 
0.019004 405.01015175910 2.50910979020 
0.019511 379.19980503969 2.16417158692 
0.020018 363.72932197539 2.26326782220 
0.020524 344.45746258866 1.83245266761 
0.021031 330.21564730157 1.88709580562 
0.021538 315.41311793330 1.74500793414 
0.022045 303.73884172927 1.60243491977 
0.022551 291.23138030892 1.56025617129 
0.023058 280.27688915602 1.56827261720 
0.023565 268.50096929864 1.62037406864 
0.024072 261.17233888705 1.76298460458 
0.024579 251.24008001810 1.69756119309 
0.025085 243.50681132336 2.12617782369 
0.025592 236.79021167185 2.03586164986 
0.026099 228.06233327616 2.11004011496 
0.026606 224.55453799410 1.73191737530 
0.027112 216.69617773180 1.84719693623 
0.027619 212.46213284700 1.49264552722 
0.028126 207.45956254144 1.54482656945 
0.028633 202.93656290024 1.34168024780 
0.029139 198.57057619099 1.14846373472 
0.029646 193.65140034220 1.14598416849 
0.030153 188.91851171062 1.14858838870 
0.030660 186.99337869474 0.99639334227 
0.031167 182.20022215276 0.94753924182 
0.031673 179.95232868830 0.94265043059 
0.032180 175.33264476477 0.95320587923 
0.032687 173.91092586690 0.85635585187 
0.033194 171.18723660971 0.82765635493 
0.033700 167.36179823882 0.80001800664 
0.034207 165.12208112766 0.72615261346 
0.034714 161.57841496825 0.80591202150 
0.035221 159.82890661859 0.73242630396 
0.035727 158.39462866095 0.68599516679 
0.036234 156.35072188255 0.69107175932 
0.036741 153.72858349528 0.68388974611 
0.037248 151.58324822318 0.64191220047 
0.037755 150.58611275781 0.64787216880 
0.038261 147.95455311497 0.60354738250 
0.038768 147.66162174512 0.58481582642 
0.039275 145.55337306888 0.59726176249 
0.039782 144.64052151244 0.54948757018 
0.040288 142.72821626497 0.57811723707 
0.040795 141.78180042146 0.54959172573 
0.041302 140.29247763800 0.56957401431 
0.041809 139.10489133994 0.54607037715 
0.042315 137.41578449202 0.56294248992 
0.042822 136.62448572317 0.54721261402 
0.043329 135.25924822041 0.53459409672 
0.043836 133.84427920661 0.52217227692 
0.044343 132.53615585270 0.51813605305 
0.044849 132.86830857257 0.52628248433 
0.045356 130.82165032220 0.49628836954 
0.045863 130.16973767659 0.50805888393 
0.046370 129.40028234563 0.48881469063 
0.046876 127.35814811192 0.50996926009 
0.047383 127.21870398712 0.50669548748 
0.047890 125.89093512463 0.48048049332 
0.048397 124.52008602291 0.48328085330 
0.048903 124.61496279010 0.48241154141 
0.049410 123.50550102651 0.50391643697 
0.049917 122.83936921571 0.45357593361 
0.050424 121.87967363222 0.48984188134 
0.050931 121.37160897111 0.45527902180 
0.051437 121.24539859642 0.47256198315 
0.051944 120.56660797752 0.44597154162 
0.052451 118.72072513312 0.43532853050 
0.052958 118.55709999346 0.43861534537 
0.053464 117.66293924116 0.45278230180 
0.053971 117.15552601475 0.42351014722 
0.054478 116.91130086955 0.43765958059 
0.054985 116.40693432362 0.44356437352 
0.055491 115.93634491948 0.41935633292 
0.055998 115.13426105436 0.44377159375 
0.056505 114.06908356742 0.42852370782 
0.057012 112.76796869787 0.44439748314 
0.057519 112.60195511557 0.42579278694 
0.058025 112.11654805348 0.41739931017 
0.058532 111.85213899872 0.41266146175 
0.059039 110.92499855281 0.42267673136 
0.059546 110.95842610332 0.43317793452 
0.060052 109.80110274170 0.40518959642 
0.060559 109.93320121607 0.39230523238 
0.061066 109.76417512353 0.40204284784 
0.061573 109.02845500457 0.39853042534 
0.062079 108.45599343292 0.38742458033 
0.062586 108.43090228042 0.41039718158 
0.063093 107.46325948512 0.39208430401 
0.063600 107.57321466003 0.39266630186 
0.064106 106.87805646485 0.37280263739 
0.064613 106.13461354150 0.38902401271 
0.065120 106.21561891297 0.37971118414 
0.065627 105.19323516827 0.38410102953 
0.066134 104.34210330392 0.36589364094 
0.066640 104.63902781100 0.37081787208 
0.067147 104.77332906256 0.38086915731 
0.067654 103.24566568709 0.37672205044 
0.068161 103.72587701900 0.37509559433 
0.068667 103.32856168359 0.37137149815 
0.069174 102.72976582630 0.36695575881 
0.069681 102.79985075244 0.35337062983 
0.070188 101.73158549232 0.34479088267 
0.070694 101.88409655543 0.36129136968 
0.071201 100.86769671219 0.36307862873 
0.071708 101.64248823161 0.36115798819 
0.072215 101.19260547710 0.35584662822 
0.072721 100.70016188354 0.34219266309 
0.073228 100.52917062856 0.35870333271 
0.073735 99.87183016739 0.34629618483 
0.074242 100.08362586322 0.34698991693 
0.074748 99.46603557947 0.33308599726 
0.075255 99.24478044443 0.34077573286 
0.075762 99.32733599223 0.33072140928 
0.076269 99.01554923368 0.33573666979 
0.076776 98.70761245045 0.33664157634 
0.077282 98.10837990659 0.32658893297 
0.077789 97.64045326774 0.33263730181 
0.078296 98.08258816959 0.32022023856 
0.078803 97.19012610695 0.33302255312 
0.079309 97.40869020551 0.33307549133 
0.079816 97.91305105065 0.33330079473 
0.080323 97.10389131639 0.32946364898 
0.080830 97.34956617959 0.32091274431 
0.081336 97.57224666747 0.32528531628 
0.081843 96.77232237768 0.33981350328 
0.082350 97.13354794391 0.33966389094 
0.082857 96.64170557019 0.33425789750 
0.083363 96.27519833470 0.33667383119 
0.083870 96.85425118386 0.32408773342 
0.084377 96.00968540803 0.33546091469 
0.084884 95.38297885476 0.33441870571 
0.085390 95.86748306895 0.33808629219 
0.085897 95.84215084417 0.34360925137 
0.086404 95.90069242717 0.33516086930 
0.086911 95.22660491265 0.32869649684 
0.087417 95.54966383034 0.31826241814 
0.087924 95.13984917466 0.33361266154 
0.088431 94.53770498680 0.33536341240 
0.088938 94.68208840370 0.32736189494 
0.089444 94.70983666117 0.32854386494 
0.089951 94.35265676383 0.33117713970 
0.090458 93.93205366324 0.33193637126 
0.090965 94.22546780680 0.32918248780 
0.091471 93.83329349593 0.31944548125 
0.091978 93.44446904249 0.33178879909 
0.092485 92.18893278121 0.35426219426 
0.092992 92.50248890004 0.34019975075 
0.093498 92.80317291544 0.33851017721 
0.094005 92.89377326194 0.32261862619 
0.094512 92.78806847055 0.33300606471 
0.095019 92.50107049236 0.32667059490 
0.095525 92.70052632490 0.33577068567 
0.096032 92.65312129577 0.32246828425 
0.096539 91.97834166764 0.32159313755 
0.097046 92.28399747493 0.32530288339 
0.097552 92.08019950886 0.33579119587 
0.098059 91.89867684276 0.33696275783 
0.098566 91.85949940757 0.33069747514 
0.099073 90.79143968095 0.31938998573 
0.099579 91.88930818028 0.33232329660 
0.100086 91.77818691333 0.33335831216 
0.100593 91.15557186433 0.32288781059 
0.101100 91.34127272194 0.32703785862 
0.101606 90.34811026255 0.31309808528 
0.102113 89.86813377686 0.31583635459 
0.102620 89.73685513219 0.30470355346 
0.103127 89.50398325242 0.29849759145 
0.103633 89.08595030099 0.30298864779 
0.104140 88.47386337677 0.29547539289 
0.104647 88.37584838665 0.29828685779 
0.105154 88.43403697742 0.30511249328 
0.105660 88.78937909471 0.30655381815 
0.106167 88.31195514384 0.29817432444 
0.106674 87.60683244901 0.30973136640 
0.107181 88.29972352496 0.31742147768 
0.107687 88.04343901559 0.30554133973 
0.108194 88.38958589116 0.30425628070 
0.108701 87.73998330591 0.29851457216 
0.109208 87.39650606439 0.30049595186 
0.109714 87.74139655597 0.30006379036 
0.110221 87.74782380927 0.29575528073 
0.110728 88.02834491552 0.28222984816 
0.111235 87.41743948363 0.28866521105 
0.111741 87.19331815760 0.28506954417 
0.112248 87.06444919978 0.28157174217 
0.112755 87.08059062825 0.28108510906 
0.113262 86.91069123775 0.28023183098 
0.113768 87.00130529615 0.27267996716 
0.114275 86.47351683290 0.27921428919 
0.114782 86.92548774624 0.27812819397 
0.115289 86.73319430443 0.27861176848 
0.115795 86.77610592551 0.27480549595 
0.116302 87.27477687259 0.27516615807 
0.116809 86.62767255674 0.27567044004 
0.117316 86.96989038919 0.27582875015 
0.117822 86.37673332393 0.28489265037 
0.118329 86.23848658251 0.26815965562 
0.118836 86.17898110505 0.27678410036 
0.119342 85.64261026469 0.26421215172 
0.119849 85.76468196734 0.26578721021 
0.120356 85.80914818011 0.26804319705 
0.120863 86.06876236135 0.27198874974 
0.121369 85.97110725428 0.26844675984 
0.121876 86.44726124504 0.26990263840 
0.122383 85.43705805313 0.26214233411 
0.122890 85.17613493487 0.27533147240 
0.123396 85.53120529808 0.26811363687 
0.123903 85.34947411110 0.26570068149 
0.124410 85.14645064129 0.26204984135 
0.124917 85.07810595295 0.26050668090 
0.125423 84.89117469855 0.26575433548 
0.125930 85.12930250752 0.25388051689 
0.126437 84.93211405289 0.24846084604 
0.126944 85.03401544925 0.26178968381 
0.127450 85.06161989577 0.25542758655 
0.127957 85.07356644473 0.25481540725 
0.128464 84.82174074990 0.25101151335 
0.128970 84.85904502904 0.25700958488 
0.129477 84.65673282590 0.24911414665 
0.129984 84.31478008335 0.25695847435 
0.130491 84.37648241703 0.25260496918 
0.130997 84.08626628418 0.25224039788 
0.131504 84.42258637167 0.24756471205 
0.132011 84.21388227430 0.24880329418 
0.132518 84.33915344772 0.24532693725 
0.133024 84.16512974065 0.24999506328 
0.133531 83.97502327869 0.24825311482 
0.134038 84.32210150149 0.25431589003 
0.134545 83.56028331662 0.24682518042 
0.135051 83.94926815394 0.24670313426 
0.135558 83.90157626970 0.24440563669 
0.136065 83.25536049007 0.24789963949 
0.136571 83.44912146368 0.24637741231 
0.137078 83.57946297597 0.24217361010 
0.137585 83.72518936611 0.24553217427 
0.138092 83.01311794445 0.24284098520 
0.138598 83.79552355453 0.24951666872 
0.139105 83.12195233138 0.23826256233 
0.139612 83.14368856248 0.24145122978 
0.140119 83.23815517041 0.24346254222 
0.140625 83.09582940272 0.24348757361 
0.141132 82.88797814701 0.23585703587 
0.141639 83.33447037345 0.23509575272 
0.142145 83.00494913937 0.24491705587 
0.142652 82.91943593525 0.24342586402 
0.143159 82.56561894793 0.23327742225 
0.143666 82.31434544364 0.24222565107 
0.144172 82.57700910182 0.23989931794 
0.144679 82.76795731078 0.23838204914 
0.145186 82.28965235746 0.24165741263 
0.145692 82.09449670847 0.24394262561 
0.146199 82.45133749075 0.23945907960 
0.146706 82.26239898831 0.24203359356 
0.147213 82.26848778668 0.24344374324 
0.147719 81.76822215111 0.23908633968 
0.148226 81.70312006144 0.24084174796 
0.148733 81.86098525406 0.23986666678 
0.149240 81.62565586007 0.24207800289 
0.149746 81.63408205538 0.24312592842 
0.150253 81.23924809010 0.24078868814 
0.150760 81.38713354392 0.22704409097 
0.151266 81.17859375721 0.24622977776 
0.151773 81.57035393171 0.23912625159 
0.152280 80.94246627241 0.24206920432 
0.152787 81.36574126577 0.24716558134 
0.153293 80.89555958817 0.24015947956 
0.153800 81.00265923544 0.23319556483 
0.154307 81.12073371571 0.23377431202 
0.154813 80.50178850534 0.23496119006 
0.155320 80.77208170140 0.23535585328 
0.155827 80.68498852655 0.23407882883 
0.156334 80.44615835304 0.23952049241 
0.156840 80.51005009004 0.23689029511 
0.157347 80.58070607604 0.23320255969 
0.157854 80.61732032159 0.23735088990 
0.158360 80.07622689055 0.23698647497 
0.158867 80.25548689118 0.23534507188 
0.159374 80.21104294472 0.23749082558 
0.159881 80.31258491088 0.23447925420 
0.160387 79.78332662611 0.23177735199 
0.160894 79.80638368066 0.22929725994 
0.161401 80.11760370892 0.23259820617 
0.161907 79.62929067850 0.23386131207 
0.162414 79.62384907292 0.23180500146 
0.162921 79.73854776940 0.23646228673 
0.163427 79.50356383130 0.23510327415 
0.163934 79.44137112620 0.23583608857 
0.164441 79.73603683226 0.23495542351 
0.164948 79.44732489372 0.23004182014 
0.165454 79.39990854537 0.23107088456 
0.165961 79.08616602021 0.22988961579 
0.166468 79.14582014520 0.22887198789 
0.166974 79.09218235158 0.22747023757 
0.167481 78.80428229683 0.22909889929 
0.167988 78.81004494956 0.22534419744 
0.168495 79.26121000445 0.23239806197 
0.169001 79.42932391436 0.23015524075 
0.169508 79.45168097218 0.23785764900 
0.170015 79.54368238781 0.23816552799 
0.170521 78.92970398710 0.23528570575 
0.171028 79.15772898377 0.23753971150 
0.171535 79.22759738156 0.23363553038 
0.172041 79.22406137743 0.24236618896 
0.172548 78.90192220054 0.22926319770 
0.173055 78.92619752843 0.23589573555 
0.173562 79.29618484311 0.23466599572 
0.174068 79.16531956902 0.23399037699 
0.174575 78.95872624260 0.23463969810 
0.175082 78.97107207422 0.23789278612 
0.175588 78.24780662720 0.23593345250 
0.176095 78.68524547794 0.23304117201 
0.176602 78.74173302965 0.23312770339 
0.177108 78.83169979910 0.23670083442 
0.177615 78.47459327711 0.23937406130 
0.178122 78.61089879198 0.23500282840 
0.178629 78.62932197934 0.23854358464 
0.179135 78.73517690227 0.24067674821 
0.179642 78.85895810283 0.23814352787 
0.180149 78.75170629915 0.23691085249 
0.180655 78.69388319094 0.23338661138 
0.181162 78.41921010032 0.23515881065 
0.181669 78.73349472002 0.24347376310 
0.182175 78.75409953121 0.24295656714 
0.182682 78.86113886749 0.24640487920 
0.183189 78.83989308140 0.24754247222 
0.183695 79.14623838089 0.24716283126 
0.184202 78.54312998651 0.24314569502 
0.184709 78.39281264804 0.24121777505 
0.185216 78.26464127802 0.23767476824 
0.185722 78.43909933683 0.24002313694 
0.186229 78.48754864934 0.24758682905 
0.186736 78.15694485376 0.24442041849 
0.187242 77.84270282792 0.24783685133 
0.187749 77.96036215902 0.25175238861 
0.188256 77.91418990726 0.24606549939 
0.188762 77.89237031015 0.24484387250 
0.189269 77.55077192914 0.24537216328 
0.189776 77.74506058819 0.24763766967 
0.190282 77.90537875364 0.24847652359 
0.190789 77.49449660229 0.24887563218 
0.191296 77.68469217546 0.24616965720 
0.191802 77.44843886930 0.23887688398 
0.192309 77.37063253090 0.23624263110 
0.192816 76.78163229024 0.23958382974 
0.193323 76.65314487360 0.23494158427 
0.193829 76.49442741616 0.23479583331 
0.194336 76.45768315716 0.23675725563 
0.194843 76.56516649685 0.23200032874 
0.195349 76.37506215264 0.23170429983 
0.195856 76.45667164846 0.23150352799 
0.196363 76.46530496311 0.22932979955 
0.196869 76.19659383494 0.23237515594 
0.197376 76.16096356741 0.22870499096 
0.197883 75.87478269195 0.22633309818 
0.198389 76.21399222762 0.22572283963 
0.198896 76.15088538615 0.22841298306 
0.199403 76.24425658915 0.22811376256 
0.199909 75.93010875624 0.22537996937 
0.200416 76.04112627449 0.22309757207 
0.200923 75.90701318470 0.22532804139 
0.201429 76.09694600998 0.22453584502 
0.201936 75.79132358093 0.22066337758 
0.202443 75.93823808593 0.21932545275 
0.202949 75.82241229350 0.22129102538 
0.203456 75.49741015560 0.21790283913 
0.203963 75.56363928846 0.21912683046 
0.204469 75.62684156924 0.21696271476 
0.204976 75.57203662535 0.21934753015 
0.205483 75.30045264239 0.21672750133 
0.205989 75.40377235225 0.22081472446 
0.206496 75.67956756318 0.21818208013 
0.207003 75.63171124122 0.21418597759 
0.207509 75.54013247283 0.21457807255 
0.208016 75.17706638343 0.21680807167 
0.208523 75.35407790037 0.21101720760 
0.209029 75.46863526958 0.20734015333 
0.209536 75.16992822691 0.21443300880 
0.210043 75.19636417609 0.21232655787 
0.210549 75.19854083427 0.20859904098 
0.211056 75.43303738561 0.21174785867 
0.211563 74.91737757100 0.20690209985 
0.212069 75.04555676208 0.21492148926 
0.212576 75.07784709627 0.21302848307 
0.213083 74.90349791882 0.20634576482 
0.213589 74.90299767325 0.21148422670 
0.214096 75.07439648047 0.20828299071 
0.214603 74.52509587221 0.20888709552 
0.215109 74.99590698683 0.20588962553 
0.215616 74.40750375995 0.21063813566 
0.216123 74.59523135055 0.20720157316 
0.216629 74.47193270367 0.20914229236 
0.217136 74.45445247377 0.20940902391 
0.217643 74.12939367765 0.20874601582 
0.218149 74.03977112414 0.21203355730 
0.218656 74.07825416747 0.20908686945 
0.219163 74.36631195189 0.20522586443 
0.219669 74.25307752827 0.20714101579 
0.220176 74.06932010147 0.20410094889 
0.220683 74.07926302318 0.20792248979 
0.221189 73.93876657480 0.20381141865 
0.221696 74.00229008308 0.20692502072 
0.222203 73.94255666696 0.20294536774 
0.222709 73.98486589117 0.20188788796 
0.223216 73.69747660910 0.20757042832 
0.223722 73.64870789343 0.20354531084 
0.224229 73.87810103829 0.20276596485 
0.224736 73.95512868428 0.20163423357 
0.225242 73.63781848318 0.20450079998 
0.225749 73.51049779219 0.20389284728 
0.226256 73.36802204529 0.20004291487 
0.226762 73.40690881186 0.20278494353 
0.227269 73.69554562984 0.20433638127 
0.227776 73.37562853955 0.20036256128 
0.228282 73.40177984918 0.20206023305 
0.228789 73.78686701717 0.20283703573 
0.229296 73.48728043501 0.20234977425 
0.229802 73.32164061319 0.20185240040 
0.230309 73.23328366226 0.19657464349 
0.230816 72.98428244349 0.20022582721 
0.231322 73.03840271284 0.20276916123 
0.231829 72.89390299921 0.19992740096 
0.232335 72.96165461983 0.20218103672 
0.232842 72.86235876581 0.20387544456 
0.233349 72.65449575176 0.20017852323 
0.233855 72.88458370969 0.19857375718 
0.234362 72.74165547955 0.20026250896 
0.234869 72.94617206004 0.20101450998 
0.235375 72.66828045202 0.20003742882 
0.235882 72.99089257284 0.20150334381 
0.236389 72.69336380982 0.19621737351 
0.236895 72.51705658091 0.19850319835 
0.237402 72.50705191994 0.19832866875 
0.237908 72.21278112238 0.19627398434 
0.238415 72.21855568959 0.19884038702 
0.238922 72.46829390595 0.19841384039 
0.239428 72.39177510159 0.20045610596 
0.239935 72.26775829463 0.20442449589 
0.240442 72.21116055790 0.20097425003 
0.240948 71.87554578971 0.19725915057 
0.241455 72.22830010380 0.20176256541 
0.241962 71.87684085634 0.19675798529 
0.242468 71.94495157941 0.19826145332 
0.242975 71.88451046829 0.19838369996 
0.243481 71.88048204381 0.19807005881 
0.243988 71.80855158201 0.19892519274 
0.244495 72.03958393286 0.20152497671 
0.245001 71.75849555326 0.19936313711 
0.245508 71.56330499563 0.19551108311 
0.246015 71.91859560932 0.19821183674 
0.246521 71.73079984313 0.19855302662 
0.247028 71.49184223219 0.19602644922 
0.247534 71.60717552929 0.19441618450 
0.248041 71.83174073508 0.19839191204 
0.248548 71.42430372801 0.19875071705 
0.249054 71.35059345042 0.19635724073 
0.249561 71.14299219610 0.19706499959 
0.250068 71.15050800110 0.19700095472 
0.250574 71.44153187576 0.19584048310 
0.251081 71.36924015934 0.19850849370 
0.251587 71.37630500281 0.20079689336 
0.252094 71.22557239861 0.19629169079 
0.252601 71.38073491729 0.19713338063 
0.253107 71.16740643468 0.19825875153 
0.253614 71.20736910320 0.19639088008 
0.254120 71.25838919361 0.19336738221 
0.254627 70.84148467024 0.19620800219 
0.255134 71.16733026203 0.19612466558 
0.255640 70.87686632338 0.19394368421 
0.256147 71.09983674244 0.19515020746 
0.256654 70.88006159708 0.19629060064 
0.257160 70.99878851091 0.19644479132 
0.257667 71.36049668006 0.19443818172 
0.258173 71.08420578339 0.20055382344 
0.258680 71.20585647727 0.19503621743 
0.259187 71.34201434821 0.19552220017 
0.259693 71.31769741853 0.19852372038 
0.260200 71.57096096732 0.19837211480 
0.260706 71.53904351272 0.19347071407 
0.261213 71.70036697400 0.19522007805 
0.261720 71.64483445905 0.19687908064 
0.262226 71.56274960670 0.19352216964 
0.262733 71.64629050907 0.19297533887 
0.263239 71.44952657177 0.19759844514 
0.263746 71.74773703608 0.19394023710 
0.264253 71.81526653950 0.19401722295 
0.264759 71.75881313863 0.19224001848 
0.265266 71.57451742828 0.19021712940 
0.265772 71.81112997974 0.19627844505 
0.266279 71.78653137291 0.19307009385 
0.266786 71.50297309196 0.19150282011 
0.267292 71.82681665794 0.19329081726 
0.267799 71.79911219459 0.19061590621 
0.268305 71.56093165022 0.18765751644 
0.268812 71.30985549804 0.19524416272 
0.269319 71.88167446373 0.18716938960 
0.269825 71.74546768622 0.19053652445 
0.270332 71.83479877366 0.19106268660 
0.270838 71.93080550518 0.18645318487 
0.271345 72.10394930977 0.19264908886 
0.271852 72.18776753932 0.19409011728 
0.272358 72.08395572950 0.19089675857 
0.272865 72.12238848336 0.19228427276 
0.273371 72.43312402975 0.19167215677 
0.273878 72.22374380520 0.19389433613 
0.274385 72.56930623761 0.19249801374 
0.274891 72.66576666432 0.19218045987 
0.275398 72.11674431804 0.18957333605 
0.275904 72.33883334942 0.18459938163 
0.276411 72.43785928833 0.18527532348 
0.276917 72.49804238275 0.18116500422 
0.277424 72.23069580696 0.18646259586 
0.277931 71.97709273395 0.18162098444 
0.278437 72.04102970010 0.18575573135 
0.278944 72.04602406980 0.18494061578 
0.279450 72.13940313988 0.18280555093 
0.279957 71.97600009744 0.18253766296 
0.280464 72.12435508175 0.18292420018 
0.280970 72.02988302583 0.18124298776 
0.281477 72.21288645913 0.18268545085 
0.281983 72.22112631004 0.18391136032 
0.282490 72.23325991584 0.18289929888 
0.282996 72.08048644472 0.18137166916 
0.283503 72.09610771940 0.17857516210 
0.284010 71.87862568122 0.17729363162 
0.284516 71.76903391779 0.17658194108 
0.285023 71.71692149658 0.17405967045 
0.285529 71.72356282026 0.17536965088 
0.286036 71.69651827741 0.17393544504 
0.286542 71.77895724235 0.17281828808 
0.287049 71.59047198982 0.17282927531 
0.287556 71.75983853188 0.17475573064 
0.288062 71.79351329814 0.17325978970 
0.288569 71.27625696420 0.16975832752 
0.289075 71.61863279740 0.17064633833 
0.289582 71.25870714205 0.17059297994 
0.290088 71.15560378265 0.16937431355 
0.290595 71.32903524114 0.17163821724 
0.291102 71.14856594234 0.16771851666 
0.291608 71.25445435792 0.16680886264 
0.292115 71.11212955403 0.16937440982 
0.292621 70.96961513176 0.16597819394 
0.293128 71.01170736018 0.16817127113 
0.293634 71.12606135217 0.16659164150 
0.294141 71.10643853384 0.16521558674 
0.294647 70.87159281279 0.16971050193 
0.295154 71.01295066398 0.16624388761 
0.295661 70.80283170704 0.16575220342 
0.296167 70.93996946690 0.16507330873 
0.296674 70.84242959697 0.16766009418 
0.297180 70.70743625086 0.16384276142 
0.297687 71.00113630671 0.16811829586 
0.298193 70.55772604876 0.16586129451 
0.298700 70.71381169197 0.16562856417 
0.299207 70.55861027018 0.16608988739 
0.299713 70.44473152649 0.16545277140 
0.300220 70.41901753543 0.16095874787 
0.300726 70.33927238594 0.16462087049 
0.301233 70.46552661057 0.16272452424 
0.301739 70.36878761077 0.16622081141 
0.302246 70.30815766609 0.16295767242 
0.302752 70.53362678628 0.16336503169 
0.303259 70.12056286624 0.16106430839 
0.303765 70.38200728480 0.16504060197 
0.304272 70.07442722473 0.16256263298 
0.304779 70.08397402674 0.15965746468 
0.305285 70.07855356292 0.16076968022 
0.305792 70.10349477362 0.16113028229 
0.306298 70.04837138702 0.15961085428 
0.306805 69.84398738158 0.16613925142 
0.307311 70.19499054565 0.15826738377 
0.307818 69.84322195571 0.15760326790 
0.308324 69.74123525218 0.15878492460 
0.308831 69.61153763828 0.15623253013 
0.309337 69.54521422694 0.15677761695 
0.309844 69.47584797964 0.15485094018 
0.310350 69.12453193569 0.15346537981 
0.310857 69.13600485371 0.15054130474 
0.311364 68.60859085969 0.15107691204 
0.311870 68.27140130147 0.14791981658 
0.312377 68.34608999848 0.14783387902 
0.312883 68.26170906445 0.14476256432 
0.313390 68.06874656692 0.14867297662 
0.313896 67.72267918263 0.14775504337 
0.314403 67.48845451395 0.14494358826 
0.314909 67.56789993667 0.14592974505 
0.315416 67.52384610294 0.14703706809 
0.315922 67.30770161273 0.14257081368 
0.316429 67.45285428322 0.14312823523 
0.316935 67.28373614214 0.14134771696 
0.317442 67.42679365103 0.14264889667 
0.317948 67.04749033944 0.14205743115 
0.318455 67.14508540137 0.14210549615 
0.318961 67.01974424723 0.14054101104 
0.319468 67.05818026136 0.14219910279 
0.319975 66.63843718462 0.14128140065 
0.320481 66.87838779489 0.14298475342 
0.320988 66.65558053064 0.14527164939 
0.321494 66.69515227895 0.14051717287 
0.322001 66.83871516035 0.15747639930 
0.322507 66.61627779224 0.14201435527 
0.323014 66.62677893085 0.14108293551 
0.323520 66.57561130492 0.14552521263 
0.324027 66.62853720229 0.14321880161 
0.324533 66.39562689084 0.14219647060 
0.325040 66.19983538498 0.13815536921 
0.325546 66.42746395375 0.14244115901 
0.326053 66.33183030634 0.13803878123 
0.326559 66.26307722776 0.13816933174 
0.327066 66.45247500321 0.13704262592 
0.327572 66.22277879157 0.13799001533 
0.328079 66.27992373084 0.13700656464 
0.328585 66.34506840571 0.13827532641 
0.329092 66.12136258155 0.13767114661 
0.329598 65.92230727335 0.13817387514 
0.330105 66.21117045927 0.14065573684 
0.330611 65.91788843920 0.13896396957 
0.331118 66.11876050426 0.13893153152 
0.331624 65.92732429091 0.13864489144 
0.332131 65.87498569849 0.13718793759 
0.332637 65.93812456287 0.13798503110 
0.333144 66.10993724043 0.13802577194 
0.333650 65.87937416431 0.13973105187 
0.334157 65.50101928471 0.13890739968 
0.334663 65.97901293881 0.13597542889 
0.335170 65.71796326015 0.13889432797 
0.335676 65.53685156622 0.13973010335 
0.336183 65.51526447663 0.14082413543 
0.336689 65.64623506672 0.13902547500 
0.337196 65.61985133302 0.13748073570 
0.337702 65.64396490650 0.13724355532 
0.338209 65.74090716684 0.13688070439 
0.338715 65.61926796120 0.14014399182 
0.339222 65.60444305031 0.13910493710 
0.339728 65.55493097741 0.14069577078 
0.340235 65.37177066317 0.22428215049 
0.340741 65.27189486324 0.13920557280 
0.341248 65.36793039438 0.13775739521 
0.341754 65.19639501489 0.14066868843 
0.342261 65.61696559009 0.13974840718 
0.342767 65.19960845188 0.13874992145 
0.343274 65.33147371023 0.14052233854 
0.343780 65.15924968471 0.13920935566 
0.344287 65.12102647500 0.14076591728 
0.344793 64.98501922025 0.14041129686 
0.345300 65.30223681733 0.13903619216 
0.345806 64.91744728768 0.13898354784 
0.346313 64.78670761381 0.14254227618 
0.346819 65.29815323518 0.14388025540 
0.347325 64.93864733007 0.14505269194 
0.347832 64.98133846837 0.14745782985 
0.348338 65.16872109092 0.14615387738 
0.348845 64.64699626100 0.14495273583 
0.349351 64.87527636302 0.14846293246 
0.349858 64.61832076358 0.14826462951 
0.350364 64.58970499983 0.14792006120 
0.350871 64.74064968023 0.14866595111 
0.351377 64.52984693846 0.14781072790 
0.351884 64.37742860980 0.14670116617 
0.352390 64.63715288363 0.14766651309 
0.352897 64.37103527812 0.14835699481 
0.353403 64.55026216072 0.14892263140 
0.353910 64.43348166994 0.15125298262 
0.354416 64.21563836001 0.15469586829 
0.354923 64.18209097963 0.14871139768 
0.355429 64.08958409696 0.15449622855 
0.355935 64.16497561969 0.15106198156 
0.356442 64.18022762835 0.15099470131 
0.356948 63.96031871870 0.15414234840 
0.357455 64.06020824867 0.15787920033 
0.357961 64.13288811840 0.15288706405 
0.358468 63.69240890840 0.15346332494 
0.358974 63.80292408516 0.22238855851 
0.359481 64.16117420305 0.20576922273 
0.359987 63.74182105309 0.20005496546 
0.360494 63.86287407030 0.19134751205 
0.361000 63.85523868358 0.18943528826 
0.361506 63.84154726624 0.18351144750 
0.362013 63.71469258809 0.18842223332 
0.362519 63.57455794755 0.18307506582 
0.363026 63.67413580360 0.18244048109 
0.363532 63.60071870428 0.18863220016 
0.364039 63.69694773495 0.18229737964 
0.364545 63.77972943443 0.18193898023 
0.365052 63.76645306541 0.18630027294 
0.365558 63.70153062913 0.18368259492 
0.366064 64.07507980881 0.18386356832 
0.366571 63.70739770187 0.18594832777 
0.367077 63.88607129197 0.18377171885 
0.367584 63.63730497711 0.18334409082 
0.368090 63.70027555239 0.18687796128 
0.368597 63.58755475770 0.19087643517 
0.369103 63.51961838893 0.18745354839 
0.369610 64.10712845493 0.18803558494 
0.370116 63.42062964335 0.18810536616 
0.370622 63.50315490483 0.19186076465 
0.371129 63.57731198863 0.18852657476 
0.371635 63.33627444865 0.18623469524 
0.372142 63.63024041047 0.19340273126 
0.372648 63.39634185500 0.19051481202 
0.373155 63.48291930615 0.19641117969 
0.373661 63.55700717512 0.19441404270 
0.374167 63.59367387413 0.19732791567 
0.374674 63.12089815515 0.19650435711 
0.375180 63.58911270709 0.19718271975 
0.375687 63.86128023862 0.19833436101 
0.376193 63.78047939177 0.20067624836 
0.376700 63.14282023162 0.20122737675 
0.377206 63.39925720666 0.19946858921 
0.377712 63.01637435211 0.20122154598 
0.378219 63.68654332461 0.21102445269 
0.378725 63.50246501656 0.20328533160 
0.379232 62.81242872009 0.20238070292 
0.379738 63.24167197601 0.20746038591 
0.380245 63.19594539462 0.20885176142 
0.380751 63.29565513472 0.20689748035 
0.381257 63.08417106852 0.20624675496 
0.381764 63.08863745554 0.20654730830 
0.382270 63.36810982590 0.20756697876 
0.382777 62.96723140373 0.21059909253 
0.383283 63.02750336119 0.20739385509 
0.383789 62.79290172142 0.20851886030 
0.384296 63.22145671279 0.21165634528 
0.384802 62.79820632130 0.20896059648 
0.385309 62.92444779301 0.20746095985 
0.385815 63.27249349300 0.21036835246 
0.386321 63.26499107919 0.21266699957 
0.386828 62.99036025023 0.21420649072 
0.387334 62.97690453202 0.21131834095 
0.387841 62.84197502249 0.21668801482 
0.388347 63.04916102240 0.21189861767 
0.388853 63.12350789423 0.21292934631 
0.389360 62.90589985607 0.21923158107 
0.389866 62.92759572898 0.21064036384 
0.390373 62.83319896934 0.22393189487 
0.390879 62.63849221497 0.21453085870 
0.391385 62.72298794930 0.22263963119 
0.391892 62.89519482725 0.22122302613 
0.392398 62.56491122648 0.21793332091 
0.392905 62.83251013677 0.22239637424 
0.393411 62.51499824903 0.22508824938 
0.393917 62.69926450962 0.21960364918 
0.394424 62.51920283816 0.22479821005 
0.394930 62.62812778435 0.22434299061 
0.395437 62.63141161904 0.22709600105 
0.395943 62.50210292501 0.23100204132 
0.396449 62.58791448370 0.25474157649 
0.396956 62.77337765610 0.22716402909 
0.397462 62.51747683141 0.22942100789 
0.397969 62.76592240614 0.23963533864 
0.398475 62.37180665238 0.22583258786 
0.398981 62.77461005559 0.23551926314 
0.399488 62.35660913235 0.23319336561 
0.399994 62.52824755716 0.23386128384 
0.400500 62.84390135590 0.24042739302 
0.401007 62.66067622483 0.23342658802 
0.401513 62.74875577335 0.24881692170 
0.402020 62.33762515118 0.24960453994 
0.402526 62.92581374065 0.24133331922 
0.403032 62.43334727127 0.24514158123 
0.403539 62.14557169494 0.25409224300 
0.404045 61.85523516101 0.24434930807 
0.404551 62.14774927973 0.26442676589 
0.405058 62.18755896696 0.26956638508 
0.405564 62.45263409049 0.26090950220 
0.406071 62.05793396644 0.25565619382 
0.406577 62.15259203156 0.25682809983 
0.407083 62.16158015701 0.25770060125 
0.407590 61.70790896388 0.26309248806 
0.408096 62.58071774560 0.27334647716 
0.408602 62.04112322405 0.27620630151 
0.409109 61.94668989242 0.26070587484 
0.409615 62.06961471086 0.26023553031 
0.410121 62.44138604967 0.27006631594 
0.410628 61.92342056126 0.27250710494 
0.411134 62.27887631551 0.27126554575 
0.411641 61.91666546313 0.27557012890 
0.412147 62.11139072239 0.25889791741 
0.412653 62.25513909262 0.27107588147 
0.413160 61.62806186071 0.26432854256 
0.413666 62.39970676470 0.26653931667 
0.414172 61.82761696590 0.28651640675 
0.414679 62.29004069139 0.26721988748 
0.415185 62.09942503338 0.28508394097 
0.415691 62.14755596525 0.27160763416 
0.416198 61.68044410457 0.27567664086 
0.416704 61.83795257386 0.28234880404 
0.417210 61.85939081773 0.28308547334 
0.417717 62.33734431311 0.29387527722 
0.418223 61.83214872208 0.27980922928 
0.418729 61.77105941623 0.28449403455 
0.419236 61.98173501605 0.27688550027 
0.419742 61.56215735013 0.26283109127 
0.420248 62.26597648848 0.27313773759 
0.420755 61.38457113170 0.27734414889 
0.421261 61.75260242197 0.27812896419 
0.421767 60.90325656402 0.28011347712 
0.422274 61.58346569409 0.27461516664 
0.422780 61.75809629675 0.27624887917 
0.423286 61.83694852501 0.28290075247 
0.423793 62.14789448235 0.28421994009 
0.424299 61.60687015709 0.29192288922 
0.424805 61.62004411824 0.29020461628 
0.425312 61.41906032007 0.29585250863 
0.425818 61.68058974422 0.28168261896 
0.426324 61.39777853744 0.29135620712 
0.426831 61.94060066072 0.28935290830 
0.427337 61.25206685809 0.30322776233 
0.427843 61.86208500891 0.30377014025 
0.428350 61.41083489656 0.30414229510 
0.428856 61.95036800471 0.30257317348 
0.429362 61.47862970388 0.29971971843 
0.429869 61.24243054013 0.30523188805 
0.430375 61.15146514597 0.30757519624 
0.430881 61.41463695411 0.32495270217 
0.431388 61.88008584908 0.32002667832 
0.431894 61.73843079728 0.32912227414 
0.432400 61.69121214259 0.32691164124 
0.432907 61.42409391460 0.32350929670 
0.433413 61.88210084792 0.33035528238 
0.433919 61.44591265954 0.32967826614 
0.434425 61.59879191410 0.32407608380 
0.434932 61.55238355494 0.33998939102 
0.435438 61.62165320907 0.35389869885 
0.435944 61.15252687774 0.34415706346 
0.436451 61.52708098184 0.32707618016 
0.436957 61.89526583611 0.35519527277 
0.437463 61.41371680939 0.36418074694 
0.437970 60.91163305276 0.35622678923 
0.438476 61.39653130766 0.35585088848 
0.438982 61.46428847647 0.36348402895 
0.439489 60.79936144972 0.37972146462 
0.439995 61.21542143954 0.36297436437 
0.440501 61.16377220308 0.37609207652 
0.441007 60.84419284277 0.37604267873 
0.441514 61.17494980343 0.38442997098 
0.442020 61.27578377440 0.39403996189 
0.442526 61.55183271785 0.40284760111 
0.443033 60.94077626005 0.39244122626 
0.443539 61.22437355718 0.40847427591 
0.444045 61.12717898823 0.39769641680 
0.444551 61.54323243556 0.40847261490 
0.445058 61.32979058025 0.41798194576 
0.445564 60.99170906859 0.42989944046 
0.446070 60.73069199386 0.41913988790 
0.446577 61.11824364000 0.44062578638 
0.447083 60.53369858105 0.45134085014 
0.447589 60.80161246728 0.45047356924 
0.448095 60.78456362791 0.46647069992 
0.448602 60.64628499824 0.48279027123 
0.449108 60.61722007306 0.47658905506 
0.449614 60.29379659182 0.47572898151 
0.450121 59.49730129018 0.50050223739 
0.450627 59.87803536037 0.51884631726 
0.451133 60.29321162990 0.53167854522 
0.451639 61.47213487678 0.52019093772 
0.452146 60.43183509038 0.56103463269 
0.452652 59.79133366502 0.53661616986 
0.453158 60.22883331636 0.57060327276 
0.453664 60.18292388277 0.58920412769 
0.454171 60.61415305077 0.57015523343 
0.454677 60.07458935553 0.61125204464 
0.455183 60.22824163671 0.62834705646 
0.455689 59.72954246544 0.64988949884 
0.456196 60.33884427623 0.65416307406 
0.456702 60.76051316797 0.65051405684 
0.457208 60.85844068628 0.69786618311 
0.457714 60.17367791506 0.75113885951 
0.458221 59.80835464384 0.73935832492 
0.458727 60.34180932571 0.80064902291 
0.459233 60.57426594183 0.82386429208 
0.459740 59.62206368064 0.85366673945 
0.460246 60.61190623111 0.88983954560 
0.460752 60.12339044736 0.96997717367 
0.461258 59.61630911819 1.00850875341 
0.461765 59.57790786339 1.05127841384 
0.462271 59.94934577958 0.99771600334 
0.462777 59.88063001388 1.17768252325 
0.463283 61.21381077212 1.23764668479 
0.463789 59.46822601180 1.32086189099 
0.464296 58.95618069931 1.34414626968 
0.464802 60.27250623230 1.42423121265 
0.465308 59.57864975706 1.46689352218 
0.465814 58.40193882722 1.63172742591 
0.466321 59.08138323448 1.67533955409 
0.466827 60.12449709677 1.82628681089 
0.467333 60.14671689935 2.00957478663 
0.467839 58.07982894360 2.06546591310 
0.468346 59.69654419331 2.31407184800 
0.468852 59.53655509462 2.52269943090 
0.469358 54.55202725103 2.96367555867 
0.469864 59.39844156402 2.92615671983 
0.470371 51.83959029479 3.60707080810 
0.470877 52.47833664433 4.34407743367 
0.471383 47.81049790330 5.09977218762 
0.471889 43.35937054126 6.46078871825 
0.472395 47.59805730688 5.36313780312 
0.472902 36.11086572606 10.47915823211 
