0.010896 1341.64252090842 11.56224486451 
0.011402 1198.11601268385 12.38504501409 
0.011909 1082.66087362285 10.12621657724 
0.012416 981.90532638696 9.10496347770 
0.012923 889.64268734713 8.62092985240 
0.013430 837.08427430221 10.40306652639 
0.013936 789.13519741873 9.46052217500 
0.014443 739.21902111563 7.17470211064 
0.014950 682.21704428837 6.26380766499 
0.015457 628.32696149047 5.66923411634 
0.015963 585.75949115900 5.03963437872 
0.016470 543.37076315134 4.14443625731 
0.016977 512.26013755315 3.92137036468 
0.017484 475.14761912422 3.31967108359 
0.017990 451.01379509253 3.14214870323 
0.018497 422.39932474433 2.77264731462 
0.019004 402.55484857365 2.39284447308 
0.019511 379.43591683239 2.28717157487 
0.020018 361.32148424796 2.03020267345 
0.020524 345.23176318518 1.87951240477 
0.021031 327.34558523712 2.06527575720 
0.021538 314.27562461213 1.72786088093 
0.022045 302.60332364316 1.69620626997 
0.022551 289.86762156174 1.66835606405 
0.023058 280.98291008288 1.53283176446 
0.023565 269.96042966226 1.48504558529 
0.024072 261.67507722537 1.68466259476 
0.024579 253.28565941695 1.75909043554 
0.025085 242.86180322999 2.06347514489 
0.025592 235.93560585932 2.06345805368 
0.026099 229.15865676899 2.13299867530 
0.026606 224.28608655827 1.66244317591 
0.027112 218.83695209549 1.77721792736 
0.027619 211.36852768099 1.59799179038 
0.028126 208.21744931215 1.49395232825 
0.028633 202.69628370046 1.34047659675 
0.029139 198.27932719293 1.15183770678 
0.029646 193.64685305005 1.23537039348 
0.030153 190.36949006343 1.18739871660 
0.030660 186.64936934537 1.09162484315 
0.031167 182.47939094685 0.90745507166 
0.031673 179.69612616627 0.94821413686 
0.032180 174.74240452918 0.89630350827 
0.032687 172.52347586587 0.87946867246 
0.033194 170.50651388689 0.82939172779 
0.033700 168.54388603922 0.77206629300 
0.034207 165.31741625077 0.76275015162 
0.034714 162.67190294829 0.73447818250 
0.035221 161.13945554319 0.73706434745 
0.035727 158.56575571202 0.69246384589 
0.036234 156.54051353751 0.68366202726 
0.036741 153.83890402894 0.69337468234 
0.037248 151.98031243455 0.65233398207 
0.037755 151.20311320033 0.62884746824 
0.038261 149.06232282315 0.58428542369 
0.038768 146.24425274279 0.59615164428 
0.039275 145.03673512068 0.65226316057 
0.039782 143.63154586753 0.58033820578 
0.040288 142.40175401190 0.57072060794 
0.040795 140.57105004422 0.55553019727 
0.041302 140.18978213844 0.55108159884 
0.041809 138.29204429098 0.57372741305 
0.042315 137.44660227610 0.54217981540 
0.042822 136.48182126201 0.52161835242 
0.043329 134.40384946072 0.53007076377 
0.043836 134.58578700036 0.53036142284 
0.044343 133.33840757944 0.52224180141 
0.044849 132.27082479921 0.52610005569 
0.045356 130.87335290501 0.52211197478 
0.045863 129.43404164180 0.54824608707 
0.046370 130.18792942726 0.50310045858 
0.046876 128.56735739334 0.50897865951 
0.047383 126.63119716767 0.48627210841 
0.047890 126.30021817390 0.49287551174 
0.048397 125.30671009898 0.51091264800 
0.048903 124.23026081198 0.46030887566 
0.049410 123.85894658092 0.47633591769 
0.049917 122.19398107578 0.45251928858 
0.050424 122.20448432110 0.45495876606 
0.050931 120.49472822678 0.45332215785 
0.051437 120.69860403846 0.45204566226 
0.051944 119.90465413200 0.45959329108 
0.052451 119.67440685733 0.43202024060 
0.052958 119.07506465289 0.44153300773 
0.053464 117.84771989648 0.44741384327 
0.053971 117.06578193534 0.43088601098 
0.054478 117.11198352239 0.44000266893 
0.054985 115.65848084793 0.44496181137 
0.055491 115.61895428927 0.43418101611 
0.055998 114.92725250941 0.42919421431 
0.056505 114.32911354052 0.43627608200 
0.057012 112.77385590733 0.41831577869 
0.057519 112.77859669044 0.42229387621 
0.058025 112.17797776123 0.41375729815 
0.058532 111.81919625852 0.41648936775 
0.059039 110.84091853661 0.41967780593 
0.059546 110.68656010177 0.41818551635 
0.060052 110.06233997257 0.41001365320 
0.060559 109.34493409813 0.41080858250 
0.061066 109.95593968917 0.40714484288 
0.061573 108.64607495500 0.40165856485 
0.062079 108.34458807044 0.38935278046 
0.062586 107.63512518503 0.40400213893 
0.063093 107.28177613169 0.38200059385 
0.063600 106.98517397283 0.40550154445 
0.064106 106.97922879915 0.38483833889 
0.064613 106.89976827822 0.39506705759 
0.065120 105.76756833185 0.38900964866 
0.065627 106.20209700181 0.37308735495 
0.066134 105.36092880520 0.36995301028 
0.066640 104.84690448495 0.36796570066 
0.067147 104.46454088230 0.36498289035 
0.067654 104.33878876187 0.37395139881 
0.068161 103.37829542100 0.36522743110 
0.068667 103.24398012041 0.35992071484 
0.069174 102.61200859998 0.38244238472 
0.069681 102.49730816376 0.37499351353 
0.070188 102.37338103873 0.36656115800 
0.070694 102.04514124277 0.35618802620 
0.071201 102.10831409517 0.37749014980 
0.071708 101.48483314968 0.37321128714 
0.072215 101.30629363377 0.35425370609 
0.072721 101.02530809574 0.35665516259 
0.073228 100.96385262374 0.33960449770 
0.073735 100.43966874765 0.36178413526 
0.074242 100.51262063198 0.35114116878 
0.074748 99.27733253436 0.34008698310 
0.075255 99.15259299284 0.32853361497 
0.075762 99.10701249860 0.33793839755 
0.076269 98.85804477620 0.34427664883 
0.076776 98.00096785292 0.33693339384 
0.077282 98.58973745837 0.32750121994 
0.077789 97.62715836634 0.32227503048 
0.078296 98.56594457936 0.32583882395 
0.078803 97.34465232623 0.32317603982 
0.079309 97.57459720516 0.33410601026 
0.079816 97.19970442696 0.33792773806 
0.080323 97.47762844525 0.32039360421 
0.080830 97.23460040541 0.33413669036 
0.081336 96.96748055748 0.33086840268 
0.081843 97.29504383074 0.33306507848 
0.082350 96.26609707195 0.32513652355 
0.082857 96.49492552006 0.32795921144 
0.083363 96.40686785490 0.32970796682 
0.083870 96.26851792136 0.33717445409 
0.084377 96.04863096770 0.32974473991 
0.084884 96.08769357837 0.32941089258 
0.085390 95.21766115383 0.32284999223 
0.085897 95.64348872903 0.32911904836 
0.086404 95.87857977354 0.33270018366 
0.086911 95.46256311163 0.33643472336 
0.087417 95.09052524446 0.34134991214 
0.087924 95.28734004473 0.32645964123 
0.088431 94.32086665112 0.32597602362 
0.088938 94.38854817378 0.32741426153 
0.089444 94.72499398761 0.34122037431 
0.089951 94.25602106580 0.32715295280 
0.090458 94.10720337865 0.33039523334 
0.090965 94.27300405935 0.33504783972 
0.091471 94.18431012149 0.32236699240 
0.091978 93.72105118934 0.32542159647 
0.092485 92.57467767296 0.34808736865 
0.092992 93.51541984623 0.35292504094 
0.093498 93.11228197323 0.33566000145 
0.094005 92.60275245728 0.32666961898 
0.094512 93.07262029445 0.32469086784 
0.095019 92.66174308221 0.33306052693 
0.095525 92.34875089368 0.32795746474 
0.096032 92.02252649579 0.32862871807 
0.096539 92.83831399030 0.32559562505 
0.097046 92.50167999957 0.33657642602 
0.097552 92.37898670388 0.35166782633 
0.098059 91.89326983604 0.32637605483 
0.098566 92.01018199245 0.33050220276 
0.099073 92.26711517052 0.31837400533 
0.099579 91.48514586136 0.32194031355 
0.100086 91.99581404163 0.33178986485 
0.100593 91.58537190580 0.31430172925 
0.101100 90.95448601507 0.31332594252 
0.101606 90.81128239890 0.31616689936 
0.102113 90.11435130222 0.31158337660 
0.102620 89.66504835089 0.29790915092 
0.103127 89.30989826194 0.29321034203 
0.103633 89.25248685053 0.29550212709 
0.104140 88.66567719482 0.29981982441 
0.104647 88.48087804160 0.28455158330 
0.105154 88.63966900734 0.30984585894 
0.105660 88.44648980122 0.31469217807 
0.106167 88.96805025928 0.31151962120 
0.106674 88.47782145791 0.31098319212 
0.107181 88.16407143631 0.30324707574 
0.107687 88.44714981895 0.30200658957 
0.108194 88.07067982564 0.30689538553 
0.108701 88.01446342238 0.30408417269 
0.109208 87.73331553299 0.29751064280 
0.109714 87.95570172366 0.28177894444 
0.110221 87.63938553533 0.27883209194 
0.110728 87.60297312851 0.27938564876 
0.111235 87.49029115432 0.28510666053 
0.111741 87.66130736076 0.29368448513 
0.112248 87.04986234246 0.27977346018 
0.112755 87.28255648559 0.28233284545 
0.113262 86.56226102276 0.28507126865 
0.113768 86.91465611731 0.28762208105 
0.114275 86.66713811155 0.27489373981 
0.114782 87.26185120296 0.28645707612 
0.115289 86.38483069480 0.28397405765 
0.115795 86.48996377640 0.27982911630 
0.116302 86.42511778788 0.27221459913 
0.116809 86.79854215393 0.26853794115 
0.117316 86.33344948141 0.27208509257 
0.117822 86.32243084070 0.26426997427 
0.118329 85.98558036668 0.26800288755 
0.118836 85.97834753755 0.27084042432 
0.119342 85.81028040730 0.27260057215 
0.119849 85.86972680241 0.27089268169 
0.120356 85.65291439249 0.26537069827 
0.120863 85.73763572214 0.26607054609 
0.121369 85.62744596061 0.26753721484 
0.121876 85.54031902349 0.27465316514 
0.122383 85.31400578223 0.26140771571 
0.122890 85.53947122150 0.26418432648 
0.123396 85.11404404777 0.26338531423 
0.123903 84.88493650238 0.26228413368 
0.124410 85.22202809981 0.26457751093 
0.124917 84.80576938570 0.26093952469 
0.125423 84.95878169861 0.25964492686 
0.125930 84.76809729448 0.25392590574 
0.126437 84.82551674108 0.25543785316 
0.126944 84.95725890824 0.24888667370 
0.127450 84.36030141658 0.24724276248 
0.127957 85.10058098944 0.26033693443 
0.128464 85.06768154442 0.25667639115 
0.128970 84.61724995076 0.24923669751 
0.129477 84.29687697412 0.25432140108 
0.129984 84.74140159030 0.25006584250 
0.130491 84.07787407122 0.25581379693 
0.130997 84.08304880026 0.25628664266 
0.131504 84.31669956051 0.25193064759 
0.132011 84.18734874676 0.25181599080 
0.132518 84.08489882515 0.24999512018 
0.133024 84.11033953224 0.24575585077 
0.133531 83.73856434587 0.24626352152 
0.134038 84.00226533450 0.25321359280 
0.134545 83.64243474237 0.25322146679 
0.135051 83.67324053069 0.25007378524 
0.135558 83.67312792617 0.24599848357 
0.136065 83.57541817353 0.24623708967 
0.136571 83.61873329304 0.24087421822 
0.137078 83.39059460777 0.24789637505 
0.137585 83.50729817934 0.24222838603 
0.138092 83.45183340240 0.23972346930 
0.138598 83.61714396378 0.23960787433 
0.139105 83.11332661224 0.24423834642 
0.139612 83.55138062890 0.24136326481 
0.140119 82.65293488891 0.23969638252 
0.140625 82.98427133623 0.24158876367 
0.141132 82.93766461662 0.24487232473 
0.141639 82.60452597152 0.24343716510 
0.142145 82.75880523483 0.23660883120 
0.142652 82.59594148308 0.23913060784 
0.143159 82.37672755130 0.23637529344 
0.143666 82.56802406676 0.23271036176 
0.144172 82.58390129341 0.24167032606 
0.144679 82.24341164785 0.24207798000 
0.145186 82.25725493211 0.23955536077 
0.145692 81.83471187755 0.23438473599 
0.146199 82.09141423860 0.24748485937 
0.146706 82.00894223352 0.24894521664 
0.147213 81.54233541053 0.24405512058 
0.147719 82.09262974779 0.24480841343 
0.148226 81.73275898654 0.24350621736 
0.148733 81.60982539377 0.24616466723 
0.149240 81.45672420248 0.24017894864 
0.149746 81.53731557632 0.24712339336 
0.150253 81.22072112982 0.23990392801 
0.150760 81.17409619782 0.23853455733 
0.151266 81.23360851975 0.24750102312 
0.151773 81.04005674245 0.23898709357 
0.152280 81.23985075382 0.24275055780 
0.152787 80.94989724961 0.23870212098 
0.153293 80.61819483877 0.23580236555 
0.153800 80.87973306321 0.24057847041 
0.154307 80.85735431893 0.23836913450 
0.154813 80.37549546928 0.24091738928 
0.155320 80.63287286103 0.23869450599 
0.155827 80.91061193868 0.24222352530 
0.156334 80.80530491536 0.24126959127 
0.156840 80.41002062749 0.23423253518 
0.157347 80.16034502586 0.23726869119 
0.157854 80.44796726754 0.23806508467 
0.158360 80.08920889982 0.23043444876 
0.158867 80.07202595285 0.23365075584 
0.159374 80.28555654862 0.24044866752 
0.159881 79.81750319293 0.23568557108 
0.160387 80.14576903003 0.24261629646 
0.160894 80.10316568963 0.23627053964 
0.161401 79.89484659402 0.23401358558 
0.161907 79.50629590497 0.23303567340 
0.162414 79.33180257246 0.23484982257 
0.162921 79.66462849173 0.23722837338 
0.163427 79.42184899925 0.22954138485 
0.163934 79.63806714574 0.23055448870 
0.164441 79.35199213382 0.23415990167 
0.164948 79.39568700154 0.22114177090 
0.165454 79.15802818144 0.23112415208 
0.165961 79.58809264359 0.23311065863 
0.166468 79.31222538729 0.22726417640 
0.166974 79.16754729334 0.23234817550 
0.167481 78.61101378843 0.22267001297 
0.167988 79.18486200363 0.23099442971 
0.168495 79.21942852099 0.23308340796 
0.169001 79.41532459924 0.23440572027 
0.169508 78.82975591900 0.22898987854 
0.170015 79.06991710402 0.22989497135 
0.170521 79.39560231051 0.23215532517 
0.171028 79.14562992214 0.23117896330 
0.171535 78.83809584553 0.23901423927 
0.172041 78.99420155522 0.24120124936 
0.172548 78.99603082860 0.23200200406 
0.173055 79.10037020114 0.23744495049 
0.173562 78.55472298154 0.23099241561 
0.174068 79.06646042492 0.23138247685 
0.174575 79.08538660479 0.23636029480 
0.175082 78.87436547028 0.23072024661 
0.175588 78.80688249746 0.23999667359 
0.176095 79.02654148932 0.23925893922 
0.176602 78.66039193932 0.23560157633 
0.177108 78.75206939397 0.24045927120 
0.177615 78.69861538197 0.24064681407 
0.178122 78.85017072884 0.23946675966 
0.178629 78.43077328286 0.23353701103 
0.179135 78.43725000952 0.23676390564 
0.179642 78.70970196878 0.23441238629 
0.180149 78.72936050255 0.24039387976 
0.180655 78.55026254527 0.23820197702 
0.181162 78.48019362965 0.23761169671 
0.181669 78.35728124350 0.23846197614 
0.182175 79.00923903690 0.24306462734 
0.182682 79.09155485461 0.24025479118 
0.183189 78.85064468117 0.23831748586 
0.183695 78.48624934938 0.24221713161 
0.184202 78.29278119008 0.24002845322 
0.184709 78.66435593876 0.23918061716 
0.185216 78.35208959744 0.24224597808 
0.185722 78.08095326220 0.24781973776 
0.186229 77.92339882436 0.24367099959 
0.186736 77.95060976327 0.24064077667 
0.187242 78.02053174447 0.25148804619 
0.187749 78.05879192094 0.24360187003 
0.188256 77.87460191849 0.24480141476 
0.188762 77.93081776339 0.24173202286 
0.189269 77.57853952084 0.24364170855 
0.189776 77.14553912240 0.24059130690 
0.190282 77.89250948383 0.24435899483 
0.190789 77.78415760049 0.24695124641 
0.191296 77.35594117462 0.24418543186 
0.191802 77.11876044194 0.24056754501 
0.192309 77.33657126808 0.23436117198 
0.192816 76.81934493570 0.24217721834 
0.193323 76.76389989215 0.24238178237 
0.193829 76.75008720559 0.23712399215 
0.194336 76.48044640791 0.23521250285 
0.194843 76.58464465384 0.23526045073 
0.195349 76.41612307001 0.23627614962 
0.195856 76.52676503879 0.23510545346 
0.196363 76.59372745759 0.23398300876 
0.196869 76.00300718601 0.23320737257 
0.197376 76.31615457768 0.23192795456 
0.197883 76.14215485472 0.22731856889 
0.198389 75.85196342888 0.22808566171 
0.198896 75.79779082829 0.22690395508 
0.199403 75.80947791240 0.21959297691 
0.199909 76.06772516292 0.22409903153 
0.200416 75.64196545761 0.22115464458 
0.200923 75.58334673338 0.22149263110 
0.201429 75.55823797771 0.22280311440 
0.201936 75.67912609611 0.22274686017 
0.202443 75.79470328554 0.21563111960 
0.202949 75.87871625013 0.22231331629 
0.203456 75.77515050285 0.22076531700 
0.203963 75.64648971104 0.22172755581 
0.204469 75.88832777796 0.21795668107 
0.204976 75.42278282723 0.21840531708 
0.205483 75.40099968753 0.21605583755 
0.205989 75.34099429371 0.21345675817 
0.206496 75.40726572500 0.21661756968 
0.207003 75.28081639600 0.21273077218 
0.207509 75.17451635738 0.21519949239 
0.208016 75.33503071017 0.20929381964 
0.208523 75.33949529955 0.21369037831 
0.209029 75.07469945545 0.21083411517 
0.209536 75.23288872495 0.20755906486 
0.210043 75.25977895540 0.21528317966 
0.210549 75.15290097719 0.21209849933 
0.211056 74.99445801291 0.21228303010 
0.211563 75.01186034034 0.21066776637 
0.212069 75.09716108844 0.21058186890 
0.212576 74.88360460943 0.21033254191 
0.213083 74.74708223345 0.20925437501 
0.213589 74.57802975994 0.20946882901 
0.214096 74.99223025754 0.20924686857 
0.214603 74.83883191630 0.21024205113 
0.215109 74.81338282413 0.20801944218 
0.215616 74.72390389060 0.20728040227 
0.216123 74.37065686908 0.20617555754 
0.216629 74.09547738988 0.20494698928 
0.217136 74.10053110641 0.20779825272 
0.217643 74.16352099990 0.20519003737 
0.218149 74.04773115310 0.20961562172 
0.218656 73.95437199421 0.20718774745 
0.219163 74.45520946814 0.20547736390 
0.219669 74.16488752964 0.20793846642 
0.220176 73.77367605914 0.20611393941 
0.220683 74.13048361043 0.20820971427 
0.221189 73.93082826533 0.20514717258 
0.221696 73.78207700130 0.20539692743 
0.222203 74.13994992722 0.20407121482 
0.222709 73.84652865982 0.20635612153 
0.223216 73.82146584462 0.20113802858 
0.223722 74.02080573306 0.20109032622 
0.224229 73.55215741184 0.20075869241 
0.224736 73.77489167817 0.20354547337 
0.225242 73.39267422721 0.19849101184 
0.225749 73.67362176853 0.20388605792 
0.226256 73.72703212290 0.19848061270 
0.226762 73.71578837682 0.20284760707 
0.227269 73.21473635895 0.20004487307 
0.227776 73.37906228472 0.20279116672 
0.228282 73.15601337406 0.20031623369 
0.228789 73.32729152829 0.19941837458 
0.229296 73.52830739648 0.20381478631 
0.229802 73.22984622652 0.19956401183 
0.230309 73.33142428324 0.20111274291 
0.230816 73.03533293414 0.20430476366 
0.231322 73.07253271737 0.20253886502 
0.231829 72.84099221588 0.19588142061 
0.232335 72.91729544041 0.20240872641 
0.232842 72.90003156865 0.19879223128 
0.233349 72.83680000718 0.19752128366 
0.233855 73.11669136616 0.20027163264 
0.234362 72.74870357645 0.19923530789 
0.234869 72.90424752201 0.20470791528 
0.235375 72.64326712882 0.19706536857 
0.235882 72.39920674656 0.19996939180 
0.236389 72.52811755330 0.19797328826 
0.236895 72.55641253042 0.20427946427 
0.237402 72.53235639916 0.19872509054 
0.237908 72.40999571740 0.19869024334 
0.238415 72.58814799616 0.19758165434 
0.238922 72.17100303457 0.20035293736 
0.239428 72.18476573454 0.19922696165 
0.239935 72.00773638199 0.19837491931 
0.240442 72.10139519076 0.19728315414 
0.240948 72.01912625028 0.19920081011 
0.241455 72.27400181789 0.20208503485 
0.241962 71.83359004003 0.20014467121 
0.242468 72.16061151821 0.19968625266 
0.242975 72.27753513975 0.19586024224 
0.243481 71.88402160672 0.20158127396 
0.243988 71.83741250501 0.20154567890 
0.244495 71.78043826063 0.19746333101 
0.245001 71.79794033128 0.19649928829 
0.245508 71.39752104078 0.19592973259 
0.246015 71.64185382190 0.19680797944 
0.246521 71.58278682079 0.19883018135 
0.247028 71.57048743245 0.19944642602 
0.247534 71.73150483782 0.19332503533 
0.248041 71.71888581499 0.19593368578 
0.248548 71.48592785146 0.20052367170 
0.249054 71.31643504211 0.19850435817 
0.249561 70.98757064603 0.19774938712 
0.250068 71.46328062186 0.20099295321 
0.250574 70.91610151683 0.19739409243 
0.251081 71.45008069671 0.19652162396 
0.251587 71.48417130890 0.19691024993 
0.252094 70.85544359613 0.19216289049 
0.252601 70.90876991310 0.19514179288 
0.253107 71.20898953823 0.19660686685 
0.253614 71.08138749501 0.19620796567 
0.254120 71.06472960590 0.19665025276 
0.254627 70.84288364888 0.19706223668 
0.255134 71.06451389930 0.19500908968 
0.255640 71.14592653191 0.19589016383 
0.256147 70.98893569782 0.19666657190 
0.256654 70.72092710451 0.20087745978 
0.257160 71.30662719149 0.19390322356 
0.257667 71.55828479098 0.19757811315 
0.258173 70.98020165432 0.19734550289 
0.258680 71.34030568863 0.19554275838 
0.259187 71.24481761960 0.19760840240 
0.259693 71.46841232561 0.19691546108 
0.260200 71.33353396258 0.19662411661 
0.260706 71.70994456081 0.19394919959 
0.261213 71.47598384032 0.19442936313 
0.261720 71.78681880982 0.19594287945 
0.262226 71.50183226747 0.19203883746 
0.262733 71.88272999588 0.19298012161 
0.263239 71.81305541676 0.19828576744 
0.263746 71.77825784654 0.19704677396 
0.264253 71.70872737155 0.19071690336 
0.264759 71.95255393951 0.19157476120 
0.265266 71.73717701907 0.19357060902 
0.265772 71.64444584602 0.19118813670 
0.266279 71.49623685721 0.19287241230 
0.266786 71.86374497595 0.19235933730 
0.267292 71.42960256767 0.19027312234 
0.267799 71.59901619094 0.19334049845 
0.268305 71.59331319162 0.18804054473 
0.268812 71.66771632446 0.18959230269 
0.269319 71.79849730074 0.18826367343 
0.269825 71.72424102125 0.19165347905 
0.270332 72.06462970353 0.19143543220 
0.270838 71.89844145999 0.19045622697 
0.271345 72.16743402670 0.19041167015 
0.271852 72.24037549665 0.19128177676 
0.272358 72.19535001963 0.19077596832 
0.272865 72.64066076038 0.19230771426 
0.273371 72.67928085967 0.19005709958 
0.273878 72.25175333263 0.19113227739 
0.274385 72.70352454170 0.18962858576 
0.274891 72.32206523667 0.18973659996 
0.275398 72.35714835243 0.19217340455 
0.275904 72.14414819570 0.18521475509 
0.276411 72.48378541529 0.18671566809 
0.276917 72.07575730608 0.18589364548 
0.277424 72.19555861046 0.18424138725 
0.277931 72.28493848611 0.18281320894 
0.278437 72.27390512280 0.18545828402 
0.278944 72.30800239156 0.18224566339 
0.279450 71.80990264713 0.18426005961 
0.279957 72.09964845427 0.18417719239 
0.280464 72.28700748828 0.18669440368 
0.280970 71.82338492464 0.17850886325 
0.281477 72.20937170340 0.18418605548 
0.281983 72.13644145119 0.18416195771 
0.282490 71.89454262769 0.18235332546 
0.282996 72.13040182051 0.18121799944 
0.283503 72.08651975916 0.18356546862 
0.284010 72.19619679143 0.17864535446 
0.284516 71.83302959573 0.17923145652 
0.285023 71.83697030681 0.17804327627 
0.285529 71.83217363381 0.17688206436 
0.286036 71.81282331692 0.17383468294 
0.286542 71.63248070440 0.17592821113 
0.287049 71.73107534780 0.17492030402 
0.287556 71.70307485210 0.17422054561 
0.288062 71.50400242101 0.17604205274 
0.288569 71.34117454570 0.17612566173 
0.289075 71.49303368301 0.17062471075 
0.289582 71.58694929572 0.17020775745 
0.290088 71.07459454251 0.16877300244 
0.290595 71.36392185476 0.16753717067 
0.291102 71.19438368820 0.17115552885 
0.291608 71.20825741291 0.17072480240 
0.292115 71.07756650977 0.16554782774 
0.292621 71.35661521495 0.17103388627 
0.293128 70.86715246964 0.16828729449 
0.293634 71.05934600310 0.16593975582 
0.294141 70.90837446553 0.16700343498 
0.294647 70.90370656425 0.16762176028 
0.295154 70.89357457967 0.16805256638 
0.295661 70.85767028081 0.16507742088 
0.296167 71.05390684005 0.16694652153 
0.296674 70.92817186673 0.16794482657 
0.297180 70.92181140111 0.16633572438 
0.297687 70.73739502417 0.16623655510 
0.298193 70.74444663214 0.16370972250 
0.298700 70.70065129210 0.16525569756 
0.299207 70.80086990427 0.16518440679 
0.299713 70.47321486231 0.16803954671 
0.300220 70.59328771245 0.16645207850 
0.300726 70.35830996205 0.16117046522 
0.301233 70.52664145153 0.16524708203 
0.301739 70.61149109935 0.16481362366 
0.302246 70.26615017261 0.16400657549 
0.302752 70.41579825869 0.16207469524 
0.303259 70.32869992260 0.16252282022 
0.303765 70.25695276578 0.16373953649 
0.304272 70.24831903147 0.16084196908 
0.304779 70.08687570582 0.16172526215 
0.305285 70.19581119087 0.16329676791 
0.305792 70.26628028278 0.15933192068 
0.306298 70.13897008449 0.16123554607 
0.306805 70.08603123199 0.16172578384 
0.307311 69.87674316410 0.16004243857 
0.307818 69.71104650085 0.15999687434 
0.308324 69.75357926688 0.15667934917 
0.308831 69.34056324031 0.15594576431 
0.309337 69.36260510377 0.15364231269 
0.309844 69.20477267986 0.15400975082 
0.310350 69.34944866781 0.15572955511 
0.310857 68.72851187820 0.15236763731 
0.311364 68.65497200181 0.15055710911 
0.311870 68.42317396174 0.14946047339 
0.312377 68.20184379450 0.14980778380 
0.312883 68.26369520171 0.14730727167 
0.313390 67.88360154993 0.14894107873 
0.313896 67.54421876213 0.14536702158 
0.314403 67.83270380063 0.14383657919 
0.314909 67.44986872374 0.14125547262 
0.315416 67.32772255051 0.14381914577 
0.315922 67.54115523387 0.14528533355 
0.316429 67.38059999740 0.14486732111 
0.316935 67.28896017171 0.14173368172 
0.317442 67.11000070478 0.14350252091 
0.317948 67.01140035181 0.14210031925 
0.318455 67.18707907903 0.14100868288 
0.318961 66.91168991722 0.14285956768 
0.319468 66.97966548919 0.14381837035 
0.319975 66.87251859206 0.14449961703 
0.320481 66.92584596185 0.14091844034 
0.320988 66.56927273804 0.14430464826 
0.321494 66.82474655058 0.14142949038 
0.322001 67.00359509630 0.16487751271 
0.322507 66.55754850296 0.13982129591 
0.323014 66.58610275515 0.14236614478 
0.323520 66.51601531596 0.14228467212 
0.324027 66.62381040962 0.14044991142 
0.324533 66.30367196099 0.14156483761 
0.325040 66.39291072615 0.14068553708 
0.325546 66.44530834865 0.14031570870 
0.326053 66.29255562104 0.13884094534 
0.326559 66.29134399288 0.14040530458 
0.327066 66.40176728609 0.13641137034 
0.327572 66.26868073171 0.13616939903 
0.328079 66.08656339297 0.13869297875 
0.328585 66.07449221868 0.13726725045 
0.329092 66.22879771106 0.13471119726 
0.329598 66.05542543338 0.14093575803 
0.330105 66.12788193644 0.13823922235 
0.330611 66.00410556873 0.13953092759 
0.331118 65.93983913045 0.13987913692 
0.331624 65.97768153218 0.13835516163 
0.332131 66.16491832466 0.13541975672 
0.332637 65.94553090157 0.14068529886 
0.333144 65.94533451334 0.13744277218 
0.333650 66.02494669901 0.13759668837 
0.334157 65.88950988997 0.13956494630 
0.334663 66.03525571780 0.13690010374 
0.335170 65.77657020553 0.13948208759 
0.335676 65.51613709775 0.13999760415 
0.336183 65.70960410478 0.13886928161 
0.336689 65.62461111099 0.13767128095 
0.337196 65.59822160202 0.13909431132 
0.337702 65.73329968028 0.13931940964 
0.338209 65.35747917659 0.13890478529 
0.338715 65.34546715201 0.14115235297 
0.339222 65.48078278861 0.14278174571 
0.339728 65.24281193080 0.13838082896 
0.340235 65.48422755467 0.22336982333 
0.340741 65.54646725264 0.14022125878 
0.341248 64.97775395826 0.13907664228 
0.341754 65.23067416438 0.13707318369 
0.342261 65.34621349658 0.14067861036 
0.342767 65.02566997663 0.14107366838 
0.343274 65.23734690651 0.13809257426 
0.343780 65.07529042052 0.13867395761 
0.344287 65.10603205114 0.13889928898 
0.344793 65.06696116186 0.13946528726 
0.345300 65.20483481807 0.14025143719 
0.345806 65.04622470324 0.14009870172 
0.346313 65.02370687634 0.14289027976 
0.346819 65.09957451529 0.14428254427 
0.347325 65.10015606442 0.14334217727 
0.347832 64.99746895817 0.14626820180 
0.348338 65.00967044537 0.14335147874 
0.348845 64.83500640543 0.14546623420 
0.349351 64.69957451748 0.14607444876 
0.349858 64.59056429329 0.15222823634 
0.350364 64.73116768642 0.14734876778 
0.350871 64.42524099998 0.14999342765 
0.351377 64.53159784651 0.14812676297 
0.351884 64.63160565464 0.14747249460 
0.352390 64.49971868572 0.14826911707 
0.352897 64.48059090959 0.14904970782 
0.353403 64.60790838697 0.14903009083 
0.353910 64.33931655704 0.15201548127 
0.354416 64.43885192877 0.15120806211 
0.354923 64.12692500922 0.14954496828 
0.355429 64.24299453999 0.15058896048 
0.355935 64.15385923208 0.15214589462 
0.356442 63.58740046931 0.15241728707 
0.356948 63.76312403766 0.15378116173 
0.357455 63.78215047519 0.15596390081 
0.357961 64.00198903181 0.15784298734 
0.358468 63.75333348129 0.15588148858 
0.358974 63.91505470514 0.22094783262 
0.359481 63.73555425998 0.20303229372 
0.359987 63.95013548355 0.20061820983 
0.360494 63.90548362842 0.18974964309 
0.361000 63.91494168350 0.18981279610 
0.361506 63.99545560208 0.18818094595 
0.362013 63.65470597065 0.18440278560 
0.362519 63.87009227756 0.18357113380 
0.363026 64.04774718838 0.18424296343 
0.363532 64.13864416705 0.18886049023 
0.364039 63.66858748090 0.18611030457 
0.364545 63.75401232981 0.18282988660 
0.365052 64.10085756760 0.18488612239 
0.365558 63.72277138861 0.18364113364 
0.366064 63.84506407318 0.18245709425 
0.366571 63.61981396653 0.18530775905 
0.367077 63.65418236595 0.18441366455 
0.367584 63.62840457010 0.18432735665 
0.368090 63.83934472937 0.18111459803 
0.368597 64.04924893949 0.18945057459 
0.369103 63.66397026810 0.18778727566 
0.369610 63.31910959260 0.18814445124 
0.370116 63.53173220804 0.18749481541 
0.370622 63.48297485858 0.18753649591 
0.371129 63.36465374944 0.19433713987 
0.371635 63.72608418305 0.18959863640 
0.372142 63.38421855003 0.19324364804 
0.372648 63.66857701527 0.19446779881 
0.373155 63.67928527023 0.19870663190 
0.373661 63.69378369780 0.19738357398 
0.374167 63.65155712765 0.19561234956 
0.374674 63.40999010146 0.19600484505 
0.375180 63.21784354500 0.19456425207 
0.375687 63.63856344699 0.19856679617 
0.376193 63.35364810902 0.19999322900 
0.376700 63.13440937865 0.20378204080 
0.377206 63.67595205486 0.20060438702 
0.377712 63.33379844581 0.19900723698 
0.378219 63.50322282806 0.20618446520 
0.378725 63.30327619769 0.20120717626 
0.379232 63.39167257815 0.21082398496 
0.379738 63.49288695805 0.20677964438 
0.380245 63.16259796993 0.20435903544 
0.380751 63.44228609461 0.20764275763 
0.381257 62.93637259302 0.20668772652 
0.381764 63.08256291254 0.21007693823 
0.382270 62.72561892172 0.20669977195 
0.382777 63.03022385798 0.20805537027 
0.383283 63.21888007354 0.20688882209 
0.383789 63.25482384567 0.21205461245 
0.384296 62.77217033707 0.21083017498 
0.384802 62.99058802572 0.21340079129 
0.385309 63.13010540375 0.21090998078 
0.385815 62.65059263504 0.20996257563 
0.386321 63.06053719526 0.21038422269 
0.386828 62.69264333598 0.21731942133 
0.387334 63.03752546391 0.21216816730 
0.387841 62.76130068202 0.21595804558 
0.388347 62.82349102718 0.20976354559 
0.388853 62.93420135892 0.21575781129 
0.389360 62.66314230539 0.21951838561 
0.389866 62.86871289934 0.21459286132 
0.390373 63.04693071202 0.21544263680 
0.390879 62.96934384586 0.21600607672 
0.391385 62.85338332274 0.21961405498 
0.391892 62.49239510795 0.22263092261 
0.392398 62.93626045655 0.22062033162 
0.392905 62.62339425483 0.22562689441 
0.393411 62.74138577422 0.22081557249 
0.393917 62.82566876852 0.22252114783 
0.394424 62.78793123722 0.22371917433 
0.394930 63.31147067920 0.22491278537 
0.395437 63.01518020641 0.23248612734 
0.395943 62.53197615734 0.23048853433 
0.396449 62.67619790708 0.31478098641 
0.396956 62.97382290103 0.22771553366 
0.397462 62.42398492813 0.23217072941 
0.397969 62.84941901073 0.23106836828 
0.398475 62.55165674962 0.23542359625 
0.398981 62.38611933380 0.23272880867 
0.399488 62.52229578676 0.23555371657 
0.399994 62.47448057200 0.24439899239 
0.400500 62.22445864338 0.24408058391 
0.401007 62.48643069214 0.23237013805 
0.401513 62.23379616986 0.24561822948 
0.402020 62.26092536071 0.24797180482 
0.402526 62.23954156051 0.25030248490 
0.403032 62.31414900241 0.24530780820 
0.403539 62.14097047597 0.25477583789 
0.404045 63.12333380044 0.24978764699 
0.404551 62.57068809351 0.26027345529 
0.405058 61.97488073108 0.26572330624 
0.405564 62.22745126161 0.26534796949 
0.406071 62.45556109290 0.25482634855 
0.406577 62.79780313686 0.25709115552 
0.407083 62.16160769174 0.26053249523 
0.407590 62.08246204904 0.26438326875 
0.408096 62.27894533907 0.27681297574 
0.408602 61.99085231151 0.27432278672 
0.409109 62.16488602570 0.26464371497 
0.409615 62.63291266511 0.27504830101 
0.410121 62.43635445504 0.26508979640 
0.410628 61.71141261526 0.26961417514 
0.411134 61.82762135220 0.26454355858 
0.411641 62.28005967202 0.27537284583 
0.412147 62.04122706308 0.26456123494 
0.412653 62.04809705084 0.26590737264 
0.413160 62.18382541910 0.26671480436 
0.413666 62.15512303994 0.26480210228 
0.414172 62.06073567470 0.28949368484 
0.414679 61.95917206044 0.26235208858 
0.415185 62.17253136624 0.28618798839 
0.415691 62.18076392314 0.26537957920 
0.416198 62.25742294222 0.27509237430 
0.416704 62.27465957219 0.28146477595 
0.417210 61.87288158617 0.28151843577 
0.417717 62.13829959752 0.29671621091 
0.418223 61.92437599650 0.27528805050 
0.418729 61.89407639686 0.28359100035 
0.419236 62.29565571871 0.28836019169 
0.419742 61.63201853782 0.28013033693 
0.420248 62.13098804112 0.27074261379 
0.420755 61.38640838244 0.26788280492 
0.421261 61.72323259316 0.28349768038 
0.421767 62.13764168075 0.27711399172 
0.422274 61.60623385946 0.28517613246 
0.422780 62.04114784435 0.28202842300 
0.423286 61.69590221635 0.29054226132 
0.423793 61.77139404147 0.28053131403 
0.424299 61.87509856699 0.28629453296 
0.424805 61.73971401877 0.27850513572 
0.425312 61.72752735501 0.29790939703 
0.425818 61.73682055017 0.28623963921 
0.426324 61.87312830628 0.30877171472 
0.426831 62.36966574904 0.29576048114 
0.427337 61.01427455475 0.31097626395 
0.427843 61.92998406184 0.29624479431 
0.428350 61.91632795614 0.29206373748 
0.428856 61.44481364553 0.29732860094 
0.429362 61.83045208992 0.30049326270 
0.429869 61.23059216376 0.31271599080 
0.430375 62.08251984954 0.30832866852 
0.430881 61.47252839377 0.31741333027 
0.431388 61.38994940256 0.32349609795 
0.431894 62.04466726736 0.31675675527 
0.432400 61.92256674827 0.32285760546 
0.432907 61.66242867771 0.32903379718 
0.433413 61.51397752899 0.33943255978 
0.433919 61.40022883511 0.34143321306 
0.434425 61.38731773409 0.34164799789 
0.434932 61.29628977177 0.34257557181 
0.435438 61.46422794075 0.36343630097 
0.435944 61.17380487532 0.33406189628 
0.436451 61.63592443352 0.33955323629 
0.436957 61.36303442710 0.35749730131 
0.437463 61.58764728885 0.35877304739 
0.437970 61.19813073680 0.34908058808 
0.438476 61.23815407436 0.35464902164 
0.438982 61.45765748642 0.36463703260 
0.439489 60.99949836410 0.38108162553 
0.439995 61.19505660687 0.36630533988 
0.440501 61.29591640475 0.36949214732 
0.441007 60.68468213562 0.37529960260 
0.441514 61.30973950113 0.37876694659 
0.442020 61.06036802388 0.38972656034 
0.442526 61.46436843263 0.38813227165 
0.443033 61.10002646024 0.39436448106 
0.443539 61.14961583744 0.40417011456 
0.444045 61.23834213867 0.39979949926 
0.444551 61.38981897554 0.40187769884 
0.445058 60.98593562082 0.42479853863 
0.445564 60.66392406340 0.42219753854 
0.446070 60.73236484732 0.42821328598 
0.446577 61.51701179220 0.44357817494 
0.447083 61.14298043973 0.47316657457 
0.447589 60.59726407020 0.45136254347 
0.448095 60.75163737871 0.44870481934 
0.448602 61.00579191684 0.46525866574 
0.449108 60.11547884117 0.46342794526 
0.449614 59.69397970415 0.45127609906 
0.450121 60.65805510810 0.50388503569 
0.450627 60.60227968749 0.52820707577 
0.451133 60.47748969623 0.49832878171 
0.451639 61.12857214187 0.50818130685 
0.452146 60.83249924544 0.54332959880 
0.452652 60.29498153857 0.52188665794 
0.453158 58.95171444657 0.53889444249 
0.453664 59.76868674232 0.62443986822 
0.454171 60.68480456573 0.59657544547 
0.454677 60.56738379596 0.59623821682 
0.455183 59.82435209371 0.61051432245 
0.455689 60.44635919781 0.64388631779 
0.456196 60.89229541805 0.64839586152 
0.456702 60.03474772477 0.63346351391 
0.457208 59.66570551351 0.66740573702 
0.457714 60.71784449682 0.75996899183 
0.458221 59.88503953183 0.75320374389 
0.458727 59.60406668817 0.78336142274 
0.459233 60.27131020451 0.81307745049 
0.459740 60.14784670228 0.84510271690 
0.460246 59.60398651523 0.87151158357 
0.460752 59.54568267321 0.98407936744 
0.461258 60.36620958023 0.97017889341 
0.461765 59.64917690946 1.09758370985 
0.462271 60.94935626918 1.05591972593 
0.462777 60.87251117498 1.16317787521 
0.463283 60.23121527995 1.23929805322 
0.463789 62.46829915769 1.43447321735 
0.464296 60.39805285744 1.38945922950 
0.464802 60.67422431420 1.32448044343 
0.465308 59.36708394405 1.50187755723 
0.465814 59.20589470322 1.60704409055 
0.466321 60.16127006433 1.70794794122 
0.466827 60.26048723545 1.85811357998 
0.467333 61.58291263616 2.06591534015 
0.467839 59.81610806895 1.89547902254 
0.468346 57.10079941762 2.23848631214 
0.468852 60.01606691085 2.62339219429 
0.469358 61.60393625435 3.04127499809 
0.469864 61.16948153250 3.00085339137 
0.470371 59.86810568632 3.90695185638 
0.470877 56.98678364874 4.37824475958 
0.471383 58.24799955319 5.49033373035 
0.471889 59.18256274071 7.58350496805 
0.472395 52.89820813013 5.66840361288 
0.472902 48.16943630779 11.62668417591 
