0.010896 1350.34537219762 13.13351334715 
0.011402 1195.47298486714 11.53314976101 
0.011909 1074.02051546959 10.69771906457 
0.012416 982.49835532929 8.40992290100 
0.012923 886.49893122179 7.64194618875 
0.013430 821.89894337416 10.27317424063 
0.013936 786.15629810638 9.01230142274 
0.014443 735.92765793055 7.60519488362 
0.014950 680.05656933106 6.38233695726 
0.015457 623.68395963962 5.18494879432 
0.015963 580.11372867955 4.93973597021 
0.016470 538.67190830709 4.08761161671 
0.016977 507.89910330012 3.81231483493 
0.017484 477.67301385675 3.15634932775 
0.017990 446.02202805277 3.10777595255 
0.018497 422.53711998122 2.60623637086 
0.019004 399.39520907982 2.41900160560 
0.019511 379.66443206446 2.43435627968 
0.020018 362.51096228874 2.30388332161 
0.020524 344.80157630842 1.85787740875 
0.021031 328.11399322495 1.94903206625 
0.021538 315.51076464236 1.72616612858 
0.022045 299.76545812333 1.75045637674 
0.022551 290.18134074175 1.59269195988 
0.023058 280.14596051490 1.52025275443 
0.023565 268.63011022694 1.58380073940 
0.024072 260.00517500206 1.65663887169 
0.024579 252.90856210011 1.72767396336 
0.025085 242.98545089791 2.13053170734 
0.025592 237.32522164182 2.12105528046 
0.026099 227.87551680917 2.15354533619 
0.026606 223.11656405492 1.61362257073 
0.027112 218.22438282032 1.79771391406 
0.027619 212.91191413875 1.60939191485 
0.028126 206.61038529500 1.53398321798 
0.028633 202.57428756201 1.34616889941 
0.029139 197.95024099541 1.19783750816 
0.029646 193.35751612869 1.17732184058 
0.030153 190.13102612221 1.16475253226 
0.030660 186.75369406594 0.99874087970 
0.031167 182.70624033516 0.97580625778 
0.031673 179.95317369825 0.90613848586 
0.032180 176.05150258569 0.88111089823 
0.032687 172.89160488405 0.87360371640 
0.033194 170.56439116569 0.80961541410 
0.033700 167.55744415409 0.77661028859 
0.034207 164.80959833588 0.75970873497 
0.034714 162.66894182953 0.72436758592 
0.035221 160.66720846807 0.69344422458 
0.035727 157.93494556207 0.67408412654 
0.036234 156.35807210937 0.66877152395 
0.036741 153.91290874103 0.68124497531 
0.037248 152.90778578401 0.65871092700 
0.037755 151.47365429517 0.58129131620 
0.038261 149.10984558433 0.59542070203 
0.038768 147.63197881330 0.60900468340 
0.039275 145.97228398938 0.61603733203 
0.039782 143.83688409196 0.57951116587 
0.040288 143.05940526414 0.56366556280 
0.040795 140.90962919519 0.56281108600 
0.041302 139.92374661019 0.56117243777 
0.041809 137.90279474824 0.53164160036 
0.042315 137.17912847813 0.57490755307 
0.042822 137.00290600460 0.55214886692 
0.043329 134.79779390191 0.54471784862 
0.043836 133.29725679354 0.50428560072 
0.044343 133.39073394738 0.52812182990 
0.044849 131.26275495594 0.51624892921 
0.045356 130.31275537501 0.49916309882 
0.045863 130.36679425575 0.52607949344 
0.046370 128.90337713502 0.49421425559 
0.046876 126.93979811593 0.49352260422 
0.047383 126.70463910796 0.49698505630 
0.047890 125.93720527963 0.47997050747 
0.048397 125.81055371980 0.49779563408 
0.048903 125.28855732289 0.46723738418 
0.049410 124.25784394998 0.47363687715 
0.049917 122.73554886786 0.46497067349 
0.050424 121.27538958509 0.46107375706 
0.050931 121.61714732079 0.47113335367 
0.051437 121.19551680754 0.45679072838 
0.051944 119.42637037365 0.45116952161 
0.052451 119.58817217087 0.45096272338 
0.052958 119.28196664354 0.43365881086 
0.053464 117.68369325000 0.44624660079 
0.053971 117.43537321203 0.43730255997 
0.054478 117.13407919491 0.44410254575 
0.054985 116.23272897252 0.43471325406 
0.055491 116.06275861507 0.44418613755 
0.055998 115.05765878279 0.42712001116 
0.056505 113.70793498085 0.43910424932 
0.057012 114.05920584188 0.44025944106 
0.057519 113.46483659474 0.42353548409 
0.058025 112.30625879900 0.42624551558 
0.058532 111.64069894206 0.41499863454 
0.059039 110.88627849705 0.42373276414 
0.059546 110.64253599202 0.41207331533 
0.060052 109.90914577511 0.41133828542 
0.060559 110.24768365327 0.41137564064 
0.061066 109.75019895444 0.39487030266 
0.061573 109.21858724461 0.39490734543 
0.062079 108.26944028607 0.39873770080 
0.062586 108.25654557767 0.40737873721 
0.063093 108.05295144438 0.39681875441 
0.063600 107.18710063235 0.38567228894 
0.064106 106.87224735810 0.37695352876 
0.064613 106.32055067994 0.38504870738 
0.065120 106.21790450706 0.39370855191 
0.065627 105.13937216640 0.37918065361 
0.066134 104.78163906319 0.37296736933 
0.066640 104.67761941266 0.37655450052 
0.067147 104.57537297141 0.36977038927 
0.067654 104.22724502896 0.38219625971 
0.068161 103.75317795687 0.36475964037 
0.068667 103.48542420871 0.36337893187 
0.069174 103.06321350550 0.37414404697 
0.069681 102.35932066018 0.35912558292 
0.070188 102.75437783069 0.35754594123 
0.070694 101.70102419621 0.36433322751 
0.071201 101.81505888999 0.35498666235 
0.071708 101.43131181076 0.36409902444 
0.072215 101.01482274265 0.35936407618 
0.072721 101.29688779396 0.35183663081 
0.073228 100.42518793524 0.35588650523 
0.073735 100.27907731279 0.33955037469 
0.074242 100.56675114142 0.34052729093 
0.074748 99.79005510473 0.33516264749 
0.075255 99.34542601102 0.33723600371 
0.075762 98.76541515649 0.34441403828 
0.076269 99.02486994492 0.33333960141 
0.076776 98.37562589392 0.33197731471 
0.077282 98.31099438404 0.32889708750 
0.077789 98.16510445577 0.32175305722 
0.078296 98.25041055967 0.33184916711 
0.078803 97.45689164729 0.31585643169 
0.079309 97.86916511004 0.32533284328 
0.079816 98.10702581966 0.33626917074 
0.080323 97.50275450597 0.33422555447 
0.080830 97.47695803935 0.34435258407 
0.081336 97.43352363345 0.33519121090 
0.081843 96.95778244772 0.32377769055 
0.082350 96.39938003523 0.32499206092 
0.082857 95.93522274728 0.32245690559 
0.083363 96.52262011701 0.33414830552 
0.083870 96.39245761631 0.33479563207 
0.084377 96.23100891592 0.33258293071 
0.084884 96.03631663921 0.33393238855 
0.085390 95.39366153143 0.33190873621 
0.085897 95.31453794192 0.33890329883 
0.086404 95.33950233140 0.33260517628 
0.086911 94.97559054941 0.32572016517 
0.087417 95.52405457850 0.33186755640 
0.087924 94.80213208555 0.32925236759 
0.088431 95.16467151619 0.32838741633 
0.088938 94.86643638903 0.32966802158 
0.089444 94.50635448381 0.33084959947 
0.089951 94.20682661267 0.33113275792 
0.090458 95.03147402530 0.32674360522 
0.090965 93.76995458329 0.33704740590 
0.091471 93.83257190327 0.32174858541 
0.091978 94.40011551863 0.32852271375 
0.092485 92.86335037542 0.35578679396 
0.092992 93.00519356008 0.34131335015 
0.093498 93.53075715718 0.34061165193 
0.094005 92.91220726004 0.33500960135 
0.094512 92.78150623399 0.32670253095 
0.095019 92.86700797598 0.33508468935 
0.095525 92.70160145836 0.32376814915 
0.096032 92.21576756297 0.32815819584 
0.096539 91.87961600439 0.33118037831 
0.097046 92.13101293997 0.32757110940 
0.097552 92.29227327632 0.33428608155 
0.098059 92.62991238525 0.32653764709 
0.098566 91.62544963271 0.31474837642 
0.099073 92.34755464680 0.32142808451 
0.099579 92.11604498797 0.31526272980 
0.100086 91.76998299372 0.32713335514 
0.100593 91.98520808451 0.31781565626 
0.101100 91.24282504054 0.31378345571 
0.101606 90.62038623964 0.31316444313 
0.102113 89.93199998729 0.30944209321 
0.102620 89.52648854314 0.30493358269 
0.103127 89.46699973842 0.30161467224 
0.103633 88.97840093372 0.29223455549 
0.104140 89.28613669698 0.29713297629 
0.104647 88.61402941130 0.29476393538 
0.105154 88.73031472124 0.31336793275 
0.105660 88.49657968964 0.29378393764 
0.106167 88.07979168887 0.29602103375 
0.106674 88.54606967453 0.30869137111 
0.107181 88.39482518937 0.30455465157 
0.107687 87.81255393608 0.30595820678 
0.108194 87.92319170458 0.29044886676 
0.108701 87.86818171207 0.29113149655 
0.109208 87.95815470239 0.29431689941 
0.109714 87.87479032990 0.28805789202 
0.110221 87.38181370066 0.28559511311 
0.110728 87.11170439248 0.27801975832 
0.111235 87.60447138044 0.28013927056 
0.111741 87.18507222669 0.27801306549 
0.112248 87.10782188350 0.29421552087 
0.112755 86.83509928570 0.28230378817 
0.113262 86.72354289383 0.28899950219 
0.113768 87.19998324726 0.27535595208 
0.114275 86.68688093649 0.27174798009 
0.114782 86.47984768561 0.28176606548 
0.115289 86.71168532957 0.27975937130 
0.115795 86.98782171319 0.27397910200 
0.116302 86.66578389378 0.27009896495 
0.116809 86.29075942391 0.26740922582 
0.117316 86.59383934825 0.27927997114 
0.117822 86.35533196194 0.27721192416 
0.118329 86.08778499242 0.27348694466 
0.118836 86.19625490364 0.27118648577 
0.119342 86.03717333943 0.26927846467 
0.119849 85.87337100040 0.27256540050 
0.120356 86.00204819435 0.26393262916 
0.120863 85.71776321932 0.26780187502 
0.121369 85.58919465588 0.25895927998 
0.121876 85.42792909697 0.26637941655 
0.122383 85.57605326141 0.26173990063 
0.122890 85.16616246828 0.26350477581 
0.123396 85.44710936794 0.26121253308 
0.123903 85.49044349293 0.26569696937 
0.124410 85.16693761632 0.26389334190 
0.124917 84.99229434861 0.25989784968 
0.125423 84.74813054413 0.24940570227 
0.125930 84.38167284586 0.25883836848 
0.126437 85.06057486335 0.26586043392 
0.126944 84.68022189448 0.25970458298 
0.127450 84.72908496175 0.24963354883 
0.127957 84.79401280508 0.25794137688 
0.128464 84.56878135473 0.25429959774 
0.128970 84.78396501304 0.26332903367 
0.129477 84.32677407954 0.25038176301 
0.129984 84.63360632176 0.25550678842 
0.130491 84.28666593090 0.25063727235 
0.130997 84.49645188856 0.24803012100 
0.131504 83.71594786180 0.24870775461 
0.132011 84.41778137592 0.25229068930 
0.132518 83.69905099927 0.25154341993 
0.133024 83.89741072719 0.24503086897 
0.133531 83.95686282262 0.25029529983 
0.134038 83.99519536822 0.24252535673 
0.134545 83.89240755928 0.24515152144 
0.135051 83.46100876910 0.24487822659 
0.135558 83.54784427654 0.24674939558 
0.136065 83.64873237256 0.24574364294 
0.136571 83.72533161931 0.24588546299 
0.137078 83.24431978099 0.25003818569 
0.137585 83.21012693875 0.24556130198 
0.138092 82.94237734290 0.24695524385 
0.138598 83.37267071575 0.24699094068 
0.139105 82.98948352689 0.24150110451 
0.139612 83.27851860731 0.23785849886 
0.140119 83.01753462143 0.24116181858 
0.140625 82.88574257764 0.23966122365 
0.141132 82.80384521356 0.23631997301 
0.141639 82.34844170234 0.24481812721 
0.142145 82.51970115477 0.24061241325 
0.142652 82.35241398914 0.24254297325 
0.143159 82.52461505479 0.23750454038 
0.143666 82.37066219649 0.24872539660 
0.144172 82.25013866303 0.24343398446 
0.144679 82.05569839140 0.23902173724 
0.145186 82.13046670805 0.24607002184 
0.145692 81.95068595156 0.24302151620 
0.146199 82.09338276945 0.24077869020 
0.146706 82.07492530809 0.24342405931 
0.147213 81.61653070990 0.24514385108 
0.147719 81.70437204632 0.23824098931 
0.148226 81.78289252586 0.23781384321 
0.148733 81.36081698262 0.24754827374 
0.149240 81.36763929903 0.24281516833 
0.149746 81.48111680911 0.24137432718 
0.150253 81.14260047746 0.23192875674 
0.150760 81.38009981858 0.23632643701 
0.151266 81.02539956005 0.24173163510 
0.151773 81.01813149482 0.24105420491 
0.152280 81.00540374409 0.23756734824 
0.152787 80.76685957376 0.24100831279 
0.153293 80.65055395206 0.24570630406 
0.153800 80.97263282605 0.24090324819 
0.154307 80.50382981472 0.24153305379 
0.154813 80.55874037030 0.24190568208 
0.155320 80.48545002186 0.23987995586 
0.155827 80.45885771755 0.23896933535 
0.156334 80.55476221794 0.24444323250 
0.156840 80.24845712394 0.23931522895 
0.157347 80.01712966541 0.24415377294 
0.157854 80.23198733940 0.23823327320 
0.158360 80.02031393573 0.23446524695 
0.158867 80.40017940427 0.23589257078 
0.159374 79.86604647450 0.23229464743 
0.159881 80.40658991493 0.23083628215 
0.160387 79.89029308336 0.23413394234 
0.160894 79.71822663408 0.23522246475 
0.161401 79.76264294791 0.23876731987 
0.161907 79.81415947814 0.23478446644 
0.162414 79.27111604693 0.23727486569 
0.162921 79.15276471023 0.23436875192 
0.163427 79.57567623194 0.23433320150 
0.163934 79.38915438649 0.22818390391 
0.164441 79.47267973349 0.23224294409 
0.164948 79.15857502683 0.22598277630 
0.165454 79.18382341417 0.23504072598 
0.165961 78.82257450857 0.22844481149 
0.166468 79.12221235241 0.22896133236 
0.166974 79.28719295132 0.22565314759 
0.167481 78.76012996969 0.23166128637 
0.167988 78.99761513987 0.23174580846 
0.168495 78.78335396506 0.23243931117 
0.169001 79.26780143575 0.23199452595 
0.169508 79.11440712834 0.23273354739 
0.170015 78.95981617629 0.22837004726 
0.170521 78.92630569028 0.23422161328 
0.171028 78.96770667941 0.23694349281 
0.171535 78.86076078967 0.23439314938 
0.172041 79.18544340580 0.23399432570 
0.172548 79.01223378294 0.23705959084 
0.173055 78.71091371683 0.23297568929 
0.173562 78.92990914447 0.23704268456 
0.174068 78.90783474405 0.23886817809 
0.174575 79.10582452240 0.23819335739 
0.175082 79.03583241432 0.23688880157 
0.175588 78.83556764864 0.23765261278 
0.176095 78.67787792485 0.23913676112 
0.176602 78.68672243094 0.23903894143 
0.177108 78.69267835131 0.23847101022 
0.177615 78.37443591745 0.23545880371 
0.178122 78.45845786246 0.23369478273 
0.178629 78.42058166897 0.23579145901 
0.179135 78.91689529486 0.23467599676 
0.179642 78.66391989876 0.23726292407 
0.180149 78.51753188658 0.23631961755 
0.180655 78.23550723572 0.23636489219 
0.181162 78.81713623719 0.24170925987 
0.181669 79.05177456009 0.24190438179 
0.182175 78.86657716868 0.24596264234 
0.182682 79.10158993826 0.24823033747 
0.183189 78.60649243134 0.24195014864 
0.183695 78.68042791446 0.23951310462 
0.184202 78.30570351605 0.24726095882 
0.184709 78.54889798841 0.24262021598 
0.185216 77.93152352320 0.24178555237 
0.185722 77.97594011735 0.24438674322 
0.186229 78.00366461600 0.24814198585 
0.186736 77.69157210693 0.24541625111 
0.187242 78.40030533349 0.24177049577 
0.187749 78.05239452612 0.23667064531 
0.188256 77.71830077933 0.24305181303 
0.188762 77.58806595217 0.24047406453 
0.189269 77.80992753483 0.24778084058 
0.189776 77.82528367575 0.24756569675 
0.190282 77.51458959022 0.24845804500 
0.190789 77.34011440948 0.23969123503 
0.191296 77.29368848556 0.24400357258 
0.191802 77.22238115767 0.24187863638 
0.192309 76.67992008878 0.23704595677 
0.192816 76.45681572457 0.24426772344 
0.193323 76.69425058335 0.23370090702 
0.193829 76.97634866210 0.23537150941 
0.194336 76.53676187979 0.23983738898 
0.194843 76.51679517532 0.22963815799 
0.195349 76.87186347174 0.23338064009 
0.195856 76.33020430626 0.23842595715 
0.196363 76.15636738605 0.23251398780 
0.196869 76.06038987693 0.23205875011 
0.197376 76.17933265094 0.22565199052 
0.197883 76.12821672416 0.22991632731 
0.198389 76.01732790860 0.22156174929 
0.198896 75.85028515037 0.22513203359 
0.199403 75.75088650766 0.22614326096 
0.199909 75.95943648729 0.22853230885 
0.200416 75.77406961475 0.22343424909 
0.200923 75.86390755017 0.22892600773 
0.201429 76.13713043543 0.22264994923 
0.201936 75.59989036317 0.21715892589 
0.202443 75.59653255019 0.22212132669 
0.202949 75.44019582355 0.22327551515 
0.203456 75.37691171492 0.22319404989 
0.203963 75.28650473982 0.21846024177 
0.204469 75.54106246285 0.22050870584 
0.204976 75.36082456012 0.21743423281 
0.205483 75.53879046947 0.21720695283 
0.205989 75.62489199481 0.21779802563 
0.206496 75.04245904520 0.21573003365 
0.207003 75.48247551783 0.21111700966 
0.207509 75.11090433981 0.21454350523 
0.208016 75.43357591837 0.21242646874 
0.208523 75.11805422787 0.21327281359 
0.209029 75.10759662106 0.21380839276 
0.209536 75.07095140771 0.21224595009 
0.210043 75.01213406942 0.21451699319 
0.210549 74.85443224921 0.20993397550 
0.211056 74.81829128084 0.21102352502 
0.211563 74.89877240416 0.21268320132 
0.212069 74.92424667812 0.21055814387 
0.212576 74.75569760777 0.21123938131 
0.213083 75.01141459468 0.20944017740 
0.213589 75.24184566209 0.21230134916 
0.214096 74.87036352162 0.20333653562 
0.214603 74.81922578348 0.20807819832 
0.215109 74.64970135450 0.20947473664 
0.215616 74.95901819565 0.20612876053 
0.216123 74.50798912655 0.20868882882 
0.216629 74.62548867230 0.20856958952 
0.217136 74.33811164354 0.20437378249 
0.217643 73.96899363709 0.20685377204 
0.218149 74.16177206949 0.20868366836 
0.218656 74.48842295706 0.20675740256 
0.219163 73.91253236938 0.20618526607 
0.219669 74.02667003939 0.20708143283 
0.220176 74.09505138454 0.20376024218 
0.220683 73.90876931365 0.20834515358 
0.221189 74.01858580424 0.20353620148 
0.221696 73.83024270591 0.20078675905 
0.222203 73.84040641831 0.20315554492 
0.222709 73.74712536641 0.20280040962 
0.223216 73.80908476361 0.20248924510 
0.223722 73.60880448096 0.20476534418 
0.224229 73.71558646582 0.20300099139 
0.224736 73.76666892445 0.20705224886 
0.225242 73.42022896446 0.20231728703 
0.225749 73.69295219026 0.20469291615 
0.226256 73.78413114334 0.20293690313 
0.226762 73.52183286915 0.19899613654 
0.227269 73.50486591411 0.20240006096 
0.227776 73.36519120928 0.19806233876 
0.228282 73.09471565795 0.20229532161 
0.228789 73.11950330944 0.20004537361 
0.229296 73.33984898487 0.20350970725 
0.229802 73.43740272205 0.20230182564 
0.230309 73.30269101536 0.19959591920 
0.230816 73.23968093343 0.19888622705 
0.231322 72.96724437285 0.20411965101 
0.231829 72.85185762145 0.19868040556 
0.232335 72.87844865516 0.19738968000 
0.232842 73.06071061813 0.20207995644 
0.233349 72.67389851925 0.19654930761 
0.233855 72.60236327460 0.19716463886 
0.234362 72.72122131925 0.19828423161 
0.234869 72.66274889825 0.19854812011 
0.235375 72.61039549216 0.19686213402 
0.235882 72.62257329863 0.20058145864 
0.236389 72.37495017551 0.20185740643 
0.236895 72.66055615584 0.19983560516 
0.237402 72.41607739644 0.20114534017 
0.237908 72.51203012477 0.19839234726 
0.238415 72.42068942790 0.20185936354 
0.238922 72.38038730280 0.19883084899 
0.239428 72.41085995169 0.19694513260 
0.239935 72.05912356520 0.20005306026 
0.240442 72.16368738039 0.19604710982 
0.240948 71.89971119569 0.20364943481 
0.241455 71.89658423192 0.19878926845 
0.241962 72.01389339848 0.19840863273 
0.242468 71.90057854641 0.19900967087 
0.242975 72.15563130404 0.19796367957 
0.243481 72.01837542337 0.19929960698 
0.243988 71.88396908060 0.19980305081 
0.244495 71.57612422741 0.19690366181 
0.245001 71.50719366936 0.19767083657 
0.245508 71.74142081151 0.19776395629 
0.246015 71.49948763111 0.19604914230 
0.246521 71.79275464583 0.19975454286 
0.247028 71.53860108461 0.20090962711 
0.247534 71.37167179054 0.19597647448 
0.248041 71.29389499779 0.19593927388 
0.248548 71.31861204557 0.19516724204 
0.249054 71.65548404332 0.19736841073 
0.249561 71.30691288179 0.19605014573 
0.250068 71.15048669875 0.19502406514 
0.250574 71.35098441915 0.19728936942 
0.251081 71.26051003612 0.19655430275 
0.251587 70.97604724515 0.19768007993 
0.252094 71.26407836984 0.19729047409 
0.252601 71.18152378998 0.19381696540 
0.253107 71.22588532744 0.19718727342 
0.253614 71.09484596623 0.19764133434 
0.254120 71.01681213855 0.19800779238 
0.254627 70.92411663642 0.19626519171 
0.255134 70.82878614432 0.19385813821 
0.255640 71.13004726011 0.19797767589 
0.256147 71.02353178284 0.19799124879 
0.256654 71.06269623801 0.19778630049 
0.257160 71.25105244812 0.19587949922 
0.257667 71.22182458742 0.19765728150 
0.258173 71.43864003789 0.19823538340 
0.258680 71.34837736442 0.19848400432 
0.259187 71.44067679216 0.18977458559 
0.259693 71.37296009506 0.19205374752 
0.260200 71.34616038561 0.19270844950 
0.260706 71.64974134468 0.19628253875 
0.261213 71.84559615266 0.19505875906 
0.261720 71.78683320480 0.19893275414 
0.262226 71.74750243308 0.19758756740 
0.262733 71.59645167097 0.19298132326 
0.263239 71.27888051021 0.19488762115 
0.263746 71.73535109266 0.19458119990 
0.264253 71.75703038373 0.19114092669 
0.264759 71.45328371490 0.19261701531 
0.265266 71.29640505251 0.19279551910 
0.265772 71.71645847735 0.19124622402 
0.266279 71.73944975795 0.19336978227 
0.266786 71.61681969461 0.19290853981 
0.267292 71.61521446540 0.19361479083 
0.267799 71.61486922298 0.19254241431 
0.268305 71.53564857638 0.18755216112 
0.268812 71.83196059015 0.19028996101 
0.269319 71.84875619421 0.18967713756 
0.269825 71.58892647224 0.18671617803 
0.270332 71.83540083859 0.19288947817 
0.270838 71.95545209342 0.19273477425 
0.271345 72.02149019524 0.19382558871 
0.271852 72.07620399024 0.18948705621 
0.272358 72.01424428476 0.19179686301 
0.272865 72.29990926298 0.18899593018 
0.273371 72.50146690979 0.19329150492 
0.273878 72.39877627926 0.19619369739 
0.274385 72.66302081309 0.19170535970 
0.274891 72.45029823114 0.18958701291 
0.275398 72.39255165921 0.18444887010 
0.275904 72.24044161877 0.18132559543 
0.276411 72.29777161958 0.18787633992 
0.276917 72.51531759941 0.18305793381 
0.277424 72.27902204970 0.18727614502 
0.277931 72.25614729994 0.18316699343 
0.278437 72.45509294630 0.17988831297 
0.278944 72.03829449460 0.17966917895 
0.279450 72.02187289176 0.18495441248 
0.279957 72.14320243473 0.18225176396 
0.280464 72.04828071440 0.18306815469 
0.280970 71.94210396755 0.18313171113 
0.281477 72.33925782727 0.18470241735 
0.281983 71.98779006784 0.18019927984 
0.282490 71.73062926313 0.18403143369 
0.282996 72.06772574670 0.18434398298 
0.283503 71.97471396254 0.18114384562 
0.284010 72.18689769910 0.17703181177 
0.284516 71.84931241450 0.17902964644 
0.285023 71.81847309201 0.17424485481 
0.285529 71.62171920699 0.17623075954 
0.286036 71.46382443596 0.17516239238 
0.286542 71.67892854086 0.17166285773 
0.287049 71.84899525481 0.17403330377 
0.287556 71.46656054280 0.17505861662 
0.288062 71.64311781735 0.17331045170 
0.288569 71.53433355747 0.17132566289 
0.289075 71.33458774885 0.16939773793 
0.289582 71.40617123609 0.17194333350 
0.290088 71.41542461025 0.16881733601 
0.290595 71.41630692695 0.16973933302 
0.291102 71.29236080297 0.17047315438 
0.291608 71.01823415061 0.16950467710 
0.292115 71.20646692347 0.16707320182 
0.292621 71.38286969742 0.17064318650 
0.293128 70.91564904235 0.16761254920 
0.293634 71.16689993558 0.16398851013 
0.294141 71.15508196848 0.16430466644 
0.294647 71.04119298081 0.16599093166 
0.295154 71.07998891682 0.16450309828 
0.295661 70.94417771896 0.16477307035 
0.296167 70.77141715861 0.16290670867 
0.296674 70.91538300859 0.16677536933 
0.297180 70.73391686482 0.16389239260 
0.297687 70.70079010352 0.16487110718 
0.298193 70.86936349193 0.16559492248 
0.298700 70.72397491314 0.16545616691 
0.299207 70.54450960891 0.16218394418 
0.299713 70.53771153429 0.16579566233 
0.300220 70.81120892801 0.16139351984 
0.300726 70.61794073806 0.16462888546 
0.301233 70.60477293418 0.16178957078 
0.301739 70.61201163279 0.16570907562 
0.302246 70.31747883154 0.16560192515 
0.302752 70.27088799533 0.16255525539 
0.303259 70.32345322857 0.16105393728 
0.303765 70.16112747401 0.16000328571 
0.304272 70.05186075222 0.15990650956 
0.304779 70.01566131226 0.16209927717 
0.305285 70.37175942572 0.15840415598 
0.305792 70.12867501638 0.15942023268 
0.306298 69.93791742593 0.15984007737 
0.306805 70.10393340269 0.16353816564 
0.307311 69.92606578245 0.16132558434 
0.307818 69.83405238890 0.16072077827 
0.308324 69.85399449067 0.15943495129 
0.308831 69.56664357166 0.15826692875 
0.309337 69.29315100739 0.15616287284 
0.309844 69.59475757879 0.15543339497 
0.310350 69.12998618684 0.15546771377 
0.310857 68.83567318984 0.15333928532 
0.311364 68.65217462818 0.15216714822 
0.311870 68.45133608381 0.14787960008 
0.312377 68.30742700846 0.14893775511 
0.312883 67.98579411568 0.14510498228 
0.313390 68.23465380568 0.14647201272 
0.313896 67.91885201303 0.14790355505 
0.314403 67.81511112946 0.14847129898 
0.314909 67.66386574185 0.14574287744 
0.315416 67.40687700770 0.14734664302 
0.315922 67.60296100879 0.14390995420 
0.316429 67.27845153528 0.14250510446 
0.316935 67.37177473882 0.14176706666 
0.317442 67.36828678472 0.14181583092 
0.317948 67.10388844644 0.14064642713 
0.318455 66.91060062485 0.13871454767 
0.318961 67.10075961025 0.14234385079 
0.319468 66.75996734057 0.14125293641 
0.319975 66.76409688502 0.14350529372 
0.320481 66.83117582055 0.13970462744 
0.320988 66.74912082158 0.14457976084 
0.321494 66.75869705910 0.13789391065 
0.322001 66.66476881868 0.15881828365 
0.322507 66.75818249805 0.14330901952 
0.323014 66.51604258133 0.13782612569 
0.323520 66.81538559391 0.14152766410 
0.324027 66.64219177156 0.14183729245 
0.324533 66.63637306777 0.14316465472 
0.325040 66.38518243273 0.13711241637 
0.325546 66.43550064558 0.14176539158 
0.326053 66.05008131021 0.13586196148 
0.326559 66.14553639128 0.13839218436 
0.327066 66.19115507374 0.13681495769 
0.327572 66.42659488818 0.13990871371 
0.328079 66.05577150503 0.13913168741 
0.328585 66.14785207635 0.13735982018 
0.329092 66.06424477956 0.13792527701 
0.329598 66.10080373237 0.13760600327 
0.330105 65.64424165917 0.13912952780 
0.330611 66.24410895413 0.13894026461 
0.331118 65.84739175193 0.13637723778 
0.331624 66.10116166929 0.13944472846 
0.332131 65.96369336909 0.13898641036 
0.332637 65.85412759327 0.13695959445 
0.333144 65.81352691256 0.13993076360 
0.333650 65.81504285652 0.13838088532 
0.334157 65.84653271056 0.14001950346 
0.334663 65.87489752462 0.13760696866 
0.335170 65.91171251272 0.14062508685 
0.335676 65.64889849759 0.13957268299 
0.336183 65.63027869916 0.14068939931 
0.336689 65.71669339047 0.13898394441 
0.337196 65.64186626451 0.14008034109 
0.337702 65.57406281585 0.13885248142 
0.338209 65.45104649817 0.13826895740 
0.338715 65.48912946539 0.13763436781 
0.339222 65.55559653491 0.14180702418 
0.339728 65.52674279777 0.13930139703 
0.340235 65.60106037870 0.18328840922 
0.340741 65.24270852467 0.13664437184 
0.341248 65.26640545314 0.13866657049 
0.341754 65.33449731317 0.13819959779 
0.342261 65.09564117923 0.13800637287 
0.342767 65.18842823177 0.14058721181 
0.343274 65.29733951647 0.13988573351 
0.343780 65.13944791056 0.13810056927 
0.344287 65.29796178447 0.14043247528 
0.344793 64.97634620390 0.13741117567 
0.345300 65.12783725559 0.14136763084 
0.345806 65.12041084615 0.14187837551 
0.346313 65.08067435334 0.14425297064 
0.346819 65.11038107593 0.14204106539 
0.347325 65.07235840268 0.14211566567 
0.347832 64.95480732382 0.14489952069 
0.348338 64.89048377738 0.14909095480 
0.348845 64.90028311113 0.14707986204 
0.349351 64.85990440267 0.15010644475 
0.349858 64.83294884279 0.14940643685 
0.350364 64.65917070652 0.14673057356 
0.350871 64.55828523879 0.14713934247 
0.351377 64.62022182014 0.14547803845 
0.351884 64.74269280214 0.14629755391 
0.352390 64.50355010299 0.14781366265 
0.352897 64.56855692462 0.14961492782 
0.353403 64.31357510114 0.14683790606 
0.353910 64.35788508700 0.15149656815 
0.354416 64.18987124569 0.15186132969 
0.354923 64.08980060355 0.15166053259 
0.355429 63.81996569001 0.15189704810 
0.355935 63.97739700700 0.14995938087 
0.356442 63.99887265669 0.15167772808 
0.356948 64.38106181151 0.15362025084 
0.357455 63.90665457232 0.15395239690 
0.357961 63.91218342275 0.15739973918 
0.358468 63.72689486741 0.15424493269 
0.358974 64.04777205457 0.22232407836 
0.359481 63.86331907655 0.20508352843 
0.359987 63.83073827661 0.19827101097 
0.360494 63.88182140298 0.19175295174 
0.361000 63.86514746507 0.18859189499 
0.361506 63.90625758143 0.18548903036 
0.362013 64.03253609503 0.18380690327 
0.362519 63.88296764319 0.18478862294 
0.363026 63.59825309705 0.18574537742 
0.363532 63.94393914977 0.19127643068 
0.364039 63.82074544783 0.18300368878 
0.364545 63.69883360789 0.18259108003 
0.365052 63.70526041046 0.18637190646 
0.365558 63.86606360012 0.18280763463 
0.366064 63.86636181770 0.18675266674 
0.366571 63.60422180826 0.18645948874 
0.367077 63.70822021072 0.18796071225 
0.367584 63.53154495469 0.18568694979 
0.368090 63.61792978517 0.18777663168 
0.368597 63.48283123827 0.18844588439 
0.369103 63.94034990988 0.19245093375 
0.369610 63.68177806372 0.18962022777 
0.370116 63.77004560403 0.18709108123 
0.370622 63.88262413637 0.19313053307 
0.371129 63.75517132551 0.19322467007 
0.371635 63.43409256840 0.19008656105 
0.372142 63.64142920055 0.19466056113 
0.372648 63.46315388999 0.19286453398 
0.373155 63.48880493873 0.19959243870 
0.373661 63.36582320459 0.19079103073 
0.374167 63.59640978460 0.19809045657 
0.374674 63.27537489420 0.19756339419 
0.375180 63.38662493971 0.19567613912 
0.375687 63.60121771140 0.19930648727 
0.376193 63.57572826478 0.19928253726 
0.376700 63.34418137145 0.20193745116 
0.377206 63.60188184132 0.20450269765 
0.377712 63.43923478365 0.20443069974 
0.378219 63.26521466219 0.20787032677 
0.378725 63.32021669059 0.20238230334 
0.379232 63.23277657221 0.20718078780 
0.379738 63.33311207698 0.20568947999 
0.380245 63.51084525251 0.20955742232 
0.380751 63.25316433280 0.20331613002 
0.381257 63.70868331227 0.20689649160 
0.381764 63.20972355678 0.20593627220 
0.382270 62.99490755416 0.20511469996 
0.382777 63.13292633293 0.20603243770 
0.383283 63.31128916205 0.20820334582 
0.383789 63.27543867243 0.21279225290 
0.384296 62.77998384015 0.20830203108 
0.384802 63.11093286461 0.21146022679 
0.385309 63.14444308527 0.20886064226 
0.385815 63.06595652723 0.21319644803 
0.386321 62.86757004437 0.21106752315 
0.386828 62.83997940784 0.21698870110 
0.387334 62.93032847913 0.21258722629 
0.387841 63.11378870814 0.21414462598 
0.388347 62.97205781868 0.21403702666 
0.388853 62.72772456404 0.21408975884 
0.389360 63.26367264990 0.21779048441 
0.389866 63.01254754527 0.21310682418 
0.390373 62.74982631788 0.21422329669 
0.390879 63.06353427450 0.21758165958 
0.391385 62.47330934422 0.21901401625 
0.391892 62.85749128653 0.21316724063 
0.392398 62.52263427555 0.21944421506 
0.392905 62.54879940630 0.22204893985 
0.393411 62.91817242919 0.21720679368 
0.393917 62.94116442160 0.22249921912 
0.394424 62.61238901359 0.21943684853 
0.394930 62.57976534461 0.22615805359 
0.395437 62.68304743314 0.22211193312 
0.395943 62.87146850301 0.22943147565 
0.396449 62.21731323186 0.32578702696 
0.396956 62.32920120993 0.22599650414 
0.397462 62.62585412739 0.23307260851 
0.397969 62.72853508786 0.23842334436 
0.398475 62.86133563999 0.23759687635 
0.398981 62.92585273998 0.24220076896 
0.399488 62.67272970697 0.23614773087 
0.399994 62.53913461208 0.24060106900 
0.400500 62.40587448984 0.23965176772 
0.401007 62.00622084881 0.23785499288 
0.401513 62.13907458935 0.24665074072 
0.402020 62.10559481345 0.24638174776 
0.402526 62.46690750460 0.24496311688 
0.403032 62.07143530571 0.24276573363 
0.403539 62.21255438844 0.25412075151 
0.404045 62.30692934722 0.24816211749 
0.404551 62.54241225425 0.26544633915 
0.405058 62.59031495451 0.26700266550 
0.405564 62.46741176049 0.25965983853 
0.406071 62.42478588081 0.25664762885 
0.406577 62.43312471009 0.25825217886 
0.407083 62.10464557374 0.25587279538 
0.407590 62.16438998614 0.25688039336 
0.408096 61.96854318381 0.27906594070 
0.408602 61.97246562004 0.27243117159 
0.409109 62.16498462012 0.25666132765 
0.409615 62.17524433572 0.26741521651 
0.410121 62.03265074638 0.26103870593 
0.410628 61.97614822739 0.25637286346 
0.411134 62.08411508304 0.26316760555 
0.411641 61.77857466448 0.27177296633 
0.412147 62.29878219110 0.26770215734 
0.412653 62.08151777143 0.27171774899 
0.413160 62.04980278503 0.26772230840 
0.413666 62.14863739782 0.27042570125 
0.414172 62.12408477476 0.28141222448 
0.414679 61.88743735832 0.27309505067 
0.415185 62.23006447232 0.28726584782 
0.415691 62.03096519107 0.27738108341 
0.416198 61.95892748857 0.27465901339 
0.416704 62.18125093976 0.27932121313 
0.417210 61.88251132548 0.27790516225 
0.417717 61.87490389674 0.29329530828 
0.418223 61.92793969674 0.28229941082 
0.418729 62.08093467249 0.27384364199 
0.419236 61.78553777302 0.28083562339 
0.419742 61.64290049603 0.27455139917 
0.420248 61.58786191157 0.27716113692 
0.420755 61.99069762678 0.28283482999 
0.421261 62.04866436058 0.27697388304 
0.421767 62.05748412274 0.27794188568 
0.422274 62.04784552390 0.28625004048 
0.422780 61.18570923351 0.27124307598 
0.423286 61.51146823325 0.29005614662 
0.423793 61.67063733776 0.27559284763 
0.424299 61.72737227588 0.28470203410 
0.424805 61.89750968319 0.29157651810 
0.425312 61.54079254501 0.29580541000 
0.425818 61.18476631910 0.29343080227 
0.426324 61.78429674586 0.29840505848 
0.426831 61.61941061778 0.29402138885 
0.427337 61.07781582768 0.30026156168 
0.427843 61.61165454619 0.29502490367 
0.428350 61.99996447675 0.30880768970 
0.428856 62.19307195377 0.31793610066 
0.429362 61.72556168402 0.29166882448 
0.429869 62.40968350419 0.31229046754 
0.430375 61.74488765740 0.31620047328 
0.430881 60.83255559611 0.31814246614 
0.431388 61.39958252709 0.31530654576 
0.431894 62.03318705831 0.31769807513 
0.432400 61.25740776178 0.31571280393 
0.432907 61.84210487988 0.31929520458 
0.433413 61.68514862923 0.32459264030 
0.433919 61.17738366198 0.32900101780 
0.434425 61.80412274938 0.33328696223 
0.434932 61.25079083089 0.32307939761 
0.435438 61.63784336949 0.35889079745 
0.435944 61.84726644838 0.34826871452 
0.436451 61.16316304306 0.33279606390 
0.436957 61.46829150336 0.35840405308 
0.437463 61.88785922523 0.35415755398 
0.437970 61.50071513172 0.35647266730 
0.438476 61.46806214515 0.35835525574 
0.438982 61.57358075195 0.36674557094 
0.439489 61.45025168586 0.37318969177 
0.439995 61.15780742251 0.36289488538 
0.440501 61.11872270765 0.36739181431 
0.441007 61.27786385049 0.37224153335 
0.441514 61.42897606947 0.37691783806 
0.442020 60.78909893478 0.39333415517 
0.442526 61.84034029430 0.40953879543 
0.443033 61.73475123583 0.40224089237 
0.443539 61.53163557321 0.40575320727 
0.444045 60.51940936202 0.39119639052 
0.444551 61.10795752645 0.40005047996 
0.445058 60.84594784459 0.42804459712 
0.445564 60.78879588294 0.43215867180 
0.446070 60.32552987351 0.42696648755 
0.446577 60.65205472525 0.42763077101 
0.447083 61.02500997098 0.48828577546 
0.447589 60.58052276010 0.47064806539 
0.448095 60.50590894399 0.45377787616 
0.448602 60.60564424831 0.49191600921 
0.449108 60.29403267494 0.46973970369 
0.449614 60.72709445588 0.48277316824 
0.450121 60.44621258420 0.48851900279 
0.450627 60.26211635015 0.50051592499 
0.451133 61.00783529854 0.51546772661 
0.451639 60.32021224338 0.54737990006 
0.452146 60.10219584168 0.53788622425 
0.452652 59.96953293137 0.54898506110 
0.453158 60.11380979045 0.53566673867 
0.453664 59.87886413610 0.57247017627 
0.454171 60.37113855719 0.57516148352 
0.454677 59.98725716079 0.61578248433 
0.455183 60.46740777896 0.59907089055 
0.455689 60.87964821728 0.62755205162 
0.456196 60.35374344794 0.65733621798 
0.456702 60.01445683757 0.65590636503 
0.457208 59.37286182958 0.70219913745 
0.457714 60.89292018020 0.75472161479 
0.458221 59.66635800613 0.77216740721 
0.458727 60.80525095020 0.75560833239 
0.459233 60.10014979053 0.82177814453 
0.459740 61.33610682786 0.88564512526 
0.460246 59.61710494687 0.87778487405 
0.460752 59.48839684767 0.95087562510 
0.461258 59.99542647345 0.94334017269 
0.461765 58.49469296678 1.01256895492 
0.462271 59.86985094256 1.10095958816 
0.462777 58.53356461695 1.18566472369 
0.463283 60.06190626627 1.29211037679 
0.463789 60.49440686615 1.32066112336 
0.464296 59.87898703753 1.34451719894 
0.464802 59.81563350516 1.36676092448 
0.465308 59.34769938743 1.45755121616 
0.465814 58.82826068116 1.61903269014 
0.466321 58.82128152555 1.73146417618 
0.466827 61.81390457481 1.84163978191 
0.467333 59.10345753707 1.88743371829 
0.467839 59.78075954145 1.96086360695 
0.468346 60.01563522545 2.29945345822 
0.468852 59.50418288217 2.58084712590 
0.469358 58.64493104575 2.88424372413 
0.469864 59.52190523518 2.98385701724 
0.470371 59.54443043105 3.93272313665 
0.470877 57.08533161326 4.37204250178 
0.471383 56.04565923076 5.44098528245 
0.471889 55.08356985570 7.13556042794 
0.472395 54.68077338846 5.89484157061 
0.472902 54.80609871111 13.62871301602 
