0.010896 1334.83762447259 16.98790670572 
0.011402 1191.52186275052 12.15107647038 
0.011909 1073.60342880646 12.49251577437 
0.012416 976.58502450958 9.51418288836 
0.012923 879.43408988650 8.25645649228 
0.013430 813.41164119532 10.89126945265 
0.013936 775.12764663493 8.69768699985 
0.014443 725.12687989488 7.01180617357 
0.014950 673.97915729339 6.62524811890 
0.015457 620.30489839999 5.27571754854 
0.015963 574.56222946567 4.89538924456 
0.016470 540.10681193071 4.14394884469 
0.016977 505.10752376652 3.64983038324 
0.017484 471.25371044176 3.15855523373 
0.017990 446.13528912198 2.92929934255 
0.018497 419.30976748758 2.58259159874 
0.019004 395.64572853424 2.31982246499 
0.019511 375.63785268167 2.19572308187 
0.020018 356.82953893095 2.15227259225 
0.020524 339.90632612953 1.97488613782 
0.021031 326.40640026743 1.93057827275 
0.021538 312.10521800215 1.66772320392 
0.022045 299.73821686481 1.81539226632 
0.022551 288.83294936414 1.52263330806 
0.023058 275.63107733510 1.46863589453 
0.023565 266.60213960150 1.53381770575 
0.024072 258.71718219549 1.62418702178 
0.024579 250.85587182745 1.72756712934 
0.025085 242.06823207284 2.08949680803 
0.025592 234.10412554084 2.16661281994 
0.026099 228.10859315146 2.10919786449 
0.026606 221.29944270193 1.67513274826 
0.027112 216.31093371046 1.79711814581 
0.027619 211.50773255149 1.58527053083 
0.028126 205.40652590049 1.51235004155 
0.028633 201.88021658930 1.36981078039 
0.029139 196.76664197535 1.18625625382 
0.029646 192.97943108233 1.09186154966 
0.030153 189.98658242141 1.16624595359 
0.030660 185.07507730132 1.05213254076 
0.031167 183.80009407902 0.91787090201 
0.031673 178.52663632115 0.91278947281 
0.032180 174.96993405622 0.84548764215 
0.032687 172.38073397005 0.89224157065 
0.033194 169.24340067351 0.82149713502 
0.033700 167.21520720102 0.70010530351 
0.034207 164.91613920595 0.74056910945 
0.034714 161.75175734002 0.74914815015 
0.035221 161.03356306509 0.72319189906 
0.035727 156.77740643771 0.65311414124 
0.036234 155.81655294626 0.66323454799 
0.036741 153.92546767031 0.64245038766 
0.037248 151.77069758663 0.61994346276 
0.037755 150.25578711117 0.62137303182 
0.038261 147.80060463692 0.59153787709 
0.038768 147.04657648890 0.58433983568 
0.039275 145.18531981067 0.58963600096 
0.039782 144.10173423514 0.57485864815 
0.040288 141.84247871186 0.58141393455 
0.040795 141.98937228141 0.53946720048 
0.041302 139.87113507238 0.56974222114 
0.041809 138.16118293438 0.56193917523 
0.042315 137.70468565613 0.51927807403 
0.042822 135.29905326826 0.53102326254 
0.043329 134.22071839755 0.54995559092 
0.043836 134.24369788472 0.55054083752 
0.044343 132.59379771169 0.49459979837 
0.044849 131.46556967803 0.53058426868 
0.045356 130.38969859475 0.52172294918 
0.045863 129.93829224180 0.51603083546 
0.046370 128.84641423319 0.51554114681 
0.046876 128.16184882311 0.51312180176 
0.047383 126.52231909313 0.48841791266 
0.047890 126.06566698067 0.46878052976 
0.048397 125.85587272735 0.49249547534 
0.048903 124.53527201840 0.49202654332 
0.049410 123.60613281243 0.47412898378 
0.049917 122.61741877109 0.47085195611 
0.050424 122.60414927125 0.45686715987 
0.050931 121.63128480760 0.45993584296 
0.051437 120.85908398422 0.47408571690 
0.051944 120.26274466440 0.44079640295 
0.052451 119.26048395419 0.44303047615 
0.052958 118.21198302512 0.44887107574 
0.053464 117.66400601217 0.45118475545 
0.053971 116.33416132906 0.42419878955 
0.054478 116.26921941450 0.45333988715 
0.054985 115.46648147920 0.44570445572 
0.055491 114.64238159953 0.43754358952 
0.055998 114.80143987414 0.42596863752 
0.056505 114.03977793535 0.40479795555 
0.057012 113.69159516693 0.43405570043 
0.057519 112.79302923381 0.43032149067 
0.058025 111.93354953103 0.41550046467 
0.058532 111.88263577063 0.42113521099 
0.059039 111.14655943261 0.41535874980 
0.059546 110.99066240450 0.40293858873 
0.060052 109.94750171198 0.38415101292 
0.060559 109.80399577718 0.39478314020 
0.061066 108.87745457523 0.41393323691 
0.061573 109.04900890288 0.40422939016 
0.062079 108.62302102188 0.40581297959 
0.062586 108.46954918610 0.40000529023 
0.063093 107.92192573651 0.39175979242 
0.063600 106.55570077947 0.40066916108 
0.064106 106.77386168942 0.40619855012 
0.064613 106.23876154700 0.40831501588 
0.065120 106.57518556943 0.38824015462 
0.065627 105.57226506107 0.39829607338 
0.066134 104.87197522908 0.38817888699 
0.066640 104.75590820180 0.38509019227 
0.067147 104.26601358107 0.37506056486 
0.067654 104.16478395851 0.38163305589 
0.068161 103.94111230665 0.36588460252 
0.068667 103.32029179167 0.37540555113 
0.069174 102.78356804810 0.37258454324 
0.069681 102.68648707444 0.36420029060 
0.070188 102.04170454333 0.36583571723 
0.070694 101.74632982499 0.35451630251 
0.071201 101.76135203796 0.36495885581 
0.071708 101.72969213666 0.37521354503 
0.072215 100.59785230882 0.35717365652 
0.072721 100.72981671400 0.35496412590 
0.073228 100.29841855614 0.34493267735 
0.073735 100.02338710481 0.35626436199 
0.074242 99.80091492308 0.35156505070 
0.074748 99.61132711122 0.33736348001 
0.075255 98.49687060254 0.33778930779 
0.075762 99.30638191786 0.33974941385 
0.076269 99.19769084920 0.33994107944 
0.076776 98.84846200094 0.34143774402 
0.077282 98.10932659657 0.32335516935 
0.077789 97.43955965030 0.34553645283 
0.078296 97.83668022413 0.33396566409 
0.078803 97.76465598764 0.33359881302 
0.079309 97.90196867769 0.32779941603 
0.079816 97.38584404233 0.32054921929 
0.080323 97.52694850124 0.33395946210 
0.080830 97.04783407608 0.32616809303 
0.081336 97.09095246956 0.33792010147 
0.081843 97.29797460247 0.33035463619 
0.082350 96.36883522933 0.33905614200 
0.082857 96.12671384825 0.33168064935 
0.083363 96.04487131953 0.33669003244 
0.083870 96.42396562904 0.34276442767 
0.084377 95.87692145786 0.32976942490 
0.084884 96.05490162651 0.33219699582 
0.085390 95.33726737251 0.32817374483 
0.085897 95.20662609775 0.33100171053 
0.086404 95.55995885988 0.34167100335 
0.086911 94.99225500322 0.33410194520 
0.087417 94.87086553680 0.33572119879 
0.087924 94.80581412723 0.33108585791 
0.088431 94.85972386993 0.33312121310 
0.088938 94.56971054669 0.33677541515 
0.089444 94.09607185038 0.33734707633 
0.089951 94.71048126106 0.31937901688 
0.090458 93.75838832033 0.32174079231 
0.090965 93.72001978297 0.33332426974 
0.091471 93.45063925562 0.33007024963 
0.091978 93.76743155344 0.32347509137 
0.092485 93.12112583402 0.34389010696 
0.092992 93.12565889915 0.35274826579 
0.093498 93.08985724149 0.34506810586 
0.094005 92.91921539169 0.34150318206 
0.094512 92.52669034848 0.33591705315 
0.095019 92.78192187419 0.32760953075 
0.095525 92.70910629927 0.33098580829 
0.096032 91.85909623835 0.34453755328 
0.096539 92.37494360403 0.33699082348 
0.097046 91.80047378971 0.32351341838 
0.097552 91.70937812754 0.33336776855 
0.098059 91.59355866959 0.33203788604 
0.098566 91.65161275703 0.31237664813 
0.099073 91.75003747000 0.31824777300 
0.099579 91.65517960396 0.31975413131 
0.100086 91.99016128165 0.32414484764 
0.100593 91.22766809008 0.33149845430 
0.101100 91.23127253137 0.32352552101 
0.101606 90.79348749831 0.30205612709 
0.102113 89.76653600357 0.30250686623 
0.102620 89.08809120546 0.30487065460 
0.103127 89.48174247601 0.29368284495 
0.103633 89.07377085205 0.28910359325 
0.104140 89.00706729484 0.29624007141 
0.104647 88.19945864102 0.29189238928 
0.105154 88.41996621777 0.30435603421 
0.105660 88.38688104935 0.30868178495 
0.106167 88.37510304839 0.29682369346 
0.106674 88.15076911969 0.31630564209 
0.107181 88.20733351372 0.29447511051 
0.107687 88.30507085367 0.30091840722 
0.108194 87.95448280804 0.29710416799 
0.108701 88.10511602122 0.28760529421 
0.109208 87.63136523911 0.29650891821 
0.109714 88.00913820162 0.28069698119 
0.110221 87.77324559491 0.28501188572 
0.110728 87.51906067211 0.29881588367 
0.111235 87.49146122038 0.28768386351 
0.111741 86.90117495373 0.28797689496 
0.112248 86.99216360105 0.28143729396 
0.112755 87.10337622190 0.28821722348 
0.113262 87.24462672433 0.28239271946 
0.113768 87.05302042732 0.27888874069 
0.114275 86.74479145668 0.26997818078 
0.114782 86.51934760359 0.27259321570 
0.115289 86.52306285772 0.27738598247 
0.115795 86.32876761511 0.27921937045 
0.116302 86.35274495339 0.26913136095 
0.116809 86.26082554722 0.26774828840 
0.117316 86.52967991499 0.27592337442 
0.117822 85.90402794418 0.27172265851 
0.118329 86.12539679114 0.27034894879 
0.118836 86.03974590297 0.27062372134 
0.119342 85.91588870488 0.26337135887 
0.119849 85.82749940464 0.27090293236 
0.120356 85.61088295820 0.26551631269 
0.120863 85.83367425240 0.26787982043 
0.121369 85.85388107781 0.26181507771 
0.121876 85.34228227013 0.26384305726 
0.122383 85.23499079285 0.26438976232 
0.122890 85.26001203531 0.27039931879 
0.123396 85.17143414326 0.26867537880 
0.123903 84.78568120073 0.25607476304 
0.124410 85.37805964395 0.26722845978 
0.124917 84.64808250476 0.25771485285 
0.125423 84.75189980728 0.26305984457 
0.125930 85.33033042497 0.26576288378 
0.126437 84.60873359604 0.24991258021 
0.126944 84.54873342211 0.25325331516 
0.127450 84.73263192907 0.26101683721 
0.127957 84.66345890371 0.25416172129 
0.128464 84.41194234118 0.25283437959 
0.128970 84.51159085539 0.25507608629 
0.129477 84.09371928614 0.25088420873 
0.129984 84.07340763300 0.25418671643 
0.130491 83.87119051386 0.24825404409 
0.130997 84.02985855163 0.25197470043 
0.131504 83.79826969189 0.24881896907 
0.132011 83.58410974154 0.25275838855 
0.132518 84.02333172988 0.25387367269 
0.133024 83.80812085447 0.25289222836 
0.133531 83.70750843228 0.24518289560 
0.134038 83.62036800337 0.25252234532 
0.134545 83.82780890413 0.25086957353 
0.135051 83.32653005079 0.24895124921 
0.135558 83.57608262315 0.24452102573 
0.136065 83.36295236899 0.24430631814 
0.136571 83.24593462161 0.24285051079 
0.137078 83.68900389545 0.24634527159 
0.137585 83.36754915514 0.24506761460 
0.138092 82.85593338977 0.24605533625 
0.138598 83.46407470226 0.24722793434 
0.139105 82.71353855107 0.24243222678 
0.139612 82.82859049880 0.23921771551 
0.140119 82.75119205711 0.23739462263 
0.140625 82.83929558467 0.23280646966 
0.141132 82.94498519962 0.23937823741 
0.141639 82.13957571294 0.24347717930 
0.142145 82.59984171577 0.24449445776 
0.142652 82.34168222285 0.24043355599 
0.143159 82.11959612120 0.24134097233 
0.143666 82.52176454286 0.24206920917 
0.144172 82.06704629448 0.24546838766 
0.144679 82.01123882404 0.23723369032 
0.145186 81.97850957915 0.23790991848 
0.145692 82.06782779149 0.24372208015 
0.146199 81.82471016212 0.24147020204 
0.146706 81.59243528376 0.24393303928 
0.147213 81.86086079654 0.24275548493 
0.147719 81.73509957524 0.24079836297 
0.148226 81.50286186691 0.24005178651 
0.148733 81.46110493640 0.24645348998 
0.149240 81.43400487186 0.24595159025 
0.149746 81.15905789313 0.24040494689 
0.150253 80.86728002722 0.24007402615 
0.150760 81.02592367081 0.24337926170 
0.151266 80.99366019056 0.24503720612 
0.151773 81.13856392652 0.24209993508 
0.152280 80.79649867941 0.24280038365 
0.152787 80.93089858722 0.24229121674 
0.153293 80.70003288949 0.23906034278 
0.153800 81.00359509169 0.23874813050 
0.154307 80.84068779450 0.24599121687 
0.154813 80.13932999548 0.23916823853 
0.155320 80.43781002554 0.23537582750 
0.155827 80.42761603640 0.24305181497 
0.156334 80.46344530790 0.23382192583 
0.156840 79.85079509688 0.23714636208 
0.157347 80.61153597172 0.24075288451 
0.157854 80.12793660245 0.23838720450 
0.158360 79.87968712632 0.23751079665 
0.158867 79.87446956145 0.23537746532 
0.159374 79.74133307623 0.23464837709 
0.159881 79.93192237925 0.23363290866 
0.160387 79.83116500255 0.23256703919 
0.160894 79.81064083358 0.23564344462 
0.161401 79.99267393779 0.23945272772 
0.161907 79.91749053998 0.23814496187 
0.162414 79.71331010014 0.23047013840 
0.162921 79.55000359450 0.23639526707 
0.163427 79.57395254418 0.23646166218 
0.163934 79.13167322177 0.22958376917 
0.164441 79.33543652114 0.23013851758 
0.164948 79.27531992208 0.22937326251 
0.165454 78.84847906307 0.23041694989 
0.165961 79.28160424294 0.23222537733 
0.166468 78.91765143577 0.22766064812 
0.166974 78.95239499353 0.22855128629 
0.167481 78.75807084191 0.22889342360 
0.167988 78.86361453358 0.22636600788 
0.168495 78.81903397772 0.23257317002 
0.169001 78.99006660711 0.23407907720 
0.169508 78.92471727199 0.23467649662 
0.170015 78.80000074667 0.23475017837 
0.170521 78.82621556161 0.23026446740 
0.171028 78.98646285667 0.23212034900 
0.171535 79.16963792253 0.23011619901 
0.172041 78.72760687850 0.23459306716 
0.172548 78.77982295699 0.23426410460 
0.173055 78.77626573761 0.23272384812 
0.173562 78.97810486600 0.23398121765 
0.174068 78.68277619218 0.23821531687 
0.174575 78.77699570015 0.24033261768 
0.175082 78.76507494046 0.23376203229 
0.175588 78.97771556150 0.24021785624 
0.176095 78.51999943228 0.23443194870 
0.176602 78.32656489954 0.23579443593 
0.177108 78.36247049555 0.24031113477 
0.177615 78.50665667158 0.24048904225 
0.178122 78.22339740576 0.23572835532 
0.178629 78.36526835685 0.23329319397 
0.179135 78.96440704323 0.23868824757 
0.179642 78.39750685385 0.23568700090 
0.180149 78.59841799796 0.23792446275 
0.180655 78.25355778956 0.23206993941 
0.181162 78.03047768160 0.23367395946 
0.181669 78.55977460938 0.23964721670 
0.182175 78.71296235315 0.23786069812 
0.182682 78.80539563535 0.24649175699 
0.183189 78.78010857765 0.24687860290 
0.183695 78.42638265174 0.24260521944 
0.184202 78.03560708338 0.24171188307 
0.184709 78.21642303947 0.24478846905 
0.185216 78.32711288213 0.23951509279 
0.185722 78.19341805015 0.24380503029 
0.186229 77.87831573227 0.24230898758 
0.186736 77.73430737639 0.24157241967 
0.187242 78.08838319903 0.24092624194 
0.187749 77.95353995461 0.24044522843 
0.188256 77.36747910393 0.24420249766 
0.188762 77.50139840785 0.24216259556 
0.189269 77.67795147335 0.24751142559 
0.189776 77.35044447743 0.24789580108 
0.190282 77.36796596301 0.24638173265 
0.190789 77.94401202284 0.24685690565 
0.191296 77.14806323975 0.24842386308 
0.191802 77.32114549773 0.24557250628 
0.192309 76.95254833074 0.24382311505 
0.192816 76.66279218327 0.24039418671 
0.193323 76.82321149754 0.23498343434 
0.193829 76.31919291852 0.23555439253 
0.194336 76.68460371573 0.23244947679 
0.194843 76.55257270632 0.23535402054 
0.195349 76.08066085282 0.23307891899 
0.195856 76.16708648126 0.23495338613 
0.196363 75.92785105743 0.22648139709 
0.196869 75.92177086156 0.23171999240 
0.197376 75.87022118870 0.22777116631 
0.197883 76.41840547338 0.22994486800 
0.198389 76.15056713794 0.22477627300 
0.198896 75.68633483600 0.22394263243 
0.199403 76.13419935457 0.22259200731 
0.199909 75.60588124573 0.22350370620 
0.200416 75.74446120447 0.21959012820 
0.200923 75.96126361935 0.22471097595 
0.201429 75.79393228730 0.22459267901 
0.201936 75.71755314294 0.22152402483 
0.202443 75.75478646478 0.22273537895 
0.202949 75.44940819075 0.22224268466 
0.203456 75.43493565228 0.22223482323 
0.203963 75.21217537922 0.21811603555 
0.204469 75.56451887350 0.22156442761 
0.204976 75.44868923394 0.21607943200 
0.205483 75.38961267536 0.21887571287 
0.205989 75.43431776318 0.21503767969 
0.206496 75.17828423809 0.21716698729 
0.207003 75.32860689880 0.21294625869 
0.207509 75.19710371434 0.21810300680 
0.208016 75.48517506957 0.21520308303 
0.208523 75.32896732250 0.21721778171 
0.209029 74.88698883217 0.21223223248 
0.209536 74.92085771884 0.21682832069 
0.210043 74.87787150373 0.20993417972 
0.210549 75.01485837148 0.21343457163 
0.211056 75.01074919443 0.21381652718 
0.211563 74.79638297432 0.21175089512 
0.212069 74.78958916724 0.20818532751 
0.212576 74.98723222506 0.21446616911 
0.213083 74.88531171958 0.21075865337 
0.213589 74.84966274132 0.21236864831 
0.214096 74.72091978091 0.20585990153 
0.214603 74.59080944660 0.20592192094 
0.215109 74.64816103381 0.20834545842 
0.215616 74.61918082835 0.20680517423 
0.216123 74.30713534805 0.20565862517 
0.216629 74.17506454654 0.20961668248 
0.217136 74.23330404275 0.20943735298 
0.217643 74.02109491002 0.21320961615 
0.218149 73.89241249303 0.20591824670 
0.218656 73.94465356135 0.20667222334 
0.219163 73.82600263358 0.20684675139 
0.219669 73.89090321679 0.20606101743 
0.220176 74.07282033040 0.20125875133 
0.220683 73.69489868440 0.20386986287 
0.221189 73.54437036020 0.20755567912 
0.221696 73.76678135494 0.20297495680 
0.222203 74.22071320987 0.20506397538 
0.222709 73.90796354044 0.20421793176 
0.223216 73.64618120649 0.20319193664 
0.223722 73.34220570677 0.20119526036 
0.224229 73.83090353868 0.20029134392 
0.224736 73.58772455097 0.20611096841 
0.225242 73.66069838679 0.20277836243 
0.225749 73.61238389572 0.20377236324 
0.226256 73.65355431768 0.20117883284 
0.226762 73.43181150761 0.20085900674 
0.227269 73.24885728089 0.20402796452 
0.227776 73.29026186746 0.19919125981 
0.228282 73.25845129070 0.20210227261 
0.228789 73.35498653255 0.20417476078 
0.229296 73.11527164366 0.20591165219 
0.229802 72.98977229793 0.20508171532 
0.230309 73.23947620091 0.20339162537 
0.230816 72.85812109072 0.20078262573 
0.231322 73.15642337911 0.19990194212 
0.231829 72.99335610646 0.20025089975 
0.232335 72.97438001460 0.20399291324 
0.232842 72.90997537977 0.19938003397 
0.233349 72.81567544369 0.19842823486 
0.233855 72.75439569614 0.19695642596 
0.234362 72.49162611054 0.19904069015 
0.234869 72.73874095494 0.19932062311 
0.235375 72.71096564609 0.19900005424 
0.235882 72.60608984859 0.19902343518 
0.236389 72.55085955312 0.19897604542 
0.236895 72.55346899851 0.19930792631 
0.237402 72.48138968484 0.20047026668 
0.237908 72.27542901861 0.19896515761 
0.238415 72.14502798715 0.19906429559 
0.238922 72.43543734661 0.19958832678 
0.239428 72.15118286229 0.20005143785 
0.239935 71.70476814640 0.19940115568 
0.240442 72.12406482777 0.19814536489 
0.240948 72.23256738423 0.19814845923 
0.241455 72.04247776847 0.20098963369 
0.241962 71.96034574562 0.19370279438 
0.242468 71.84987622605 0.19651666551 
0.242975 72.08401814861 0.19686647503 
0.243481 71.83078315741 0.19894628745 
0.243988 72.03924788065 0.19823554177 
0.244495 71.53919880045 0.19713122214 
0.245001 71.63649482285 0.19711297267 
0.245508 71.68414315558 0.19752549997 
0.246015 71.73610092089 0.19799103261 
0.246521 71.37410010454 0.19544473842 
0.247028 71.62222657419 0.20239813426 
0.247534 71.18190073595 0.19864070186 
0.248041 71.54378809191 0.20043396367 
0.248548 71.57713458650 0.19925833525 
0.249054 71.24150423544 0.19685227187 
0.249561 71.14713644048 0.19907250530 
0.250068 71.04107589302 0.19568814493 
0.250574 71.12381479858 0.19377169182 
0.251081 71.19097658965 0.19768681474 
0.251587 71.03445327620 0.19488716139 
0.252094 71.19698152808 0.19311414219 
0.252601 70.99983581609 0.19805763290 
0.253107 71.48186284539 0.19786345537 
0.253614 70.88286507637 0.19742228781 
0.254120 70.98703282940 0.19671626676 
0.254627 70.79139223230 0.19629811165 
0.255134 70.87819044945 0.20002260321 
0.255640 70.89447633228 0.19841677567 
0.256147 70.89955412848 0.19270273139 
0.256654 70.85689148946 0.19728550299 
0.257160 71.23504142916 0.19221443804 
0.257667 71.19847609938 0.19422571607 
0.258173 70.99795512917 0.19674377380 
0.258680 71.43569791370 0.19885550681 
0.259187 71.27904508346 0.19067519481 
0.259693 71.48286873370 0.19672792072 
0.260200 71.44151061426 0.19724155660 
0.260706 71.68612978851 0.19579461812 
0.261213 71.82908849431 0.19599563687 
0.261720 71.56053157858 0.19840290251 
0.262226 71.61593322752 0.18967194324 
0.262733 71.89105911688 0.19346188562 
0.263239 71.46493805254 0.19487980066 
0.263746 71.65054384769 0.19740351204 
0.264253 71.79269647365 0.19199540682 
0.264759 71.62851263902 0.19351279526 
0.265266 71.78895972413 0.19531663349 
0.265772 71.50379198256 0.18966093207 
0.266279 71.55039388067 0.19376802017 
0.266786 71.60253227338 0.19126856705 
0.267292 72.02867693933 0.19547822095 
0.267799 71.26154817666 0.19303229377 
0.268305 71.59939117049 0.19262091263 
0.268812 71.67674000452 0.19139088360 
0.269319 71.82415825099 0.18931218715 
0.269825 71.60534890750 0.18660057954 
0.270332 71.69861785832 0.18865689268 
0.270838 72.05330078089 0.18798703310 
0.271345 71.95214739535 0.19017171373 
0.271852 71.89180138433 0.19546727780 
0.272358 72.11065678851 0.19064573604 
0.272865 71.98311811302 0.19118462990 
0.273371 72.32605471894 0.19574527171 
0.273878 72.22004683948 0.19363120361 
0.274385 72.17782740853 0.19050071368 
0.274891 72.65957362679 0.18999628929 
0.275398 72.48101899147 0.19391986628 
0.275904 72.30547289503 0.18795721408 
0.276411 72.38725082311 0.18446285768 
0.276917 72.32421670564 0.18179612576 
0.277424 72.04529411746 0.18573963235 
0.277931 72.28765918202 0.18617619620 
0.278437 72.09749532682 0.18346745914 
0.278944 72.13330605084 0.18311931773 
0.279450 72.13921801233 0.17823232984 
0.279957 72.01133471463 0.18579747809 
0.280464 72.19930256708 0.18308184644 
0.280970 72.18572751301 0.18393359513 
0.281477 71.84593682204 0.17953697924 
0.281983 72.11627369641 0.18322145556 
0.282490 72.15398367945 0.18269338881 
0.282996 72.01471975469 0.18149076530 
0.283503 72.26442374851 0.17930545676 
0.284010 71.96012879874 0.18129451480 
0.284516 71.75087029608 0.17608374939 
0.285023 71.82235475852 0.17997040008 
0.285529 71.68480954101 0.17524537502 
0.286036 71.64492644183 0.17630748330 
0.286542 71.69940677669 0.17539462771 
0.287049 71.66646896779 0.17139730136 
0.287556 71.42085575033 0.17365010747 
0.288062 71.56100236786 0.17405132109 
0.288569 71.64055864599 0.17187184160 
0.289075 71.51219992053 0.17324521897 
0.289582 71.11294729024 0.17018198426 
0.290088 71.22594056668 0.17257183772 
0.290595 71.21621030760 0.17209686902 
0.291102 71.24386180391 0.16622294522 
0.291608 71.07639845605 0.16947659274 
0.292115 71.00280083441 0.16793072740 
0.292621 71.01519900736 0.16738176974 
0.293128 71.09352421942 0.16483227632 
0.293634 71.17826083002 0.16616239432 
0.294141 70.78872641463 0.16556907731 
0.294647 70.96037512881 0.16762690307 
0.295154 70.82720839788 0.16649394806 
0.295661 70.86880350316 0.16144780056 
0.296167 70.55637368950 0.16669362181 
0.296674 70.80048895011 0.16785512457 
0.297180 70.84907521351 0.16580653419 
0.297687 70.65875905791 0.16643490709 
0.298193 70.59544118421 0.16219614755 
0.298700 70.59690596777 0.16744306678 
0.299207 70.78958710165 0.16629958407 
0.299713 70.37705227610 0.16644622665 
0.300220 70.67315387656 0.16702383606 
0.300726 70.39633890538 0.16791767224 
0.301233 70.42774791659 0.16352291865 
0.301739 70.35407597629 0.16338540092 
0.302246 70.37144261155 0.16268925809 
0.302752 70.42952213748 0.16472410162 
0.303259 70.25177180903 0.16270032219 
0.303765 70.20230862736 0.16412929812 
0.304272 70.00631582336 0.15994875178 
0.304779 70.00343819983 0.15828859977 
0.305285 70.16690399203 0.16125154370 
0.305792 69.97647608739 0.16187644462 
0.306298 70.10851987541 0.15859242072 
0.306805 69.95376695169 0.16426322213 
0.307311 69.84588899129 0.15983563427 
0.307818 69.91720663314 0.16007351079 
0.308324 69.60504740134 0.15750043781 
0.308831 69.52459764945 0.15921575156 
0.309337 69.45840389152 0.15654495529 
0.309844 69.19156510744 0.15413585180 
0.310350 69.27013866643 0.15339250394 
0.310857 68.92984109338 0.15110727039 
0.311364 69.13676711303 0.14855768236 
0.311870 68.21354026831 0.15105325204 
0.312377 68.39973810432 0.14786651741 
0.312883 68.05924306039 0.14823557209 
0.313390 68.09400454336 0.14757360766 
0.313896 67.75018507509 0.14847992730 
0.314403 67.66592679792 0.14507301799 
0.314909 67.66989474926 0.14532956373 
0.315416 67.40710440262 0.14628403347 
0.315922 67.31381566866 0.14420057695 
0.316429 67.31142797317 0.14089201853 
0.316935 67.40099299670 0.14037873589 
0.317442 67.16051885252 0.14252285983 
0.317948 67.10673580396 0.14295117161 
0.318455 66.93570171877 0.14147513242 
0.318961 66.81463973986 0.14081844182 
0.319468 66.92750684398 0.14039378144 
0.319975 66.70829934749 0.14182253862 
0.320481 66.70227711944 0.14322028865 
0.320988 66.76763377230 0.14458103712 
0.321494 66.92337481157 0.13947737023 
0.322001 66.89506906295 0.16518689577 
0.322507 66.70412351545 0.13990546982 
0.323014 66.60034597263 0.13943943134 
0.323520 66.83025658169 0.14189728695 
0.324027 66.16733167237 0.14433848611 
0.324533 66.58759983190 0.14108579456 
0.325040 66.46255161867 0.13897903739 
0.325546 66.43577641975 0.14118447038 
0.326053 66.33518264475 0.14006127741 
0.326559 66.21490876236 0.13807151376 
0.327066 66.18527797247 0.13931454652 
0.327572 66.04859422018 0.13931161830 
0.328079 66.05354442781 0.13923557529 
0.328585 66.20371377289 0.13838420560 
0.329092 66.05180952137 0.13654099187 
0.329598 66.03112120737 0.13840571061 
0.330105 65.88646482035 0.13723501071 
0.330611 65.58354375217 0.13848379741 
0.331118 65.87125263400 0.13698384396 
0.331624 66.07490613303 0.13951015896 
0.332131 65.90438655568 0.13942304321 
0.332637 65.72464391526 0.14003634073 
0.333144 65.96017382993 0.13670361178 
0.333650 65.69111102024 0.13816250475 
0.334157 65.75338859596 0.14035559360 
0.334663 65.79879865057 0.13899280612 
0.335170 65.76881136268 0.13860595589 
0.335676 65.48808552991 0.13797657194 
0.336183 65.44137350725 0.13905325113 
0.336689 65.51303228962 0.14040525286 
0.337196 65.71811920087 0.13832860275 
0.337702 65.46802143010 0.13929966078 
0.338209 65.57576944277 0.14110401771 
0.338715 65.32888206409 0.13838154069 
0.339222 65.26863014571 0.14004987549 
0.339728 65.50969083566 0.13804665470 
0.340235 65.38781280530 0.23168547278 
0.340741 65.30202897324 0.13849958325 
0.341248 65.50146856525 0.13810390217 
0.341754 65.42527855464 0.14063292392 
0.342261 65.52476954992 0.14211360533 
0.342767 65.22119337761 0.14009371987 
0.343274 65.24759602269 0.13679089063 
0.343780 65.08146660068 0.13885468254 
0.344287 65.31652830354 0.14168934655 
0.344793 65.40635470797 0.14080597474 
0.345300 64.96691485469 0.14067384709 
0.345806 65.11662447749 0.14239022419 
0.346313 65.22331484975 0.14579950682 
0.346819 65.19113453744 0.14409411827 
0.347325 65.10962469373 0.14435519129 
0.347832 64.96039866651 0.14670281972 
0.348338 64.92694088398 0.14652000515 
0.348845 64.75887066056 0.14671033964 
0.349351 64.97892797403 0.14548822019 
0.349858 64.88572845158 0.15272897942 
0.350364 64.65404882263 0.15000259521 
0.350871 64.35860913705 0.14570918246 
0.351377 64.55581842637 0.14910893684 
0.351884 64.49083722714 0.14676843014 
0.352390 64.65841030073 0.14850360241 
0.352897 64.34000458229 0.15072276380 
0.353403 64.15760762581 0.14705591530 
0.353910 64.12333492708 0.14921978717 
0.354416 64.14951159218 0.14965825178 
0.354923 64.55229413375 0.15324115430 
0.355429 64.19695676194 0.15243245138 
0.355935 64.01671471786 0.15426877325 
0.356442 63.73811733533 0.15108656654 
0.356948 63.81233913833 0.15159823085 
0.357455 64.12956838452 0.15556513499 
0.357961 63.92355612269 0.15522053066 
0.358468 63.67858841543 0.15664536731 
0.358974 63.88165136627 0.22244078148 
0.359481 63.92361478447 0.20287762077 
0.359987 63.83825274752 0.19822826293 
0.360494 63.71811006626 0.19034591475 
0.361000 63.75919512053 0.18762633337 
0.361506 63.84276964015 0.18548580222 
0.362013 63.83372778630 0.18706059080 
0.362519 63.82912824492 0.18450241854 
0.363026 64.07296907801 0.18432410166 
0.363532 63.83348733200 0.18973425637 
0.364039 63.63140406172 0.18431022158 
0.364545 63.96958382689 0.17951555082 
0.365052 63.88607174422 0.18633348652 
0.365558 63.83504102273 0.18137451981 
0.366064 63.38484133122 0.18263164229 
0.366571 63.71025328990 0.18740736578 
0.367077 63.74027726931 0.18724838538 
0.367584 63.46157350036 0.18635584347 
0.368090 63.59563461878 0.18772885087 
0.368597 63.69974608321 0.19037797808 
0.369103 63.54220589139 0.18642340934 
0.369610 63.70564375642 0.18872742289 
0.370116 63.61544824963 0.18755582352 
0.370622 63.55892832425 0.19027870495 
0.371129 63.46364141234 0.19023212731 
0.371635 63.56749831678 0.19107001813 
0.372142 63.67912928338 0.18891167386 
0.372648 63.50057592523 0.19214537673 
0.373155 63.47587735471 0.19518587619 
0.373661 63.66712761974 0.19781761248 
0.374167 63.22679445728 0.19733365858 
0.374674 63.46366295352 0.19995566442 
0.375180 63.11102084501 0.19640566042 
0.375687 63.61301722769 0.19470333563 
0.376193 63.52646802995 0.20059265726 
0.376700 63.42878915964 0.20208282685 
0.377206 63.36397066151 0.20263535433 
0.377712 63.36860491815 0.20137463289 
0.378219 63.57462978357 0.20322697553 
0.378725 63.52828338873 0.20442658313 
0.379232 63.25219329926 0.20581018279 
0.379738 63.26566837250 0.20689612116 
0.380245 63.22490293346 0.21160087113 
0.380751 63.39527136780 0.20742197923 
0.381257 63.43416247868 0.20988595740 
0.381764 63.31117057601 0.20984110218 
0.382270 63.27476178003 0.20450525271 
0.382777 63.01181636606 0.20988037902 
0.383283 63.14784999951 0.21122792412 
0.383789 62.97869233926 0.21287295133 
0.384296 62.91575338916 0.20878521401 
0.384802 63.36742558213 0.21101498715 
0.385309 62.80455219232 0.21043810655 
0.385815 63.16733256277 0.21314540401 
0.386321 62.77207882075 0.20926134639 
0.386828 62.83042078231 0.21194415950 
0.387334 62.95192800939 0.20966427890 
0.387841 62.77515123252 0.21751644013 
0.388347 62.81408308879 0.21321329688 
0.388853 62.67313676276 0.21612042626 
0.389360 62.81693046205 0.21765196285 
0.389866 62.48775205699 0.21585743035 
0.390373 62.80022525603 0.21931731988 
0.390879 63.01361418219 0.21304310727 
0.391385 62.73566534091 0.21959214060 
0.391892 62.86644054278 0.21848127682 
0.392398 63.08668089359 0.22393572254 
0.392905 62.59201037365 0.22194012451 
0.393411 62.70857822716 0.22492936578 
0.393917 62.73349917870 0.22563323455 
0.394424 62.71365258684 0.22299675184 
0.394930 62.54065847202 0.22672013277 
0.395437 62.80001069945 0.22464742408 
0.395943 62.20057687114 0.22192129749 
0.396449 62.44645306702 0.38748296989 
0.396956 62.51390131188 0.23066482836 
0.397462 62.69904490506 0.23334333405 
0.397969 62.63518288751 0.23683271406 
0.398475 62.77099617793 0.22872912507 
0.398981 62.58585572829 0.23519277810 
0.399488 62.75187193632 0.23136865481 
0.399994 62.68717440489 0.24495572574 
0.400500 63.27033159021 0.24421323756 
0.401007 62.64441945200 0.23807786310 
0.401513 62.42038511569 0.24233651618 
0.402020 62.38260531328 0.24722647160 
0.402526 62.29177689429 0.24758856908 
0.403032 62.30908580669 0.24691700389 
0.403539 62.14338724709 0.24590415423 
0.404045 62.26751967343 0.24802934145 
0.404551 62.27300760287 0.26231319654 
0.405058 62.63976145540 0.27265585060 
0.405564 62.24577136041 0.26380960571 
0.406071 62.27365485680 0.25771610594 
0.406577 62.41791391606 0.25219173372 
0.407083 61.80955485340 0.26028456204 
0.407590 62.43496673224 0.27051704384 
0.408096 62.11493743162 0.26416758293 
0.408602 62.21008987310 0.26947714844 
0.409109 62.45699630637 0.26518032052 
0.409615 61.98108127461 0.26201963322 
0.410121 62.36256694066 0.26657393081 
0.410628 62.18771667541 0.26416845729 
0.411134 62.37555765153 0.27075020139 
0.411641 62.15235527100 0.27387610303 
0.412147 62.41802906596 0.25779089598 
0.412653 61.67290551841 0.26777104229 
0.413160 62.58727814877 0.25912222724 
0.413666 61.86165367988 0.27320343290 
0.414172 61.73580416562 0.27515139287 
0.414679 61.67179067826 0.27429946568 
0.415185 62.14950042482 0.28801729856 
0.415691 61.70285259576 0.27022746536 
0.416198 61.44620941454 0.27454495628 
0.416704 61.84039895266 0.27688351504 
0.417210 62.21316562850 0.28537007127 
0.417717 62.30667830838 0.29584065526 
0.418223 61.76926558905 0.28030498601 
0.418729 61.95909616975 0.27821565485 
0.419236 62.11337981884 0.28371151654 
0.419742 61.44963705494 0.27169340083 
0.420248 62.22511475644 0.27808465284 
0.420755 61.68517158749 0.27840095105 
0.421261 61.88328825134 0.26929690015 
0.421767 61.89945541270 0.28297081738 
0.422274 61.92748942764 0.28417011756 
0.422780 61.71751231698 0.28605604642 
0.423286 61.58579323364 0.28451872729 
0.423793 61.86795542604 0.28315968378 
0.424299 61.83948971711 0.28942485694 
0.424805 61.89726275027 0.28577094667 
0.425312 61.84930325361 0.29036869046 
0.425818 61.83904390270 0.27709111779 
0.426324 61.68252764648 0.30676676222 
0.426831 61.50831674329 0.29527803891 
0.427337 61.56340166308 0.30689877601 
0.427843 61.73220987319 0.28416334665 
0.428350 61.77562497685 0.31882459933 
0.428856 61.23320141692 0.30070140184 
0.429362 61.33879779559 0.30848649331 
0.429869 62.12002033006 0.31472049505 
0.430375 61.38469060510 0.31242889321 
0.430881 61.14875269907 0.31497037604 
0.431388 61.63370563094 0.31451531296 
0.431894 61.47782475574 0.31802622717 
0.432400 61.63804968383 0.33433291426 
0.432907 61.21796904785 0.32186563765 
0.433413 61.47505230525 0.34067749754 
0.433919 61.79555141104 0.32460953521 
0.434425 61.13899812565 0.33328617754 
0.434932 61.83583646737 0.34029795457 
0.435438 61.42579036816 0.33584286185 
0.435944 61.15894777693 0.34055126140 
0.436451 61.38533055816 0.33782682235 
0.436957 61.37083181506 0.35024059089 
0.437463 60.93458106389 0.35345149346 
0.437970 60.96203926488 0.35245609594 
0.438476 61.29721606436 0.36645700132 
0.438982 61.28576688219 0.36089275692 
0.439489 61.52812242215 0.37617451127 
0.439995 61.03940250288 0.36785857602 
0.440501 61.47060007932 0.37150402150 
0.441007 61.01728609317 0.38279229782 
0.441514 61.71725787654 0.38391954840 
0.442020 61.27860069928 0.38903760627 
0.442526 61.42805737740 0.38586610470 
0.443033 61.58358567419 0.38049487945 
0.443539 61.45625433917 0.39265537650 
0.444045 61.12974824293 0.41675501242 
0.444551 60.50180785180 0.41241643792 
0.445058 61.30062924182 0.41596052877 
0.445564 60.96973445180 0.43303677932 
0.446070 60.47573441780 0.43163410080 
0.446577 61.28765449348 0.45023413669 
0.447083 61.17364443217 0.47275961492 
0.447589 60.42431614632 0.45053872277 
0.448095 60.52732313504 0.46138195834 
0.448602 61.15634867596 0.47065831130 
0.449108 60.80664254285 0.47156653432 
0.449614 60.73400533808 0.49476571879 
0.450121 59.53663344528 0.48068067702 
0.450627 60.03625175736 0.49115070945 
0.451133 61.03230675577 0.51354956929 
0.451639 59.95706078565 0.51134319119 
0.452146 61.02089880567 0.53728981577 
0.452652 60.50446047638 0.53937741805 
0.453158 60.93639677651 0.54882948609 
0.453664 60.89790737850 0.56346156409 
0.454171 60.13406420058 0.57534121927 
0.454677 60.73143806054 0.63437124232 
0.455183 60.32241278029 0.64017478175 
0.455689 59.89863620600 0.62049739738 
0.456196 60.10034498928 0.65379344582 
0.456702 60.43884999547 0.62651179329 
0.457208 59.61607623480 0.72441020019 
0.457714 60.22827698802 0.75206447691 
0.458221 60.40131301373 0.76097536566 
0.458727 59.92223985327 0.75270318450 
0.459233 60.40155978480 0.84792004717 
0.459740 60.08385480418 0.89439897126 
0.460246 60.98852236024 0.92134820308 
0.460752 60.84715767509 0.99609953847 
0.461258 59.19689860287 0.97414205313 
0.461765 59.99612881774 1.09333349388 
0.462271 59.75919942894 1.01502852825 
0.462777 59.94320829152 1.18287125552 
0.463283 60.48085641117 1.28940664408 
0.463789 59.33844994588 1.33246319875 
0.464296 60.02205588255 1.37846131485 
0.464802 59.90184823350 1.30964922297 
0.465308 59.80568491057 1.44230792818 
0.465814 59.30311489022 1.62920092769 
0.466321 60.13317333678 1.75706854563 
0.466827 61.22367280640 1.92677010397 
0.467333 60.16287638093 1.95168708248 
0.467839 57.66117540672 1.85679384425 
0.468346 58.95480847474 2.29375617640 
0.468852 60.13874994934 2.63786739751 
0.469358 57.97151089565 2.78668214110 
0.469864 58.74016254642 2.78690758410 
0.470371 60.51561874149 3.87398749601 
0.470877 56.03400128844 4.28521482693 
0.471383 60.89142363904 5.65126193569 
0.471889 56.59642852240 7.42157503615 
0.472395 50.55800656506 5.70293970725 
0.472902 51.83543619625 13.05590613955 
