0.010896 1357.47988424431 14.12659707684 
0.011402 1207.05209319728 12.24825957803 
0.011909 1091.95315191847 12.33388718329 
0.012416 988.52880054915 8.63548895337 
0.012923 880.18089310471 7.68386046065 
0.013430 826.27261477630 11.99656161850 
0.013936 786.75556418358 9.07285014997 
0.014443 739.89209634714 7.32960736627 
0.014950 677.12046419110 6.50037149830 
0.015457 627.67194269251 5.55871057385 
0.015963 576.88168357959 4.69376319127 
0.016470 546.20059229968 4.18391147573 
0.016977 508.79767101840 4.02525471166 
0.017484 476.07541972635 3.39484486316 
0.017990 448.44354106037 2.94005220252 
0.018497 425.78462447450 2.66612721607 
0.019004 401.70870646579 2.43381545167 
0.019511 380.14624343181 2.25203705056 
0.020018 360.24095583889 2.13825662882 
0.020524 344.19266397493 1.89822350700 
0.021031 329.35642921972 1.86476626789 
0.021538 315.49116327454 1.71939150001 
0.022045 300.87558101847 1.69933054422 
0.022551 292.43277115989 1.57906655706 
0.023058 279.61250175609 1.54697226235 
0.023565 269.41141098764 1.56646914852 
0.024072 260.15488271819 1.69532995629 
0.024579 251.45893265423 1.69859112610 
0.025085 243.89762398025 2.00009437392 
0.025592 237.65292896947 2.11002912050 
0.026099 229.63662790422 2.13138177882 
0.026606 223.17395654774 1.60189599736 
0.027112 216.79691211683 1.79071607337 
0.027619 212.02803006840 1.62246350237 
0.028126 208.36512004836 1.43418459185 
0.028633 203.25930516332 1.39022295122 
0.029139 197.43987919957 1.13727925695 
0.029646 193.11327451433 1.20616216697 
0.030153 189.36621572575 1.18068166321 
0.030660 186.71492925441 1.06682931615 
0.031167 183.01691548502 0.93129053890 
0.031673 179.55924547423 0.89903953691 
0.032180 177.30828188769 0.86102181319 
0.032687 173.49530351853 0.88053835797 
0.033194 170.34161869804 0.86530228569 
0.033700 167.54454842294 0.79700759181 
0.034207 165.78798098564 0.77307090609 
0.034714 161.68165917309 0.75867405488 
0.035221 160.69442751952 0.67905857849 
0.035727 158.44247749027 0.69300113776 
0.036234 155.76628175646 0.68740303938 
0.036741 154.06267744674 0.69683710907 
0.037248 152.25976823425 0.66424207236 
0.037755 150.25429905131 0.61456217873 
0.038261 148.24940688433 0.60956770804 
0.038768 147.35174497172 0.58393845207 
0.039275 146.28126249474 0.60550696821 
0.039782 143.70829380236 0.58137925692 
0.040288 142.62104490239 0.56076327180 
0.040795 141.99443869659 0.56735279451 
0.041302 140.43901572488 0.54116576749 
0.041809 139.38123314229 0.54424392591 
0.042315 137.74130598996 0.54004668216 
0.042822 137.16485561712 0.54058399817 
0.043329 135.62483138983 0.53325653335 
0.043836 133.76856473671 0.54371773039 
0.044343 132.21018056651 0.53475271683 
0.044849 131.35359833051 0.52761903728 
0.045356 130.92903300806 0.52434910197 
0.045863 129.58504683697 0.51159381378 
0.046370 128.81337615799 0.49786743012 
0.046876 127.14206208033 0.48716453460 
0.047383 126.89247757649 0.48906349497 
0.047890 126.79719459109 0.49553122048 
0.048397 124.61952334504 0.47650577753 
0.048903 125.01820871874 0.47751273081 
0.049410 124.19351152594 0.46702527752 
0.049917 122.40400905086 0.44911509831 
0.050424 121.77737574328 0.47525638314 
0.050931 121.50164995595 0.44520703086 
0.051437 121.21115914569 0.43034503661 
0.051944 119.56066040235 0.47119490044 
0.052451 119.34162085235 0.45094193060 
0.052958 118.63963864533 0.44654926325 
0.053464 118.33378226656 0.43602332351 
0.053971 117.48842214178 0.45142803073 
0.054478 116.39472868631 0.45384168898 
0.054985 115.55223386279 0.43835968408 
0.055491 114.50039790100 0.41175171409 
0.055998 114.29667954626 0.43485152235 
0.056505 114.03514642489 0.41632504379 
0.057012 113.60760126586 0.43755173891 
0.057519 112.94117688688 0.41070909804 
0.058025 112.70300859010 0.41886031370 
0.058532 111.54373261440 0.42725240642 
0.059039 111.29760163033 0.40260969723 
0.059546 111.02413087328 0.43320832085 
0.060052 110.57096445244 0.42760750390 
0.060559 109.97156227626 0.39659597524 
0.061066 109.23457445922 0.41480834583 
0.061573 108.75215460991 0.40015074479 
0.062079 108.47389527168 0.41131670699 
0.062586 107.78707707527 0.39787696862 
0.063093 108.09883784139 0.39592198671 
0.063600 106.94915335781 0.39409892339 
0.064106 106.64308469299 0.39124046501 
0.064613 105.84436787858 0.39441766819 
0.065120 105.58068165026 0.38304752270 
0.065627 105.55661792555 0.38515848329 
0.066134 104.80617470235 0.38667798356 
0.066640 104.53944721401 0.37384185385 
0.067147 104.18475029811 0.39371461550 
0.067654 103.86685235784 0.37480838319 
0.068161 104.03866793203 0.36411052596 
0.068667 103.69449119074 0.36280631676 
0.069174 102.87789672742 0.38248264942 
0.069681 102.71639052861 0.37155269151 
0.070188 101.87069421551 0.33935294588 
0.070694 102.44566159203 0.35721789951 
0.071201 101.62163288345 0.36187703840 
0.071708 101.88613383653 0.36290513515 
0.072215 101.04689806537 0.34498927963 
0.072721 101.01097161670 0.33933401028 
0.073228 100.78792966759 0.33999369122 
0.073735 99.92451739174 0.35714347376 
0.074242 99.86661813748 0.36084306818 
0.074748 99.80531391958 0.33684161613 
0.075255 99.15493462299 0.34342110842 
0.075762 98.96341838471 0.33723753692 
0.076269 99.12423728354 0.35438415046 
0.076776 98.59948706618 0.33754713370 
0.077282 98.59636023491 0.32703971383 
0.077789 97.54433537702 0.33054644408 
0.078296 97.60920970004 0.32721214676 
0.078803 97.67111803088 0.33374430096 
0.079309 97.30515330912 0.32305544768 
0.079816 97.80320203398 0.32333636073 
0.080323 97.42544024600 0.33113445014 
0.080830 97.39251297447 0.34400331007 
0.081336 97.34247500637 0.34132536865 
0.081843 97.10318514831 0.32932687098 
0.082350 96.57974404470 0.31581757096 
0.082857 96.80372185219 0.33623633096 
0.083363 96.41561311443 0.33380910334 
0.083870 96.25450619762 0.32715999834 
0.084377 95.73496243941 0.32903805659 
0.084884 95.26249822209 0.33722063955 
0.085390 95.71601369447 0.33343956885 
0.085897 95.79419537375 0.32540386273 
0.086404 95.55047501788 0.33781228887 
0.086911 95.18487524279 0.34250423982 
0.087417 95.14374900928 0.33266346208 
0.087924 94.58104517140 0.33125596640 
0.088431 94.78683118458 0.32883086346 
0.088938 94.70830228457 0.32058691858 
0.089444 94.46940230147 0.33359945544 
0.089951 94.30150883487 0.33290123360 
0.090458 93.92903862106 0.34316658806 
0.090965 93.87001757686 0.33680787693 
0.091471 93.97576855862 0.32669713071 
0.091978 93.68495654505 0.33106557834 
0.092485 92.87090919169 0.35786326858 
0.092992 93.10477655086 0.32851533544 
0.093498 93.25822071002 0.33062298665 
0.094005 93.15624441332 0.34242048368 
0.094512 92.66275495179 0.33303541006 
0.095019 92.39292648491 0.32438564347 
0.095525 92.77666878064 0.33719547677 
0.096032 91.86559919742 0.32967231668 
0.096539 92.28045252624 0.33582323757 
0.097046 91.89175738252 0.32195470221 
0.097552 92.07088977812 0.32747351070 
0.098059 91.51872450114 0.33162542939 
0.098566 92.01260338748 0.31660324267 
0.099073 91.84557396396 0.32980614159 
0.099579 91.21356764490 0.31422195470 
0.100086 91.21874511204 0.33616512649 
0.100593 91.21788711492 0.32239624061 
0.101100 91.28627563097 0.31354697427 
0.101606 91.18468596317 0.31787716664 
0.102113 90.21341419548 0.30597191927 
0.102620 89.62690457967 0.30571400118 
0.103127 88.86072951528 0.29890465335 
0.103633 88.71283097984 0.29277141955 
0.104140 88.96165379481 0.30274690957 
0.104647 88.09991797996 0.29929627993 
0.105154 88.56553803367 0.30407102955 
0.105660 88.38530561244 0.30077725298 
0.106167 87.98396203028 0.28921742236 
0.106674 88.32774028729 0.29563764171 
0.107181 87.98317483729 0.30020202618 
0.107687 87.91871105090 0.29917219981 
0.108194 88.11493611525 0.28866112949 
0.108701 88.24930799054 0.29129636975 
0.109208 88.07365332314 0.29632491909 
0.109714 87.92643423916 0.29360860926 
0.110221 87.80517379539 0.29123021618 
0.110728 87.59439023617 0.28352979644 
0.111235 87.79367936374 0.28099620849 
0.111741 87.15607548701 0.28710246418 
0.112248 87.34699245950 0.28235463490 
0.112755 86.97605207276 0.28050613135 
0.113262 87.48995840689 0.27981835298 
0.113768 86.71576108863 0.27321054331 
0.114275 87.15312008137 0.27318160617 
0.114782 86.58448403810 0.27133833707 
0.115289 86.87420330266 0.28033169051 
0.115795 86.78622039252 0.27176022320 
0.116302 86.47156703465 0.28056662309 
0.116809 86.43165845893 0.27600752017 
0.117316 86.04152749711 0.26805162389 
0.117822 86.82452674702 0.27258638717 
0.118329 85.74982464282 0.26719266956 
0.118836 85.79377047342 0.27375564320 
0.119342 85.79118299632 0.26426541279 
0.119849 85.59356118103 0.26754815875 
0.120356 86.08289038721 0.26745055348 
0.120863 85.85143840495 0.26434683178 
0.121369 85.95535058112 0.26541347100 
0.121876 85.55065733154 0.26803539720 
0.122383 85.36473860412 0.26120070164 
0.122890 85.75089040362 0.26296899464 
0.123396 85.59360052613 0.26310379647 
0.123903 85.01270452864 0.26124096982 
0.124410 85.27862430043 0.26800659893 
0.124917 84.64924667598 0.26404752757 
0.125423 85.19025106046 0.26149952923 
0.125930 84.95851850834 0.25676070740 
0.126437 84.49825698657 0.25718392901 
0.126944 84.90500341440 0.25414337474 
0.127450 84.94191223324 0.25761279778 
0.127957 84.74239750708 0.25693589064 
0.128464 84.25529440373 0.25355518403 
0.128970 84.51966846707 0.25939798985 
0.129477 84.77124025047 0.24357326680 
0.129984 84.42533147614 0.25810367502 
0.130491 84.05288168314 0.25388579573 
0.130997 83.83400292966 0.24568403607 
0.131504 84.21188586057 0.25177999028 
0.132011 84.28868347863 0.25452568543 
0.132518 84.56461078028 0.24764907464 
0.133024 84.06696323706 0.24701631378 
0.133531 84.09759772391 0.24362868684 
0.134038 83.59737957844 0.24309862157 
0.134545 83.54750582674 0.23645781040 
0.135051 83.86257188355 0.24767209175 
0.135558 83.90175830383 0.23726046713 
0.136065 83.92558118605 0.24310809011 
0.136571 83.58838581938 0.24422046503 
0.137078 83.83925808101 0.23860308419 
0.137585 83.52433142521 0.24548363307 
0.138092 83.60666497155 0.24875982967 
0.138598 82.81089419525 0.23765125230 
0.139105 83.21814201993 0.24031548984 
0.139612 83.29805146581 0.23766337515 
0.140119 83.16609017974 0.24242531804 
0.140625 82.67429286086 0.24550681008 
0.141132 83.03488358288 0.24767932750 
0.141639 82.53297536217 0.24843288970 
0.142145 82.64046552944 0.23892635038 
0.142652 82.32785788579 0.23911870537 
0.143159 82.60734608342 0.23598048817 
0.143666 82.09320775334 0.24134567030 
0.144172 82.48346665198 0.24237563711 
0.144679 82.41479476855 0.23746803383 
0.145186 82.23850580251 0.24595280478 
0.145692 82.31815287208 0.24374530797 
0.146199 82.04606429312 0.24439616437 
0.146706 82.22873532051 0.23591502731 
0.147213 82.23218351320 0.24407515026 
0.147719 81.57890908936 0.24190055452 
0.148226 81.54922721810 0.24230484214 
0.148733 81.47266285865 0.24250161968 
0.149240 81.50025314017 0.23998159672 
0.149746 81.32654677164 0.24799625994 
0.150253 81.47386790652 0.24261206639 
0.150760 81.35425738038 0.23999328710 
0.151266 81.34780414903 0.24189945792 
0.151773 81.06682580318 0.24218594446 
0.152280 80.56909267739 0.24444733744 
0.152787 80.73771894879 0.24189520473 
0.153293 80.71174210577 0.23234033586 
0.153800 80.59390870751 0.23713244108 
0.154307 80.69677725066 0.24286280084 
0.154813 80.77354486788 0.23918883623 
0.155320 80.67392212346 0.24029965502 
0.155827 80.65893265396 0.24086552224 
0.156334 80.72804349975 0.24174412154 
0.156840 80.43116313150 0.24301690186 
0.157347 80.64030911437 0.24013044156 
0.157854 80.33569143888 0.23290808106 
0.158360 80.47574832120 0.23749222064 
0.158867 79.73553546374 0.22977515434 
0.159374 80.10446709024 0.23365899893 
0.159881 80.05837699158 0.23773336493 
0.160387 79.72023641662 0.23142090456 
0.160894 79.62165866138 0.23177765388 
0.161401 80.27910687872 0.23468945447 
0.161907 79.95300184844 0.23769284784 
0.162414 79.75982984001 0.22934888367 
0.162921 79.31801709520 0.23253481622 
0.163427 79.53485189987 0.23031708138 
0.163934 79.27655968756 0.23543149762 
0.164441 79.37092524455 0.23231210615 
0.164948 79.22576241154 0.23125780282 
0.165454 79.21726487123 0.23220148612 
0.165961 79.30461890729 0.22796352798 
0.166468 79.11047281616 0.23176466821 
0.166974 79.36433023403 0.23452216274 
0.167481 78.65269955027 0.22841028562 
0.167988 79.10838517544 0.22904759168 
0.168495 79.17125108589 0.23477599094 
0.169001 78.86362569732 0.22939391828 
0.169508 79.23292176437 0.23169891812 
0.170015 79.13795203359 0.23416875606 
0.170521 78.96011685162 0.23069296101 
0.171028 79.59209871880 0.23749449395 
0.171535 79.16852153438 0.23749170419 
0.172041 79.31190367722 0.23427341712 
0.172548 78.94797220311 0.23545387916 
0.173055 79.22071506985 0.23834823912 
0.173562 79.03004598629 0.23319281983 
0.174068 79.07087626545 0.23481217963 
0.174575 79.14718723283 0.23744768196 
0.175082 78.65852426760 0.23442398101 
0.175588 78.89384889063 0.23660378463 
0.176095 78.92640127439 0.24318007665 
0.176602 78.88249376498 0.23472548285 
0.177108 78.92956547429 0.23712800958 
0.177615 78.85141419672 0.23658980118 
0.178122 78.89094949003 0.23646030110 
0.178629 78.59759441359 0.23674809466 
0.179135 78.14527634647 0.24377647506 
0.179642 78.65655741175 0.23349735029 
0.180149 78.52574648037 0.23575496965 
0.180655 78.44003638814 0.23921127557 
0.181162 78.55679467873 0.23690012544 
0.181669 79.21052183931 0.24296474872 
0.182175 78.91954604271 0.24497901344 
0.182682 78.60247717230 0.24077551437 
0.183189 78.98970496534 0.24666830823 
0.183695 78.34612137751 0.24393510428 
0.184202 78.56292702205 0.24566142078 
0.184709 78.34611852471 0.24372759690 
0.185216 78.24552314947 0.24023677525 
0.185722 78.06392864891 0.24365228713 
0.186229 78.02896891973 0.24016906608 
0.186736 78.01858832664 0.24331717328 
0.187242 77.69527833571 0.24331520473 
0.187749 78.22440023422 0.25121804862 
0.188256 77.99121201279 0.24822203153 
0.188762 77.88603873006 0.24764305604 
0.189269 78.01580535319 0.24265097770 
0.189776 77.65539678683 0.25425427999 
0.190282 77.63787672897 0.24299699379 
0.190789 77.76956710789 0.24742398025 
0.191296 77.61468381463 0.24137047321 
0.191802 77.16645682108 0.23939189680 
0.192309 76.82515297871 0.23783403420 
0.192816 76.94213307716 0.24485607321 
0.193323 76.82966540665 0.23442246959 
0.193829 76.77308010945 0.23491780856 
0.194336 76.63932662520 0.23432670836 
0.194843 76.32248308998 0.23057052988 
0.195349 76.46638938561 0.23606410925 
0.195856 76.48503198538 0.23405656648 
0.196363 76.68012727732 0.23385634606 
0.196869 76.39698510533 0.23256102809 
0.197376 76.15096810626 0.23123291988 
0.197883 76.14042226940 0.22954932844 
0.198389 76.31191869637 0.22671850085 
0.198896 75.87232134889 0.22338793070 
0.199403 75.80462263911 0.22180992874 
0.199909 75.81349344314 0.22220733521 
0.200416 75.76489502521 0.22642893148 
0.200923 75.84759914589 0.22390716504 
0.201429 75.85760862799 0.21838099932 
0.201936 75.94364190570 0.21735129197 
0.202443 75.80618220461 0.21939530699 
0.202949 75.52077796466 0.22191471402 
0.203456 75.55166096286 0.21973572110 
0.203963 75.53779569000 0.22187219715 
0.204469 75.08316196620 0.21580685288 
0.204976 75.81198216750 0.22021427241 
0.205483 75.23816030290 0.21610571965 
0.205989 75.26772658666 0.21771009319 
0.206496 75.62694516878 0.21538037156 
0.207003 75.67963980469 0.21923798703 
0.207509 75.48405612952 0.21235060018 
0.208016 75.24171063166 0.21516088531 
0.208523 75.28113364600 0.21252125199 
0.209029 75.07595037306 0.21428826939 
0.209536 75.20212725597 0.21430271505 
0.210043 75.60422599795 0.21237849329 
0.210549 74.96952591475 0.21122731864 
0.211056 75.19540236470 0.21334591596 
0.211563 75.05685627361 0.20656130121 
0.212069 75.07509081014 0.21292534894 
0.212576 75.04735510383 0.21336911917 
0.213083 74.90537630483 0.21175667394 
0.213589 75.05484063208 0.21485521497 
0.214096 74.87988475777 0.20237067447 
0.214603 74.48005620781 0.20918936098 
0.215109 74.80801279309 0.20990582873 
0.215616 75.03634820930 0.21207657782 
0.216123 74.41213079171 0.20762870183 
0.216629 74.25659498017 0.20484732392 
0.217136 74.19310401502 0.20801125032 
0.217643 73.96194438662 0.20294848609 
0.218149 74.10853487101 0.20778383640 
0.218656 74.10103519481 0.20411470096 
0.219163 73.89394859567 0.20553059054 
0.219669 74.18288183054 0.21007688632 
0.220176 74.03683118505 0.20518990999 
0.220683 73.91203527592 0.20679754682 
0.221189 74.23774146354 0.20336335054 
0.221696 74.15269257759 0.20408759018 
0.222203 74.14546632978 0.20823758454 
0.222709 73.75699988631 0.20105016897 
0.223216 73.93388547011 0.20444594819 
0.223722 73.76943495221 0.20142940503 
0.224229 73.88008383081 0.20331693264 
0.224736 73.49644266234 0.20241295471 
0.225242 73.33554544198 0.20057268874 
0.225749 73.30363317396 0.20202663717 
0.226256 73.68327900872 0.20296534694 
0.226762 73.58335443556 0.20010652076 
0.227269 73.31968212794 0.20122337959 
0.227776 73.48557468765 0.20124942367 
0.228282 73.50663239138 0.19955793801 
0.228789 73.23689005112 0.19711554368 
0.229296 73.17493868203 0.20159287776 
0.229802 73.11264138833 0.19989428523 
0.230309 73.01660982042 0.20186283599 
0.230816 73.31010033859 0.20195522745 
0.231322 73.02527157545 0.20307293865 
0.231829 73.07385039198 0.19655138388 
0.232335 73.05261255488 0.19835728645 
0.232842 72.91783729294 0.20141172197 
0.233349 72.90844114009 0.20089457032 
0.233855 73.02878572485 0.20128295972 
0.234362 72.71308341113 0.20023874029 
0.234869 72.74521004119 0.19884492732 
0.235375 72.57778258490 0.19911230334 
0.235882 72.50891689538 0.19836680745 
0.236389 72.45566061261 0.19860064060 
0.236895 72.29687007078 0.20204249067 
0.237402 72.42441964535 0.19911520918 
0.237908 72.49641310429 0.19739509295 
0.238415 72.49113095817 0.19846367339 
0.238922 72.00123854310 0.19860154698 
0.239428 72.25885141904 0.19852603443 
0.239935 72.12675558688 0.19503832989 
0.240442 72.00119566831 0.19718821407 
0.240948 71.92865413839 0.19934833111 
0.241455 71.84985242448 0.19970549629 
0.241962 72.21843932791 0.19711581818 
0.242468 72.05513843698 0.19806357953 
0.242975 72.01365716465 0.19513256176 
0.243481 71.58358082006 0.19885502766 
0.243988 71.72493823147 0.20015910172 
0.244495 71.82678825778 0.19639063520 
0.245001 71.62537640297 0.19836160884 
0.245508 71.69467099204 0.19926578139 
0.246015 71.77456658527 0.19502038683 
0.246521 71.59577158847 0.19597984968 
0.247028 71.53088423498 0.19673646591 
0.247534 71.58487794948 0.19900458718 
0.248041 71.28947760544 0.19534192981 
0.248548 71.59242718004 0.19607416634 
0.249054 71.55992829658 0.19459766884 
0.249561 71.22290219431 0.19817086701 
0.250068 71.18500774242 0.19754817701 
0.250574 71.26130322999 0.20183579993 
0.251081 71.25954334967 0.19516921452 
0.251587 71.20733133596 0.19538987371 
0.252094 71.20092063564 0.19609404539 
0.252601 71.25301615512 0.19786293085 
0.253107 70.78331286890 0.20057234438 
0.253614 71.19955166984 0.19528935059 
0.254120 71.03254813174 0.19674834982 
0.254627 71.15201015194 0.19702697523 
0.255134 70.78850786989 0.19773893547 
0.255640 70.98501500008 0.19757842640 
0.256147 71.08530676844 0.19724003599 
0.256654 70.65236584182 0.19893564896 
0.257160 71.38507186961 0.19698262233 
0.257667 71.35930574745 0.19269363783 
0.258173 71.36190875742 0.19809745428 
0.258680 71.43084353602 0.19658883990 
0.259187 71.58816667600 0.19460539480 
0.259693 71.61174046024 0.19810069205 
0.260200 71.43189421632 0.19706383973 
0.260706 71.73723740011 0.19475652785 
0.261213 71.60393733936 0.19421993645 
0.261720 71.68723252513 0.19579373975 
0.262226 71.64008063951 0.19322754739 
0.262733 71.69330879628 0.19510176480 
0.263239 71.56535385487 0.19449972117 
0.263746 71.79073135540 0.19435790326 
0.264253 71.83385096678 0.19564122243 
0.264759 71.64757885175 0.19004447051 
0.265266 71.79059839229 0.19600531683 
0.265772 71.57416255309 0.19248869860 
0.266279 71.71232191067 0.19316508306 
0.266786 71.58468571797 0.19349107231 
0.267292 71.67788738146 0.19248542962 
0.267799 72.08833195793 0.19248658836 
0.268305 71.81685882364 0.19104516032 
0.268812 71.43344295534 0.19308271822 
0.269319 71.82132546487 0.19141283989 
0.269825 71.84091001638 0.18873050771 
0.270332 71.75280661667 0.19376912593 
0.270838 71.64349764274 0.19193748390 
0.271345 72.05397611761 0.19342821308 
0.271852 72.35228593548 0.19028489063 
0.272358 72.23003999538 0.19177611710 
0.272865 72.06851292876 0.19483561385 
0.273371 72.19280528022 0.19329851705 
0.273878 72.03623712362 0.18938953753 
0.274385 72.35000175546 0.19099114385 
0.274891 72.28558607618 0.19395643337 
0.275398 72.01265151452 0.19099999116 
0.275904 72.05675374312 0.18519945215 
0.276411 72.31263229494 0.18243563832 
0.276917 72.34014996635 0.18323407863 
0.277424 72.11578277644 0.18929767244 
0.277931 72.12006624172 0.18267991971 
0.278437 72.09635896678 0.18016466654 
0.278944 72.08038343350 0.18093934611 
0.279450 72.14887557875 0.17852932002 
0.279957 72.24462912455 0.18414085796 
0.280464 71.83021617713 0.18131024601 
0.280970 72.06214251740 0.18114384078 
0.281477 72.23146663192 0.18213217912 
0.281983 72.03566347892 0.18416061710 
0.282490 71.97036224575 0.18390767876 
0.282996 72.04489038629 0.18191794992 
0.283503 72.04368810771 0.18199766369 
0.284010 72.24398369624 0.17985945133 
0.284516 71.73292312425 0.17658378011 
0.285023 71.79101150212 0.17690664666 
0.285529 71.74744698071 0.17399069667 
0.286036 71.63841990414 0.17327569301 
0.286542 71.67641506808 0.17398822412 
0.287049 71.67470299329 0.17087812020 
0.287556 71.57352372294 0.17380066870 
0.288062 71.45219575255 0.17273903214 
0.288569 71.65352261355 0.17327765478 
0.289075 71.47940186035 0.16879828408 
0.289582 71.55449690768 0.17210631135 
0.290088 71.48036870379 0.16802146755 
0.290595 71.43501047742 0.16894854059 
0.291102 71.32977558797 0.16947233394 
0.291608 71.27007328234 0.17073225467 
0.292115 71.29746157140 0.16851459105 
0.292621 71.07274068305 0.16778059861 
0.293128 70.87897657400 0.16508310438 
0.293634 71.28044551729 0.16738886328 
0.294141 70.86595876316 0.16412828848 
0.294647 71.21543661508 0.16989680901 
0.295154 71.11315729006 0.16576111897 
0.295661 70.83144631445 0.16569998314 
0.296167 71.01179640335 0.16487622802 
0.296674 70.83321479110 0.16634904078 
0.297180 70.79901532251 0.16601540796 
0.297687 70.77575070041 0.16274233186 
0.298193 70.88960156764 0.16617150968 
0.298700 70.61322292812 0.16467049766 
0.299207 70.57271610884 0.16343395878 
0.299713 70.43786825385 0.16627911432 
0.300220 70.34043058999 0.16261078769 
0.300726 70.42933300696 0.16547808406 
0.301233 70.40622573529 0.16551167969 
0.301739 70.76318944624 0.16491242393 
0.302246 70.37131124109 0.16618898689 
0.302752 70.11986382673 0.16273561170 
0.303259 70.25064193506 0.16312765756 
0.303765 70.39780758349 0.16164751159 
0.304272 70.26134824121 0.16247900897 
0.304779 70.24603478998 0.16051198796 
0.305285 70.26621478103 0.16174394096 
0.305792 70.12601523909 0.15904059475 
0.306298 69.95321675749 0.16087068064 
0.306805 70.10997970164 0.16228602798 
0.307311 69.90919323588 0.15863483620 
0.307818 69.64511223182 0.16016160622 
0.308324 69.59052729496 0.15637390698 
0.308831 69.29450795534 0.15715548051 
0.309337 68.96211213652 0.15197840227 
0.309844 69.48336838524 0.15423508372 
0.310350 69.36193092641 0.15564007096 
0.310857 68.93968234813 0.15371451649 
0.311364 68.59061912297 0.15185093500 
0.311870 68.48547047807 0.14936737402 
0.312377 68.31623181907 0.15187067780 
0.312883 68.21320205589 0.14613125778 
0.313390 68.00906671021 0.14563521505 
0.313896 67.72175032445 0.14795465446 
0.314403 67.64514603475 0.14552479995 
0.314909 67.35072324170 0.14404500172 
0.315416 67.49993053983 0.14387650355 
0.315922 67.53645329866 0.14206472054 
0.316429 67.22127325895 0.13912651803 
0.316935 67.33393514933 0.14025813339 
0.317442 67.12266242615 0.14373643215 
0.317948 66.98096452007 0.14242151711 
0.318455 67.05347683653 0.13913765863 
0.318961 67.05647630230 0.14193188037 
0.319468 67.04091419043 0.14054109350 
0.319975 66.90592337407 0.14355063247 
0.320481 66.89639090770 0.14091162486 
0.320988 66.67777496372 0.14262249619 
0.321494 66.74917365367 0.13802797975 
0.322001 66.88621200572 0.17485109644 
0.322507 66.79390702126 0.14184101373 
0.323014 66.56195388295 0.14417021204 
0.323520 66.47527166709 0.14258727462 
0.324027 66.63211559541 0.14216641339 
0.324533 66.27173003497 0.14201540322 
0.325040 66.32331716593 0.14064749563 
0.325546 66.47689320363 0.13944258193 
0.326053 66.05940148636 0.14089617046 
0.326559 66.30226730777 0.13626782898 
0.327066 66.24701543990 0.13744343009 
0.327572 66.30604179936 0.13787091100 
0.328079 66.20288076646 0.13918718430 
0.328585 66.15578167918 0.13842750394 
0.329092 66.37360976387 0.13549850184 
0.329598 66.15669030288 0.13880234983 
0.330105 66.15723315346 0.13885474510 
0.330611 65.79500565533 0.13712104512 
0.331118 66.12339184883 0.14099198199 
0.331624 66.06461162957 0.13751687064 
0.332131 65.65413991069 0.14086205142 
0.332637 65.73968494300 0.13782762464 
0.333144 65.80049970383 0.14037564144 
0.333650 65.83014228722 0.13595152081 
0.334157 66.04347613842 0.13803891801 
0.334663 65.56094473292 0.13672389230 
0.335170 65.77137339838 0.13743708320 
0.335676 65.75113349918 0.13496824103 
0.336183 65.49710506342 0.13809787970 
0.336689 65.39990588329 0.13635268845 
0.337196 65.45458593435 0.13960100292 
0.337702 65.60188249022 0.13689651588 
0.338209 65.61296984781 0.13970291158 
0.338715 65.62273879999 0.14375264565 
0.339222 65.40544486573 0.14052079080 
0.339728 65.55102285830 0.14024473156 
0.340235 65.33483127198 0.21228711596 
0.340741 65.55574625467 0.13900556673 
0.341248 65.20177483507 0.13907597038 
0.341754 65.25271187940 0.13854574458 
0.342261 65.37580556151 0.13657815331 
0.342767 65.24121936377 0.13906457827 
0.343274 65.35550387306 0.13865409356 
0.343780 65.16414910145 0.14163744873 
0.344287 64.98949906506 0.13657385619 
0.344793 65.03695531014 0.13597751915 
0.345300 65.10896357705 0.14032841186 
0.345806 64.92811369372 0.14248795406 
0.346313 64.97764840564 0.14221703170 
0.346819 64.85681801028 0.14352085954 
0.347325 64.93406604964 0.14471276871 
0.347832 64.95080159986 0.14368399090 
0.348338 64.87575543875 0.14597768119 
0.348845 64.81523695461 0.14461364292 
0.349351 64.69282704170 0.15041670493 
0.349858 64.62142732163 0.15114965888 
0.350364 64.83780856248 0.14695473628 
0.350871 64.62286903528 0.15081090130 
0.351377 64.62199322066 0.15066002009 
0.351884 64.59860464820 0.14911895935 
0.352390 64.43496013101 0.14779611932 
0.352897 64.62567134729 0.14936471265 
0.353403 64.42040109919 0.15169429402 
0.353910 64.29860287393 0.15380297865 
0.354416 64.42075689483 0.15075711543 
0.354923 64.36294334005 0.15385760691 
0.355429 64.11401798322 0.15182960273 
0.355935 63.86124361314 0.14940547353 
0.356442 63.80358982126 0.15373380141 
0.356948 64.08420245623 0.15431957573 
0.357455 64.01270869990 0.15630681181 
0.357961 63.63184421873 0.15632746841 
0.358468 63.75803699061 0.15589421978 
0.358974 63.67016770841 0.21960337652 
0.359481 63.98239266092 0.20494847431 
0.359987 63.99728651375 0.19881712401 
0.360494 63.62600787045 0.18807092459 
0.361000 63.80351859872 0.18968491896 
0.361506 63.87324213698 0.18646015985 
0.362013 63.84916989812 0.18506440126 
0.362519 63.78974532352 0.18599642759 
0.363026 63.65205480522 0.18246418976 
0.363532 64.04924503367 0.18959831485 
0.364039 63.86016050429 0.18202647535 
0.364545 63.54877663689 0.18404493147 
0.365052 63.62200484762 0.18693771965 
0.365558 63.92488608857 0.18376577204 
0.366064 63.43292191442 0.18504879941 
0.366571 63.65643798712 0.18308168467 
0.367077 63.85790568883 0.18585909206 
0.367584 64.09391260474 0.18694991811 
0.368090 63.56978950139 0.18865843490 
0.368597 63.74873326759 0.19162631122 
0.369103 63.72548013807 0.18634569892 
0.369610 63.90595151811 0.18894815427 
0.370116 63.55118517634 0.19309639743 
0.370622 63.58183624797 0.19038087393 
0.371129 63.85402258039 0.19349170219 
0.371635 63.32623923516 0.19241763935 
0.372142 63.58211784646 0.19256236718 
0.372648 63.65849901384 0.19523444716 
0.373155 63.32896213466 0.19425321959 
0.373661 63.64826150777 0.19508224226 
0.374167 63.56333200240 0.19689106584 
0.374674 63.42670085849 0.19826111048 
0.375180 63.52549780779 0.19693340068 
0.375687 63.56534612011 0.19751686757 
0.376193 63.41360393018 0.20247313985 
0.376700 63.21262693321 0.20038889194 
0.377206 63.40899959862 0.20163434321 
0.377712 63.52462505800 0.20432644008 
0.378219 63.54463186363 0.20556796599 
0.378725 63.01402769052 0.20265711235 
0.379232 62.99970186731 0.20393385325 
0.379738 63.28286249791 0.20886029476 
0.380245 63.26100557457 0.20702656751 
0.380751 63.33311929446 0.20893241193 
0.381257 63.25794148938 0.20626912951 
0.381764 63.17500263259 0.21060995243 
0.382270 63.17855506354 0.21015001344 
0.382777 63.34558395466 0.21137336665 
0.383283 62.90500862795 0.20874104723 
0.383789 62.96626262289 0.20969847331 
0.384296 62.86192917932 0.20875490551 
0.384802 63.08968873995 0.21172504033 
0.385309 63.04863698135 0.20927877881 
0.385815 62.86584023948 0.20687052272 
0.386321 62.89742639897 0.21584706658 
0.386828 63.02854799806 0.21325782773 
0.387334 62.64564519479 0.21251787009 
0.387841 62.73855452495 0.21821916516 
0.388347 62.57262759882 0.21567435086 
0.388853 62.81307081507 0.21414319393 
0.389360 62.56811073771 0.21625684307 
0.389866 62.96921188784 0.21568924227 
0.390373 62.83758112236 0.21562277015 
0.390879 62.71898833931 0.21773484790 
0.391385 62.61733991094 0.21917582177 
0.391892 62.46387738223 0.21487248650 
0.392398 62.54051112116 0.22034227300 
0.392905 62.50038479281 0.21762976108 
0.393411 62.90428911078 0.22094705220 
0.393917 62.73954475183 0.22693698124 
0.394424 62.53160149680 0.22156563293 
0.394930 62.84359576781 0.22530062066 
0.395437 62.90005512259 0.22812083383 
0.395943 62.81055512581 0.23074451353 
0.396449 62.64216107629 0.29448249475 
0.396956 62.69508725465 0.22701959845 
0.397462 62.91773427862 0.23519536220 
0.397969 62.39328422945 0.23602517928 
0.398475 62.34758584051 0.23139819335 
0.398981 62.29189802151 0.23611544731 
0.399488 62.66254695560 0.23617092345 
0.399994 62.32921353804 0.24052972250 
0.400500 62.47344258809 0.24331867822 
0.401007 62.88697122034 0.23611100011 
0.401513 62.78216818097 0.24589381459 
0.402020 62.03349972504 0.23856168016 
0.402526 62.45693402202 0.24889321572 
0.403032 62.13661615843 0.25247467711 
0.403539 62.60186285201 0.25373629914 
0.404045 62.33104035505 0.24839832577 
0.404551 62.46191561856 0.26751650475 
0.405058 62.31243028846 0.26321304060 
0.405564 61.88255747548 0.25702809503 
0.406071 62.42879453442 0.25523479217 
0.406577 62.39818276053 0.25982917521 
0.407083 62.03785295105 0.25902129160 
0.407590 62.57588313539 0.26884359119 
0.408096 62.54604518202 0.27626991586 
0.408602 62.03256275793 0.26985333416 
0.409109 61.87201021856 0.26193094176 
0.409615 61.89753172889 0.27401969279 
0.410121 61.93611890999 0.25781772545 
0.410628 62.11735888419 0.26674437310 
0.411134 62.09623391595 0.26376087488 
0.411641 61.89782881543 0.26597254242 
0.412147 62.01275480419 0.26075661319 
0.412653 61.94934587149 0.27372674512 
0.413160 61.71434825318 0.26046799426 
0.413666 62.34798416352 0.27010874786 
0.414172 62.15076856436 0.29202561453 
0.414679 61.41708507656 0.27153312244 
0.415185 61.62828862662 0.29293785788 
0.415691 62.13522413631 0.27793046680 
0.416198 61.70120521274 0.27422800266 
0.416704 61.97743615410 0.28028932464 
0.417210 61.58695523238 0.28524635502 
0.417717 61.31107035706 0.29106640776 
0.418223 61.74696483728 0.28094182690 
0.418729 62.06005894908 0.28013338379 
0.419236 61.72101607221 0.27629511537 
0.419742 61.76286483465 0.26565987170 
0.420248 61.69049582800 0.27226516830 
0.420755 61.40445982891 0.26758852365 
0.421261 61.54704384760 0.27510278726 
0.421767 61.56905211365 0.28252979611 
0.422274 61.68308884912 0.27817161086 
0.422780 62.26069451076 0.28262708687 
0.423286 61.68258866085 0.29144100182 
0.423793 61.85690273792 0.28204116607 
0.424299 61.53288018610 0.29359570120 
0.424805 61.87782174280 0.28254661019 
0.425312 61.55996167973 0.29595473234 
0.425818 62.37462677356 0.28221475666 
0.426324 61.71854456168 0.30181650859 
0.426831 61.78583294332 0.29419383513 
0.427337 62.21145544071 0.30482379016 
0.427843 61.71910817262 0.30280727795 
0.428350 61.80217288094 0.31526425231 
0.428856 61.35002719764 0.30415995312 
0.429362 61.89828006700 0.30246780941 
0.429869 61.41315853150 0.32263086846 
0.430375 61.48815758399 0.31338023112 
0.430881 61.27549206794 0.31380622088 
0.431388 61.54174220603 0.32556254712 
0.431894 62.06753441427 0.31749877333 
0.432400 61.74008206519 0.33281269417 
0.432907 61.55423932037 0.32318556591 
0.433413 61.66188149714 0.33519998287 
0.433919 61.66898541781 0.33423921621 
0.434425 61.57044580841 0.32481660608 
0.434932 61.87049318975 0.32697245386 
0.435438 61.54720450014 0.35120633658 
0.435944 61.23211990602 0.34884718540 
0.436451 61.08049436398 0.35007544520 
0.436957 60.99563027964 0.36015739749 
0.437463 61.41327850212 0.35547136414 
0.437970 60.94273590984 0.34599786667 
0.438476 61.08316388024 0.35074236381 
0.438982 61.12148658360 0.35893609696 
0.439489 61.07573225894 0.36653682560 
0.439995 61.49553471065 0.37158329203 
0.440501 61.38887756285 0.38652187839 
0.441007 61.79279400270 0.38417944950 
0.441514 61.56822461948 0.39059846602 
0.442020 61.29915815405 0.39565254110 
0.442526 60.84089174629 0.39913526664 
0.443033 60.79416562873 0.41099909420 
0.443539 61.28636505461 0.41642545704 
0.444045 61.29060237283 0.41256023225 
0.444551 61.03604330430 0.41590569582 
0.445058 61.09814991758 0.41534543731 
0.445564 61.55444800626 0.42810909147 
0.446070 61.25238126740 0.41636633126 
0.446577 60.59917352822 0.42719370195 
0.447083 60.50714103840 0.45723079515 
0.447589 60.83187465517 0.44947418692 
0.448095 61.22216490325 0.46293359635 
0.448602 61.09980050887 0.45985462454 
0.449108 60.61246650067 0.48955989659 
0.449614 61.31838596762 0.49169343106 
0.450121 60.60603530544 0.48768480829 
0.450627 59.92474511225 0.49081302910 
0.451133 61.12602649021 0.50457293071 
0.451639 60.92758103538 0.52399077011 
0.452146 60.05044557744 0.50749891218 
0.452652 60.49525760342 0.54515880127 
0.453158 60.50490752395 0.57264875430 
0.453664 60.62360944574 0.57781080692 
0.454171 60.55351469956 0.59408643575 
0.454677 60.39075456191 0.60938555936 
0.455183 59.44480989345 0.61441535911 
0.455689 59.57473777251 0.62470176463 
0.456196 60.05351374134 0.65547290418 
0.456702 60.41625167998 0.65570119887 
0.457208 59.92604872181 0.71117813645 
0.457714 59.38818109664 0.71575456080 
0.458221 60.14928226557 0.75137551194 
0.458727 60.19822287162 0.78852715591 
0.459233 59.39775384326 0.81452098186 
0.459740 59.89647627344 0.83015185229 
0.460246 60.20279430783 0.87841039486 
0.460752 60.15120981456 0.96731760300 
0.461258 60.19188323727 1.01248562452 
0.461765 60.07323453537 1.06459519276 
0.462271 59.94017706562 1.02898838767 
0.462777 60.33718245512 1.17305986017 
0.463283 61.28578750804 1.25080665476 
0.463789 60.42993191947 1.35397317135 
0.464296 59.49181916439 1.26944082177 
0.464802 60.47319695871 1.38038804861 
0.465308 61.41351995994 1.45883553289 
0.465814 62.03082466216 1.67864360539 
0.466321 60.87606483307 1.82981146347 
0.466827 61.06507974516 1.93720667230 
0.467333 58.92558831170 1.88676879891 
0.467839 56.78928095712 1.88787907887 
0.468346 59.08214430826 2.31518047335 
0.468852 57.29652439325 2.48852648755 
0.469358 58.66434611370 2.82006063486 
0.469864 58.53564442424 2.80616230216 
0.470371 60.69042840397 3.95585866025 
0.470877 58.25769163419 4.46358205867 
0.471383 55.64459499069 5.45011236875 
0.471889 57.79302972440 7.57960719719 
0.472395 56.14471959576 5.85154670893 
0.472902 58.82236683549 14.13912963693 
