0.010896 1346.91389566358 12.31042518621 
0.011402 1200.41045616602 12.29603197917 
0.011909 1076.87034704964 12.51930115426 
0.012416 984.05641174579 8.85279279976 
0.012923 883.84771050305 8.61235942639 
0.013430 825.19391123232 10.70529835589 
0.013936 786.47168317256 9.59035213449 
0.014443 739.54932140159 7.40791055406 
0.014950 684.04525846781 6.60574891099 
0.015457 630.58869195582 5.48618502604 
0.015963 580.81066470969 4.87137904051 
0.016470 543.18085603032 4.33447885041 
0.016977 509.28066971148 4.03001531531 
0.017484 474.72648280479 3.42505605006 
0.017990 451.74078374254 2.98734566203 
0.018497 426.41440750960 2.63505822114 
0.019004 402.55656195253 2.31959515889 
0.019511 378.67067757436 2.18926199584 
0.020018 365.11059600342 2.12083029594 
0.020524 343.82546882587 1.82718900571 
0.021031 328.97716916697 1.91739225910 
0.021538 315.14659666570 1.66852848210 
0.022045 302.72358785897 1.64511509586 
0.022551 289.47161653710 1.57108548679 
0.023058 278.90653465852 1.48022156419 
0.023565 269.83846264410 1.51798226406 
0.024072 260.80843942048 1.67917538976 
0.024579 252.42512809725 1.69953269784 
0.025085 243.78433511818 2.07127275860 
0.025592 236.10573263903 2.12529881956 
0.026099 229.74827349808 2.11389257161 
0.026606 223.69535965303 1.55866406374 
0.027112 217.94524882781 1.81908107120 
0.027619 213.06992410074 1.51376738267 
0.028126 205.64388631282 1.45448588379 
0.028633 202.39791315155 1.26625239973 
0.029139 198.51531441312 1.18890840683 
0.029646 193.39148935547 1.11113065655 
0.030153 189.26357337495 1.15105466323 
0.030660 185.40244895965 1.01535777056 
0.031167 182.98354569395 0.95772849346 
0.031673 179.38735057754 0.90961442893 
0.032180 176.19298933167 0.93333414761 
0.032687 172.34536208115 0.84360440862 
0.033194 170.00489050368 0.81926267321 
0.033700 166.54478063299 0.78479773288 
0.034207 164.13055700149 0.76169107071 
0.034714 162.50300493969 0.76685769732 
0.035221 160.89350128373 0.70826862984 
0.035727 157.70926571699 0.69888332266 
0.036234 156.10836899800 0.68057597502 
0.036741 154.23427212629 0.68702131852 
0.037248 151.11944719038 0.62764639306 
0.037755 151.03907224159 0.64400107231 
0.038261 147.45997204068 0.60802923381 
0.038768 146.44380179397 0.61744711847 
0.039275 145.59264594803 0.58577296972 
0.039782 144.08090233247 0.58919065459 
0.040288 142.48213152922 0.55807642040 
0.040795 141.60637859509 0.54938268341 
0.041302 140.03581366614 0.58368643406 
0.041809 137.43425305945 0.55094406869 
0.042315 137.39285407617 0.53448284492 
0.042822 136.30107450880 0.57889447063 
0.043329 134.50894175810 0.56022751286 
0.043836 134.35985189325 0.54129993329 
0.044343 132.91924685855 0.51673177862 
0.044849 131.07075006349 0.52053774881 
0.045356 130.85277242039 0.50633412763 
0.045863 129.69324909041 0.53482764241 
0.046370 129.04577188748 0.50043548463 
0.046876 127.74042270252 0.48284271539 
0.047383 126.63735642087 0.48121100334 
0.047890 125.76883848399 0.47571601260 
0.048397 127.04005419717 0.48410138959 
0.048903 124.09794074649 0.48401988020 
0.049410 123.84250653908 0.45140164973 
0.049917 123.18602954564 0.46419874467 
0.050424 122.81421024020 0.47250675311 
0.050931 121.29149375633 0.46043385318 
0.051437 120.83533793154 0.44185198674 
0.051944 120.06492728106 0.46075725541 
0.052451 118.57465336977 0.46157873781 
0.052958 119.07140247957 0.42334672360 
0.053464 118.18424314026 0.43469444026 
0.053971 116.77455227926 0.41875747086 
0.054478 116.81037499082 0.45903475829 
0.054985 116.18497858367 0.44513110504 
0.055491 115.37795655243 0.43793086380 
0.055998 114.59987365202 0.40831875118 
0.056505 113.85794545423 0.41467909890 
0.057012 113.57187103094 0.42376349969 
0.057519 113.48975104051 0.42951232779 
0.058025 112.56984550469 0.43329998165 
0.058532 112.24859534641 0.41812170259 
0.059039 111.73734106100 0.40729446301 
0.059546 110.63145876187 0.40595997077 
0.060052 110.26143293974 0.42361075108 
0.060559 110.09537852299 0.41077409087 
0.061066 109.54168343733 0.39357896542 
0.061573 109.24989712034 0.42440314409 
0.062079 108.20895232410 0.38074330246 
0.062586 108.52441302011 0.41062210332 
0.063093 107.39703283272 0.37463426669 
0.063600 107.41987189853 0.39406627657 
0.064106 106.96793578944 0.40134739662 
0.064613 106.54530858396 0.39536677683 
0.065120 105.78105083250 0.38049509950 
0.065627 106.16426991401 0.38496172935 
0.066134 105.57226194253 0.38699965995 
0.066640 104.83148603268 0.38805164801 
0.067147 104.58187049475 0.36877561136 
0.067654 104.19415333041 0.37307592077 
0.068161 103.68676708390 0.36158674926 
0.068667 103.25884132021 0.36575807901 
0.069174 103.08063499624 0.37766570382 
0.069681 101.73077276459 0.35200623785 
0.070188 102.43835943096 0.35902641760 
0.070694 101.79296136002 0.36910490642 
0.071201 101.40043900372 0.35863166452 
0.071708 101.33606956640 0.35592686709 
0.072215 100.84176490882 0.35361612778 
0.072721 100.17272591232 0.35542578489 
0.073228 100.21166064120 0.35494118084 
0.073735 100.68491282300 0.34023013021 
0.074242 100.38923422052 0.34294142211 
0.074748 99.99455545097 0.34414879065 
0.075255 99.07249121822 0.33635127677 
0.075762 99.03489173273 0.33740630312 
0.076269 98.50826265245 0.34277577844 
0.076776 98.50781387129 0.34048974494 
0.077282 98.29556157015 0.33002695839 
0.077789 97.99270386360 0.31841895722 
0.078296 97.78366314117 0.33474782404 
0.078803 97.68914300006 0.31752073561 
0.079309 97.47294716623 0.32100472544 
0.079816 97.42560501802 0.34038170066 
0.080323 97.36782231963 0.31920506726 
0.080830 97.08293173739 0.31904721192 
0.081336 96.55255137051 0.33823104800 
0.081843 97.05295328517 0.32709543000 
0.082350 96.28441660289 0.32964557785 
0.082857 96.09202069817 0.32588029137 
0.083363 96.15271357506 0.33174784882 
0.083870 95.51399580956 0.33121089225 
0.084377 95.79841365968 0.33338132613 
0.084884 95.39381488922 0.32417937005 
0.085390 95.13166302700 0.31932808250 
0.085897 96.02193723893 0.33434284662 
0.086404 95.12722018382 0.33371687890 
0.086911 95.13415310884 0.32899476437 
0.087417 94.92065820871 0.32447756233 
0.087924 94.83749191990 0.33850759469 
0.088431 94.38456892523 0.33203575973 
0.088938 94.44376338004 0.32204491948 
0.089444 94.41235075961 0.33332282969 
0.089951 94.06274271480 0.32552773608 
0.090458 94.25325044157 0.32384045819 
0.090965 93.30008108935 0.33852069275 
0.091471 94.37405247504 0.33815849748 
0.091978 93.38961873496 0.31905218529 
0.092485 92.40469558927 0.34024611892 
0.092992 93.26225010208 0.34060196203 
0.093498 92.82936094113 0.34132859501 
0.094005 92.89288188608 0.31884609673 
0.094512 92.53532093063 0.32561807583 
0.095019 92.93250800782 0.31918448053 
0.095525 92.46592835194 0.33170832714 
0.096032 92.48471473667 0.34337894283 
0.096539 91.91913823225 0.33488378179 
0.097046 92.51704771897 0.32723558191 
0.097552 91.59361837845 0.33094936460 
0.098059 92.70181256605 0.32527344461 
0.098566 91.51499827771 0.32643786291 
0.099073 91.71469578092 0.31726100193 
0.099579 91.03983682940 0.32375511066 
0.100086 91.97655439821 0.31565489413 
0.100593 91.29195072152 0.31988055197 
0.101100 91.44712155339 0.32449427768 
0.101606 90.92447364423 0.31163142494 
0.102113 90.54628794191 0.30599680868 
0.102620 89.40087764832 0.30420221585 
0.103127 89.06885351371 0.28867408862 
0.103633 88.45002128775 0.29902435265 
0.104140 88.70263372380 0.28927320294 
0.104647 87.91041859761 0.29471157384 
0.105154 88.12608161788 0.29659271268 
0.105660 88.00992142165 0.30463629757 
0.106167 88.50634060358 0.30794786176 
0.106674 88.40805534789 0.30867725903 
0.107181 88.05771303942 0.30370074542 
0.107687 87.98045271326 0.29819739597 
0.108194 88.42434132720 0.30511169847 
0.108701 87.72124135109 0.30459388416 
0.109208 87.48942213315 0.29449891601 
0.109714 87.86876279045 0.28988804045 
0.110221 87.87332695009 0.28484199540 
0.110728 87.39618110229 0.28776079490 
0.111235 87.22435939665 0.28553240408 
0.111741 87.21824512244 0.28895701542 
0.112248 87.43323348819 0.28550569222 
0.112755 86.92986861240 0.28928970603 
0.113262 87.33444563874 0.28434327131 
0.113768 87.19105624197 0.28191757284 
0.114275 87.33468251849 0.27268109552 
0.114782 86.51176401112 0.28323616604 
0.115289 86.56487529203 0.27174658118 
0.115795 86.46304232253 0.27819101207 
0.116302 86.34782848306 0.28295969851 
0.116809 86.40484492017 0.26843420922 
0.117316 86.35201263272 0.26908123700 
0.117822 86.29876885747 0.27910036052 
0.118329 86.13612570790 0.26971485791 
0.118836 85.90770988748 0.26571558510 
0.119342 85.76019132203 0.26503433259 
0.119849 85.45203414183 0.26829205910 
0.120356 85.69312562831 0.26628929078 
0.120863 85.69977655757 0.26303967745 
0.121369 85.56496996810 0.25923862878 
0.121876 85.57648664885 0.26421582306 
0.122383 85.31646566300 0.26717982350 
0.122890 85.28204788425 0.26655728741 
0.123396 85.38987059992 0.26333985705 
0.123903 85.23057378739 0.26422986594 
0.124410 85.11164912431 0.25994085609 
0.124917 84.92595597646 0.25860343668 
0.125423 85.24494339264 0.26259309717 
0.125930 84.65606312334 0.25177695227 
0.126437 84.54739738633 0.26084064458 
0.126944 84.90614547884 0.25953559167 
0.127450 84.68795612507 0.25926797837 
0.127957 84.49187141152 0.25526684948 
0.128464 84.62597370996 0.25839052822 
0.128970 84.68248086933 0.25126027901 
0.129477 84.38484015309 0.25346271518 
0.129984 84.76932735395 0.25514789428 
0.130491 84.34699273311 0.24659194689 
0.130997 84.23612418702 0.25580017449 
0.131504 84.57317470017 0.24754507087 
0.132011 84.54736030469 0.24790072567 
0.132518 84.22448076421 0.24760398463 
0.133024 84.29955222862 0.24908239185 
0.133531 84.13482515289 0.23845356459 
0.134038 84.02785298664 0.24234524019 
0.134545 83.55014092627 0.24260090944 
0.135051 83.38525422221 0.24776594291 
0.135558 83.74678479067 0.24886733932 
0.136065 83.74107711268 0.24957473342 
0.136571 83.63624444105 0.24496230177 
0.137078 83.50361873609 0.24608809851 
0.137585 83.26870467899 0.23961599973 
0.138092 83.48022101196 0.24380795413 
0.138598 83.21902146450 0.23786227805 
0.139105 83.30868179231 0.24537581879 
0.139612 82.88035124693 0.23636500203 
0.140119 83.04437731050 0.24359290947 
0.140625 83.09843857121 0.23683669101 
0.141132 82.94842569258 0.24501452443 
0.141639 82.95666170327 0.24178606837 
0.142145 82.87996638839 0.24301957376 
0.142652 82.79638336313 0.24147066193 
0.143159 82.42025840663 0.23567530474 
0.143666 82.64679146240 0.24724260544 
0.144172 82.19919941249 0.23994363304 
0.144679 82.25443808261 0.23879940404 
0.145186 82.20694975834 0.24312433418 
0.145692 82.13409735581 0.24724356266 
0.146199 81.97954553801 0.24142966925 
0.146706 81.88095160636 0.23565796675 
0.147213 82.16472685411 0.24759126035 
0.147719 81.84543607234 0.24638064540 
0.148226 81.95548197798 0.23650121577 
0.148733 81.79156192033 0.23915334948 
0.149240 82.03419176941 0.23920111056 
0.149746 81.61327159837 0.24481968845 
0.150253 81.04636913098 0.23551808003 
0.150760 81.68470586912 0.23864973727 
0.151266 81.11027926317 0.24355332152 
0.151773 81.33407556108 0.25044751087 
0.152280 81.08309181814 0.24214045639 
0.152787 81.08802761847 0.24501120197 
0.153293 80.71830961931 0.23400711675 
0.153800 80.85231696903 0.23884018915 
0.154307 80.34918586480 0.23624873783 
0.154813 80.91612310737 0.24225842207 
0.155320 80.42573178107 0.24253362030 
0.155827 80.73877812872 0.23564370452 
0.156334 80.70624957387 0.24055128231 
0.156840 80.34616438617 0.24187760082 
0.157347 80.68823716879 0.23424570453 
0.157854 80.51805411060 0.23647820116 
0.158360 80.26036082085 0.23380630495 
0.158867 80.33601567165 0.23875137368 
0.159374 79.84633493716 0.23726168097 
0.159881 79.99057628094 0.23893028160 
0.160387 79.74468772266 0.23644106391 
0.160894 80.06604477097 0.23773315948 
0.161401 79.76317973860 0.23406556094 
0.161907 79.64983735194 0.24088436489 
0.162414 79.54788448264 0.23069385973 
0.162921 79.63732824074 0.22835987142 
0.163427 79.62263703410 0.22960241031 
0.163934 79.82407161516 0.23816507982 
0.164441 79.39617309878 0.23009026268 
0.164948 79.65294874584 0.22954427933 
0.165454 79.18841329723 0.23193491954 
0.165961 79.29251093668 0.22933837929 
0.166468 79.36130309851 0.22963323446 
0.166974 79.27430109690 0.22928000492 
0.167481 78.87753328078 0.22561563647 
0.167988 79.20482328445 0.22735381128 
0.168495 79.24877777345 0.23294095400 
0.169001 79.18870507667 0.23585862457 
0.169508 78.69367081012 0.23188416395 
0.170015 79.01809013678 0.23542207621 
0.170521 78.95317812373 0.23625078806 
0.171028 79.38787557889 0.23931471527 
0.171535 79.26744761999 0.24184127506 
0.172041 79.32150351461 0.23788877352 
0.172548 78.73890623287 0.23127462063 
0.173055 78.82523714553 0.23577836535 
0.173562 78.91453055507 0.23350517046 
0.174068 78.75102316205 0.24037839522 
0.174575 78.91082547698 0.23475165999 
0.175082 78.82409052854 0.23297977841 
0.175588 78.63589106804 0.23296603954 
0.176095 79.04391683838 0.23831702758 
0.176602 78.88492773174 0.23559163705 
0.177108 78.85637655663 0.23978982926 
0.177615 78.63696563156 0.23873905336 
0.178122 78.67810274818 0.23266318989 
0.178629 78.75384632064 0.23695945970 
0.179135 78.63206865243 0.24033045899 
0.179642 78.58990875218 0.23730089538 
0.180149 78.85521562972 0.23555715749 
0.180655 78.74131045026 0.23386439956 
0.181162 78.55526342034 0.23442640798 
0.181669 78.60593655805 0.23928613638 
0.182175 78.93724850058 0.23880737340 
0.182682 78.69951462629 0.25190969422 
0.183189 78.69721367743 0.24571843035 
0.183695 78.69407123601 0.24270064142 
0.184202 78.25315321543 0.24129989039 
0.184709 78.52469784011 0.24937070290 
0.185216 78.11742072801 0.23946451866 
0.185722 78.43392352029 0.24367096235 
0.186229 78.15086783599 0.24934547861 
0.186736 77.84592503729 0.23919435937 
0.187242 77.96924677366 0.24084161178 
0.187749 77.73513160454 0.24254962473 
0.188256 77.90556092462 0.24542250271 
0.188762 77.87193980468 0.24892261632 
0.189269 77.50257312594 0.24594375126 
0.189776 77.58132511592 0.24626052645 
0.190282 77.78533012161 0.24183988945 
0.190789 77.67818654458 0.24367426221 
0.191296 77.13669121843 0.24746240594 
0.191802 77.10168669029 0.24163151984 
0.192309 77.30808802782 0.23894153415 
0.192816 77.06151807608 0.24074844993 
0.193323 76.89823685156 0.23589897620 
0.193829 76.71093383639 0.23922418964 
0.194336 76.65139630537 0.23480836229 
0.194843 76.34783089030 0.23333908854 
0.195349 76.47603317838 0.23053249486 
0.195856 76.41589047197 0.23101656604 
0.196363 76.43148194896 0.23227622179 
0.196869 76.27904422685 0.22871047324 
0.197376 76.27754836741 0.23081856894 
0.197883 76.17579413121 0.22861412931 
0.198389 76.05232158769 0.22758147571 
0.198896 75.80903728841 0.22423367024 
0.199403 76.04611977608 0.22787282362 
0.199909 75.57658262662 0.22351840310 
0.200416 75.73756500670 0.22029802513 
0.200923 75.89960559136 0.22413686916 
0.201429 75.69716918596 0.21880528612 
0.201936 75.84492673068 0.21663838304 
0.202443 75.55428554545 0.21797727521 
0.202949 75.60019452723 0.22381405229 
0.203456 75.84746299767 0.22730262296 
0.203963 75.42457827430 0.21854071543 
0.204469 75.32390442730 0.21791177407 
0.204976 75.53878217119 0.21539907795 
0.205483 75.47241155365 0.22190908524 
0.205989 75.52146488468 0.22021600285 
0.206496 75.42157442644 0.21566764977 
0.207003 75.26661357341 0.21118222911 
0.207509 75.84263709127 0.21758725527 
0.208016 75.33559484266 0.21542809467 
0.208523 75.48563346640 0.21379684754 
0.209029 75.23090126972 0.21652031371 
0.209536 75.26057535797 0.21328542687 
0.210043 75.41639796767 0.21305575688 
0.210549 75.10985898225 0.21396797966 
0.211056 75.01098887774 0.21048557690 
0.211563 74.87189569703 0.20589316192 
0.212069 74.94372185946 0.21404280914 
0.212576 74.97559409653 0.21279908200 
0.213083 74.67145907429 0.21019560177 
0.213589 75.15486017954 0.21258476136 
0.214096 74.89197835009 0.20359057530 
0.214603 74.82125740361 0.20810163298 
0.215109 74.46585809282 0.20991609622 
0.215616 74.80090446400 0.20445705654 
0.216123 74.56215501827 0.21031226766 
0.216629 74.76872742776 0.20623247747 
0.217136 74.41179067267 0.20831047593 
0.217643 74.08395418206 0.20807217289 
0.218149 74.08433872193 0.20971413817 
0.218656 73.92947023952 0.20258857191 
0.219163 74.34436640000 0.20602001830 
0.219669 74.32036306453 0.20380215051 
0.220176 74.12124556285 0.20639887327 
0.220683 73.80773409202 0.20603349639 
0.221189 74.21266116258 0.20300439524 
0.221696 73.81298272797 0.20088493539 
0.222203 74.38589028109 0.20442973781 
0.222709 74.12616678093 0.20636289812 
0.223216 73.65910317091 0.20550115526 
0.223722 73.74075441277 0.19817585576 
0.224229 73.73074879031 0.20527612075 
0.224736 73.69236667757 0.20097978856 
0.225242 74.03755453114 0.20404608680 
0.225749 73.53656137427 0.19866351831 
0.226256 73.34273808413 0.20321380064 
0.226762 73.42662904659 0.20526031604 
0.227269 73.66433310111 0.20676028708 
0.227776 73.39815819928 0.20618859674 
0.228282 73.42650684889 0.20104847691 
0.228789 73.21656170387 0.20426984847 
0.229296 73.25997594404 0.20294582171 
0.229802 73.40471544753 0.20378019029 
0.230309 73.07471108500 0.19788902418 
0.230816 73.14711592433 0.20255503976 
0.231322 73.32048732964 0.20229365718 
0.231829 72.88644381682 0.19823401799 
0.232335 73.03438008449 0.19994226048 
0.232842 72.93094592458 0.20424537099 
0.233349 72.89330158533 0.20087480020 
0.233855 72.54376126087 0.20112761721 
0.234362 72.93910570110 0.20339621712 
0.234869 72.50745780769 0.20197859987 
0.235375 72.62799713733 0.19869931658 
0.235882 72.41269083438 0.19908423924 
0.236389 72.41188814776 0.19886152814 
0.236895 72.71120500722 0.20100444850 
0.237402 72.16523978996 0.19758768843 
0.237908 72.12161123013 0.19900605883 
0.238415 72.25986121833 0.19784377165 
0.238922 72.24222146268 0.20195826900 
0.239428 72.09411315509 0.19955979528 
0.239935 72.08793473802 0.20132650514 
0.240442 72.22578678699 0.19847189247 
0.240948 72.15647300367 0.19471646754 
0.241455 71.97941863684 0.20262196350 
0.241962 71.85484915770 0.19855723178 
0.242468 71.70777400114 0.20149505704 
0.242975 72.04024490459 0.19548268814 
0.243481 71.83636666323 0.19752755366 
0.243988 71.71257429542 0.19975117743 
0.244495 71.65328180564 0.19785934361 
0.245001 71.59489041470 0.20235719948 
0.245508 71.37661385750 0.19807839916 
0.246015 71.81922105108 0.19763913637 
0.246521 71.79694766916 0.19945566771 
0.247028 71.48331534138 0.19670018548 
0.247534 71.23123879542 0.19560847871 
0.248041 71.54684790666 0.19670253361 
0.248548 71.64170945318 0.19510597936 
0.249054 71.54485069347 0.19641488803 
0.249561 71.27221477583 0.19445361113 
0.250068 71.41867780945 0.19701336623 
0.250574 71.36656919155 0.20049364342 
0.251081 71.08563002009 0.19369266739 
0.251587 71.43329105504 0.19244672357 
0.252094 71.13240914323 0.19817488753 
0.252601 71.15965428804 0.19445187641 
0.253107 71.32137260565 0.19670511294 
0.253614 70.92942266773 0.20033082334 
0.254120 71.11522983275 0.19533591377 
0.254627 71.05466427520 0.19517706756 
0.255134 70.96054799853 0.19289575411 
0.255640 71.20793937099 0.19767920139 
0.256147 71.01680396416 0.19402139216 
0.256654 70.97560527837 0.19616742247 
0.257160 71.21452912737 0.19519530426 
0.257667 71.51414009771 0.19659166805 
0.258173 71.27466006503 0.19895846384 
0.258680 71.45742263573 0.19441306852 
0.259187 71.42383592944 0.19585642179 
0.259693 71.33319122041 0.19531707766 
0.260200 71.46720867218 0.19430461820 
0.260706 71.14656401366 0.18993114244 
0.261213 71.96003611931 0.19886277878 
0.261720 71.53421050941 0.19185817668 
0.262226 71.47049788999 0.19185303724 
0.262733 71.79629326057 0.19571702473 
0.263239 71.64902992792 0.19374950027 
0.263746 71.69527630222 0.19524657810 
0.264253 71.78620539368 0.19346748502 
0.264759 71.79015286219 0.19207460460 
0.265266 71.85187553761 0.19608433170 
0.265772 71.78845723662 0.19185431310 
0.266279 71.90894645919 0.19328931124 
0.266786 71.76134596952 0.19309518554 
0.267292 71.55819288576 0.18908102271 
0.267799 71.42032922738 0.19119645911 
0.268305 71.72410430232 0.19191434257 
0.268812 71.80535651678 0.18838752737 
0.269319 71.89150813314 0.19124937815 
0.269825 71.94480887965 0.18692823812 
0.270332 71.91606699390 0.19110748853 
0.270838 71.89843007451 0.19020708785 
0.271345 72.00142290224 0.19179437860 
0.271852 71.93413837627 0.18676174890 
0.272358 72.13857059159 0.19139034017 
0.272865 72.45584384949 0.19091061850 
0.273371 72.35357048689 0.19552047121 
0.273878 72.04897315610 0.19014490569 
0.274385 72.08639712779 0.19090408842 
0.274891 72.40645622049 0.18905857482 
0.275398 72.54131150895 0.18482065707 
0.275904 72.33008148610 0.18695977793 
0.276411 72.23787791146 0.18672270136 
0.276917 72.35833775927 0.18777814262 
0.277424 72.19964328851 0.18424179405 
0.277931 72.12428483107 0.17740123606 
0.278437 72.31760386415 0.18236564341 
0.278944 72.13585828118 0.18541228632 
0.279450 72.73086797614 0.18536548262 
0.279957 71.99298165441 0.18544064107 
0.280464 72.13666163701 0.18431100097 
0.280970 72.00081356434 0.18062379466 
0.281477 72.21907194545 0.18296723770 
0.281983 72.06663497286 0.18197036177 
0.282490 72.00482235686 0.17829492189 
0.282996 72.09609994815 0.18249966608 
0.283503 72.17417624056 0.18073884311 
0.284010 72.13682300037 0.17943513870 
0.284516 71.82651331556 0.17799884834 
0.285023 71.68046883475 0.17537814467 
0.285529 71.64214679609 0.17516740805 
0.286036 71.64217503417 0.17436909668 
0.286542 71.49382294811 0.17235137509 
0.287049 71.45309078565 0.17094524869 
0.287556 71.87334966686 0.17395857188 
0.288062 71.80719582789 0.17237012702 
0.288569 71.41405521031 0.17630795277 
0.289075 71.28820270957 0.17606115139 
0.289582 71.43730029541 0.17023269929 
0.290088 71.26592397499 0.16874175526 
0.290595 71.47012555443 0.17062857951 
0.291102 71.41202272500 0.16709237202 
0.291608 71.11221202515 0.16879770643 
0.292115 71.09372885132 0.16588598432 
0.292621 71.15716340144 0.17289248249 
0.293128 71.19255189982 0.16773174217 
0.293634 71.27024485959 0.16662419810 
0.294141 71.20728485273 0.16771141715 
0.294647 71.18277468065 0.16834401680 
0.295154 70.91236164506 0.16343649752 
0.295661 70.93882395771 0.16486246506 
0.296167 70.98714453379 0.16857609181 
0.296674 70.90200630143 0.16815007124 
0.297180 70.66153616520 0.16457963633 
0.297687 70.85920782726 0.16574857838 
0.298193 70.83718223427 0.16685422618 
0.298700 70.38383106581 0.16672137685 
0.299207 70.64804309836 0.16493104086 
0.299713 70.40840555522 0.16416192079 
0.300220 70.50481635864 0.16465691871 
0.300726 70.62496854170 0.16325148664 
0.301233 70.68543681873 0.16072574112 
0.301739 70.53891348860 0.16325524279 
0.302246 70.20329794799 0.16088155900 
0.302752 69.98944676743 0.16006174690 
0.303259 69.99083754768 0.16131458809 
0.303765 70.29705364120 0.16356709496 
0.304272 70.18519819035 0.15953738924 
0.304779 70.11873467806 0.16076333424 
0.305285 70.16837331775 0.15962210019 
0.305792 70.14461648052 0.15890547479 
0.306298 69.86699359064 0.16448330860 
0.306805 69.95384255851 0.16066224439 
0.307311 69.95553245664 0.16009978035 
0.307818 69.75493359666 0.16290031710 
0.308324 69.65599926322 0.15708824912 
0.308831 69.53666478300 0.15804266869 
0.309337 69.50173798766 0.15720197812 
0.309844 69.12821421060 0.15324501138 
0.310350 69.16396704247 0.15346879093 
0.310857 68.96905499235 0.15523294527 
0.311364 68.41100564040 0.15040902942 
0.311870 68.38372211039 0.15289711440 
0.312377 68.31008510722 0.14893758115 
0.312883 68.18792087717 0.14960202119 
0.313390 68.19857638615 0.14410560760 
0.313896 67.93985678301 0.14531068478 
0.314403 67.89460131896 0.14649558747 
0.314909 67.73717577921 0.14488613783 
0.315416 67.64617232991 0.14423841762 
0.315922 67.57283063178 0.14224255311 
0.316429 67.51180272628 0.14451173579 
0.316935 67.12963858065 0.14258206646 
0.317442 67.28534832638 0.14170102084 
0.317948 66.98595690484 0.14219467016 
0.318455 67.15123730214 0.14289101252 
0.318961 67.23994962419 0.14333875149 
0.319468 67.06678530029 0.14086774234 
0.319975 67.04468712748 0.14128231382 
0.320481 66.83644528377 0.14176242975 
0.320988 67.01594552223 0.14318157437 
0.321494 66.67739284703 0.14105146891 
0.322001 66.69891068816 0.16428032932 
0.322507 66.53358601264 0.14160876765 
0.323014 66.44019409720 0.14182415024 
0.323520 66.63175950023 0.14064760774 
0.324027 66.41975695736 0.14399937803 
0.324533 66.41054207191 0.14074673600 
0.325040 66.60590803073 0.13938273930 
0.325546 66.30349089911 0.14357817512 
0.326053 66.19241705850 0.13914087163 
0.326559 66.35148570888 0.13835449242 
0.327066 66.31074578068 0.13970595142 
0.327572 66.30745229005 0.13679796895 
0.328079 66.35656565510 0.14090247926 
0.328585 66.19328394762 0.13769914589 
0.329092 66.10476440461 0.13678784812 
0.329598 65.82424865976 0.13652340999 
0.330105 65.73996796006 0.14106929656 
0.330611 66.00070736920 0.13836193502 
0.331118 65.86766900349 0.13891855424 
0.331624 66.04140111349 0.13733976499 
0.332131 65.74497408150 0.13990518496 
0.332637 65.99235431403 0.14154594025 
0.333144 65.67156577618 0.13685499917 
0.333650 65.98704153034 0.13604687296 
0.334157 65.75905732044 0.13779523570 
0.334663 65.65444929678 0.13974009728 
0.335170 65.96686198568 0.13956555059 
0.335676 65.80384340459 0.13889600503 
0.336183 65.76755807619 0.13686572000 
0.336689 65.58778214590 0.13906687978 
0.337196 65.46890084309 0.13653873222 
0.337702 65.65467358567 0.13900199981 
0.338209 65.69511976740 0.13746965797 
0.338715 65.51614756017 0.13836653625 
0.339222 65.60017173562 0.13824650352 
0.339728 65.54510248200 0.13844713925 
0.340235 65.48917752894 0.21231410096 
0.340741 65.54876304942 0.13914987077 
0.341248 65.39941459007 0.13733440866 
0.341754 65.57814167859 0.14247450425 
0.342261 65.25600791627 0.13833935859 
0.342767 65.37485610917 0.14080031216 
0.343274 65.27317813769 0.13902320151 
0.343780 65.28646030599 0.13763539471 
0.344287 65.27933596586 0.13857783168 
0.344793 65.07180695702 0.13787682453 
0.345300 65.24711278208 0.14095477572 
0.345806 65.06232147437 0.14027200504 
0.346313 65.09120933706 0.14284032337 
0.346819 65.23559206412 0.14476316071 
0.347325 64.93401211922 0.14541565909 
0.347832 64.81491510821 0.14610070602 
0.348338 64.45265156378 0.14458088309 
0.348845 64.71006958692 0.14718654066 
0.349351 64.89135313320 0.14799821140 
0.349858 64.72601552560 0.15352877255 
0.350364 64.66109720229 0.14837376615 
0.350871 64.72900184744 0.14593243415 
0.351377 64.57382698271 0.14922797320 
0.351884 64.53350217931 0.14598829215 
0.352390 64.57572559351 0.14949240040 
0.352897 64.60065462764 0.14734470521 
0.353403 64.45519885687 0.15073912207 
0.353910 64.44844912244 0.15015971527 
0.354416 63.94014725693 0.15243964354 
0.354923 64.28999556594 0.15267097253 
0.355429 63.91578601873 0.15531786831 
0.355935 64.19375078652 0.15133161761 
0.356442 64.20553723580 0.15362220618 
0.356948 63.71772343369 0.15188739130 
0.357455 64.14707123101 0.15825712432 
0.357961 63.71443831760 0.15471155793 
0.358468 64.04625706980 0.15591605809 
0.358974 63.97884399450 0.22241959521 
0.359481 63.88032712577 0.20452998334 
0.359987 63.89092228839 0.19968428494 
0.360494 63.87720764956 0.19131537079 
0.361000 63.80627447532 0.18646190040 
0.361506 63.91563242034 0.18563407268 
0.362013 63.64630862943 0.18627990602 
0.362519 63.96458347087 0.18738807246 
0.363026 63.74106525407 0.18309598760 
0.363532 63.49350254204 0.18708929091 
0.364039 63.87354647922 0.18605441133 
0.364545 63.52627151660 0.18265419025 
0.365052 63.51964007504 0.18724851950 
0.365558 63.63085852703 0.18069842918 
0.366064 63.73827417034 0.18384237983 
0.366571 63.31373721313 0.18492187585 
0.367077 63.54957929008 0.18740514681 
0.367584 63.63998489158 0.18286572220 
0.368090 63.51425796096 0.18816900160 
0.368597 63.75193396432 0.18532794875 
0.369103 63.70434512332 0.19064997510 
0.369610 63.70822808596 0.19161382272 
0.370116 63.55210551113 0.18868431192 
0.370622 63.49727931672 0.18785409381 
0.371129 63.68083046930 0.18968771713 
0.371635 63.74715373787 0.18928685252 
0.372142 63.55659928983 0.19399367335 
0.372648 63.64005594914 0.19078291084 
0.373155 63.59630928050 0.19484777997 
0.373661 63.51969668308 0.19136481534 
0.374167 63.44257936623 0.19658336002 
0.374674 63.33994237576 0.19464515103 
0.375180 63.41334824732 0.20024672201 
0.375687 63.66812607156 0.19443100885 
0.376193 63.36696668257 0.19926745060 
0.376700 63.24317222432 0.19902061440 
0.377206 63.24433427254 0.20144071831 
0.377712 63.48784059340 0.20247874969 
0.378219 63.10946068795 0.20506979452 
0.378725 63.14738363775 0.20548725659 
0.379232 63.32787655535 0.20713536180 
0.379738 63.51374006911 0.20665461286 
0.380245 63.29582033525 0.20948187951 
0.380751 63.35844579566 0.20926895027 
0.381257 63.38584196640 0.20709431993 
0.381764 63.08940202502 0.20764007893 
0.382270 63.34458187212 0.21020022745 
0.382777 63.09558533533 0.21016751229 
0.383283 63.05494667759 0.21009888928 
0.383789 63.04463383405 0.20828195096 
0.384296 63.63457970466 0.20806798524 
0.384802 63.21832708756 0.21788939386 
0.385309 63.19081270913 0.21080915058 
0.385815 62.93295402165 0.21332414476 
0.386321 63.01003618867 0.21507466547 
0.386828 62.78013459626 0.21037680684 
0.387334 63.22118333112 0.20615928173 
0.387841 63.42730408199 0.21404597051 
0.388347 62.85151482195 0.21323717306 
0.388853 63.06921998403 0.21354779410 
0.389360 63.04852356437 0.21494802753 
0.389866 62.60173430412 0.21698623791 
0.390373 62.84341226498 0.21885949185 
0.390879 62.88170465385 0.21453663708 
0.391385 62.30990585974 0.22266601508 
0.391892 62.85946346592 0.21522614864 
0.392398 62.92132860952 0.21874925124 
0.392905 62.57026344284 0.23210817924 
0.393411 62.91289144756 0.21901015886 
0.393917 62.66698619322 0.22223524811 
0.394424 63.05341498237 0.22507172296 
0.394930 62.90044439948 0.22445341504 
0.395437 62.82268158048 0.22124021561 
0.395943 63.15270718490 0.23464832157 
0.396449 62.48406796609 0.33181830427 
0.396956 62.68316422385 0.22766067823 
0.397462 62.64193181383 0.23674158682 
0.397969 62.55586990909 0.23916221248 
0.398475 62.34159231880 0.22665247325 
0.398981 62.61014477840 0.23396986147 
0.399488 62.34514617398 0.23666723245 
0.399994 62.55382152941 0.24457992574 
0.400500 62.80433512768 0.24294027571 
0.401007 62.45210134393 0.23903634926 
0.401513 62.35168855207 0.24752951889 
0.402020 61.94506871529 0.24189608333 
0.402526 62.44892632564 0.24238724092 
0.403032 62.35826071246 0.23932872500 
0.403539 62.76573742380 0.24745433257 
0.404045 62.18496493552 0.24900956702 
0.404551 62.41720569414 0.26580072994 
0.405058 62.49542762261 0.26324239961 
0.405564 62.14576195913 0.26754079819 
0.406071 62.16220691644 0.25786121347 
0.406577 62.25392944910 0.25534843129 
0.407083 62.08523774457 0.26130373722 
0.407590 61.73316750689 0.26346142007 
0.408096 61.98721429284 0.27137752014 
0.408602 62.44936634996 0.28079782614 
0.409109 62.43859902870 0.25538141005 
0.409615 62.37671662350 0.27154246549 
0.410121 61.87140202438 0.26440381268 
0.410628 62.18991925984 0.26977561252 
0.411134 61.77567085457 0.26549378399 
0.411641 62.28949562488 0.27539869531 
0.412147 62.22241955831 0.26643599377 
0.412653 62.00480740074 0.27046736937 
0.413160 62.04875398369 0.26642600531 
0.413666 62.76176255532 0.27048482192 
0.414172 62.24103697184 0.27853477357 
0.414679 61.75303468879 0.27178525459 
0.415185 62.01364102523 0.28713369966 
0.415691 61.96276858974 0.26686000609 
0.416198 61.64619167401 0.27166881348 
0.416704 61.49796533606 0.28261797680 
0.417210 61.80325237345 0.27737727475 
0.417717 61.88442288905 0.28803807214 
0.418223 62.04189985805 0.27498326094 
0.418729 61.60600461152 0.28002546915 
0.419236 61.85146878242 0.28019531747 
0.419742 61.70001976569 0.27388183248 
0.420248 61.37359549486 0.28217489159 
0.420755 61.85551504204 0.27567959288 
0.421261 61.19324095520 0.26744649967 
0.421767 61.77575414466 0.28378875979 
0.422274 61.96858368712 0.28330691003 
0.422780 61.78340748030 0.28863439920 
0.423286 61.53632398799 0.28612307218 
0.423793 61.73871336845 0.28044880920 
0.424299 61.92759555060 0.29334397602 
0.424805 61.76488420243 0.28440791072 
0.425312 61.98294590804 0.28790743118 
0.425818 61.94224734923 0.29312017578 
0.426324 61.75240342236 0.30982601393 
0.426831 61.75999958302 0.28755735341 
0.427337 61.58403547608 0.30393421850 
0.427843 61.77792907189 0.30606638139 
0.428350 61.73102961098 0.30714583163 
0.428856 61.23341015356 0.30286677871 
0.429362 61.56407575228 0.29840757155 
0.429869 61.70636541148 0.29997138845 
0.430375 61.26199557964 0.29960388210 
0.430881 61.34107989243 0.31878660429 
0.431388 61.63777629745 0.31824846796 
0.431894 61.84178674424 0.32706413805 
0.432400 62.10035177584 0.33367404384 
0.432907 62.06473774173 0.31907364033 
0.433413 61.81924815300 0.33341089356 
0.433919 61.19154554762 0.33930233916 
0.434425 61.31112970681 0.33007448840 
0.434932 61.88854819036 0.33761662609 
0.435438 61.49762024757 0.35278619655 
0.435944 61.13308818159 0.33464636003 
0.436451 62.07099272819 0.34707492231 
0.436957 61.95833865638 0.35030308547 
0.437463 60.65474990327 0.33849753939 
0.437970 60.87151028545 0.35243969754 
0.438476 61.42898538965 0.37414140021 
0.438982 61.46831142671 0.36480039131 
0.439489 61.36678043940 0.36873287424 
0.439995 61.54117940377 0.36189346159 
0.440501 61.94247323589 0.37756355400 
0.441007 61.09146650004 0.36204428071 
0.441514 61.19063145476 0.36870424290 
0.442020 61.88341274123 0.39540104802 
0.442526 60.86282891632 0.39147302163 
0.443033 60.97356981732 0.39267602642 
0.443539 61.09770204804 0.41279480041 
0.444045 60.99568354585 0.41249984518 
0.444551 61.61855677185 0.42466922177 
0.445058 60.89818605723 0.42847796830 
0.445564 60.87481712409 0.42983943307 
0.446070 61.30165453843 0.42780566996 
0.446577 60.52889445817 0.44694333450 
0.447083 61.60210269272 0.45614854773 
0.447589 60.46342201973 0.42518017991 
0.448095 60.50639059900 0.46144052007 
0.448602 60.48580282290 0.47998920272 
0.449108 61.30711281638 0.48697589176 
0.449614 60.49738723618 0.45886006302 
0.450121 60.54298273715 0.49244433672 
0.450627 60.99599042873 0.51317561185 
0.451133 60.93706963493 0.50361030566 
0.451639 60.87894636728 0.51929335725 
0.452146 60.74109080222 0.50930121975 
0.452652 60.58475620329 0.54976871069 
0.453158 60.31879535982 0.57429269095 
0.453664 59.87328066704 0.56857700203 
0.454171 60.42643698858 0.61323230655 
0.454677 59.76750361492 0.60168152276 
0.455183 61.68598371590 0.63266750035 
0.455689 60.38794903396 0.62731472690 
0.456196 60.20823354575 0.68158319723 
0.456702 60.54574082200 0.62898156572 
0.457208 60.54754438040 0.68682413193 
0.457714 60.21932867721 0.74639726012 
0.458221 60.14822923885 0.74222153033 
0.458727 60.24048609230 0.75302209530 
0.459233 60.28468047624 0.83681966895 
0.459740 61.30902703160 0.84894271583 
0.460246 59.51226186259 0.92778524723 
0.460752 59.86471942701 0.96746805708 
0.461258 60.89418134702 0.98417929860 
0.461765 59.06837939632 1.05977991006 
0.462271 59.27014834388 1.04716240669 
0.462777 59.92357289937 1.17209461407 
0.463283 60.94650770451 1.30323700208 
0.463789 60.17603874581 1.28774139578 
0.464296 61.39086238432 1.42183292067 
0.464802 60.43163122582 1.34880477510 
0.465308 60.91265682169 1.54036489128 
0.465814 58.01073949494 1.64340936352 
0.466321 59.44878602347 1.68282035379 
0.466827 60.77585905992 1.90507580274 
0.467333 59.19142259659 1.91132468308 
0.467839 60.46853718941 1.91878590435 
0.468346 59.65284471880 2.28168676194 
0.468852 60.61685440509 2.63723028551 
0.469358 60.43851661053 3.11158113879 
0.469864 58.27530327341 2.88442916033 
0.470371 59.85413022661 3.91875636460 
0.470877 57.98153420418 4.47401677141 
0.471383 60.61462422447 5.85107340944 
0.471889 57.00249532434 7.19831438707 
0.472395 53.45259494563 6.06065013943 
0.472902 54.94885191864 13.35393118685 
