0.010896 1348.58642581843 13.02696361028 
0.011402 1203.18106311378 12.94387902970 
0.011909 1082.92535054481 11.38660145118 
0.012416 974.31902567697 9.42963221249 
0.012923 878.12460018906 7.76805109964 
0.013430 826.68807138610 11.63469989381 
0.013936 778.59974578708 8.96008404594 
0.014443 735.91387760567 7.60979435729 
0.014950 678.97247602979 6.62437795467 
0.015457 624.21831466421 5.67279130986 
0.015963 581.42034074533 4.89159797718 
0.016470 537.62809193893 4.25677244656 
0.016977 508.07796936385 3.94258708422 
0.017484 475.69647774452 3.44631424299 
0.017990 446.47898165620 3.39184226679 
0.018497 422.96343608845 2.68689624506 
0.019004 400.42737213552 2.41577540597 
0.019511 379.06306186943 2.19985941585 
0.020018 359.93352600405 2.27181628073 
0.020524 346.00530448656 1.78442341819 
0.021031 327.50197523408 1.85868570409 
0.021538 314.15131017087 1.71890163986 
0.022045 302.03436686091 1.70648821995 
0.022551 288.01103735150 1.50398913440 
0.023058 279.76566678694 1.41784302915 
0.023565 268.27921239166 1.54798374088 
0.024072 259.63657011361 1.79202498632 
0.024579 251.34628937846 1.68873757694 
0.025085 243.80036996799 2.19686699109 
0.025592 237.69885565128 2.08102450813 
0.026099 229.70433931859 2.16084067133 
0.026606 222.68173218863 1.69847099170 
0.027112 216.57003664417 1.82379824390 
0.027619 214.36967318723 1.51283743936 
0.028126 207.64018558065 1.52704617812 
0.028633 200.98627823535 1.26673574563 
0.029139 198.54015040033 1.19421404169 
0.029646 194.01525071703 1.16632702590 
0.030153 189.76826026439 1.16778237026 
0.030660 187.41589204443 1.00469646263 
0.031167 183.02969691250 0.91907697216 
0.031673 179.13357280445 0.91841446971 
0.032180 177.01030317673 0.92334613873 
0.032687 172.64324430027 0.90607699013 
0.033194 170.14457134908 0.84037812286 
0.033700 168.18678226636 0.76833393616 
0.034207 165.22500502692 0.78916821975 
0.034714 162.60748936333 0.78494546666 
0.035221 160.55880102292 0.71447148897 
0.035727 157.88283584585 0.71183282654 
0.036234 156.43687139476 0.67434502638 
0.036741 153.41775862946 0.67747577027 
0.037248 152.22945302347 0.61195763807 
0.037755 151.11930209356 0.59185978303 
0.038261 147.93807576632 0.55886725493 
0.038768 146.47938007979 0.58384426702 
0.039275 146.16500721558 0.59212922182 
0.039782 145.31619852717 0.60027665205 
0.040288 143.00476553280 0.59052875507 
0.040795 141.35972809788 0.54985051785 
0.041302 140.43857701401 0.57489615224 
0.041809 139.37038574130 0.53351126603 
0.042315 138.37242602158 0.52183726233 
0.042822 136.04378384552 0.51625310690 
0.043329 135.05708609567 0.52453245542 
0.043836 134.45835658529 0.51717058601 
0.044343 133.07560193264 0.52851951137 
0.044849 131.91791784658 0.51921628768 
0.045356 131.29131560706 0.51096878838 
0.045863 129.67229828612 0.50405474880 
0.046370 129.35849418102 0.51199292290 
0.046876 128.67743986916 0.49001385745 
0.047383 127.73845234037 0.52371401606 
0.047890 126.39884345746 0.47721737152 
0.048397 126.15027964743 0.50390426302 
0.048903 125.22927391492 0.48938130938 
0.049410 124.67173509282 0.45000233557 
0.049917 122.55037637596 0.44539324570 
0.050424 121.58768380203 0.48110765832 
0.050931 120.71963650163 0.47071827318 
0.051437 120.83169418399 0.46415044431 
0.051944 120.74766032797 0.44138604653 
0.052451 119.59668336047 0.44412236483 
0.052958 118.30967619834 0.44169678996 
0.053464 118.06612553506 0.44485801778 
0.053971 116.83226642849 0.44552220427 
0.054478 116.78935268957 0.43617442029 
0.054985 115.45025217555 0.44592677962 
0.055491 114.98837843849 0.43762345024 
0.055998 115.06444281747 0.40887078436 
0.056505 114.48762410586 0.42226482400 
0.057012 114.33964109300 0.44203572764 
0.057519 113.48980648224 0.42019566368 
0.058025 112.58272697631 0.39786426523 
0.058532 111.93044415686 0.40781565292 
0.059039 111.22128602770 0.45252055967 
0.059546 111.02476166083 0.42822194028 
0.060052 110.13714978000 0.42219380145 
0.060559 110.19453684964 0.42356997904 
0.061066 109.03379982802 0.40825077306 
0.061573 108.95625048415 0.40282153881 
0.062079 108.63554265160 0.39800193667 
0.062586 107.24267847250 0.40257255900 
0.063093 107.28485704655 0.38458402558 
0.063600 107.59157867045 0.38458710862 
0.064106 106.39746863166 0.39558025393 
0.064613 105.80372051596 0.40061135635 
0.065120 105.88477064956 0.38516239531 
0.065627 106.35973198724 0.39117093435 
0.066134 104.86117599773 0.36836213722 
0.066640 105.06857743962 0.37890574856 
0.067147 104.62016883223 0.36849756382 
0.067654 104.10510965362 0.38408554768 
0.068161 103.96072074912 0.35427469508 
0.068667 103.19038697198 0.37313024149 
0.069174 102.59986753151 0.37155053522 
0.069681 102.92003382736 0.36126045892 
0.070188 102.40579495753 0.35797608905 
0.070694 102.19326772621 0.36604518157 
0.071201 101.96201452190 0.34901161072 
0.071708 101.66992441955 0.35103107365 
0.072215 101.10538257213 0.35323127327 
0.072721 100.90802016169 0.36155729995 
0.073228 100.47570953241 0.34475622016 
0.073735 99.94667551655 0.33409728518 
0.074242 100.32275797911 0.34879996729 
0.074748 99.67868596537 0.34421835456 
0.075255 99.51106296131 0.32347512782 
0.075762 99.10114089446 0.34400896145 
0.076269 99.02029695300 0.34802637697 
0.076776 98.69108910351 0.33579365105 
0.077282 98.34102190192 0.31827319085 
0.077789 98.25227228690 0.33006721086 
0.078296 98.01246242608 0.32219410254 
0.078803 97.48001894770 0.33326371837 
0.079309 97.77834484835 0.32985366750 
0.079816 97.11062976265 0.33468122680 
0.080323 97.32157206640 0.32457263525 
0.080830 97.42755399571 0.33193857311 
0.081336 97.06674850780 0.33396846455 
0.081843 97.18827000788 0.32684759587 
0.082350 96.69093046821 0.32378023714 
0.082857 96.38602492042 0.33526880323 
0.083363 96.67935110053 0.34084488647 
0.083870 96.08295735993 0.33329952920 
0.084377 95.36558316629 0.33456205350 
0.084884 95.52047039509 0.33151125260 
0.085390 95.88252535530 0.32075300120 
0.085897 95.36097012318 0.32599883999 
0.086404 94.74047242722 0.33579831283 
0.086911 95.11714794804 0.33458172710 
0.087417 95.18483930032 0.31044292078 
0.087924 95.14910725225 0.32275633030 
0.088431 94.55194228249 0.33862153521 
0.088938 95.17339030693 0.32188397093 
0.089444 94.21614930697 0.32805754227 
0.089951 93.85601664566 0.32395619823 
0.090458 94.14842811400 0.33486148790 
0.090965 93.55595533413 0.31760189300 
0.091471 94.20643984564 0.34151604886 
0.091978 93.77540503604 0.31754274229 
0.092485 93.52274653754 0.34603003965 
0.092992 93.34833550419 0.35305833644 
0.093498 92.89999932165 0.34145817614 
0.094005 92.69504144706 0.33112155261 
0.094512 92.89659813385 0.32665659746 
0.095019 92.45949949698 0.34504363849 
0.095525 92.71051519316 0.34091081581 
0.096032 92.31970247045 0.33224848178 
0.096539 92.78264525622 0.32849317701 
0.097046 92.23393470401 0.32637973223 
0.097552 91.92075274588 0.32870673683 
0.098059 92.44127873419 0.32782296747 
0.098566 91.79991033895 0.31871057766 
0.099073 92.14675535017 0.32060700414 
0.099579 91.29915093722 0.31772101243 
0.100086 91.15323317475 0.32816276993 
0.100593 91.63070126952 0.32244617177 
0.101100 91.06289409621 0.32631522172 
0.101606 90.87407523997 0.30914600032 
0.102113 89.52379235219 0.29693336175 
0.102620 89.48790913975 0.29527500924 
0.103127 89.70185199024 0.30816418348 
0.103633 88.65348607412 0.30276858157 
0.104140 88.45056546054 0.30728531169 
0.104647 89.09765767256 0.30463763289 
0.105154 89.23581482869 0.30670541665 
0.105660 88.82632120080 0.31142945586 
0.106167 87.93727254505 0.30307209449 
0.106674 88.64848763276 0.29993566449 
0.107181 88.06354673037 0.29572881153 
0.107687 88.09539261779 0.29789564292 
0.108194 87.96990731353 0.29617274298 
0.108701 88.11101086197 0.29466403411 
0.109208 87.69881500804 0.28911536249 
0.109714 87.52749924313 0.28524929183 
0.110221 87.83222164158 0.29275494343 
0.110728 87.64156136522 0.29309076459 
0.111235 87.31910455801 0.28639912946 
0.111741 87.38788364692 0.28162729122 
0.112248 87.10480771009 0.28135918454 
0.112755 86.69376717107 0.27950309735 
0.113262 87.08666017921 0.29020473907 
0.113768 87.10740056389 0.27834574084 
0.114275 86.30100293553 0.27672920716 
0.114782 86.73424759530 0.27440772718 
0.115289 86.41517616838 0.27037541293 
0.115795 86.66529996072 0.27618158135 
0.116302 85.98492851727 0.27145743261 
0.116809 86.51302655235 0.26665446763 
0.117316 86.45630624309 0.26684602616 
0.117822 86.98337932916 0.27182138939 
0.118329 85.80863142331 0.27149754623 
0.118836 86.18806193767 0.27989170309 
0.119342 86.09790628460 0.26724382329 
0.119849 85.85586006056 0.26510814526 
0.120356 86.08177947476 0.26987337965 
0.120863 85.46620210679 0.26762182844 
0.121369 86.04480883464 0.26581215154 
0.121876 85.58167891786 0.26539557535 
0.122383 85.52399301513 0.25711894349 
0.122890 85.24795397467 0.27180044280 
0.123396 85.19421748976 0.26980478632 
0.123903 85.08633303509 0.25664972980 
0.124410 85.44881744564 0.25696194141 
0.124917 84.68192747124 0.25679059134 
0.125423 84.75021452559 0.26116798810 
0.125930 84.77466536373 0.25797543581 
0.126437 84.66689471906 0.25606898124 
0.126944 84.49074195994 0.25614073679 
0.127450 84.74076589010 0.25850334235 
0.127957 84.59297992317 0.25719468818 
0.128464 84.74921547693 0.25264581345 
0.128970 84.85607391259 0.24956344275 
0.129477 84.57067446604 0.26171407320 
0.129984 84.39530502564 0.25299073746 
0.130491 83.93310941973 0.24459297015 
0.130997 84.20412380460 0.25084652636 
0.131504 84.25649711553 0.24820573978 
0.132011 84.37853141090 0.24981951488 
0.132518 83.96535869075 0.24532245397 
0.133024 83.81263110051 0.24161335251 
0.133531 83.56960462974 0.24677039513 
0.134038 84.06347890228 0.24735019787 
0.134545 83.66638876144 0.24765353922 
0.135051 83.52338500704 0.24480838357 
0.135558 83.56593800865 0.25209567600 
0.136065 83.70740667946 0.24504281020 
0.136571 83.58520920280 0.24099541893 
0.137078 83.54655570427 0.24717844943 
0.137585 83.33812443289 0.24467809082 
0.138092 83.09778547904 0.24389212491 
0.138598 82.93341597143 0.24410849972 
0.139105 82.97907058337 0.24324539708 
0.139612 83.01787899455 0.24256511410 
0.140119 82.92101497268 0.24831073777 
0.140625 83.07037662233 0.24391972337 
0.141132 82.46686663369 0.23306901207 
0.141639 82.56034427987 0.24281515362 
0.142145 82.79602972241 0.24464479658 
0.142652 82.72079968976 0.24049305311 
0.143159 82.79514525289 0.24394272723 
0.143666 82.52817901121 0.23748031117 
0.144172 82.50697433459 0.24723227412 
0.144679 82.17388086717 0.24146220667 
0.145186 82.11264086747 0.24136973383 
0.145692 81.81517535066 0.23751655826 
0.146199 81.87389774072 0.24458177137 
0.146706 81.80761869755 0.24138042971 
0.147213 81.80812634579 0.24643083527 
0.147719 81.81293524678 0.23807874914 
0.148226 81.86489973473 0.23928752257 
0.148733 81.49032134914 0.24011862266 
0.149240 81.45982665976 0.24258281826 
0.149746 81.55277131221 0.24499356849 
0.150253 81.45612119848 0.24427939863 
0.150760 80.80327448567 0.24019243868 
0.151266 81.23800079738 0.24154750899 
0.151773 80.84462995316 0.23651969479 
0.152280 80.96352964090 0.23564852554 
0.152787 80.87458389180 0.23688147625 
0.153293 80.51667996426 0.23981905138 
0.153800 80.74030002146 0.24095959774 
0.154307 81.00166163910 0.24033323084 
0.154813 80.72065577446 0.23970193312 
0.155320 80.47562014337 0.23442953492 
0.155827 80.81575414581 0.23806787845 
0.156334 80.61112180230 0.23760098558 
0.156840 80.22068398080 0.23839619264 
0.157347 80.17355123875 0.24489761388 
0.157854 79.94560202194 0.23527221501 
0.158360 79.99574779358 0.23267216485 
0.158867 79.99869216158 0.23457948815 
0.159374 80.34171543282 0.23951685974 
0.159881 80.07661044039 0.24038088948 
0.160387 79.51682447444 0.23449205427 
0.160894 80.00919599900 0.23861239849 
0.161401 80.06236783670 0.23708905952 
0.161907 79.63974736659 0.23585352616 
0.162414 79.58720362089 0.22976772789 
0.162921 79.43068787842 0.22954882122 
0.163427 79.56435420141 0.22862009510 
0.163934 79.46679076189 0.23715644727 
0.164441 79.51278671891 0.23141938354 
0.164948 78.94555700237 0.23202283940 
0.165454 79.01630649589 0.23187653086 
0.165961 79.12350517610 0.22748881602 
0.166468 78.98543643946 0.23218170040 
0.166974 79.15520020659 0.22746515329 
0.167481 79.09527112395 0.22954445261 
0.167988 78.97782048964 0.22618958417 
0.168495 78.80876359754 0.23195046578 
0.169001 78.93980716674 0.23067003186 
0.169508 79.16457318855 0.23244733457 
0.170015 79.27224033843 0.23061059921 
0.170521 79.02323009126 0.23777962521 
0.171028 79.03234349325 0.23394553543 
0.171535 79.25258795006 0.23691551208 
0.172041 78.97968514121 0.23378619393 
0.172548 78.60136436780 0.23108572335 
0.173055 78.88314143868 0.23587523670 
0.173562 79.05707465845 0.23155784337 
0.174068 78.69837685217 0.24243756482 
0.174575 78.56638266802 0.23783482192 
0.175082 79.07325373404 0.24098520589 
0.175588 78.81895410488 0.23973430651 
0.176095 78.96649583007 0.23888444363 
0.176602 78.83694665948 0.23647742267 
0.177108 79.07570604046 0.23849367319 
0.177615 78.73483656818 0.23838618175 
0.178122 78.66975465395 0.23688626257 
0.178629 78.59616680017 0.23321478284 
0.179135 78.37378897189 0.23492400585 
0.179642 78.49270472188 0.23242109170 
0.180149 78.32002555867 0.23981586844 
0.180655 78.59975626401 0.23942073194 
0.181162 78.67324172786 0.23630934896 
0.181669 78.51300205617 0.24039676344 
0.182175 78.54512559462 0.24200087173 
0.182682 78.56200928939 0.24674101677 
0.183189 78.78825854380 0.24306867112 
0.183695 78.55867235013 0.24281350019 
0.184202 78.16825519022 0.24719880993 
0.184709 78.12478592686 0.24802706424 
0.185216 78.05441277465 0.24531608648 
0.185722 78.10092558852 0.24397257702 
0.186229 78.24509904709 0.24315668929 
0.186736 77.78392644122 0.24699362890 
0.187242 77.86810975002 0.24198208896 
0.187749 77.89677928927 0.24603995590 
0.188256 78.25159331710 0.24825486354 
0.188762 77.29300103009 0.24949371324 
0.189269 77.46636403834 0.24008827075 
0.189776 77.43262694501 0.24438312818 
0.190282 77.69905174974 0.24996679289 
0.190789 77.41193358551 0.24595399147 
0.191296 77.47867655855 0.24372988378 
0.191802 77.58619574162 0.24238482688 
0.192309 77.41932974356 0.24312639746 
0.192816 76.62146810331 0.23716440885 
0.193323 76.87235170977 0.23924631450 
0.193829 76.54394708684 0.23985604889 
0.194336 76.64366127341 0.23615906194 
0.194843 76.39453791994 0.23191154984 
0.195349 76.41437268863 0.23224408353 
0.195856 76.16008868090 0.22866084133 
0.196363 76.25477739960 0.23411221420 
0.196869 76.24875636392 0.22971607190 
0.197376 76.35445940240 0.22676765847 
0.197883 76.02290238603 0.23370792462 
0.198389 75.82451965143 0.22904465111 
0.198896 75.87176097537 0.22448834368 
0.199403 76.16218037956 0.22595972915 
0.199909 75.73427435427 0.22525292959 
0.200416 75.39841289310 0.22451173999 
0.200923 75.95848574366 0.22069060660 
0.201429 75.90337888772 0.22390537622 
0.201936 75.91840663907 0.21551317101 
0.202443 75.42895070473 0.22074770844 
0.202949 75.88033828294 0.21811061746 
0.203456 75.73115519489 0.22475669813 
0.203963 75.39066385776 0.22027053208 
0.204469 75.29234516820 0.21699018601 
0.204976 75.23052411605 0.21407323803 
0.205483 75.34436819327 0.22106353645 
0.205989 75.70759758676 0.22128601543 
0.206496 75.28366865595 0.21833247764 
0.207003 75.33490906975 0.21039946925 
0.207509 75.43434409407 0.21242723361 
0.208016 75.07820572394 0.21419674697 
0.208523 75.02173236988 0.20975617252 
0.209029 74.98459862965 0.20893621336 
0.209536 75.13366218722 0.21268913959 
0.210043 75.27887988957 0.21629741078 
0.210549 74.82733310039 0.21197877351 
0.211056 75.01739995223 0.20341576956 
0.211563 75.27726538639 0.20884685546 
0.212069 74.67511104819 0.20893176365 
0.212576 75.09224563666 0.21301114664 
0.213083 75.07530774419 0.20753800436 
0.213589 75.02664207069 0.20970678725 
0.214096 74.73432057703 0.20856080663 
0.214603 74.84741062844 0.21098136512 
0.215109 74.59056489452 0.20731269254 
0.215616 74.65210054121 0.20952548134 
0.216123 74.54868809296 0.20720040073 
0.216629 74.36040396171 0.20208471925 
0.217136 74.28765549676 0.21068463008 
0.217643 73.78489003849 0.20680093988 
0.218149 74.11254987762 0.20893741779 
0.218656 73.91062890300 0.20741191162 
0.219163 73.89067009307 0.20834172280 
0.219669 74.10618174491 0.20427487784 
0.220176 73.95743105184 0.20568062265 
0.220683 73.97491818629 0.20414251569 
0.221189 73.86351201331 0.20600305600 
0.221696 73.90385170220 0.20476666239 
0.222203 73.99382036368 0.20147509259 
0.222709 73.58277401812 0.20332716179 
0.223216 73.84680427557 0.20239824913 
0.223722 73.74647263057 0.20614599321 
0.224229 73.72514232191 0.20283983838 
0.224736 73.58773238338 0.20608194118 
0.225242 73.45858643515 0.20367653113 
0.225749 73.43744923995 0.20089592858 
0.226256 73.44865275758 0.20365164650 
0.226762 73.40860934609 0.20349900776 
0.227269 73.53890269572 0.19806888629 
0.227776 73.40152282856 0.20375583216 
0.228282 73.56171290529 0.20076742787 
0.228789 73.40240706401 0.20149759381 
0.229296 73.33070264599 0.20015888599 
0.229802 73.37523152315 0.20165898511 
0.230309 73.37812659579 0.19488695783 
0.230816 73.07611769063 0.20007746882 
0.231322 73.20946881061 0.20245920967 
0.231829 72.91204038710 0.19945368553 
0.232335 72.92295072337 0.20064712587 
0.232842 73.00505070183 0.19849963874 
0.233349 72.76831243763 0.19988152034 
0.233855 72.71540726839 0.19674012175 
0.234362 72.77540709533 0.20271085191 
0.234869 72.69961643598 0.20014078302 
0.235375 72.65491746724 0.19499096180 
0.235882 72.57921680148 0.20049576642 
0.236389 72.59698402299 0.19614368683 
0.236895 72.44545611820 0.19882419384 
0.237402 72.41549010492 0.20072058246 
0.237908 72.26263404828 0.19995250562 
0.238415 72.09905444284 0.19738997290 
0.238922 72.44579664944 0.19901478596 
0.239428 72.35344830952 0.19772224201 
0.239935 72.34882041641 0.19669689238 
0.240442 71.91744610956 0.19940031803 
0.240948 71.87163667742 0.19824747144 
0.241455 71.99993354548 0.19780717815 
0.241962 72.31683995282 0.19949244720 
0.242468 71.76480699357 0.19547979274 
0.242975 71.93589910650 0.19616897225 
0.243481 71.99273418259 0.19992184614 
0.243988 71.89294587855 0.20491332300 
0.244495 71.83130472706 0.19857148535 
0.245001 71.97355655213 0.19775670772 
0.245508 71.65472917068 0.19614166052 
0.246015 71.51893337812 0.19663081967 
0.246521 71.77356605453 0.19342116570 
0.247028 71.58848298277 0.19942826032 
0.247534 71.50620667589 0.19781313674 
0.248041 71.27907834175 0.19860965567 
0.248548 71.51430277973 0.19616028300 
0.249054 71.65324588433 0.19216227238 
0.249561 71.57271904786 0.19779762309 
0.250068 71.23852315164 0.19933786824 
0.250574 71.36075003897 0.19755614488 
0.251081 71.43837158971 0.20260274885 
0.251587 71.33817172154 0.19645820041 
0.252094 71.10696977340 0.19985582050 
0.252601 71.15323909952 0.19831705053 
0.253107 71.04659694556 0.19515515682 
0.253614 71.29743500972 0.19938377296 
0.254120 71.29695161554 0.19491391315 
0.254627 70.96208818795 0.19688805659 
0.255134 71.04522897797 0.19329772460 
0.255640 71.08380030815 0.19512466289 
0.256147 70.96004824315 0.19220051307 
0.256654 70.73758624651 0.19763949801 
0.257160 71.06951104375 0.19346224872 
0.257667 71.34212243569 0.19424236869 
0.258173 71.29705952465 0.19570916148 
0.258680 71.20652786731 0.19555997610 
0.259187 71.41918038469 0.19495416622 
0.259693 71.28949535509 0.19271112672 
0.260200 71.42472968409 0.19318672943 
0.260706 71.46026565853 0.19196239680 
0.261213 71.45905105991 0.19409873154 
0.261720 71.50362763228 0.19271486414 
0.262226 71.36502067354 0.19353113021 
0.262733 71.47663265056 0.19450497345 
0.263239 71.64787441463 0.19375757551 
0.263746 71.65283224824 0.19456485157 
0.264253 71.81085237910 0.19363091001 
0.264759 71.71461320469 0.19082080937 
0.265266 71.70158070442 0.19796056156 
0.265772 71.79729457667 0.19501855740 
0.266279 71.83460184184 0.19122421526 
0.266786 71.59774805055 0.18961608549 
0.267292 71.54263364465 0.19126412280 
0.267799 71.91490798959 0.19035163748 
0.268305 71.54269207736 0.19133539777 
0.268812 71.83235480686 0.18826728598 
0.269319 71.93577630878 0.18819850357 
0.269825 71.53984799903 0.18590719513 
0.270332 72.27244843681 0.19374344373 
0.270838 72.05829752881 0.19445721294 
0.271345 72.13640096104 0.19116934580 
0.271852 71.98221078501 0.19279251930 
0.272358 71.91523083078 0.19678959144 
0.272865 72.04314540775 0.18817666923 
0.273371 72.42467105959 0.19530571367 
0.273878 72.16255111740 0.19440350622 
0.274385 72.55057869883 0.19065508340 
0.274891 72.03207746936 0.19150301584 
0.275398 72.26765597751 0.18745692767 
0.275904 72.47987859766 0.18479294059 
0.276411 72.39393843843 0.18828288916 
0.276917 72.39497374393 0.18659850231 
0.277424 72.00903344009 0.18539661795 
0.277931 72.37148916519 0.18249488191 
0.278437 72.27136478876 0.17918388465 
0.278944 71.85431897260 0.17858039528 
0.279450 72.11347919799 0.18375378138 
0.279957 72.10941862071 0.18103967332 
0.280464 71.97154917398 0.18174562643 
0.280970 72.12773945459 0.18434213667 
0.281477 72.41436199005 0.17836646536 
0.281983 71.99854251777 0.17963885481 
0.282490 71.92734119075 0.18139626017 
0.282996 72.15322186044 0.18044039199 
0.283503 72.03541483750 0.18201287756 
0.284010 72.20378329560 0.17772956488 
0.284516 71.86559114321 0.17888012021 
0.285023 71.99351119464 0.17710758602 
0.285529 71.75668701113 0.17508277632 
0.286036 71.75989880362 0.17268929647 
0.286542 71.87487467997 0.17563994559 
0.287049 71.76947826641 0.17080537901 
0.287556 71.37063202167 0.17315273812 
0.288062 71.70245846040 0.17218985119 
0.288569 71.45704947944 0.16855655992 
0.289075 71.20213105245 0.16956290688 
0.289582 71.47699417827 0.17277301762 
0.290088 71.50784278933 0.16793598192 
0.290595 71.29540046567 0.17003037475 
0.291102 71.64354688334 0.17201249455 
0.291608 71.29726360785 0.16791462327 
0.292115 71.06583343330 0.16636546689 
0.292621 71.12763895609 0.16777173572 
0.293128 71.17809790745 0.16916642778 
0.293634 71.15070211490 0.16537869932 
0.294141 71.12600561078 0.16680471135 
0.294647 71.31563322326 0.16613666895 
0.295154 71.05076869127 0.16232294878 
0.295661 70.54292628112 0.16516441540 
0.296167 70.87810307492 0.16701595548 
0.296674 71.01356380361 0.16925068102 
0.297180 70.81818481560 0.16333890299 
0.297687 70.95289422371 0.16462117083 
0.298193 70.74860098170 0.16471333007 
0.298700 70.60681069801 0.16373761967 
0.299207 70.51365899462 0.16255655011 
0.299713 70.67381011003 0.16517792047 
0.300220 70.39486880942 0.16324434384 
0.300726 70.43036876265 0.16365475508 
0.301233 70.61953458330 0.16610958966 
0.301739 70.41203299359 0.16414485814 
0.302246 70.20207421387 0.16325701731 
0.302752 70.52523101139 0.16217154127 
0.303259 70.19443665040 0.16475680836 
0.303765 70.33396183228 0.16470570590 
0.304272 70.23357552859 0.16140062775 
0.304779 70.14270753374 0.15835148175 
0.305285 70.12022859764 0.16102498815 
0.305792 70.19500788453 0.16026678578 
0.306298 70.14876007558 0.16047822307 
0.306805 69.92453512572 0.16361502804 
0.307311 69.74811384646 0.15694177217 
0.307818 69.80052390574 0.15864150400 
0.308324 69.52939185029 0.15838300278 
0.308831 69.51892672703 0.15454216459 
0.309337 69.40023756262 0.15266362297 
0.309844 69.28167769465 0.15575248092 
0.310350 69.05520646974 0.15568768954 
0.310857 69.01363886749 0.15118244909 
0.311364 68.68042853775 0.15069582869 
0.311870 68.46186568475 0.15095295125 
0.312377 68.21654468369 0.14963745654 
0.312883 67.94698439784 0.14623170931 
0.313390 67.97756804607 0.14914269083 
0.313896 67.69405136126 0.14374341660 
0.314403 67.76039696849 0.14461276278 
0.314909 67.77829613758 0.14550307117 
0.315416 67.44777264213 0.14539304569 
0.315922 67.58204683087 0.14504382752 
0.316429 67.31253119747 0.14081661965 
0.316935 67.33962074798 0.14110751404 
0.317442 67.17342301101 0.14378398842 
0.317948 67.21335323966 0.14356833812 
0.318455 67.10279631565 0.13993283227 
0.318961 66.80366619503 0.14289096634 
0.319468 66.81873207969 0.13965862543 
0.319975 66.87915322218 0.14128200322 
0.320481 66.76835495450 0.14075508693 
0.320988 66.65870620688 0.14377844310 
0.321494 67.00398610949 0.14072111308 
0.322001 66.79300243356 0.16729917528 
0.322507 66.45390474590 0.14079280941 
0.323014 66.78105587715 0.14223181903 
0.323520 66.54646926067 0.14290812654 
0.324027 66.35723259067 0.14121107176 
0.324533 66.37589155456 0.14064296665 
0.325040 66.40124006016 0.14126266261 
0.325546 66.05148659130 0.14100948314 
0.326053 66.42883973427 0.13815915230 
0.326559 66.40695473228 0.13895861577 
0.327066 66.36000563939 0.13695566106 
0.327572 66.33473656037 0.13706083322 
0.328079 66.00701305250 0.13936169913 
0.328585 66.43592936901 0.13705585067 
0.329092 66.37102986553 0.13817864272 
0.329598 66.22884660092 0.13746568877 
0.330105 66.09441320359 0.13622524925 
0.330611 66.16577264452 0.14112606836 
0.331118 66.09442967159 0.13598340796 
0.331624 65.83409248662 0.13827537551 
0.332131 65.99502503138 0.13763975430 
0.332637 65.94374477117 0.13834414605 
0.333144 65.86910494661 0.13712441425 
0.333650 65.70404314285 0.13790318762 
0.334157 65.87298189558 0.13822597390 
0.334663 65.95291836473 0.13913501551 
0.335170 65.65466532690 0.14077810481 
0.335676 65.83488452021 0.13834238317 
0.336183 65.56833723300 0.13941898827 
0.336689 65.56872411529 0.13958290314 
0.337196 65.76823546523 0.13998265177 
0.337702 65.34129709630 0.13558323022 
0.338209 65.42362249055 0.14173052002 
0.338715 65.48043307603 0.14103651466 
0.339222 65.42862017023 0.13794308205 
0.339728 65.42021041765 0.14012823079 
0.340235 65.41270206713 0.21511332016 
0.340741 65.39815597046 0.13989483778 
0.341248 65.42985209743 0.14009096298 
0.341754 65.38764261151 0.13912172702 
0.342261 65.08929715547 0.14106696300 
0.342767 65.15240226385 0.13881870271 
0.343274 65.02523753294 0.13742489915 
0.343780 65.16477944754 0.13958034274 
0.344287 65.19240660200 0.13940969931 
0.344793 65.00817585247 0.14077383595 
0.345300 64.95282512359 0.13933271225 
0.345806 65.18803356560 0.13995900219 
0.346313 65.04636747896 0.14178680164 
0.346819 64.97767824377 0.14599365095 
0.347325 65.03613834868 0.14479265287 
0.347832 64.84398937099 0.14517948087 
0.348338 64.79833278479 0.14369109762 
0.348845 64.98566020205 0.14497332974 
0.349351 64.91462407581 0.14953811522 
0.349858 64.86873430055 0.14957434625 
0.350364 64.83174891391 0.14701766696 
0.350871 64.71697445756 0.14859308550 
0.351377 64.50200205845 0.14968499693 
0.351884 64.61314862933 0.14640733306 
0.352390 64.66297594333 0.14775001452 
0.352897 64.27678978455 0.14875734292 
0.353403 64.29070471197 0.14758591010 
0.353910 64.54387356062 0.15128134471 
0.354416 64.21747943487 0.14957689529 
0.354923 64.05567158065 0.15070033775 
0.355429 64.10862330864 0.15338285485 
0.355935 64.03185211240 0.14978867934 
0.356442 63.90228685269 0.15395929943 
0.356948 64.24470831642 0.15510447883 
0.357455 63.97312196349 0.15556741899 
0.357961 63.79519084490 0.15588589291 
0.358468 63.64198242266 0.15751206203 
0.358974 63.92096998744 0.22150782101 
0.359481 63.66037552463 0.20313875917 
0.359987 63.80804992427 0.20008671562 
0.360494 64.11355180945 0.19253652762 
0.361000 63.74531252392 0.18670085355 
0.361506 63.97073565837 0.18464630980 
0.362013 64.00467898015 0.18867596636 
0.362519 63.71254818828 0.18274057118 
0.363026 63.69209703984 0.18687506751 
0.363532 63.90362638504 0.18764982216 
0.364039 63.62796817354 0.18463979504 
0.364545 63.95808832024 0.18293471458 
0.365052 63.68567850732 0.18532731353 
0.365558 63.82872471921 0.18275774445 
0.366064 63.82198042259 0.18305215539 
0.366571 63.74127642539 0.18633517095 
0.367077 63.74916867690 0.18704914192 
0.367584 63.73254856591 0.18592686013 
0.368090 63.55682108466 0.18454727153 
0.368597 63.98933484713 0.18860361082 
0.369103 63.54419616079 0.18720683727 
0.369610 63.99929810343 0.19152910460 
0.370116 63.80720500073 0.19061065799 
0.370622 63.56936100905 0.19045401803 
0.371129 63.79348413006 0.19333818236 
0.371635 63.57257023536 0.19144979371 
0.372142 63.72532671302 0.19351868484 
0.372648 63.39286816001 0.19324013422 
0.373155 63.32225407182 0.19353554502 
0.373661 63.46964619080 0.19612628610 
0.374167 63.52117770203 0.19609447526 
0.374674 63.62422758968 0.19426208042 
0.375180 63.49770366982 0.19856704193 
0.375687 63.24677393527 0.19646187589 
0.376193 63.70306695052 0.19871187253 
0.376700 63.21909850728 0.19556393608 
0.377206 63.56645029296 0.20178815279 
0.377712 63.45190941929 0.20124153073 
0.378219 63.71847607018 0.20417073254 
0.378725 63.31992564114 0.20628161988 
0.379232 63.18225911209 0.21072788491 
0.379738 63.64446258955 0.20618853636 
0.380245 63.17804071985 0.20410272293 
0.380751 62.92939602672 0.20979734645 
0.381257 63.65356697089 0.20896843943 
0.381764 63.26078283547 0.20987675277 
0.382270 63.36478899183 0.20577723430 
0.382777 63.31178418019 0.21023037568 
0.383283 63.05442980219 0.21323943046 
0.383789 63.08995260740 0.21003382825 
0.384296 62.78031278334 0.20790555201 
0.384802 63.17257283935 0.21305588575 
0.385309 63.21871902138 0.21352689767 
0.385815 62.93537831118 0.21079272571 
0.386321 63.13578563301 0.20988814822 
0.386828 63.27161679389 0.21485374665 
0.387334 63.13820333065 0.21053383947 
0.387841 62.79596074309 0.21320751077 
0.388347 62.99143704021 0.21239350049 
0.388853 63.16348935129 0.21358976829 
0.389360 62.82317169723 0.21713066636 
0.389866 63.03922696106 0.21893695453 
0.390373 62.73000157819 0.21221416694 
0.390879 62.34209460510 0.21877472761 
0.391385 63.13204450913 0.21968047270 
0.391892 62.57481652382 0.21582136665 
0.392398 62.35730949436 0.22112232412 
0.392905 62.65192575046 0.22355244890 
0.393411 62.29888372464 0.21903398712 
0.393917 62.83594991768 0.22394977747 
0.394424 62.64337352474 0.22936625412 
0.394930 62.55398553725 0.23024813706 
0.395437 62.75779714655 0.22667517968 
0.395943 62.86121978994 0.23090865418 
0.396449 62.70821270939 0.34368088737 
0.396956 62.80487046409 0.22415069179 
0.397462 62.30451027009 0.23240376018 
0.397969 62.74650950964 0.23332773528 
0.398475 62.45732379596 0.23657508235 
0.398981 62.79675570862 0.24074427372 
0.399488 62.79629215050 0.23053420280 
0.399994 62.11522734557 0.23745253412 
0.400500 62.40050662029 0.23703020776 
0.401007 62.48371026193 0.23343018673 
0.401513 62.70817226266 0.24361044330 
0.402020 62.48472456711 0.24869459413 
0.402526 62.32842753488 0.24858990460 
0.403032 62.38876498933 0.24111477185 
0.403539 62.22508284890 0.25745141605 
0.404045 62.40871858748 0.25224556980 
0.404551 62.57153004169 0.26436738593 
0.405058 62.38560170581 0.26803732173 
0.405564 62.20232353717 0.26570783632 
0.406071 62.20677583749 0.25040970913 
0.406577 62.63447122613 0.25391197508 
0.407083 62.16592846098 0.25846362593 
0.407590 61.78300468806 0.25805222496 
0.408096 62.10732845429 0.26835781350 
0.408602 62.13031620983 0.27844877484 
0.409109 62.06627303864 0.26278112713 
0.409615 62.30229834708 0.27190704858 
0.410121 61.86311347337 0.26189153300 
0.410628 61.70052531102 0.26665377610 
0.411134 62.44122279729 0.27378690745 
0.411641 61.55239390035 0.27722494176 
0.412147 62.20450750466 0.26087913145 
0.412653 61.76710149098 0.26093738455 
0.413160 61.90289488912 0.26337162932 
0.413666 61.94931528000 0.26245933233 
0.414172 61.72232359384 0.28034148068 
0.414679 61.82679498576 0.26260450066 
0.415185 62.15724286291 0.29223386015 
0.415691 62.24165751227 0.26603435465 
0.416198 61.49140793258 0.27062748000 
0.416704 61.73037761207 0.28034176272 
0.417210 62.08161266513 0.27590046994 
0.417717 62.00641516315 0.29932114487 
0.418223 61.71491626874 0.27407006572 
0.418729 61.95610518440 0.28634087814 
0.419236 61.91188440797 0.27919018234 
0.419742 61.64430631844 0.26657485486 
0.420248 61.42393991706 0.27064814844 
0.420755 61.67994901398 0.27481001467 
0.421261 61.60041507358 0.27576452272 
0.421767 61.55948873951 0.28244982966 
0.422274 61.80232779046 0.28396302622 
0.422780 61.64252046887 0.28247173525 
0.423286 61.69462373928 0.28846447653 
0.423793 62.06816726616 0.27780921737 
0.424299 61.74121632810 0.29311052569 
0.424805 61.16219407591 0.28280193989 
0.425312 61.60876488902 0.29603274297 
0.425818 61.59935961167 0.28384890185 
0.426324 60.98846889829 0.29450047896 
0.426831 61.55069415431 0.29471410956 
0.427337 61.37922812451 0.30335034801 
0.427843 61.84557181212 0.29597572824 
0.428350 61.66077662016 0.30422313310 
0.428856 61.51595595591 0.30113411793 
0.429362 61.53002206181 0.29664913957 
0.429869 61.72459075298 0.30700805345 
0.430375 61.72794829284 0.31846819645 
0.430881 61.78970433370 0.30345220122 
0.431388 61.83221838402 0.31282924230 
0.431894 61.69970039963 0.31526040656 
0.432400 61.70370632593 0.32608665571 
0.432907 61.38045574935 0.31797033993 
0.433413 61.43881477612 0.33606763592 
0.433919 61.62018315303 0.32526378388 
0.434425 60.76816253384 0.33074042851 
0.434932 61.42086782520 0.33467863902 
0.435438 61.79025896934 0.35700515698 
0.435944 61.63641178014 0.33439248014 
0.436451 61.55144852111 0.32690240833 
0.436957 61.59888157336 0.35402294015 
0.437463 61.43834666052 0.35535882619 
0.437970 61.71507750409 0.35845157597 
0.438476 61.82963747511 0.36822707974 
0.438982 60.56146822110 0.36097338865 
0.439489 61.70010110541 0.38196461203 
0.439995 61.05571034032 0.36472278201 
0.440501 61.02618198299 0.37598354920 
0.441007 61.24942491819 0.37890577444 
0.441514 61.09255083564 0.37964483124 
0.442020 60.86595003685 0.39381136832 
0.442526 61.39773565158 0.39138111293 
0.443033 60.83125051610 0.38638218919 
0.443539 61.21957609121 0.40424321000 
0.444045 61.11365550377 0.40892224567 
0.444551 61.96304734536 0.41149967009 
0.445058 61.01682358451 0.40157183732 
0.445564 60.73422721850 0.42897696681 
0.446070 60.75649964033 0.42183231936 
0.446577 61.17872640003 0.43300673445 
0.447083 60.98643816303 0.45069773852 
0.447589 60.49982432437 0.46453250762 
0.448095 60.53182862852 0.44923496329 
0.448602 60.92568547798 0.46292982879 
0.449108 60.62385437719 0.47213210642 
0.449614 61.20082686703 0.47521890529 
0.450121 60.93643222246 0.49496127918 
0.450627 60.66357032374 0.51683568101 
0.451133 60.76341917463 0.51022288414 
0.451639 60.02078376464 0.51276476892 
0.452146 60.22061744502 0.56058583106 
0.452652 59.37473339824 0.51983315052 
0.453158 60.54605623882 0.56427049242 
0.453664 59.87796989670 0.55922907026 
0.454171 60.76631033589 0.58129325388 
0.454677 60.27266474194 0.59738811575 
0.455183 60.39670877076 0.63025319717 
0.455689 60.15767118999 0.62323939540 
0.456196 60.46530410528 0.67419041762 
0.456702 60.52915913916 0.64038951272 
0.457208 60.90542403571 0.69999312493 
0.457714 60.55422215693 0.74998400740 
0.458221 61.41323461846 0.76121877629 
0.458727 59.78506237433 0.80030994554 
0.459233 59.58345988308 0.80372129560 
0.459740 59.89443925019 0.82967435480 
0.460246 61.11949854793 0.89069778188 
0.460752 59.29984280307 0.94624805156 
0.461258 59.33719968490 0.99460379947 
0.461765 60.45533597266 1.10720625945 
0.462271 59.47293942253 0.98808515980 
0.462777 59.89196090730 1.16237874303 
0.463283 59.88687324494 1.18676180769 
0.463789 59.80273671558 1.38733567834 
0.464296 59.56372914807 1.29912398466 
0.464802 60.01789021943 1.36178350968 
0.465308 58.42286576526 1.40036630463 
0.465814 58.75796484278 1.62479790694 
0.466321 60.61057819865 1.73070799122 
0.466827 60.17783771562 1.83578713383 
0.467333 58.65165505620 1.87017813345 
0.467839 60.98201567914 2.03465039506 
0.468346 61.28443540199 2.36351117363 
0.468852 60.13569511660 2.71645048202 
0.469358 62.29940233087 2.93154934744 
0.469864 58.33531740359 2.95149070169 
0.470371 58.72111956464 3.80079870767 
0.470877 54.68552968824 4.14819141318 
0.471383 55.88315687152 5.24710939735 
0.471889 55.10715094312 7.13129600978 
0.472395 57.19076807530 6.44301310998 
0.472902 54.27010168672 12.95972694760 
