0.010896 1338.11844639649 11.45962548315 
0.011402 1190.19256724881 13.04182547795 
0.011909 1065.51502125172 10.65041980539 
0.012416 968.77697617318 9.89543311725 
0.012923 879.06856994355 7.44569617984 
0.013430 821.65463432103 10.20387403621 
0.013936 772.87122170063 9.11791922471 
0.014443 727.57744444948 7.23695807865 
0.014950 671.91426062136 6.47053552775 
0.015457 615.56310478985 5.35385363364 
0.015963 576.80948358577 4.89695964009 
0.016470 535.39811478145 4.10728892262 
0.016977 505.55944726467 3.78245493012 
0.017484 472.20325853796 3.24548886224 
0.017990 444.90934807635 3.07472926275 
0.018497 416.34911728628 2.67255386065 
0.019004 394.43167629144 2.28580002738 
0.019511 378.83920903398 2.24236379968 
0.020018 357.26640007093 2.21147949589 
0.020524 341.96120096752 1.92194024010 
0.021031 325.82915307840 1.88681936497 
0.021538 312.46132305646 1.74346993137 
0.022045 301.05978701608 1.70371775841 
0.022551 288.89102855718 1.51482421039 
0.023058 274.63194019023 1.40309884607 
0.023565 267.68540397020 1.42263308141 
0.024072 259.04564804199 1.59978081275 
0.024579 249.42132569475 1.65319270628 
0.025085 241.56101294609 2.15165085132 
0.025592 234.75258403806 2.09617813810 
0.026099 227.57069075292 2.06303800515 
0.026606 221.34634713009 1.75184769473 
0.027112 217.60269751027 1.80039901192 
0.027619 211.04914859129 1.43319929231 
0.028126 205.74598318799 1.56983783678 
0.028633 201.29459116350 1.35747369183 
0.029139 197.50546578626 1.20954234102 
0.029646 193.48058789045 1.15669654707 
0.030153 187.89883124723 1.13724224819 
0.030660 184.84154247441 1.03347734161 
0.031167 183.09947804084 0.90596773515 
0.031673 177.56808876389 0.94689228102 
0.032180 175.69952096830 0.87791303682 
0.032687 172.06819407717 0.83223250248 
0.033194 169.44512583703 0.81731043971 
0.033700 167.19689767870 0.76978778583 
0.034207 165.28128804731 0.83594254614 
0.034714 161.92726406053 0.79512911343 
0.035221 159.51515639949 0.70816065118 
0.035727 157.54574828990 0.67883850181 
0.036234 155.27004086441 0.66154223522 
0.036741 153.90780420076 0.65988861070 
0.037248 152.19062118867 0.66650568173 
0.037755 150.05848122352 0.64250532877 
0.038261 148.73639289650 0.60783090894 
0.038768 145.96932859221 0.60842902387 
0.039275 145.19154968017 0.58623986310 
0.039782 143.34616916515 0.58571544675 
0.040288 142.10969793856 0.57326432123 
0.040795 140.84666748918 0.55600423080 
0.041302 139.60840380281 0.58852262164 
0.041809 138.46443113617 0.55165708795 
0.042315 136.74125111690 0.55210194112 
0.042822 136.07423163810 0.53026320445 
0.043329 134.70703113227 0.53883287305 
0.043836 133.93948726527 0.54936073707 
0.044343 133.39997674886 0.50503156967 
0.044849 131.64345552538 0.54080701539 
0.045356 130.47578304427 0.49817717253 
0.045863 129.12714586092 0.49912433191 
0.046370 128.96817714224 0.47751167917 
0.046876 128.18145203130 0.50095572328 
0.047383 126.35332740029 0.50914808030 
0.047890 126.76411089055 0.47972179304 
0.048397 124.96535478267 0.49154169150 
0.048903 124.35400338728 0.47164803718 
0.049410 124.39441138810 0.46806768563 
0.049917 122.59349312277 0.47941967438 
0.050424 121.91095370684 0.46002247007 
0.050931 120.96744594586 0.46369673602 
0.051437 120.82986889856 0.46092364518 
0.051944 119.66084904754 0.45646477315 
0.052451 119.48481262271 0.46365215281 
0.052958 118.52932512818 0.43514127611 
0.053464 117.91937271741 0.45160098541 
0.053971 117.56795965194 0.44020221770 
0.054478 116.25600104793 0.44447223068 
0.054985 115.59554552386 0.43248243296 
0.055491 114.91089705674 0.43624653275 
0.055998 114.04454439094 0.43757848214 
0.056505 113.83353981285 0.43559364654 
0.057012 112.87565531447 0.43349436231 
0.057519 112.59189923544 0.42672020961 
0.058025 112.37206675695 0.42410016774 
0.058532 111.82305252876 0.41888317077 
0.059039 111.43503076567 0.41698281059 
0.059546 110.89911868104 0.44828782934 
0.060052 109.99300821550 0.41365195157 
0.060559 109.84498228832 0.41688976353 
0.061066 109.04106985452 0.39501856489 
0.061573 109.15725776667 0.40664690096 
0.062079 108.05205559374 0.39171636814 
0.062586 107.32310777559 0.42768126304 
0.063093 107.17325644308 0.38775755845 
0.063600 106.80871464718 0.38612169581 
0.064106 106.55843887283 0.38255877494 
0.064613 106.08516305728 0.40409838274 
0.065120 105.84348203773 0.36606073671 
0.065627 105.73465463640 0.38531282092 
0.066134 105.21572778542 0.38738897738 
0.066640 104.17055968350 0.37049388150 
0.067147 104.28397211016 0.36845392586 
0.067654 103.96840647198 0.36136666938 
0.068161 103.83317386856 0.37796736953 
0.068667 102.95055374470 0.36940354471 
0.069174 102.73976717325 0.38359515427 
0.069681 102.61075880792 0.36538013081 
0.070188 102.26928587933 0.36092431411 
0.070694 102.19105719415 0.36844877558 
0.071201 101.09810892092 0.36307187750 
0.071708 101.14932389576 0.35495778846 
0.072215 100.72678808492 0.34608906186 
0.072721 100.33872813694 0.35880500716 
0.073228 100.31757727197 0.34563163168 
0.073735 100.20270614291 0.35417703108 
0.074242 100.09307109981 0.33509940663 
0.074748 99.36005405150 0.33736534945 
0.075255 99.12232107203 0.33962384240 
0.075762 99.07913730964 0.34090033405 
0.076269 98.57269948792 0.34086281183 
0.076776 99.24999018165 0.33356191057 
0.077282 97.80849846745 0.33619855626 
0.077789 98.04342404929 0.32885118571 
0.078296 97.40908142461 0.32680664227 
0.078803 97.12967581809 0.32555494876 
0.079309 97.47006653089 0.32601276467 
0.079816 97.62858996457 0.32253746215 
0.080323 97.09923722497 0.32972639144 
0.080830 97.03761143614 0.32867574346 
0.081336 96.77332010720 0.33208039759 
0.081843 97.22581097248 0.32943757504 
0.082350 96.48501267398 0.33729153564 
0.082857 96.80497056984 0.33469055528 
0.083363 97.25559807585 0.33291271211 
0.083870 96.10723386777 0.32017323857 
0.084377 96.31422879406 0.32503249299 
0.084884 95.99082302686 0.34048477812 
0.085390 95.56877820636 0.32622879761 
0.085897 95.05674184663 0.32881750075 
0.086404 94.94623326406 0.32460668010 
0.086911 95.13080037896 0.33322950742 
0.087417 94.46701157066 0.32832636446 
0.087924 94.73269815274 0.34312360633 
0.088431 95.05331108394 0.33409431133 
0.088938 94.58270143761 0.33860912860 
0.089444 93.92444256186 0.33628465528 
0.089951 94.25413348121 0.33111633906 
0.090458 94.13651925552 0.32057773668 
0.090965 94.12951714515 0.34209047620 
0.091471 93.84694851479 0.32569770502 
0.091978 93.54413903271 0.32279589144 
0.092485 92.58142947257 0.34622466444 
0.092992 92.39905954420 0.34140835331 
0.093498 92.93811630632 0.33094707255 
0.094005 92.59496231988 0.33289809256 
0.094512 92.06284582484 0.33178830275 
0.095019 92.42353427314 0.33894845590 
0.095525 92.48181968580 0.33021657584 
0.096032 92.18464615325 0.32844859693 
0.096539 91.60773687701 0.34059510024 
0.097046 92.07316873917 0.33333701562 
0.097552 91.71081909331 0.32689354983 
0.098059 91.66563037469 0.32931435056 
0.098566 91.73696087491 0.32649271150 
0.099073 91.27069412031 0.32351985609 
0.099579 91.41748517414 0.31711099571 
0.100086 91.51277150264 0.32764162436 
0.100593 91.37054260026 0.32303930949 
0.101100 91.67807555937 0.32145494042 
0.101606 90.29424213629 0.32429786663 
0.102113 90.03670590720 0.29818044758 
0.102620 89.83069847278 0.29303235752 
0.103127 89.37893663199 0.29213004383 
0.103633 89.04597029823 0.29664551899 
0.104140 88.70052643922 0.30241226957 
0.104647 88.20945356806 0.29824560526 
0.105154 88.22898199159 0.31418941071 
0.105660 88.47796771878 0.31473393528 
0.106167 88.25197510329 0.31400129721 
0.106674 87.86047630375 0.30292330808 
0.107181 88.10620656416 0.29606849166 
0.107687 87.67833225781 0.29099747286 
0.108194 87.94626393855 0.29859833710 
0.108701 87.98139794585 0.29324997114 
0.109208 87.90265558194 0.28967126377 
0.109714 87.33769109491 0.29203788155 
0.110221 87.46919929116 0.29114353407 
0.110728 87.63017741270 0.29457475164 
0.111235 87.30102424263 0.28341245884 
0.111741 87.10268705133 0.28532960608 
0.112248 87.31861920990 0.28379430079 
0.112755 86.64388213820 0.28195555838 
0.113262 86.82289812912 0.28409629554 
0.113768 87.05197385728 0.27968103602 
0.114275 86.64679270200 0.27644429523 
0.114782 86.92931769153 0.27521535227 
0.115289 86.80094882768 0.28327899470 
0.115795 86.48762867431 0.27189234588 
0.116302 86.23555154079 0.27622703767 
0.116809 86.14115896998 0.26783996554 
0.117316 86.29143327420 0.27087295723 
0.117822 85.96385967272 0.27123014834 
0.118329 85.80882994751 0.27040836755 
0.118836 85.66441916394 0.26919498168 
0.119342 86.35605322041 0.27193216770 
0.119849 85.54041319221 0.27214326594 
0.120356 85.40221945283 0.26836856976 
0.120863 85.60097942577 0.27526340285 
0.121369 85.12394623021 0.27073024051 
0.121876 85.32020227517 0.26415146809 
0.122383 85.15312967497 0.26066915714 
0.122890 85.24954418728 0.26051236555 
0.123396 85.08841821087 0.26420756783 
0.123903 84.98170487365 0.26816292560 
0.124410 84.70011740662 0.26853648545 
0.124917 84.80164325504 0.25870080784 
0.125423 85.08695836448 0.26018145883 
0.125930 84.91847800301 0.25882818345 
0.126437 84.63927536336 0.25221380507 
0.126944 84.69643260001 0.25342043070 
0.127450 84.28214859470 0.25750857096 
0.127957 84.85447547558 0.24929141852 
0.128464 84.20938320231 0.25374812969 
0.128970 84.51657528534 0.25318813291 
0.129477 84.20879905151 0.25182736658 
0.129984 84.30913674875 0.25345376326 
0.130491 83.65572884808 0.24521782878 
0.130997 84.29726614307 0.24416046037 
0.131504 84.14302687742 0.24185541517 
0.132011 84.36309173263 0.25041965706 
0.132518 83.76626299390 0.25430857357 
0.133024 83.94117290727 0.25189262253 
0.133531 83.59430841825 0.25013984274 
0.134038 83.75447425114 0.25017628797 
0.134545 83.73837791641 0.23871341382 
0.135051 83.38733945747 0.24998720241 
0.135558 83.71158812299 0.24407303975 
0.136065 83.39932146212 0.24543371931 
0.136571 83.52173742390 0.24386558344 
0.137078 83.24604638202 0.24574523316 
0.137585 82.88873647775 0.24193041332 
0.138092 83.01610302759 0.24033778988 
0.138598 83.16794151331 0.24793323608 
0.139105 82.57507055070 0.23975167371 
0.139612 83.16128640852 0.24714943256 
0.140119 83.10517485437 0.23863978846 
0.140625 83.09395963120 0.23476071150 
0.141132 83.23716377907 0.23625884640 
0.141639 82.59707721280 0.24059715414 
0.142145 82.51518959740 0.24089515208 
0.142652 82.42140060994 0.24331551093 
0.143159 82.29997164289 0.23469457369 
0.143666 82.06725069988 0.23711058447 
0.144172 82.23276457303 0.24523949190 
0.144679 81.92639893752 0.23400659108 
0.145186 81.97894712126 0.24329895142 
0.145692 81.75188919657 0.24149221158 
0.146199 81.94716306641 0.24024501851 
0.146706 81.84608490898 0.24707793503 
0.147213 81.88042593210 0.24397440467 
0.147719 81.74523310577 0.23682355071 
0.148226 81.49578090244 0.24226629439 
0.148733 81.65334663129 0.24156502443 
0.149240 81.46670482587 0.23940327727 
0.149746 81.38673579350 0.24271800118 
0.150253 81.41572328495 0.23728812499 
0.150760 81.43211049753 0.24233905092 
0.151266 80.86236698723 0.23933121321 
0.151773 81.22527339544 0.24260538911 
0.152280 80.94626975333 0.24515899904 
0.152787 80.96353790588 0.24162257557 
0.153293 80.68856240509 0.23549394912 
0.153800 80.37457079876 0.23779842188 
0.154307 80.26125437652 0.24479290827 
0.154813 80.86359323849 0.23606182192 
0.155320 80.16609308968 0.24158675849 
0.155827 80.52151151636 0.23441776559 
0.156334 80.26488526739 0.23257858731 
0.156840 80.53830601961 0.23557072588 
0.157347 80.01557037970 0.24054161782 
0.157854 79.53900475286 0.23795095434 
0.158360 79.95223306979 0.23288165129 
0.158867 79.65271320925 0.23756818471 
0.159374 79.72145363115 0.23480325992 
0.159881 79.92081396214 0.23435992153 
0.160387 79.82018554053 0.23158058976 
0.160894 79.90041579934 0.23328661944 
0.161401 79.67063554302 0.23382586367 
0.161907 79.17493432264 0.23861035433 
0.162414 79.32524381360 0.22863695266 
0.162921 79.58444465220 0.23037588459 
0.163427 79.67145648409 0.23474416539 
0.163934 79.19833986669 0.23236862108 
0.164441 79.37954627822 0.22979313111 
0.164948 79.06377477417 0.22931921723 
0.165454 79.19547706122 0.22383412261 
0.165961 78.72734034467 0.22901938355 
0.166468 78.74097605971 0.22747882265 
0.166974 78.81805206857 0.22358515180 
0.167481 78.64166963818 0.23297719668 
0.167988 78.70917578425 0.22960129735 
0.168495 78.83269951290 0.23365608205 
0.169001 79.06533945986 0.23710232919 
0.169508 79.04664717618 0.23088906714 
0.170015 78.97162616006 0.23421836867 
0.170521 78.92618883803 0.22853737345 
0.171028 79.05387402882 0.23564044505 
0.171535 79.25670974892 0.23939569431 
0.172041 78.81437605732 0.22647331434 
0.172548 78.76736485767 0.23451412101 
0.173055 78.64732091137 0.23589168826 
0.173562 79.01738188101 0.23931866437 
0.174068 78.59268891512 0.23389698495 
0.174575 79.06136289114 0.22968415909 
0.175082 78.61764234390 0.23768474605 
0.175588 78.74845777446 0.23722052102 
0.176095 78.42756463457 0.23428482734 
0.176602 78.62984041212 0.23629291621 
0.177108 78.53882899042 0.23628202355 
0.177615 78.47733566847 0.23082657201 
0.178122 78.77205410629 0.23858571515 
0.178629 78.68501386640 0.23807188737 
0.179135 78.28317168554 0.23704881208 
0.179642 78.37630281544 0.23457731258 
0.180149 78.66614402117 0.23570731151 
0.180655 78.14233702694 0.23549489621 
0.181162 78.49456358659 0.23761259149 
0.181669 78.57435598651 0.23717538310 
0.182175 78.27628425455 0.24141020359 
0.182682 78.60690933770 0.23876549638 
0.183189 78.82481056670 0.24447432435 
0.183695 78.70808524860 0.24619702826 
0.184202 78.21129690811 0.24465821152 
0.184709 78.28308931612 0.24626964797 
0.185216 78.30718668797 0.23890611981 
0.185722 78.10074958987 0.24267506489 
0.186229 77.95363045484 0.24147085660 
0.186736 77.96773705831 0.23806575064 
0.187242 77.82687585643 0.25062882484 
0.187749 77.91344703886 0.24779627066 
0.188256 77.70385676805 0.24545808715 
0.188762 77.45104094079 0.24399213635 
0.189269 77.56709258035 0.24900310624 
0.189776 77.59277374741 0.24848268647 
0.190282 77.53392160030 0.24825860087 
0.190789 77.51739158819 0.24413628603 
0.191296 76.84859853150 0.24531136431 
0.191802 77.24315993352 0.24131543417 
0.192309 76.96522329854 0.23730506844 
0.192816 76.58640275886 0.24429694950 
0.193323 76.84721212639 0.23619040913 
0.193829 76.51662072241 0.23686884544 
0.194336 76.49352642748 0.23080703256 
0.194843 76.05051129981 0.23386577799 
0.195349 76.27683801112 0.23611348111 
0.195856 76.19609807407 0.23386298405 
0.196363 76.20577764035 0.22887659737 
0.196869 75.76327624566 0.22952673344 
0.197376 76.17959310871 0.22912974863 
0.197883 75.90723220522 0.22889947971 
0.198389 75.98393236920 0.22348004039 
0.198896 75.60326040161 0.22721578834 
0.199403 75.55329044632 0.22544334160 
0.199909 75.46996913291 0.22197606694 
0.200416 75.63940591524 0.22317849116 
0.200923 75.90225941700 0.22354978064 
0.201429 75.63648219050 0.22297246594 
0.201936 75.56613163582 0.22264297236 
0.202443 75.78933660713 0.22089220229 
0.202949 75.78148447622 0.21803231230 
0.203456 75.50829809593 0.21988120687 
0.203963 75.17712852089 0.21550463450 
0.204469 75.41575775207 0.21956160074 
0.204976 75.65362010698 0.21524540987 
0.205483 75.37845805231 0.21528125167 
0.205989 75.35937601599 0.21795317589 
0.206496 75.34773534626 0.21480432737 
0.207003 75.45843374709 0.21005591996 
0.207509 75.32499909990 0.21969357651 
0.208016 75.31065345867 0.21605042440 
0.208523 75.22420707772 0.21504828617 
0.209029 74.95277197542 0.21163725383 
0.209536 75.31447923125 0.21480582451 
0.210043 75.19737388342 0.21450719295 
0.210549 74.98807306587 0.20947137971 
0.211056 74.95666486463 0.21228737399 
0.211563 74.94119178708 0.20882065571 
0.212069 74.84479137217 0.21068461241 
0.212576 75.09054714993 0.21059539525 
0.213083 74.56438274201 0.20772032977 
0.213589 74.73138022041 0.20905509554 
0.214096 74.70469000492 0.20540465862 
0.214603 74.90095225062 0.20966027425 
0.215109 74.51160497648 0.20950988240 
0.215616 74.42477881658 0.20588234606 
0.216123 74.54879708716 0.20850916932 
0.216629 74.26953018927 0.20568019561 
0.217136 74.20694730604 0.20878932841 
0.217643 74.07869098661 0.20988215538 
0.218149 73.86466093765 0.20734647433 
0.218656 73.93274849874 0.21033780787 
0.219163 74.05664275531 0.20833032645 
0.219669 74.29898273821 0.20969427044 
0.220176 74.18562055333 0.20876957956 
0.220683 73.96109759249 0.20365182857 
0.221189 74.02115675662 0.19873291955 
0.221696 73.79512568286 0.20413434553 
0.222203 73.60153678364 0.20723825686 
0.222709 73.81113951850 0.20003654907 
0.223216 73.77460135351 0.20416336188 
0.223722 73.69881880599 0.20579946786 
0.224229 73.66859764654 0.20153536430 
0.224736 73.47542298986 0.20627874246 
0.225242 73.38456346184 0.20273431737 
0.225749 73.42157817608 0.20298799441 
0.226256 73.29669851366 0.20366829908 
0.226762 73.58220664586 0.20418303636 
0.227269 73.30483108668 0.20512410311 
0.227776 73.04425969513 0.20264758489 
0.228282 73.17267399678 0.19936140807 
0.228789 73.21802376373 0.20078965948 
0.229296 73.13074187708 0.19955090279 
0.229802 72.97448315866 0.20195254865 
0.230309 73.12015854567 0.19979849770 
0.230816 72.88056783794 0.20236620444 
0.231322 73.13082913096 0.20395813982 
0.231829 72.79028327965 0.20148509977 
0.232335 72.99433529223 0.20041092955 
0.232842 73.04250981659 0.19915625694 
0.233349 72.77323478569 0.19788535867 
0.233855 72.32773060261 0.20359980410 
0.234362 72.69886422303 0.20358692684 
0.234869 72.66645123532 0.20164791556 
0.235375 72.69201177852 0.19384659142 
0.235882 72.68779315995 0.19817676729 
0.236389 72.46008865361 0.20111880413 
0.236895 72.27362906471 0.19520592345 
0.237402 72.34687985051 0.20060008553 
0.237908 72.41311438456 0.20033951630 
0.238415 72.34403169363 0.19586141045 
0.238922 72.21547633525 0.19789691797 
0.239428 72.13932281563 0.20172029826 
0.239935 72.07362221095 0.19659178916 
0.240442 72.13815299796 0.19697640160 
0.240948 72.09713821524 0.19832590658 
0.241455 72.25780081225 0.19936857357 
0.241962 71.99670201136 0.19779804430 
0.242468 71.98784550070 0.19695994048 
0.242975 71.86993147629 0.19898671620 
0.243481 71.97017432355 0.20091309908 
0.243988 71.58203748353 0.19679247944 
0.244495 71.62197912299 0.19714854066 
0.245001 71.69097006310 0.19729786628 
0.245508 71.69579366372 0.19995543496 
0.246015 71.68622020965 0.20126117038 
0.246521 71.49924115912 0.19407474829 
0.247028 71.21213606391 0.19694592202 
0.247534 71.04946231649 0.19848759363 
0.248041 71.48045967558 0.19664371035 
0.248548 71.51687008484 0.19702847508 
0.249054 71.49496644326 0.19411813481 
0.249561 71.24782671625 0.19511670921 
0.250068 71.14968437085 0.19800840358 
0.250574 71.25685010304 0.19713566834 
0.251081 71.21147658848 0.19594345779 
0.251587 71.06877797029 0.19714745918 
0.252094 71.04492209204 0.19743712500 
0.252601 70.61159100977 0.19715411932 
0.253107 71.16173767596 0.19250124031 
0.253614 71.11682351085 0.19703026839 
0.254120 70.68000262235 0.19730474021 
0.254627 70.75652941125 0.19145029261 
0.255134 71.11920563861 0.19599826617 
0.255640 70.66990582570 0.19377685877 
0.256147 70.84102046435 0.19289672666 
0.256654 70.75273649506 0.19313993759 
0.257160 71.15794441659 0.19546943616 
0.257667 71.42467467731 0.19795953640 
0.258173 71.49599857586 0.19740917457 
0.258680 71.46328733648 0.19773530694 
0.259187 71.17610984379 0.19272971780 
0.259693 71.61883864153 0.19810661896 
0.260200 71.24860738389 0.19346033683 
0.260706 71.37225847831 0.19376855976 
0.261213 71.54516038581 0.19753339149 
0.261720 71.64983518710 0.19401130992 
0.262226 71.55534409448 0.19481601686 
0.262733 71.73889517400 0.19654227820 
0.263239 71.69561453937 0.19204076461 
0.263746 71.87067273488 0.19465623700 
0.264253 71.84837220986 0.19607458913 
0.264759 71.52107028553 0.19196400905 
0.265266 71.88614933545 0.19768343778 
0.265772 71.57415482330 0.19107616458 
0.266279 71.74050507083 0.19570915496 
0.266786 71.43571911298 0.18863102632 
0.267292 71.71600425121 0.19087222068 
0.267799 71.87472369676 0.19211522657 
0.268305 71.78474848141 0.18618545605 
0.268812 71.75604737485 0.19249079603 
0.269319 71.75842576756 0.18656924981 
0.269825 71.84686724821 0.18804936156 
0.270332 72.03773582706 0.19231920844 
0.270838 72.24342042977 0.19296791627 
0.271345 71.87042833879 0.19256091946 
0.271852 72.02467761803 0.19226397760 
0.272358 72.26191255687 0.19585089453 
0.272865 72.24556668924 0.19027841939 
0.273371 72.40777872352 0.18942794980 
0.273878 72.18491943144 0.19031621753 
0.274385 72.29775827292 0.19282285334 
0.274891 72.28879914053 0.19229174090 
0.275398 72.03466519516 0.18940905685 
0.275904 72.24668178414 0.18835544672 
0.276411 72.21846801887 0.18513117635 
0.276917 72.10607210475 0.18408607688 
0.277424 72.38690801312 0.18746047657 
0.277931 72.17499328751 0.19005949203 
0.278437 72.29848066319 0.18392713938 
0.278944 72.02270022119 0.18456986057 
0.279450 72.13404787717 0.17812170656 
0.279957 72.11504513874 0.18246291900 
0.280464 72.17283919326 0.18476030343 
0.280970 72.27885694188 0.18154274172 
0.281477 72.08737468715 0.18358337745 
0.281983 72.01200381478 0.18198817503 
0.282490 72.02332417865 0.18092164606 
0.282996 72.13274965983 0.18470665736 
0.283503 72.14597975047 0.18140501556 
0.284010 71.89233374217 0.17864232282 
0.284516 71.81537073903 0.17853468992 
0.285023 71.70262650041 0.17494343889 
0.285529 71.72922390934 0.17548838091 
0.286036 71.69939718384 0.17557604042 
0.286542 71.56982851528 0.17139428319 
0.287049 71.70327931958 0.17522684338 
0.287556 71.27888318509 0.17775446281 
0.288062 71.53790242172 0.17155402872 
0.288569 71.43524062302 0.17353896952 
0.289075 71.58672331176 0.16860017258 
0.289582 71.31031355837 0.17297193651 
0.290088 71.20578296018 0.17198291789 
0.290595 71.19619754603 0.17005646580 
0.291102 71.32306317634 0.17144495041 
0.291608 71.19059755619 0.17117526044 
0.292115 71.05412996715 0.16801660509 
0.292621 71.11935618388 0.16778363997 
0.293128 70.98419476639 0.16489693159 
0.293634 71.23587927781 0.16871762035 
0.294141 70.81138333577 0.16632474042 
0.294647 71.14943046197 0.16936667134 
0.295154 70.65242767424 0.16243431644 
0.295661 70.89744514891 0.16643500432 
0.296167 71.00800817912 0.16803604891 
0.296674 70.73409196003 0.16709836463 
0.297180 70.65666027284 0.16559000294 
0.297687 70.62749283612 0.16618000089 
0.298193 70.81876621652 0.16367146246 
0.298700 70.35832578623 0.16401107349 
0.299207 70.50191085543 0.16034870642 
0.299713 70.39733453597 0.16705754860 
0.300220 70.43114193689 0.16526616052 
0.300726 70.38483509402 0.16370166778 
0.301233 70.60049911414 0.16104928889 
0.301739 70.34209642606 0.16388740380 
0.302246 70.40400664234 0.16066171846 
0.302752 70.05145104670 0.16195180855 
0.303259 70.20611444371 0.16084074897 
0.303765 70.27298223636 0.16234166721 
0.304272 70.27167094143 0.15862490681 
0.304779 70.01458675624 0.16007130371 
0.305285 70.36756474933 0.15924521382 
0.305792 69.97959659281 0.16128585583 
0.306298 70.07313985531 0.16110268105 
0.306805 70.11423826403 0.16241934208 
0.307311 69.97356449330 0.16018541980 
0.307818 69.48288640257 0.15990386713 
0.308324 69.57861943679 0.15847363464 
0.308831 69.48847065243 0.15500725344 
0.309337 69.38904406152 0.15402077315 
0.309844 69.14855076218 0.15544754832 
0.310350 69.31271515198 0.15397719286 
0.310857 68.54837409319 0.15228321337 
0.311364 68.54476931122 0.15033631280 
0.311870 68.27425237107 0.15149702011 
0.312377 68.27851781153 0.14903266471 
0.312883 68.27134678592 0.14820354006 
0.313390 67.92270911019 0.14872180503 
0.313896 67.67018573114 0.14695453612 
0.314403 67.57276726457 0.14520174712 
0.314909 67.60473826888 0.14393049294 
0.315416 67.23369849931 0.14572315417 
0.315922 67.46413815235 0.14932973201 
0.316429 67.35046325284 0.14258902452 
0.316935 67.30381995924 0.14477386358 
0.317442 67.22314898966 0.14536527335 
0.317948 67.05083367567 0.14046772611 
0.318455 67.07564208009 0.14250637707 
0.318961 67.04725419008 0.14181232577 
0.319468 66.77048992907 0.14089529066 
0.319975 66.78410410482 0.14096428347 
0.320481 66.90157234296 0.14023052689 
0.320988 66.82292832798 0.14126599054 
0.321494 66.59929204778 0.14021598831 
0.322001 66.83838135640 0.16944341329 
0.322507 66.51902581651 0.13917083025 
0.323014 66.61970071081 0.14286598029 
0.323520 66.46005641154 0.14242713092 
0.324027 66.45782643661 0.14123027864 
0.324533 66.63501586061 0.14282947381 
0.325040 66.65243182586 0.14008355396 
0.325546 66.26492546847 0.14067196982 
0.326053 66.33759404491 0.13804203596 
0.326559 66.42923064054 0.13912428420 
0.327066 66.34805340028 0.13754786034 
0.327572 66.09235372395 0.13870973848 
0.328079 66.10638351788 0.14159620138 
0.328585 65.87319830684 0.13431040759 
0.329092 66.43056675780 0.14068740518 
0.329598 66.09460608428 0.13840303961 
0.330105 66.24060228804 0.13709763677 
0.330611 66.03350297436 0.13839951816 
0.331118 65.99143769694 0.13867729118 
0.331624 65.93504856127 0.13977288669 
0.332131 65.87674825947 0.13797097027 
0.332637 65.89032970790 0.13821592901 
0.333144 65.80189877237 0.14064655999 
0.333650 65.86997829938 0.13735551273 
0.334157 66.02858581585 0.13874590420 
0.334663 65.67151219520 0.14005085614 
0.335170 65.81032822351 0.13869400557 
0.335676 65.75332846008 0.13758892415 
0.336183 65.70772948593 0.13684829677 
0.336689 65.74738311221 0.13984993912 
0.337196 65.78838829031 0.14094540866 
0.337702 65.71090885439 0.13965807318 
0.338209 65.51685629279 0.13854466215 
0.338715 65.69214204838 0.14124360939 
0.339222 65.16517758002 0.13874389267 
0.339728 65.40146222909 0.13923708074 
0.340235 65.53274144471 0.19709533328 
0.340741 65.39081283407 0.13894012329 
0.341248 65.53362482435 0.14067197771 
0.341754 65.29864176176 0.13926932897 
0.342261 65.03577935339 0.13976355066 
0.342767 65.17890441790 0.13742088502 
0.343274 65.02787719685 0.14090451184 
0.343780 65.26110407437 0.14032562506 
0.344287 65.06010872192 0.13590550470 
0.344793 65.15323943329 0.13961714950 
0.345300 65.17892869556 0.14116428605 
0.345806 64.93109378220 0.13922922006 
0.346313 64.94065155071 0.14522766480 
0.346819 64.92476632666 0.14495756826 
0.347325 64.67406695205 0.14872163929 
0.347832 64.86253153946 0.14585052394 
0.348338 64.77256485621 0.14667774573 
0.348845 64.76083683426 0.14383346334 
0.349351 64.92835643029 0.14860122176 
0.349858 64.62365459011 0.14847363183 
0.350364 64.61326885755 0.14878849776 
0.350871 64.29697671559 0.14412720898 
0.351377 64.54998007670 0.14711708332 
0.351884 64.65745081145 0.14609609373 
0.352390 64.43060829532 0.14889355444 
0.352897 64.47581972438 0.14581386710 
0.353403 64.13961832953 0.14835335714 
0.353910 64.24021745908 0.14958761134 
0.354416 64.13290603258 0.15050227539 
0.354923 64.12297977235 0.15165563960 
0.355429 63.96168320652 0.15398248151 
0.355935 64.14984009855 0.15122942750 
0.356442 64.01075553147 0.15165710611 
0.356948 63.76052130021 0.15128326479 
0.357455 63.68832120048 0.15614578937 
0.357961 63.95191560703 0.15426398726 
0.358468 63.91701085476 0.15817438854 
0.358974 63.68445154740 0.22217822636 
0.359481 63.77822392598 0.20202990978 
0.359987 63.80134177264 0.19953268959 
0.360494 63.73310323400 0.18796686414 
0.361000 64.10424849113 0.18615150524 
0.361506 64.08749737082 0.18734622534 
0.362013 63.82282324043 0.18692920935 
0.362519 63.93868258063 0.18572348252 
0.363026 63.77045200194 0.18278570789 
0.363532 64.08301862577 0.18978721547 
0.364039 63.70413735130 0.18053976239 
0.364545 63.84389283554 0.18055820927 
0.365052 63.91974807265 0.18628551132 
0.365558 63.72389258647 0.18240334502 
0.366064 63.58971144230 0.18102395368 
0.366571 63.60082756190 0.18740184241 
0.367077 63.75588097812 0.18709110868 
0.367584 63.48197965991 0.18588269593 
0.368090 63.90133101762 0.18732018610 
0.368597 63.58695904714 0.18783700415 
0.369103 63.64055410319 0.19010348783 
0.369610 63.57125746679 0.18789111814 
0.370116 63.85977456332 0.18965089052 
0.370622 63.39965203016 0.18973116472 
0.371129 63.38665425575 0.19150718618 
0.371635 63.34477478572 0.19453083694 
0.372142 63.39964761123 0.19189741476 
0.372648 63.37106402361 0.19310571583 
0.373155 63.38482717282 0.20036151258 
0.373661 63.61200549973 0.19631002780 
0.374167 63.51470036108 0.19683590556 
0.374674 63.46467131085 0.20186819507 
0.375180 63.45428117708 0.19834488211 
0.375687 63.53544438378 0.19822418883 
0.376193 63.45718490873 0.20038646067 
0.376700 63.47621983510 0.19985318538 
0.377206 63.53825592772 0.20160050911 
0.377712 63.07542432037 0.19762421976 
0.378219 63.34984760844 0.20887204194 
0.378725 63.54386768195 0.20559911519 
0.379232 63.38712587961 0.20698285232 
0.379738 63.36985582738 0.20355008452 
0.380245 63.79241929702 0.20985820008 
0.380751 63.44762410390 0.21022909699 
0.381257 63.46929399291 0.20997206442 
0.381764 62.92920540875 0.21238453425 
0.382270 62.90578989177 0.20489934673 
0.382777 62.86666477615 0.20981802431 
0.383283 63.01714879451 0.20696227321 
0.383789 62.86034939731 0.21468529906 
0.384296 62.93008218606 0.20781630607 
0.384802 62.79996614790 0.21070579288 
0.385309 63.46609985622 0.21510144519 
0.385815 63.05357740231 0.21776783624 
0.386321 63.12350233927 0.21326301374 
0.386828 63.11833187120 0.21710836151 
0.387334 63.14860148269 0.21462404648 
0.387841 63.11939558794 0.21687008177 
0.388347 62.80156355998 0.21826618245 
0.388853 63.29383896067 0.21617475540 
0.389360 62.73009350799 0.21725798174 
0.389866 62.72306319003 0.21496887122 
0.390373 62.44903917263 0.21099036029 
0.390879 62.83895108100 0.21717787340 
0.391385 63.04880414820 0.21761915642 
0.391892 62.61738760267 0.21679037849 
0.392398 63.04129840007 0.22471692244 
0.392905 62.71115545714 0.22526502955 
0.393411 62.77629641557 0.22417977343 
0.393917 62.98996745296 0.23029172438 
0.394424 62.76323703332 0.22566351794 
0.394930 62.97240377206 0.22796925134 
0.395437 62.58260822626 0.22841221548 
0.395943 62.26571958491 0.23019124959 
0.396449 62.39767744378 0.27871517756 
0.396956 63.08451528415 0.22053757001 
0.397462 62.64537895609 0.23052295304 
0.397969 62.95881096646 0.23022310203 
0.398475 62.44035017919 0.22894853891 
0.398981 62.73721666777 0.24286178584 
0.399488 62.51331931998 0.23457342340 
0.399994 62.25423438083 0.24137522997 
0.400500 62.48517087379 0.23237162956 
0.401007 62.61243150845 0.24027524146 
0.401513 62.33980998718 0.24186618691 
0.402020 62.27905248252 0.24654417028 
0.402526 62.53032394186 0.24491866606 
0.403032 62.26176317620 0.24884321040 
0.403539 62.44688611612 0.25154505801 
0.404045 62.16304100688 0.24868102841 
0.404551 62.32430112457 0.27265247779 
0.405058 62.21166879667 0.26534719490 
0.405564 61.94382460398 0.26177034289 
0.406071 62.70759107697 0.26134592615 
0.406577 62.18077412836 0.25461205963 
0.407083 62.21290650226 0.26066835368 
0.407590 62.63724007597 0.26533786697 
0.408096 62.35885913293 0.27576101532 
0.408602 62.05405926095 0.27523117642 
0.409109 62.12272103503 0.26241969242 
0.409615 62.18950917735 0.26885902750 
0.410121 62.55206004558 0.26431269956 
0.410628 62.03282174709 0.26825897121 
0.411134 62.12583962477 0.27730368292 
0.411641 62.06057982440 0.27506084829 
0.412147 62.09915759181 0.25767196842 
0.412653 61.61559621973 0.27256961690 
0.413160 61.51115427158 0.26355553301 
0.413666 61.94055870639 0.27330142906 
0.414172 61.80344666735 0.27145040578 
0.414679 61.54300906953 0.27248199670 
0.415185 62.16976482679 0.28236021040 
0.415691 62.20859998871 0.27433874277 
0.416198 62.18645543299 0.28308322167 
0.416704 61.74870171171 0.28458603376 
0.417210 61.61774196586 0.28091889468 
0.417717 61.99341613520 0.29031388317 
0.418223 61.48492901230 0.27588539871 
0.418729 62.13333051882 0.28506508123 
0.419236 61.53603020435 0.28101516960 
0.419742 61.51498048782 0.27073088750 
0.420248 62.10464182811 0.27174649352 
0.420755 61.56373848777 0.27316688695 
0.421261 61.80796683528 0.27582937916 
0.421767 61.86451719677 0.27967397164 
0.422274 61.52497959785 0.28031296188 
0.422780 61.44210144462 0.27112629823 
0.423286 61.79864964117 0.28493654777 
0.423793 61.61444029996 0.28355332777 
0.424299 61.49822163067 0.28875995250 
0.424805 62.17976263022 0.28295292820 
0.425312 61.78613114932 0.29816453594 
0.425818 61.76106162829 0.29113488484 
0.426324 62.41558250701 0.29369187582 
0.426831 61.28566083175 0.29606416189 
0.427337 61.45847909882 0.30432625419 
0.427843 61.92256771956 0.30345056674 
0.428350 61.86236722197 0.31800574386 
0.428856 61.86968757565 0.30660004669 
0.429362 61.60824507980 0.30602593621 
0.429869 61.98020934877 0.32093524240 
0.430375 61.53541235579 0.31768512243 
0.430881 61.35429226689 0.30602003371 
0.431388 61.66956134485 0.32155802195 
0.431894 61.84335487680 0.31641634550 
0.432400 61.20038080896 0.33350375097 
0.432907 61.31331669449 0.31719943698 
0.433413 61.41984209552 0.33704717435 
0.433919 61.59616172622 0.33210914647 
0.434425 61.12650260846 0.32912549123 
0.434932 61.74065818345 0.33395227555 
0.435438 61.60055461396 0.34770989830 
0.435944 61.13353750157 0.34994583360 
0.436451 61.02102974253 0.33871159923 
0.436957 61.74420738117 0.36344648010 
0.437463 60.97129704926 0.33707324453 
0.437970 61.18208478700 0.36372299475 
0.438476 61.67680998663 0.35795869206 
0.438982 61.35607647623 0.36263390024 
0.439489 61.26614166864 0.38597651459 
0.439995 61.08566017946 0.36118319915 
0.440501 61.37950611328 0.36228490504 
0.441007 61.09877884343 0.38216867212 
0.441514 60.83395556383 0.37444664980 
0.442020 61.54074010311 0.39687040965 
0.442526 61.14639235269 0.41362574631 
0.443033 61.19311640858 0.39491779272 
0.443539 60.25038070042 0.41304325711 
0.444045 60.78477303131 0.39859593532 
0.444551 59.82726752076 0.40513286146 
0.445058 61.11962013150 0.42514661381 
0.445564 61.11250616665 0.42525644597 
0.446070 59.94102239070 0.42654539541 
0.446577 60.53469810765 0.42364941496 
0.447083 60.97154598678 0.46177829847 
0.447589 61.44520525181 0.44382604484 
0.448095 61.11298076473 0.44848230802 
0.448602 60.96640873582 0.46551461934 
0.449108 60.35832585541 0.48771458496 
0.449614 60.40146151817 0.48698420876 
0.450121 59.90499883258 0.48246679138 
0.450627 60.93540828152 0.50569780820 
0.451133 60.43876867330 0.48595228652 
0.451639 60.83461910133 0.51295144219 
0.452146 60.39255106741 0.51190857384 
0.452652 59.67054603029 0.52754012385 
0.453158 60.39784703032 0.55783836871 
0.453664 60.16247982312 0.55484723205 
0.454171 60.39708331885 0.56039885634 
0.454677 60.65761661180 0.62279525313 
0.455183 59.52696866273 0.59990704207 
0.455689 61.52446223695 0.67036899498 
0.456196 59.09534700392 0.68126817504 
0.456702 60.36624590205 0.63247122227 
0.457208 59.78932636476 0.68629137540 
0.457714 59.97714467592 0.73920817852 
0.458221 59.65907816645 0.73948345999 
0.458727 60.53259060971 0.79057023500 
0.459233 60.10210038181 0.86917185469 
0.459740 59.30867131149 0.83781923135 
0.460246 60.62260789193 0.90115142532 
0.460752 60.14254631976 0.95653446091 
0.461258 60.08108534958 0.97601972710 
0.461765 59.33859456356 1.04929912901 
0.462271 60.49877791411 1.02606545791 
0.462777 59.73419889628 1.16529343669 
0.463283 58.89433161192 1.20905588990 
0.463789 59.91959031555 1.39440983593 
0.464296 60.69424046775 1.33424294907 
0.464802 59.95574593356 1.44733428277 
0.465308 60.10089848093 1.54602877755 
0.465814 58.56538625279 1.64863190424 
0.466321 59.29853575192 1.79337086421 
0.466827 59.80277968997 1.85779827993 
0.467333 58.29230947101 1.87698431151 
0.467839 58.70900142437 2.08782392937 
0.468346 58.66397405333 2.33739845248 
0.468852 58.17185206007 2.48460890855 
0.469358 60.72003599531 3.01040815544 
0.469864 57.47312372486 2.83270244480 
0.470371 58.00590155869 3.93525994896 
0.470877 57.24156804395 4.29254403762 
0.471383 57.25821351614 5.32262832508 
0.471889 52.89785149210 6.78998744245 
0.472395 54.08278509947 5.79447847008 
0.472902 55.79729061370 13.45246800071 
