0.010896 1355.96557456718 13.23773296687 
0.011402 1203.20986113276 12.28613836616 
0.011909 1077.41759952618 12.28514254164 
0.012416 977.44822340824 8.98941476821 
0.012923 880.35734042633 8.34899944018 
0.013430 822.01993911640 11.31906900487 
0.013936 782.26242746076 8.86312432620 
0.014443 733.09343909196 7.25315323651 
0.014950 678.82919696618 6.46333972204 
0.015457 623.57738120767 5.14121065280 
0.015963 580.77820381019 4.82492262633 
0.016470 544.93189882898 4.09265051861 
0.016977 511.74754585204 3.58451591269 
0.017484 473.89741533702 3.27250981177 
0.017990 447.82364274887 3.14897073353 
0.018497 420.95258817981 2.59807340532 
0.019004 399.10659671129 2.55009331688 
0.019511 380.30491175601 2.20646178963 
0.020018 361.63213967084 2.24187880397 
0.020524 343.52264439107 1.85953183073 
0.021031 328.21275186852 2.07529461567 
0.021538 315.37439007050 1.64726706837 
0.022045 303.04268639074 1.59922386925 
0.022551 290.10007712778 1.51600255600 
0.023058 279.50003578079 1.49467662491 
0.023565 269.85555071122 1.49559644551 
0.024072 259.94929961994 1.66204992608 
0.024579 251.53472505896 1.74456737889 
0.025085 244.45107100783 2.04495172301 
0.025592 236.91465856874 2.13754338812 
0.026099 229.12024227804 2.17612309342 
0.026606 223.17997085757 1.69957152563 
0.027112 217.54719455859 1.76125229759 
0.027619 210.82205691076 1.50792446800 
0.028126 208.22150961857 1.52033328691 
0.028633 202.85212294475 1.44702985009 
0.029139 198.19817492345 1.18106356510 
0.029646 192.87964472102 1.13578869305 
0.030153 189.78494278821 1.14931844724 
0.030660 186.48033042080 1.08761110293 
0.031167 182.93564202740 0.97987879781 
0.031673 179.51540317194 0.95939692200 
0.032180 175.58287828699 0.88337719350 
0.032687 172.96366350162 0.87659089050 
0.033194 169.66974707218 0.78426438106 
0.033700 167.49744575031 0.75220849303 
0.034207 164.33505115078 0.72258786615 
0.034714 162.78153309968 0.70851321461 
0.035221 160.06148785507 0.67921170272 
0.035727 158.13715634400 0.66997291782 
0.036234 155.18028450671 0.64774055121 
0.036741 154.00217313597 0.68177285754 
0.037248 152.70342399153 0.67013580863 
0.037755 150.39011035555 0.62004262466 
0.038261 148.56799422722 0.60788574115 
0.038768 145.94962227945 0.57512176264 
0.039275 146.00619978207 0.60234080146 
0.039782 145.18945773088 0.60314528210 
0.040288 142.14839293433 0.53650348807 
0.040795 140.75327218717 0.55964939877 
0.041302 140.73334896718 0.57917853097 
0.041809 139.27094036162 0.57362435854 
0.042315 138.17016891648 0.55275139261 
0.042822 136.68405053475 0.52191208854 
0.043329 135.38304340966 0.53449228440 
0.043836 134.46603122456 0.52566406598 
0.044343 131.97332590283 0.52062360319 
0.044849 131.71477562786 0.54006829828 
0.045356 130.80814773892 0.52081193052 
0.045863 129.89437110160 0.50274382387 
0.046370 127.91091213412 0.47256987148 
0.046876 127.62926113263 0.49933681493 
0.047383 127.49685885413 0.49656777865 
0.047890 125.89449447549 0.49796425932 
0.048397 125.88018177124 0.49289114490 
0.048903 123.29604978280 0.48768470223 
0.049410 123.30862656396 0.47410945502 
0.049917 122.95050887490 0.47334046810 
0.050424 122.69360783782 0.46595640646 
0.050931 121.74771250502 0.46423055580 
0.051437 120.72884384839 0.45281528928 
0.051944 119.97430020781 0.45777057873 
0.052451 119.93952224404 0.44870860654 
0.052958 118.48359315101 0.43442334874 
0.053464 118.77687111643 0.44048270204 
0.053971 117.35836181116 0.44203284487 
0.054478 116.29105083531 0.44405791366 
0.054985 115.86818577119 0.44963571395 
0.055491 115.24739436135 0.41655152106 
0.055998 115.16424020306 0.43316942089 
0.056505 114.33474289870 0.42174210819 
0.057012 113.85451477595 0.44462008210 
0.057519 112.66562204012 0.42699742536 
0.058025 113.08127648709 0.41151410739 
0.058532 112.25196003694 0.42599304801 
0.059039 112.03772791125 0.41460578595 
0.059546 111.34466166080 0.41445588193 
0.060052 110.59602417780 0.41749385071 
0.060559 109.38952866139 0.40858621015 
0.061066 109.13943443821 0.39485728292 
0.061573 108.85018073666 0.40806242531 
0.062079 108.26549798121 0.40869614877 
0.062586 108.15379694831 0.41807168824 
0.063093 107.91544726772 0.38458443509 
0.063600 107.74103866449 0.38970857248 
0.064106 107.12141753470 0.39991157387 
0.064613 106.56192181640 0.38614395977 
0.065120 105.42831918422 0.37898335067 
0.065627 105.88491360869 0.38135349382 
0.066134 105.38524426383 0.39064817337 
0.066640 105.02090556262 0.37877876554 
0.067147 103.95185624135 0.37523531010 
0.067654 104.22472118963 0.35777782648 
0.068161 103.22101629389 0.36699569004 
0.068667 103.66748914507 0.37829700461 
0.069174 102.87735039959 0.38582714493 
0.069681 102.51089388812 0.35013772277 
0.070188 102.58481955412 0.35717252505 
0.070694 101.72117698771 0.35684083509 
0.071201 102.07700555149 0.35897459948 
0.071708 101.53355808808 0.35375123612 
0.072215 100.68254084328 0.34912898058 
0.072721 100.80486519550 0.34529067211 
0.073228 100.25301218418 0.34443026085 
0.073735 100.24763721514 0.34576222739 
0.074242 99.95613177250 0.34827934197 
0.074748 99.76433129264 0.33660622475 
0.075255 99.59708269168 0.32829289677 
0.075762 99.17792039437 0.33059106885 
0.076269 99.37455532913 0.34370681587 
0.076776 98.68203850053 0.34086896496 
0.077282 98.85706283929 0.33422607901 
0.077789 98.38008675172 0.32578198672 
0.078296 97.85350778027 0.32076818241 
0.078803 97.91699992065 0.33220928511 
0.079309 97.80170937595 0.33205026588 
0.079816 97.02786475536 0.32843083893 
0.080323 97.81846069428 0.32426444712 
0.080830 97.63932916406 0.33904063738 
0.081336 96.79942723559 0.34694024710 
0.081843 96.68883610658 0.35226986639 
0.082350 96.57589294120 0.34372480841 
0.082857 96.19150442924 0.32623569313 
0.083363 96.76945374890 0.32959311997 
0.083870 96.51932039523 0.33521156434 
0.084377 95.83728673417 0.33058155562 
0.084884 96.04551656040 0.32870349236 
0.085390 95.97922403990 0.32112547288 
0.085897 95.81331539578 0.33147222697 
0.086404 95.58430985652 0.33737278743 
0.086911 95.11393291169 0.33738009947 
0.087417 95.83993778331 0.33097903629 
0.087924 95.12547226505 0.31772802352 
0.088431 94.80005276211 0.34234446738 
0.088938 94.39757384036 0.33183543267 
0.089444 94.87755468579 0.33690964525 
0.089951 94.42183071560 0.32666262870 
0.090458 94.09469794127 0.33081103083 
0.090965 93.65629172056 0.32573849533 
0.091471 94.55574437328 0.32543960248 
0.091978 93.54371911863 0.33452792639 
0.092485 92.91808766395 0.34150746584 
0.092992 93.42723177802 0.33962319552 
0.093498 93.52913211613 0.34092610088 
0.094005 92.95628959448 0.33326971742 
0.094512 92.98865568146 0.32580058198 
0.095019 92.33233295921 0.33059524660 
0.095525 92.74022907624 0.34406524479 
0.096032 92.63946270372 0.33357021841 
0.096539 92.16594961825 0.32640389177 
0.097046 92.26713954580 0.32330967353 
0.097552 91.86991178434 0.32565587532 
0.098059 91.86444119311 0.33377063559 
0.098566 91.13884329480 0.33119895035 
0.099073 91.64320012456 0.32848863855 
0.099579 91.20664861117 0.31652318288 
0.100086 91.84502801145 0.32003023460 
0.100593 91.33245254171 0.32759715394 
0.101100 91.48069753719 0.30936614471 
0.101606 90.73049263256 0.31357532069 
0.102113 89.99929104343 0.29726788957 
0.102620 89.53135196045 0.30609823908 
0.103127 89.34160326727 0.28458989269 
0.103633 89.37931293167 0.30192694433 
0.104140 88.63491715824 0.29942665047 
0.104647 88.70903852424 0.29095136471 
0.105154 89.17704268065 0.29403445670 
0.105660 88.74579321018 0.29682582874 
0.106167 88.31469705714 0.29471085557 
0.106674 88.00262250486 0.30425240885 
0.107181 87.93993436130 0.29041225693 
0.107687 88.44496178096 0.30184659689 
0.108194 88.08310180129 0.30500622931 
0.108701 88.35483029823 0.29648438233 
0.109208 87.63965933559 0.28631781272 
0.109714 87.75140327633 0.29007179403 
0.110221 87.69163018553 0.28875668815 
0.110728 87.78491397778 0.29168294673 
0.111235 87.38612743732 0.28602771546 
0.111741 87.63663003329 0.28461757155 
0.112248 87.10090789471 0.28375759099 
0.112755 86.92100156643 0.28005989523 
0.113262 86.74592641479 0.28644030671 
0.113768 86.56029021675 0.28143557533 
0.114275 86.31789609117 0.27420375497 
0.114782 86.73685580358 0.28196540259 
0.115289 86.43358595182 0.28087344913 
0.115795 86.58009142696 0.27517432956 
0.116302 86.29711714348 0.28161612343 
0.116809 86.33521144791 0.28297709634 
0.117316 86.21887017974 0.27172928961 
0.117822 86.47430558507 0.27866888790 
0.118329 86.62512212093 0.26523369292 
0.118836 86.30224262211 0.27279030988 
0.119342 85.97465994696 0.26632514264 
0.119849 85.66914110886 0.27053214652 
0.120356 85.44391196327 0.27272377009 
0.120863 85.50177400907 0.26395915717 
0.121369 85.67161771900 0.26759451098 
0.121876 85.84917683357 0.27153270651 
0.122383 85.24406829832 0.26870448231 
0.122890 85.75164469842 0.26929871739 
0.123396 85.33817355722 0.27299546589 
0.123903 84.91340039760 0.26617311737 
0.124410 85.35438042185 0.26279518295 
0.124917 85.21684478092 0.26555724811 
0.125423 84.84434536460 0.25898290468 
0.125930 84.61035557081 0.25788249792 
0.126437 84.79872089252 0.25493718594 
0.126944 85.07316425267 0.26220825632 
0.127450 84.73739245257 0.25540193822 
0.127957 84.64105844067 0.26260431263 
0.128464 84.57395183932 0.25376974385 
0.128970 84.31053365477 0.25493372123 
0.129477 84.39316995428 0.25483688701 
0.129984 84.36997015439 0.25098729430 
0.130491 84.30706334188 0.24791169239 
0.130997 84.59070632443 0.25161937526 
0.131504 83.98034323332 0.24790224876 
0.132011 84.50890739554 0.24950582126 
0.132518 84.35639426379 0.24820670967 
0.133024 84.07963748213 0.24518969172 
0.133531 83.72221346847 0.24975159673 
0.134038 83.91807776263 0.24782367120 
0.134545 83.34332131360 0.24298427262 
0.135051 83.67830939536 0.24917208453 
0.135558 83.49668353058 0.24676602241 
0.136065 84.08405076038 0.25111876442 
0.136571 83.89322490188 0.24835859373 
0.137078 83.09590132366 0.24101751637 
0.137585 83.00274182607 0.24917073730 
0.138092 83.38957123093 0.23901280491 
0.138598 83.01172553547 0.24238467091 
0.139105 83.21602736986 0.23914394956 
0.139612 82.70476128576 0.23912519033 
0.140119 82.90540978279 0.24638516896 
0.140625 83.02329985717 0.24259712213 
0.141132 82.39168463312 0.23801657914 
0.141639 83.12850137977 0.24575669987 
0.142145 82.68192738118 0.24292748452 
0.142652 82.55165358431 0.24409143793 
0.143159 82.41324537134 0.24200791913 
0.143666 82.23313657074 0.24062781847 
0.144172 82.44119439104 0.24331134738 
0.144679 82.36090073662 0.24868867560 
0.145186 81.81845603898 0.24468681971 
0.145692 82.52934552552 0.24217063733 
0.146199 81.95574240593 0.24078266389 
0.146706 81.78341457118 0.23679611944 
0.147213 81.67030054510 0.23640796464 
0.147719 82.07627015791 0.24336184890 
0.148226 81.42267870695 0.23642486657 
0.148733 81.32823065064 0.24024462188 
0.149240 81.51664709447 0.23657782791 
0.149746 81.76693842590 0.24442041402 
0.150253 81.16904987580 0.24358760611 
0.150760 80.83951941747 0.23771590121 
0.151266 81.33860794128 0.24347331643 
0.151773 80.87757726447 0.23891959651 
0.152280 81.06886145633 0.24165111791 
0.152787 80.71250180427 0.24250978213 
0.153293 80.81709731467 0.23804080598 
0.153800 80.70186898738 0.23907834209 
0.154307 80.79491874114 0.23773272485 
0.154813 80.05163905876 0.23647225924 
0.155320 80.32379147815 0.23881383548 
0.155827 80.39243592701 0.23628479369 
0.156334 80.66309976752 0.23313491893 
0.156840 80.60311210150 0.23403518190 
0.157347 80.40825865462 0.23794381608 
0.157854 80.23014073829 0.23227386539 
0.158360 79.90968651967 0.23241913533 
0.158867 80.12574393415 0.23446939115 
0.159374 80.13583857760 0.23154340569 
0.159881 79.79854323614 0.23374137561 
0.160387 79.86794046715 0.23570509285 
0.160894 80.01975559718 0.23498476273 
0.161401 79.63510639296 0.23253142892 
0.161907 79.79748038727 0.23605247749 
0.162414 79.87376162910 0.23608393294 
0.162921 79.42395854797 0.23378106885 
0.163427 79.78066985640 0.23896728436 
0.163934 79.24893411724 0.23104817184 
0.164441 79.36788128003 0.22701024035 
0.164948 79.22798618472 0.22949717218 
0.165454 79.01824762932 0.23137943789 
0.165961 79.41633769128 0.23181820935 
0.166468 79.19217724434 0.22911279571 
0.166974 78.90017398597 0.23086063925 
0.167481 78.91966999173 0.23308123465 
0.167988 79.01183626188 0.22911716280 
0.168495 79.28453751223 0.23740367150 
0.169001 78.98305795815 0.22877518797 
0.169508 79.48070218018 0.23326606864 
0.170015 79.15706772971 0.23316092027 
0.170521 78.91153217975 0.22935411986 
0.171028 79.06025133066 0.22894953544 
0.171535 79.19641500719 0.23364574599 
0.172041 79.16759816489 0.23635538157 
0.172548 78.86557661637 0.24143539204 
0.173055 79.03006998778 0.23715784907 
0.173562 78.61429435783 0.23709571707 
0.174068 79.11966221225 0.23604521264 
0.174575 78.98213613199 0.23532899412 
0.175082 79.06911341757 0.23867369423 
0.175588 78.61830704354 0.23750460957 
0.176095 78.82853577425 0.23362894628 
0.176602 78.60987280853 0.23782827576 
0.177108 78.86767120055 0.23469682242 
0.177615 78.39164998765 0.23494085147 
0.178122 78.66043864311 0.23679196637 
0.178629 78.82808935857 0.23258808020 
0.179135 78.91417779599 0.23513480325 
0.179642 78.42612998558 0.24437347831 
0.180149 78.31803709980 0.23823909246 
0.180655 78.50529798852 0.23663527415 
0.181162 78.38832129144 0.24200538487 
0.181669 78.68294602014 0.23794706476 
0.182175 78.68052512249 0.24500780766 
0.182682 78.81461599022 0.23988226882 
0.183189 78.87857686821 0.24535318183 
0.183695 78.42531500385 0.23608598346 
0.184202 78.07217244144 0.23996817700 
0.184709 78.46899847793 0.24725454792 
0.185216 78.40899139782 0.24419554351 
0.185722 78.65727656000 0.24422161981 
0.186229 78.01063553461 0.24829823132 
0.186736 77.90300910284 0.24029047353 
0.187242 77.48278168889 0.24033386971 
0.187749 77.73455515563 0.24853104555 
0.188256 77.62883891873 0.23907360035 
0.188762 77.49988484499 0.24386109043 
0.189269 77.71087585492 0.24785863265 
0.189776 77.30344248563 0.24591319948 
0.190282 77.63283078999 0.24298246866 
0.190789 77.51427314061 0.24008124511 
0.191296 77.27937981945 0.24506441596 
0.191802 77.39599295005 0.24213412664 
0.192309 76.97625744587 0.23964599017 
0.192816 76.63854021527 0.24496843498 
0.193323 76.90263175097 0.23716278503 
0.193829 76.77246225697 0.23763936676 
0.194336 76.67151089183 0.23172140540 
0.194843 76.40865022540 0.23694276170 
0.195349 76.49935936433 0.22882345312 
0.195856 76.50373532922 0.23557655214 
0.196363 76.02383974436 0.22751111316 
0.196869 76.10284269191 0.23199208612 
0.197376 76.17235114975 0.22730622897 
0.197883 76.16016047143 0.23157820900 
0.198389 75.99641867245 0.22778655286 
0.198896 75.98427018600 0.21909218712 
0.199403 75.84924644801 0.22443229079 
0.199909 75.78591491055 0.22469579681 
0.200416 75.94401276746 0.22295878994 
0.200923 75.72117698772 0.22380418175 
0.201429 75.90188844099 0.22384928654 
0.201936 75.91111786262 0.22151990302 
0.202443 75.61808434780 0.22023663904 
0.202949 75.31337119203 0.21616016672 
0.203456 75.60804093283 0.22229083434 
0.203963 75.48520837106 0.21854947013 
0.204469 75.40088858863 0.22051776659 
0.204976 75.41067378806 0.21223431325 
0.205483 75.62229951293 0.21561278930 
0.205989 75.56387630048 0.21956432664 
0.206496 75.35977998618 0.21419184597 
0.207003 75.68797238524 0.21357308819 
0.207509 75.40070563092 0.22089883580 
0.208016 75.14245435638 0.21692723636 
0.208523 74.88143491785 0.21453691893 
0.209029 75.28161689171 0.21192548438 
0.209536 75.12153279169 0.21002829549 
0.210043 75.03231636744 0.21173345913 
0.210549 75.06427251625 0.20991763841 
0.211056 75.37378055899 0.20552711446 
0.211563 74.97053194807 0.20656027401 
0.212069 75.12668463833 0.21135697266 
0.212576 74.88196523955 0.20914781068 
0.213083 75.14503803686 0.21149943242 
0.213589 75.20378672057 0.20924654375 
0.214096 75.10320858064 0.20346305241 
0.214603 75.16373919091 0.20608380486 
0.215109 74.51988363471 0.21185922748 
0.215616 74.38094260417 0.21033049774 
0.216123 74.26519542775 0.20627215689 
0.216629 74.42421427292 0.21116288021 
0.217136 74.27611624592 0.20638933298 
0.217643 74.28789335232 0.20611994792 
0.218149 74.06677328269 0.20748200536 
0.218656 74.11922629538 0.20342061420 
0.219163 74.04722265673 0.20679896482 
0.219669 74.07273430451 0.20761670660 
0.220176 73.92546874166 0.20757699857 
0.220683 73.81022895322 0.20675537216 
0.221189 74.11972844335 0.20675154381 
0.221696 73.94776794874 0.20267468929 
0.222203 73.86152829002 0.20683352536 
0.222709 74.35885618873 0.20131261590 
0.223216 73.89410045386 0.20470973793 
0.223722 74.03958188369 0.20773151392 
0.224229 73.74541196081 0.20424222228 
0.224736 73.67448336390 0.20840646107 
0.225242 73.44951612691 0.20102076951 
0.225749 73.68704473662 0.20288910390 
0.226256 73.36881629105 0.20409026279 
0.226762 73.45108675899 0.19871057829 
0.227269 73.12349889660 0.20376310212 
0.227776 73.41536858391 0.20379959235 
0.228282 73.38754997047 0.19876537592 
0.228789 73.44029139870 0.20431868486 
0.229296 73.38466970425 0.20544489034 
0.229802 73.47977496117 0.20228960644 
0.230309 73.15851584840 0.20095557099 
0.230816 73.01138803454 0.19917761672 
0.231322 73.19384043846 0.20387868418 
0.231829 72.88607269900 0.20233114105 
0.232335 73.16002145101 0.19834542540 
0.232842 72.99476003022 0.19973905877 
0.233349 73.10054298367 0.19998081645 
0.233855 72.90341777784 0.19892480332 
0.234362 72.65163411494 0.19847027570 
0.234869 72.95729192131 0.20260231278 
0.235375 72.70557326639 0.19658681281 
0.235882 72.69727723146 0.19934123994 
0.236389 72.61586348251 0.19540839247 
0.236895 72.46360205668 0.19844497720 
0.237402 72.39301663138 0.20448608732 
0.237908 72.31148259775 0.19977345095 
0.238415 72.34495235487 0.20043195796 
0.238922 72.37939628959 0.20263052725 
0.239428 72.02303959220 0.19842681253 
0.239935 72.57218051545 0.19762154126 
0.240442 72.21031095296 0.19629382716 
0.240948 72.17000742834 0.19955539946 
0.241455 71.89171112040 0.19766183988 
0.241962 71.95189258514 0.19399999783 
0.242468 72.04801956613 0.19978909772 
0.242975 72.18019313387 0.19988666789 
0.243481 71.74439203875 0.19495541109 
0.243988 71.79147807089 0.20077596273 
0.244495 71.93799875587 0.19925144656 
0.245001 71.39305975084 0.19729639327 
0.245508 71.48038589072 0.19479345125 
0.246015 71.49883793225 0.19843119729 
0.246521 71.45488537663 0.20079429311 
0.247028 71.76995506281 0.20034703360 
0.247534 71.36384715080 0.19671910424 
0.248041 71.57274959137 0.19903044134 
0.248548 71.61130131553 0.19497739163 
0.249054 71.35215164581 0.19799685756 
0.249561 71.23009328271 0.19580680526 
0.250068 71.15161856503 0.19573920638 
0.250574 71.28230209821 0.19845405537 
0.251081 71.41136870877 0.19800725325 
0.251587 71.07112764746 0.19668408154 
0.252094 71.08293894186 0.20071264053 
0.252601 71.25565229532 0.19988061603 
0.253107 70.92060399842 0.19737279339 
0.253614 71.27982696675 0.19556326944 
0.254120 71.00458317420 0.19705417245 
0.254627 71.24394093416 0.19799560486 
0.255134 70.87521972328 0.19712697336 
0.255640 70.78547962881 0.19569257405 
0.256147 71.08786810316 0.19633420608 
0.256654 70.83610466434 0.19848019273 
0.257160 71.06765788365 0.19439146401 
0.257667 71.31518907532 0.19716412025 
0.258173 71.09552848544 0.19596331840 
0.258680 71.16667012679 0.19374573538 
0.259187 71.37090267017 0.19314517454 
0.259693 71.50813797890 0.19513015501 
0.260200 71.64410146503 0.19693122380 
0.260706 71.57970366592 0.19515077741 
0.261213 71.82352208979 0.19563157677 
0.261720 71.56361939343 0.19719934133 
0.262226 71.53853398698 0.19303372647 
0.262733 71.86835074132 0.19546324929 
0.263239 71.76840472427 0.19290495967 
0.263746 71.81885279106 0.19499260163 
0.264253 71.71491962649 0.19214136363 
0.264759 71.51717831225 0.19026512429 
0.265266 71.60623675297 0.19445849205 
0.265772 71.60004626215 0.18971961305 
0.266279 71.61294761021 0.19282272131 
0.266786 71.82032467881 0.19018521822 
0.267292 71.79799221660 0.18947679978 
0.267799 71.78090294158 0.19427314540 
0.268305 71.88475251894 0.19088113019 
0.268812 71.60599289262 0.19349156536 
0.269319 71.79024557547 0.19432865053 
0.269825 71.80061568050 0.18562887311 
0.270332 71.65093620030 0.18888224336 
0.270838 72.00709078056 0.19272464360 
0.271345 72.30919933225 0.18946744073 
0.271852 72.21794947444 0.19010134803 
0.272358 72.29193694521 0.19428357315 
0.272865 71.97680811698 0.19294475522 
0.273371 72.30261724290 0.19216932593 
0.273878 72.39066561535 0.19309125506 
0.274385 72.50799690459 0.18890788391 
0.274891 72.42252100726 0.18872015716 
0.275398 72.32938217961 0.18523639570 
0.275904 72.60738401461 0.18685784293 
0.276411 72.42092851631 0.18524361219 
0.276917 72.22862951574 0.18388825703 
0.277424 72.37669535680 0.18577444773 
0.277931 72.08374524890 0.18639151586 
0.278437 72.08108972187 0.18332519536 
0.278944 72.28606137354 0.18612696874 
0.279450 72.20330030014 0.18274566239 
0.279957 72.15276002897 0.18452577236 
0.280464 72.24141807861 0.18686786233 
0.280970 71.90294025885 0.18206951609 
0.281477 72.06982816405 0.17835077317 
0.281983 72.10791332993 0.18319431427 
0.282490 72.16573701858 0.18290189197 
0.282996 72.16867887241 0.18549127270 
0.283503 71.96651665895 0.18026767163 
0.284010 72.00016086248 0.18028596297 
0.284516 72.05065038038 0.17860662784 
0.285023 71.76460071628 0.18021497638 
0.285529 71.69447203138 0.17296236958 
0.286036 71.65867934780 0.17531607509 
0.286542 71.55552919916 0.17418585751 
0.287049 71.78116584151 0.17287212113 
0.287556 71.43563217153 0.17380986896 
0.288062 71.57812888202 0.16853080632 
0.288569 71.46143517397 0.17209414599 
0.289075 71.17788812128 0.16951319833 
0.289582 71.22143964293 0.17120575141 
0.290088 71.30724314804 0.16804226182 
0.290595 71.25440126674 0.16794685668 
0.291102 71.29312595798 0.16828954774 
0.291608 71.31087402125 0.17003336160 
0.292115 71.17688075529 0.16842700719 
0.292621 70.93526993307 0.16479378564 
0.293128 71.15594786069 0.16915024511 
0.293634 70.98874652597 0.16796266670 
0.294141 71.16922221206 0.16316396175 
0.294647 71.09377335583 0.16840592912 
0.295154 70.99563338435 0.16689271766 
0.295661 70.85470242414 0.16529444029 
0.296167 70.66709380229 0.16466193783 
0.296674 70.68645929631 0.16944622982 
0.297180 70.75786672581 0.16581662538 
0.297687 70.96514163186 0.16633673077 
0.298193 70.82543077574 0.16449830745 
0.298700 70.56278001053 0.16561037792 
0.299207 70.72214746602 0.16567096201 
0.299713 70.60562448970 0.16504223333 
0.300220 70.36296749616 0.16280696218 
0.300726 70.42415908545 0.16233321527 
0.301233 70.52664679528 0.16615319832 
0.301739 70.41647763330 0.16352997900 
0.302246 70.37423466465 0.15976059825 
0.302752 70.24904131113 0.16207409497 
0.303259 70.43583582055 0.16164591003 
0.303765 69.99683441186 0.16175714473 
0.304272 70.22390576112 0.16143575570 
0.304779 70.19665439729 0.16421422844 
0.305285 69.98317641948 0.15717615621 
0.305792 70.06256216560 0.16428091939 
0.306298 70.03609776123 0.16105457884 
0.306805 70.18060877424 0.16493556556 
0.307311 70.02360478264 0.15839706750 
0.307818 69.70936600613 0.15873539750 
0.308324 69.86310328010 0.15710523775 
0.308831 69.37163974035 0.15397584638 
0.309337 69.35253868152 0.15753312772 
0.309844 69.43828836461 0.15652372965 
0.310350 69.02533921980 0.15490194546 
0.310857 68.86536590461 0.15157376741 
0.311364 68.59690751930 0.14773931655 
0.311870 68.47766254218 0.14946164303 
0.312377 68.24706818040 0.15059733687 
0.312883 68.12287498143 0.14892322130 
0.313390 68.06819270528 0.14465471474 
0.313896 68.07493442584 0.14799791764 
0.314403 67.80111031145 0.14636969729 
0.314909 67.68587092883 0.14440423167 
0.315416 67.38502621723 0.14425193888 
0.315922 67.37893804522 0.14253693911 
0.316429 67.46990376562 0.14182955566 
0.316935 67.05848941125 0.14093677635 
0.317442 66.82696993185 0.14251697505 
0.317948 67.31537659720 0.14198478299 
0.318455 67.29840027688 0.14267246354 
0.318961 67.14470104566 0.14207059483 
0.319468 67.09763338298 0.14069160686 
0.319975 66.87404139019 0.14264748154 
0.320481 66.71877513157 0.14115334603 
0.320988 66.73474927941 0.14272751482 
0.321494 66.62618367515 0.13785225815 
0.322001 66.73941396894 0.15639429441 
0.322507 66.65770723861 0.14165927764 
0.323014 66.54983433377 0.13889396525 
0.323520 66.42916050177 0.14278292515 
0.324027 66.40544122815 0.14463298716 
0.324533 66.55657243292 0.14004556337 
0.325040 66.48012000844 0.14001611281 
0.325546 66.35456305265 0.14137481822 
0.326053 66.42328579528 0.13703363768 
0.326559 66.26582738706 0.13763280238 
0.327066 66.27343847440 0.13872085097 
0.327572 66.20503684352 0.14170355982 
0.328079 66.34601894666 0.13834806294 
0.328585 66.15576573382 0.14056971125 
0.329092 65.95120307801 0.13739368359 
0.329598 66.14141884745 0.13777107741 
0.330105 66.24315301913 0.13894360938 
0.330611 66.19245234062 0.13712632735 
0.331118 66.16254019482 0.14011130868 
0.331624 65.88349905137 0.13730372581 
0.332131 65.99570570361 0.13584122024 
0.332637 66.02022101449 0.14158498483 
0.333144 65.91559899278 0.13977847745 
0.333650 66.11030247059 0.13999910437 
0.334157 65.84284218553 0.13613931747 
0.334663 65.79027696764 0.13957792771 
0.335170 65.78973143025 0.14137850872 
0.335676 65.90867801829 0.13886108372 
0.336183 65.74349893848 0.13816282787 
0.336689 65.65406904760 0.13752816867 
0.337196 65.51196120938 0.13772136565 
0.337702 65.63251045015 0.13612128933 
0.338209 65.26860046907 0.13801979960 
0.338715 65.44771782937 0.14122093893 
0.339222 65.46550326647 0.14051382368 
0.339728 65.42099482944 0.13891589500 
0.340235 65.21209948304 0.18769103327 
0.340741 65.16385988014 0.13848970133 
0.341248 65.25432854002 0.13731878520 
0.341754 65.36977113912 0.13626161456 
0.342261 65.15993330346 0.14013538501 
0.342767 65.25183671618 0.13836686681 
0.343274 65.33587813561 0.13756853892 
0.343780 65.04074773886 0.13832875993 
0.344287 65.16040504341 0.14172509892 
0.344793 65.13152186496 0.13874569204 
0.345300 65.25502338118 0.13859057211 
0.345806 64.88886387491 0.14106575875 
0.346313 65.03243967650 0.14297531495 
0.346819 64.40767367415 0.13919776147 
0.347325 64.91413579052 0.14213068320 
0.347832 64.97867055443 0.14504135585 
0.348338 64.95076304249 0.14786188215 
0.348845 64.68344409740 0.14602402962 
0.349351 64.57174190073 0.14742362667 
0.349858 64.79566984759 0.15094217541 
0.350364 64.82330883290 0.14589493104 
0.350871 64.88089107431 0.14763839484 
0.351377 64.71084161549 0.14765896550 
0.351884 64.67702698311 0.14906408091 
0.352390 64.54187406105 0.14972635752 
0.352897 64.72974565597 0.14844547733 
0.353403 64.49723243055 0.15211007875 
0.353910 64.35569644033 0.15074372767 
0.354416 64.12656246260 0.15440390482 
0.354923 64.16196854166 0.15471590822 
0.355429 63.93106696531 0.15442853086 
0.355935 63.85434558959 0.14847091988 
0.356442 63.96693969721 0.15433819750 
0.356948 64.23182687653 0.15491535535 
0.357455 63.86609136721 0.15797747473 
0.357961 64.08462306582 0.15408095263 
0.358468 63.60379356560 0.15538418478 
0.358974 63.74567791714 0.21964561813 
0.359481 63.74264937943 0.20419744208 
0.359987 63.94952561950 0.20042782682 
0.360494 63.78774565967 0.18831561086 
0.361000 63.82804552568 0.19110872421 
0.361506 63.84685323502 0.18736587597 
0.362013 63.53482422788 0.18638135610 
0.362519 63.73103052067 0.18334402747 
0.363026 63.82531259729 0.18504762225 
0.363532 63.60930924654 0.18606292288 
0.364039 63.72079414858 0.18279509083 
0.364545 63.85430423951 0.18024028910 
0.365052 63.84423505640 0.18276741971 
0.365558 63.92421331057 0.18193285758 
0.366064 63.73230200324 0.18044476498 
0.366571 63.63315545144 0.18325258216 
0.367077 63.82031156093 0.18567992174 
0.367584 63.39138838349 0.18618200913 
0.368090 63.73553533644 0.18588815190 
0.368597 63.72018407966 0.18794662123 
0.369103 63.79781200477 0.18793965709 
0.369610 63.72669243209 0.18955311300 
0.370116 63.43442668241 0.18638805925 
0.370622 63.45818689765 0.18886420221 
0.371129 63.55503730921 0.18780896886 
0.371635 63.66537330857 0.19131188501 
0.372142 63.53085265763 0.19170391116 
0.372648 63.35461355433 0.19028562991 
0.373155 63.34609986313 0.19066344044 
0.373661 63.16043358313 0.19560783649 
0.374167 63.66947023360 0.19754502006 
0.374674 63.30600674345 0.19866812487 
0.375180 63.70649345594 0.19541090866 
0.375687 63.53653500997 0.19622079502 
0.376193 63.29661813028 0.20029867119 
0.376700 63.42271676577 0.20109046432 
0.377206 63.30619604282 0.19978208302 
0.377712 63.54420833349 0.20306692943 
0.378219 63.75469161405 0.20456840821 
0.378725 63.36677762152 0.20347921707 
0.379232 63.27563816442 0.20735422500 
0.379738 63.32214818889 0.20650796143 
0.380245 63.16103884568 0.21190779300 
0.380751 63.51533927188 0.21247426384 
0.381257 63.32743416958 0.20799930448 
0.381764 63.35102222868 0.21121981029 
0.382270 62.93199901057 0.20803206613 
0.382777 63.01980066225 0.20150674635 
0.383283 63.19265132027 0.20142243239 
0.383789 62.92164297849 0.20928244712 
0.384296 63.06358384841 0.21506706469 
0.384802 63.01359162869 0.21282768852 
0.385309 63.01012659914 0.20765209521 
0.385815 63.41621705769 0.21273953307 
0.386321 62.56902519058 0.20834321353 
0.386828 63.20859483624 0.21795031952 
0.387334 63.10949632115 0.20980888880 
0.387841 63.19005744025 0.21555652617 
0.388347 63.00409554206 0.21352678327 
0.388853 62.99691886692 0.21288898850 
0.389360 62.97485122943 0.21887666626 
0.389866 62.83798240044 0.21643057266 
0.390373 62.60668631176 0.21706236619 
0.390879 62.67344681819 0.21594996642 
0.391385 62.88239003236 0.22426149267 
0.391892 62.71669056683 0.21187027316 
0.392398 63.16711052520 0.22169298923 
0.392905 62.58366505786 0.21838174108 
0.393411 62.38686339275 0.22767396869 
0.393917 62.70580008588 0.22187112828 
0.394424 62.79052696895 0.22622532423 
0.394930 62.58835770640 0.22505988384 
0.395437 62.43128750536 0.22553993653 
0.395943 62.95272991259 0.22301155645 
0.396449 62.74900272018 0.42659916057 
0.396956 62.57924451139 0.23312928896 
0.397462 62.62146552365 0.23674171976 
0.397969 62.30847891051 0.22776049730 
0.398475 62.25800109585 0.23596669681 
0.398981 63.03641381660 0.23672349264 
0.399488 62.61238058773 0.23474036085 
0.399994 62.49243555701 0.23757494776 
0.400500 62.76686940493 0.23819814125 
0.401007 62.70849423059 0.23772502408 
0.401513 62.35519802934 0.23601333697 
0.402020 62.41602461026 0.24602811348 
0.402526 62.49393647679 0.24642010291 
0.403032 62.44133867894 0.25029062515 
0.403539 62.24492557915 0.25294850071 
0.404045 62.52651939123 0.25437396847 
0.404551 62.24909331171 0.26571255177 
0.405058 62.14429680802 0.26419829612 
0.405564 61.99804819612 0.26161665573 
0.406071 62.38685611967 0.26055962829 
0.406577 62.61352180083 0.25566038393 
0.407083 62.58288865807 0.26067745358 
0.407590 61.81947071338 0.26648158390 
0.408096 62.55716098769 0.27617721149 
0.408602 61.90908563010 0.27379315893 
0.409109 61.98458023570 0.26614423841 
0.409615 62.26522523901 0.27044201079 
0.410121 62.08979001414 0.26142383884 
0.410628 62.06144219428 0.26430918933 
0.411134 61.99180315513 0.26852508614 
0.411641 62.33966655840 0.27736573118 
0.412147 62.56862716106 0.26914593881 
0.412653 61.52320598008 0.25879287120 
0.413160 61.62584866613 0.27086491814 
0.413666 62.04238529392 0.27650387195 
0.414172 61.97239886454 0.28144876239 
0.414679 61.52718548259 0.27446411744 
0.415185 61.79068147554 0.28441531030 
0.415691 62.21252507986 0.26910024050 
0.416198 61.71895576995 0.26731894023 
0.416704 62.03972270447 0.27291529267 
0.417210 62.31660665298 0.27907069139 
0.417717 61.90412337767 0.29483860491 
0.418223 61.69600041564 0.27692696109 
0.418729 61.82901051256 0.28799475820 
0.419236 61.92705671734 0.27660300767 
0.419742 61.57707240608 0.26790000689 
0.420248 61.66948286907 0.27965939082 
0.420755 61.22040200674 0.27344073115 
0.421261 62.02644724127 0.27598881450 
0.421767 61.40232934007 0.28327184729 
0.422274 61.51598604129 0.27232623246 
0.422780 61.89647783658 0.27683323184 
0.423286 62.05083411673 0.29193829056 
0.423793 62.11482817704 0.28401498734 
0.424299 61.69885619063 0.28626575238 
0.424805 61.77073556336 0.28330890053 
0.425312 61.55741746614 0.29383119458 
0.425818 61.60730710136 0.28509810304 
0.426324 62.03461259083 0.30114244619 
0.426831 61.22406257455 0.30289676384 
0.427337 61.15288668400 0.29496180296 
0.427843 62.29355880740 0.30489576114 
0.428350 61.79827599506 0.30784099423 
0.428856 61.49186639615 0.29277672229 
0.429362 61.52585265733 0.30044394198 
0.429869 61.74953447258 0.32023017004 
0.430375 62.00403824393 0.31285651576 
0.430881 61.14703965791 0.32056111934 
0.431388 61.75153982892 0.31904908296 
0.431894 61.34218409015 0.31547854521 
0.432400 61.87257993298 0.33285193077 
0.432907 61.50768544684 0.32614603131 
0.433413 61.99085969087 0.33507116860 
0.433919 61.86234187457 0.34010240186 
0.434425 61.73467568527 0.34067398466 
0.434932 61.16653967840 0.32973279146 
0.435438 61.84562164460 0.35865201343 
0.435944 61.97630967096 0.34628735142 
0.436451 61.80280395532 0.35788644898 
0.436957 60.90495687841 0.36291298200 
0.437463 61.49271033065 0.34915119920 
0.437970 61.39070499738 0.35318336418 
0.438476 61.42213708653 0.36406940606 
0.438982 61.54026379530 0.36469909612 
0.439489 61.23045536918 0.37221130695 
0.439995 61.23018029551 0.35949060939 
0.440501 61.07818520047 0.38222464283 
0.441007 61.47961871446 0.38743494481 
0.441514 61.39147971457 0.38246881405 
0.442020 61.11315680578 0.40398187819 
0.442526 61.41953624743 0.39886244835 
0.443033 61.03424568309 0.38952790886 
0.443539 61.47446819298 0.40536109117 
0.444045 60.70540713238 0.40356556708 
0.444551 61.44758493266 0.42304019275 
0.445058 60.93815015491 0.42257686740 
0.445564 61.11631580878 0.43014307834 
0.446070 60.77317487673 0.42180826078 
0.446577 61.09796322541 0.43074278724 
0.447083 60.84923139489 0.45034340016 
0.447589 60.32916763207 0.45606411460 
0.448095 60.58806273083 0.44622084987 
0.448602 60.90502167847 0.44734568372 
0.449108 60.84306502471 0.48204504498 
0.449614 59.95224468610 0.47974823530 
0.450121 60.12873304706 0.48552071175 
0.450627 60.42570939880 0.50288533486 
0.451133 60.62615152160 0.49258791209 
0.451639 59.67387794758 0.51557040513 
0.452146 60.13373364858 0.53162878596 
0.452652 60.57559021712 0.52206984433 
0.453158 60.45906883613 0.56162598336 
0.453664 60.82872057127 0.57171388599 
0.454171 60.35631458853 0.57346360658 
0.454677 60.30148302239 0.61471386323 
0.455183 60.74711586335 0.62106283144 
0.455689 60.98836049231 0.62422086270 
0.456196 59.40386425437 0.65622683228 
0.456702 60.64903532193 0.62989969179 
0.457208 60.83332047469 0.73950011304 
0.457714 59.82373102649 0.71257447633 
0.458221 59.66750209747 0.72984877836 
0.458727 59.51515460575 0.76380615210 
0.459233 60.74798286775 0.84127868180 
0.459740 60.23064251979 0.88068425300 
0.460246 60.72722913858 0.92586215527 
0.460752 60.50207175380 0.98694270238 
0.461258 61.41218131538 1.00639391374 
0.461765 60.44865713045 1.06700801314 
0.462271 60.51227378780 1.03071240111 
0.462777 60.22266789143 1.19948112479 
0.463283 59.68986573155 1.22378345411 
0.463789 60.63470646029 1.38727339004 
0.464296 59.41449024914 1.39072847631 
0.464802 60.63461840895 1.34382437968 
0.465308 58.56273616853 1.39678554658 
0.465814 60.31360964345 1.67441666472 
0.466321 59.16624256211 1.72985158760 
0.466827 62.07985140144 1.91888336556 
0.467333 60.35783460776 1.87668104540 
0.467839 58.67284725687 2.00012805296 
0.468346 58.95249574130 2.40635198707 
0.468852 60.19816570098 2.76520354093 
0.469358 58.64467752982 2.90412263829 
0.469864 59.74237874065 2.82463901336 
0.470371 60.98126533196 3.89120333350 
0.470877 56.49962092329 4.29073664412 
0.471383 59.37304664778 5.53318009172 
0.471889 58.31833072061 7.60002464701 
0.472395 52.54346352586 6.04576065592 
0.472902 46.95463354477 11.11894915801 
