0.010896 1403.36423349313 14.97046418628 
0.011402 1255.40425020263 11.95735135419 
0.011909 1127.63050185251 11.06600035561 
0.012416 1017.03028996720 8.06678741301 
0.012923 928.90490950909 7.29359669512 
0.013430 871.86792966625 11.88030665289 
0.013936 836.75593774848 9.08692048208 
0.014443 782.98071262666 7.58285070151 
0.014950 720.46477164964 6.89593107888 
0.015457 673.32519951465 5.54091488303 
0.015963 625.32948088620 4.99099816614 
0.016470 584.65318813616 4.38439446777 
0.016977 553.46453779485 3.70666886519 
0.017484 516.20782115241 3.46952350479 
0.017990 489.85492535103 3.04252682774 
0.018497 464.85349036496 2.61028203369 
0.019004 444.59744717861 2.47682508800 
0.019511 421.26331605291 2.37377346589 
0.020018 402.08182135225 2.20410054101 
0.020524 387.21222739413 2.10550680179 
0.021031 366.65762269297 1.95993922022 
0.021538 353.52822663561 1.77976816129 
0.022045 342.09031199903 1.76532218855 
0.022551 327.14089634008 1.72300677696 
0.023058 318.20535571659 1.65054458139 
0.023565 306.50643647174 1.66034236353 
0.024072 297.40648205414 1.70107374028 
0.024579 288.14286878874 1.83169162018 
0.025085 279.22093848473 2.10526640825 
0.025592 271.18615069954 2.22438282149 
0.026099 264.82526077526 2.23690906527 
0.026606 256.76926297331 1.69349355444 
0.027112 251.82300687848 1.76185446913 
0.027619 245.43338999906 1.53221507984 
0.028126 239.50457648586 1.50626463715 
0.028633 234.93376629185 1.41472080727 
0.029139 227.40230804871 1.19702546954 
0.029646 224.27077386876 1.27069428892 
0.030153 220.06096900291 1.21628755095 
0.030660 216.57694718741 1.08202932749 
0.031167 212.43177694087 0.99765107961 
0.031673 209.16739294732 0.91430396274 
0.032180 205.35963071575 0.95645816112 
0.032687 201.81349165845 0.95753041094 
0.033194 196.75967744144 0.87688284769 
0.033700 194.74396512233 0.83313464577 
0.034207 192.34124981104 0.81571831674 
0.034714 189.06634388903 0.81315094772 
0.035221 186.13889847599 0.74739965415 
0.035727 183.93579653556 0.78889488103 
0.036234 181.83984982298 0.68563065416 
0.036741 178.65846086275 0.75264210317 
0.037248 175.51833732148 0.67062264922 
0.037755 173.37195686824 0.68800123386 
0.038261 172.14333419829 0.64539597270 
0.038768 169.39868213560 0.64523563036 
0.039275 167.64283744936 0.62296299627 
0.039782 165.43087631601 0.62338180197 
0.040288 163.30423656658 0.61432964918 
0.040795 162.11565902363 0.61439624312 
0.041302 160.29239021726 0.59977366438 
0.041809 159.74724596758 0.58316871410 
0.042315 157.13878258434 0.59254518543 
0.042822 156.14083255409 0.57403762369 
0.043329 153.85098313855 0.55990202632 
0.043836 152.82394266679 0.56627980302 
0.044343 150.73240769750 0.56560829715 
0.044849 150.38384843028 0.54273597045 
0.045356 148.79491549944 0.57021825897 
0.045863 146.74349853522 0.52078610504 
0.046370 145.30374019675 0.55271335260 
0.046876 144.46979026047 0.52300086799 
0.047383 143.62716101661 0.52070865696 
0.047890 142.40588377077 0.51580335489 
0.048397 141.82361891097 0.52860369807 
0.048903 139.88254341492 0.50230220874 
0.049410 138.96971180826 0.51064142807 
0.049917 137.71234603977 0.49622375747 
0.050424 136.93362883784 0.48512623523 
0.050931 135.52715372382 0.48064310428 
0.051437 135.52608980528 0.47159603415 
0.051944 134.09574438079 0.47792458828 
0.052451 133.17195763969 0.47200070229 
0.052958 131.88550554409 0.48063337257 
0.053464 131.55725867129 0.45100807554 
0.053971 130.04316613883 0.47162596461 
0.054478 129.16754062929 0.48122662154 
0.054985 128.33623136484 0.45093097744 
0.055491 127.69901190996 0.44645713619 
0.055998 125.98950217690 0.44934585494 
0.056505 125.45812613380 0.44538792811 
0.057012 125.11011899776 0.45363687642 
0.057519 124.11598308102 0.46534042515 
0.058025 123.40477532679 0.43588621703 
0.058532 123.08031946872 0.44073011552 
0.059039 121.61621606610 0.43133833671 
0.059546 121.15603518171 0.43850259801 
0.060052 120.95012960540 0.42735801337 
0.060559 119.75017836846 0.42183420412 
0.061066 119.52974534444 0.43864682754 
0.061573 118.82218466452 0.42557841177 
0.062079 118.36146764447 0.41890383039 
0.062586 117.27706945188 0.41716055780 
0.063093 117.23826986297 0.39590224717 
0.063600 115.87715962073 0.40379588196 
0.064106 115.87602761656 0.40835915097 
0.064613 115.09924598591 0.39837373814 
0.065120 114.67046665753 0.38692443019 
0.065627 114.65439544671 0.39714444726 
0.066134 113.46231173700 0.39584834669 
0.066640 112.60668828363 0.40952706809 
0.067147 112.18661792810 0.39742066435 
0.067654 111.72749402427 0.38069927860 
0.068161 111.11580371047 0.37801480628 
0.068667 111.01872763420 0.37747189864 
0.069174 110.23360948155 0.39594584572 
0.069681 110.10849978389 0.38334673533 
0.070188 110.20282355951 0.37503275072 
0.070694 109.16395620328 0.37512865700 
0.071201 108.59957105743 0.36568997606 
0.071708 108.42056201134 0.37194743912 
0.072215 107.71106561642 0.36930470869 
0.072721 106.94237008598 0.36117050089 
0.073228 107.35663804531 0.35682147603 
0.073735 106.63297385091 0.35897867782 
0.074242 106.16499721695 0.37128963181 
0.074748 105.70662128909 0.34522116635 
0.075255 104.92873940214 0.34515040572 
0.075762 105.17460495596 0.35534401952 
0.076269 104.82357920446 0.35940655685 
0.076776 104.26041702336 0.33154308372 
0.077282 104.00907204648 0.32636269421 
0.077789 103.78225284042 0.32041348283 
0.078296 103.18521131818 0.32723521713 
0.078803 103.04820565506 0.34419255392 
0.079309 103.04634608598 0.34378351417 
0.079816 102.78226681550 0.33607743952 
0.080323 102.37699459794 0.34072993866 
0.080830 102.52300132321 0.34067663976 
0.081336 101.93241795225 0.34012775779 
0.081843 101.45330512602 0.33310135283 
0.082350 101.71093146224 0.34482671802 
0.082857 101.57175686074 0.34962895091 
0.083363 100.75624943857 0.33852144635 
0.083870 100.20625342669 0.34107082520 
0.084377 100.02749142745 0.33485242625 
0.084884 100.13594315240 0.33730563982 
0.085390 99.82218497139 0.33788256171 
0.085897 100.02805287640 0.33628056335 
0.086404 99.54547863927 0.34858023717 
0.086911 98.70477761069 0.32999999950 
0.087417 98.73303630080 0.33854909429 
0.087924 98.51786207688 0.34068732332 
0.088431 98.63549509692 0.33913625884 
0.088938 98.20922404738 0.33846652333 
0.089444 97.96165592519 0.34401177256 
0.089951 97.86912779021 0.32348581803 
0.090458 97.21072063667 0.33848813137 
0.090965 97.29961451477 0.34033178476 
0.091471 97.15319798247 0.33696731733 
0.091978 97.05757360073 0.33711317049 
0.092485 95.44564164434 0.35907240175 
0.092992 96.20134127664 0.34619669215 
0.093498 95.92946494500 0.33805446542 
0.094005 95.78544617441 0.33569496250 
0.094512 95.50683145947 0.33861925733 
0.095019 95.32681267970 0.32995585565 
0.095525 95.50332473230 0.33145624505 
0.096032 95.68145349076 0.33654931463 
0.096539 94.88663697285 0.33628790221 
0.097046 94.99088694185 0.33363788517 
0.097552 94.73085940102 0.34465731383 
0.098059 94.10595057572 0.32030051187 
0.098566 94.25395908661 0.32587953596 
0.099073 94.30940630244 0.32949467059 
0.099579 93.75788311402 0.32007898678 
0.100086 94.17402424884 0.33385308997 
0.100593 93.20252735331 0.34145093559 
0.101100 93.10952957321 0.32660016956 
0.101606 92.99327534408 0.31256514369 
0.102113 91.85595554707 0.31056631202 
0.102620 91.55271086290 0.30387698568 
0.103127 91.27693934695 0.30104805364 
0.103633 91.29111861699 0.30618449182 
0.104140 90.82530317914 0.30201833253 
0.104647 90.38656458669 0.29768914078 
0.105154 90.18199027858 0.31096890266 
0.105660 91.11781868389 0.31339153443 
0.106167 90.22544354127 0.29836424053 
0.106674 89.97987693082 0.30509750822 
0.107181 89.69098073663 0.30018954875 
0.107687 89.57488769752 0.30019568990 
0.108194 89.68391100628 0.30172318183 
0.108701 89.42321978278 0.29142891291 
0.109208 89.06099441987 0.29293523310 
0.109714 89.46299497115 0.28893013283 
0.110221 89.18225500536 0.28436909540 
0.110728 88.93025414741 0.29587638282 
0.111235 89.07580310258 0.28486630167 
0.111741 88.60004416679 0.29348574261 
0.112248 88.91739775220 0.29080743466 
0.112755 88.17979050277 0.28520497745 
0.113262 88.01162227074 0.28416690580 
0.113768 88.10050225219 0.28197643184 
0.114275 87.91528690719 0.27527486399 
0.114782 88.21716797763 0.27891626525 
0.115289 87.31927507995 0.27873084552 
0.115795 87.95812545743 0.27947008475 
0.116302 87.51039137943 0.27159764535 
0.116809 87.54920111456 0.27516240867 
0.117316 87.46310171333 0.27359209971 
0.117822 87.30909674248 0.28284912436 
0.118329 87.24758963101 0.28157531390 
0.118836 87.51179997827 0.27470183554 
0.119342 87.46734443971 0.26458640648 
0.119849 86.70375071559 0.27627479283 
0.120356 86.41251068852 0.26837272694 
0.120863 86.89371884785 0.27119981981 
0.121369 86.57221572989 0.25882418409 
0.121876 86.32195618932 0.26777649265 
0.122383 86.70797230899 0.26917399075 
0.122890 86.18133687044 0.26244161935 
0.123396 85.87632596581 0.26757800080 
0.123903 85.92561295912 0.25938113536 
0.124410 86.05480964424 0.27166122505 
0.124917 86.20855226134 0.26659899041 
0.125423 85.57502809916 0.26497223053 
0.125930 85.54578351172 0.25848325097 
0.126437 85.73547480587 0.25766328673 
0.126944 85.71726896652 0.26121098546 
0.127450 85.49866005644 0.25209571010 
0.127957 85.22856505022 0.26347870628 
0.128464 85.09469067092 0.25811302727 
0.128970 85.39303706997 0.25710379633 
0.129477 84.84145067213 0.25007833920 
0.129984 84.96794699684 0.25455170530 
0.130491 85.05537863695 0.24993304319 
0.130997 85.08719132155 0.25425853407 
0.131504 84.80509679156 0.24435493731 
0.132011 84.52747468649 0.24496435712 
0.132518 84.71464467460 0.24617919323 
0.133024 84.68960847345 0.25416196993 
0.133531 84.44771722669 0.24906713581 
0.134038 84.61335780858 0.24954452817 
0.134545 84.21440530334 0.24086769576 
0.135051 84.81187372829 0.24630004587 
0.135558 84.00337304199 0.23958102657 
0.136065 83.94500995773 0.24544695489 
0.136571 83.93678110352 0.23947549601 
0.137078 84.23625306339 0.24797865054 
0.137585 84.14333035003 0.24432282746 
0.138092 83.85601691724 0.24647004230 
0.138598 83.71371468985 0.23954080568 
0.139105 84.02207884395 0.24982501015 
0.139612 83.66651005927 0.24466725828 
0.140119 83.79892333570 0.24129485580 
0.140625 83.49422054352 0.23489949243 
0.141132 83.31064360782 0.24178759365 
0.141639 83.53117109648 0.24451633163 
0.142145 83.54189592882 0.23657999369 
0.142652 82.80691165986 0.24785889760 
0.143159 83.23962960678 0.23851210199 
0.143666 82.90094633488 0.24125457902 
0.144172 82.78930327770 0.24191169092 
0.144679 82.79699119781 0.24579883459 
0.145186 82.68027404614 0.24290422186 
0.145692 82.56125236996 0.24914793623 
0.146199 82.53954942160 0.24205957908 
0.146706 82.15628171194 0.24206461331 
0.147213 82.55702903738 0.24074711541 
0.147719 82.20803282925 0.24200192702 
0.148226 82.40419709485 0.24521591874 
0.148733 82.54173849930 0.24319915556 
0.149240 81.81414430000 0.23937481380 
0.149746 82.21966957368 0.24252999878 
0.150253 81.72671035840 0.23758500658 
0.150760 81.91619849659 0.24332886189 
0.151266 81.65871139863 0.24354615659 
0.151773 81.64900344671 0.24922424649 
0.152280 81.37537302737 0.24847024063 
0.152787 81.29137596237 0.24073643208 
0.153293 81.31710879031 0.24042368804 
0.153800 81.05855850302 0.24246605873 
0.154307 81.17939625314 0.23816389183 
0.154813 81.35517092668 0.23923565230 
0.155320 81.00116091632 0.23717921304 
0.155827 81.13315835473 0.23714099552 
0.156334 81.16668758996 0.23489815235 
0.156840 81.02923825380 0.24109677445 
0.157347 80.53083818660 0.23262438934 
0.157854 80.77609804053 0.23510713268 
0.158360 80.77185694836 0.23627744336 
0.158867 80.31957333072 0.23889029908 
0.159374 80.49165606272 0.23256475113 
0.159881 80.43205000567 0.23717221036 
0.160387 80.24110348203 0.23238050149 
0.160894 80.03620849860 0.23274499775 
0.161401 80.25278690330 0.23731591324 
0.161907 79.85478896945 0.23492819058 
0.162414 80.05299164692 0.23188074311 
0.162921 80.14314537998 0.23469188301 
0.163427 79.93596118533 0.22696710095 
0.163934 79.99738134135 0.23491965981 
0.164441 80.03661706296 0.23273464132 
0.164948 80.13557342641 0.23004256631 
0.165454 79.58930760293 0.23514041503 
0.165961 79.55382541756 0.22994369048 
0.166468 79.21780418533 0.23028984764 
0.166974 79.63708985248 0.23177808519 
0.167481 79.17246272088 0.23239877622 
0.167988 79.67454462651 0.22916038640 
0.168495 79.37592891226 0.22952947088 
0.169001 79.48977082539 0.23691525481 
0.169508 79.60047495513 0.23630448028 
0.170015 79.51323432633 0.23294351371 
0.170521 79.43063448174 0.23665665239 
0.171028 79.39798086480 0.23690751082 
0.171535 79.54905644756 0.23375316417 
0.172041 79.56640051631 0.23955014736 
0.172548 79.64567872395 0.22874962283 
0.173055 79.03775308501 0.23568133385 
0.173562 79.36307392644 0.23637241386 
0.174068 79.18965254589 0.23608881245 
0.174575 79.09033809898 0.23561780351 
0.175082 79.22535003286 0.23684861114 
0.175588 79.12234893627 0.23266140261 
0.176095 79.26484861093 0.24067286439 
0.176602 79.48541699004 0.23747505588 
0.177108 78.75402442868 0.23839068530 
0.177615 78.89764381132 0.23532861891 
0.178122 78.91879219986 0.23048265076 
0.178629 78.70494052738 0.23909838409 
0.179135 79.03222419151 0.23550371221 
0.179642 79.12026587833 0.23895606600 
0.180149 78.54420621750 0.23883999586 
0.180655 78.62945517409 0.23794400027 
0.181162 78.73340413315 0.23580521926 
0.181669 79.39149554430 0.23569244699 
0.182175 78.97754384599 0.24447912141 
0.182682 79.21728443661 0.24044743916 
0.183189 78.81345369551 0.23924535177 
0.183695 78.89784858586 0.24280177244 
0.184202 78.65030148097 0.24498032258 
0.184709 78.55009805743 0.24080782304 
0.185216 78.81558294313 0.24122090485 
0.185722 78.37794092759 0.24228563202 
0.186229 78.09248014304 0.24347040445 
0.186736 78.29477426675 0.24525023764 
0.187242 77.95676924989 0.24777054336 
0.187749 77.92413467905 0.24879398722 
0.188256 77.91462970621 0.24206828628 
0.188762 77.98828635223 0.24306485241 
0.189269 78.00014462979 0.24282347631 
0.189776 77.70040441234 0.24923506455 
0.190282 77.66775817589 0.23969008087 
0.190789 77.65248907409 0.24212060003 
0.191296 77.77213284173 0.25015866159 
0.191802 77.36065800318 0.24064354921 
0.192309 77.37871268183 0.24139754935 
0.192816 77.16177359339 0.24123864378 
0.193323 77.10664662196 0.23696307201 
0.193829 76.77061727401 0.23402900490 
0.194336 76.73719857581 0.23739594687 
0.194843 76.48724586920 0.23204097162 
0.195349 76.49467949323 0.22909274609 
0.195856 76.46415890926 0.23432226900 
0.196363 76.14768867151 0.23516222039 
0.196869 76.53742805597 0.22788686013 
0.197376 76.46026829942 0.23068730025 
0.197883 76.46465217043 0.22614303970 
0.198389 76.55333349518 0.22866591833 
0.198896 76.05071232373 0.22473988906 
0.199403 76.02220075721 0.22790347561 
0.199909 76.18409728224 0.22255883339 
0.200416 75.95364188233 0.22521864200 
0.200923 75.83164063969 0.22409673419 
0.201429 76.07296609513 0.22019678875 
0.201936 76.11408212444 0.22455942940 
0.202443 75.76816127722 0.21718511514 
0.202949 75.68153908865 0.22352308355 
0.203456 75.93790860764 0.22212546527 
0.203963 75.72743188324 0.21735830271 
0.204469 75.79628609921 0.22404016938 
0.204976 75.84884362069 0.21668271974 
0.205483 75.69349304268 0.21735047864 
0.205989 75.71827770403 0.21660984189 
0.206496 75.46202184424 0.21334904815 
0.207003 75.48083247123 0.21075888062 
0.207509 75.35581248246 0.21661642254 
0.208016 75.26220905082 0.21650329447 
0.208523 75.22319083654 0.21479105216 
0.209029 75.15031472254 0.21274533834 
0.209536 75.38381351698 0.21120966818 
0.210043 75.36339606576 0.21368589145 
0.210549 75.17408584972 0.21401447755 
0.211056 75.53431109138 0.20948401525 
0.211563 75.28888796326 0.21383680110 
0.212069 75.03067494012 0.21123827727 
0.212576 74.93028231802 0.21110998549 
0.213083 75.03355041283 0.20695055643 
0.213589 74.78632019523 0.21415637098 
0.214096 74.78098337198 0.20476219315 
0.214603 74.71640453052 0.20445163582 
0.215109 74.64286266343 0.20712814282 
0.215616 75.01829667730 0.20919837744 
0.216123 74.37191452239 0.20419678240 
0.216629 74.98522716089 0.20700395861 
0.217136 74.35268255910 0.20882158724 
0.217643 74.33406083986 0.20966219413 
0.218149 74.16177496696 0.20471797864 
0.218656 74.20813322968 0.20920412392 
0.219163 74.30536672228 0.21017712547 
0.219669 74.34764037082 0.20507344594 
0.220176 74.10793167370 0.20460630234 
0.220683 74.13587258245 0.20543053917 
0.221189 73.97562230469 0.20638371583 
0.221696 74.02136804881 0.20482898462 
0.222203 73.87849609868 0.19976790782 
0.222709 73.97794304591 0.20185626282 
0.223216 74.04591280124 0.19947055418 
0.223722 73.88727807070 0.20989076398 
0.224229 74.11601885668 0.20684210663 
0.224736 73.72681147151 0.20573396004 
0.225242 74.15072929509 0.20202698540 
0.225749 74.21073363327 0.19995619009 
0.226256 73.39117415156 0.20333890385 
0.226762 73.50843928426 0.20030590440 
0.227269 73.62446030260 0.20178913701 
0.227776 73.47282226922 0.20187103098 
0.228282 73.70611497098 0.19851540877 
0.228789 73.37719811208 0.19901424068 
0.229296 73.47824028019 0.20021063535 
0.229802 73.43510771272 0.20145392963 
0.230309 73.14266199523 0.19817980253 
0.230816 73.43669175919 0.19960120621 
0.231322 73.43074345640 0.20114874750 
0.231829 73.22282011740 0.20159374392 
0.232335 73.25118451502 0.19719695337 
0.232842 72.82963330833 0.20201018174 
0.233349 73.18279533579 0.20018716334 
0.233855 73.02537812593 0.20201396692 
0.234362 73.07828078353 0.20174162251 
0.234869 72.97360527730 0.20081709653 
0.235375 72.64962983161 0.20005358941 
0.235882 72.50762297502 0.19909473730 
0.236389 72.74854525858 0.20139516188 
0.236895 72.46764145260 0.19820199440 
0.237402 72.34531723451 0.19744516483 
0.237908 72.35901673898 0.20368629516 
0.238415 72.56475310306 0.19595002226 
0.238922 72.29891773687 0.19877087090 
0.239428 72.14575729009 0.20308260069 
0.239935 72.32274175790 0.19963326374 
0.240442 72.51662949570 0.20019458881 
0.240948 72.25952111894 0.19927421370 
0.241455 72.10439783970 0.19838673950 
0.241962 72.14574951935 0.19744713742 
0.242468 72.21192652454 0.19764184116 
0.242975 72.13914055147 0.19823111359 
0.243481 71.92043570290 0.19576546629 
0.243988 71.97097135756 0.19675619230 
0.244495 71.68145709543 0.19880971619 
0.245001 71.82680112061 0.19674368580 
0.245508 71.55087457780 0.19411177064 
0.246015 71.88749216495 0.19447677682 
0.246521 71.86090099728 0.20209336831 
0.247028 71.68897521764 0.20174668306 
0.247534 71.59658689557 0.20113917877 
0.248041 71.64294466308 0.19796651514 
0.248548 71.53295833842 0.19921525845 
0.249054 71.71575730467 0.19613431117 
0.249561 71.46109987104 0.19681077079 
0.250068 71.56226966930 0.19884316205 
0.250574 71.57370037230 0.19494982215 
0.251081 71.03012391654 0.19776983973 
0.251587 71.11669508570 0.19797631550 
0.252094 70.88281990208 0.19930139086 
0.252601 71.31051840461 0.19579755371 
0.253107 71.31086176041 0.19552741368 
0.253614 71.06622349395 0.19714727070 
0.254120 70.94019970376 0.19438897227 
0.254627 70.81899909154 0.19359629458 
0.255134 71.13964931583 0.19473811064 
0.255640 71.06442210971 0.19858870620 
0.256147 71.30495356211 0.19392231934 
0.256654 70.93248442043 0.19748607896 
0.257160 70.99011586434 0.19656801177 
0.257667 71.44126176493 0.19746876163 
0.258173 71.45096414313 0.19909343681 
0.258680 71.56189871644 0.19652138389 
0.259187 71.47907920605 0.19537571179 
0.259693 71.51688201966 0.19427984986 
0.260200 71.52728628877 0.19466793523 
0.260706 71.79126707916 0.19494873568 
0.261213 71.48071929927 0.19553542391 
0.261720 71.42319725298 0.19548323238 
0.262226 71.72030878507 0.19402252311 
0.262733 71.54654958348 0.19285197346 
0.263239 71.94743535218 0.19427015818 
0.263746 71.68674596818 0.19501163892 
0.264253 71.78443349650 0.19322857623 
0.264759 71.62799133259 0.19317751113 
0.265266 71.78888532034 0.19495335305 
0.265772 71.78874587132 0.19310197293 
0.266279 71.98247699858 0.19221143619 
0.266786 71.86000728723 0.19160331575 
0.267292 71.96809749233 0.18798655672 
0.267799 71.81563445903 0.19052933870 
0.268305 71.85747522275 0.19254912532 
0.268812 71.88751581553 0.19272869347 
0.269319 71.77677505445 0.19210616559 
0.269825 71.84811347058 0.18892750962 
0.270332 71.69638440091 0.19354292160 
0.270838 72.19182306568 0.19237842695 
0.271345 72.23627731386 0.19224761345 
0.271852 71.90936994048 0.18991249443 
0.272358 72.20174444874 0.19350628457 
0.272865 72.41832243000 0.18982437151 
0.273371 72.24662047091 0.19134699527 
0.273878 72.43384234833 0.18896555745 
0.274385 72.48538184514 0.18737291018 
0.274891 72.70525573351 0.19066979815 
0.275398 72.24222550752 0.18848925208 
0.275904 72.58693255673 0.18585605909 
0.276411 72.52081039453 0.18486573861 
0.276917 72.46467072838 0.19030674737 
0.277424 72.49681699417 0.18323664507 
0.277931 72.10503816448 0.18351672732 
0.278437 72.16493711266 0.18300157239 
0.278944 72.16640199971 0.17998621078 
0.279450 72.22225620844 0.18326323993 
0.279957 71.93057783034 0.18299441088 
0.280464 72.32522766421 0.17853980449 
0.280970 72.18704901534 0.18065250990 
0.281477 72.37010890075 0.18258405289 
0.281983 72.13121220629 0.18069527032 
0.282490 72.16360770961 0.17953065168 
0.282996 72.02748022927 0.18217738236 
0.283503 71.93845242952 0.18250684776 
0.284010 72.06320983607 0.17802910652 
0.284516 72.29680790909 0.18092545739 
0.285023 71.91347916605 0.17584966652 
0.285529 71.93742714352 0.17413964607 
0.286036 71.90293201443 0.17481679194 
0.286542 71.65457990175 0.17398696511 
0.287049 71.93223668178 0.17571463952 
0.287556 71.52925969356 0.17306767855 
0.288062 71.45519414799 0.16661568930 
0.288569 71.37196363595 0.17441903264 
0.289075 71.47659375471 0.16997352522 
0.289582 71.56215842714 0.17111833413 
0.290088 71.26185360717 0.17027683984 
0.290595 71.33543362851 0.17250110084 
0.291102 71.28860494038 0.16684551410 
0.291608 71.39437366175 0.16935939124 
0.292115 71.28988055619 0.16653333091 
0.292621 71.29698717429 0.16805119327 
0.293128 70.95401775799 0.16440997568 
0.293634 70.96066832149 0.16386048323 
0.294141 71.26525212220 0.16945246931 
0.294647 71.13361574217 0.16794663145 
0.295154 70.86265704633 0.16818889003 
0.295661 70.93938750983 0.16530625798 
0.296167 71.16487311849 0.16626574379 
0.296674 70.87391314397 0.16478283975 
0.297180 70.86142827245 0.16697488762 
0.297687 70.67747551635 0.16774422447 
0.298193 70.89631898130 0.16554718347 
0.298700 70.60943270945 0.16466344765 
0.299207 70.81806188710 0.16175561788 
0.299713 70.76101771724 0.15967020745 
0.300220 70.44146827472 0.16443588816 
0.300726 70.57841353923 0.16530641737 
0.301233 70.63022093658 0.16210564533 
0.301739 70.53914513213 0.16396784597 
0.302246 70.46957265952 0.16290353504 
0.302752 70.44477432229 0.16115902065 
0.303259 70.38172299763 0.16317721491 
0.303765 70.19820822814 0.16321923247 
0.304272 70.38482929484 0.16044703705 
0.304779 70.30111737759 0.16059687375 
0.305285 70.31450807923 0.16011198294 
0.305792 70.25611270123 0.16217733972 
0.306298 69.88075862615 0.15927905298 
0.306805 70.10985575351 0.16377871628 
0.307311 69.94838167221 0.15732202920 
0.307818 69.82989003742 0.16212066670 
0.308324 69.82530535670 0.15615180157 
0.308831 69.85271118521 0.15826241094 
0.309337 69.54684657547 0.15287950791 
0.309844 69.46722335131 0.15052732200 
0.310350 69.31035005283 0.15623955777 
0.310857 68.97300437270 0.15107918185 
0.311364 68.61673862594 0.15298520476 
0.311870 68.83730674099 0.14866149754 
0.312377 68.10592502872 0.14889512319 
0.312883 68.23335572760 0.15016637875 
0.313390 68.14008268452 0.14849184883 
0.313896 67.86115941795 0.14648656371 
0.314403 67.57309051962 0.14779600393 
0.314909 67.89721910638 0.14472937988 
0.315416 67.50000315462 0.14367321613 
0.315922 67.65223768578 0.14460427035 
0.316429 67.47737605475 0.14574796789 
0.316935 67.35208550117 0.14271820023 
0.317442 67.31309510152 0.14295353436 
0.317948 67.34963443965 0.14252116863 
0.318455 67.22514141925 0.14087792697 
0.318961 66.75258636416 0.14186270688 
0.319468 66.99816300697 0.14229448270 
0.319975 67.19784999316 0.14230758495 
0.320481 66.80710266155 0.14073753348 
0.320988 66.83006061538 0.14274675867 
0.321494 66.81921329337 0.14013762252 
0.322001 66.74961989611 0.14606240794 
0.322507 66.66140479882 0.13915605325 
0.323014 66.74555162674 0.14335417493 
0.323520 66.72167362566 0.14240569804 
0.324027 66.55049266759 0.14181985630 
0.324533 66.42312888274 0.13816664004 
0.325040 66.62469574703 0.13795335853 
0.325546 66.43017848567 0.14053015035 
0.326053 66.30618984478 0.13744183402 
0.326559 66.27408040502 0.13873832197 
0.327066 66.23873498060 0.13669351597 
0.327572 66.20084852254 0.14075031680 
0.328079 66.33814144342 0.13841863288 
0.328585 66.23111657397 0.13703934789 
0.329092 66.15013023186 0.13627839990 
0.329598 66.09437360198 0.13921424690 
0.330105 66.34023949121 0.14013663747 
0.330611 65.90864450759 0.13865079425 
0.331118 66.06265748322 0.13889143559 
0.331624 65.82652869395 0.13549222487 
0.332131 65.93185754271 0.14064043648 
0.332637 65.94380163972 0.13886248258 
0.333144 65.96275059968 0.13932596092 
0.333650 65.90787566572 0.13916182531 
0.334157 65.78985308785 0.13934278828 
0.334663 65.82830603682 0.14076576572 
0.335170 65.73783226441 0.14104315958 
0.335676 65.80754791845 0.13873454426 
0.336183 65.76358095187 0.13983298173 
0.336689 65.75642431785 0.14124833234 
0.337196 65.41143522262 0.13937972737 
0.337702 65.58533463548 0.14003607045 
0.338209 65.54109972487 0.14096161028 
0.338715 65.26456290881 0.13752067153 
0.339222 65.38641302139 0.14052866892 
0.339728 65.52173343557 0.13682938070 
0.340235 65.52713212558 0.21083230661 
0.340741 65.51941386175 0.13992685084 
0.341248 65.42577241639 0.13904225479 
0.341754 65.37268237453 0.14255229744 
0.342261 65.21815258570 0.14075825716 
0.342767 65.10917644025 0.13848060119 
0.343274 65.23738162855 0.13996858646 
0.343780 65.37311001955 0.14094468140 
0.344287 65.15025432440 0.14054081185 
0.344793 65.13648297874 0.14130939101 
0.345300 65.29403903174 0.14039168796 
0.345806 65.05442145945 0.13995551078 
0.346313 65.17129948775 0.14238010337 
0.346819 64.78526862291 0.14211995415 
0.347325 64.82403157536 0.14117297327 
0.347832 64.74826108093 0.14398142255 
0.348338 64.84374578758 0.14706558186 
0.348845 64.90570469403 0.14684902958 
0.349351 64.89188582027 0.14878986681 
0.349858 64.84044497024 0.15089636861 
0.350364 64.68345517830 0.14583748611 
0.350871 64.74608581012 0.14472434709 
0.351377 64.73178244857 0.14744609441 
0.351884 64.57477413284 0.14930857942 
0.352390 64.51644550896 0.14683108799 
0.352897 64.63757613133 0.14824894678 
0.353403 64.20012102052 0.14540050001 
0.353910 64.32733079877 0.15137430951 
0.354416 64.32454354278 0.15311097398 
0.354923 64.10704221339 0.15137691721 
0.355429 63.90986697478 0.15363161505 
0.355935 64.04191702841 0.15153358165 
0.356442 64.22080824219 0.15264735930 
0.356948 63.98767421883 0.15301068925 
0.357455 63.83620787197 0.15745757138 
0.357961 64.03389757840 0.15784196442 
0.358468 64.06380440601 0.15471535597 
0.358974 63.79793041559 0.22249533366 
0.359481 63.95348849152 0.20594987453 
0.359987 63.96806288413 0.19860016553 
0.360494 63.93755184329 0.19104205905 
0.361000 63.55887569612 0.18766451677 
0.361506 64.03234633592 0.18429418727 
0.362013 63.94666487974 0.18600097629 
0.362519 63.95433549639 0.18485836971 
0.363026 64.02889301250 0.18664981824 
0.363532 63.93347733719 0.18567339424 
0.364039 63.67233004699 0.18405838214 
0.364545 63.82833527734 0.18558250939 
0.365052 63.75828383469 0.18562433140 
0.365558 64.32034124518 0.18530660832 
0.366064 63.56478250677 0.18426918548 
0.366571 63.87806187979 0.18201035902 
0.367077 63.66822741383 0.18626136380 
0.367584 63.67273607422 0.18390792789 
0.368090 63.83488098065 0.18262785730 
0.368597 63.87887795632 0.19171694173 
0.369103 63.82151229458 0.19025559568 
0.369610 63.81561591493 0.18959228424 
0.370116 63.61452199750 0.18751664324 
0.370622 63.47324430969 0.19016000512 
0.371129 63.98472196537 0.19346528024 
0.371635 63.46782464999 0.19184779181 
0.372142 63.57180549846 0.19424488894 
0.372648 63.84262029704 0.19430357934 
0.373155 63.64065552418 0.19732491294 
0.373661 63.29149477679 0.19164337908 
0.374167 63.57702204040 0.19158473185 
0.374674 63.24526906204 0.20019939471 
0.375180 63.52197770646 0.19760618663 
0.375687 63.68359816498 0.20143681829 
0.376193 63.57095665132 0.19675987562 
0.376700 63.66064387690 0.19884174041 
0.377206 63.92635196042 0.20434357993 
0.377712 63.36218300082 0.19668645300 
0.378219 63.45705097793 0.20083681624 
0.378725 63.50291619025 0.20572120826 
0.379232 63.20908310684 0.20745856450 
0.379738 63.43150447112 0.20674641821 
0.380245 63.40598181165 0.21103957770 
0.380751 63.24081824716 0.20587176489 
0.381257 63.52160275031 0.20911741322 
0.381764 63.23094150700 0.20897398996 
0.382270 63.31435003479 0.20894403755 
0.382777 63.34964169326 0.20774491680 
0.383283 63.19850923455 0.20597365841 
0.383789 63.28969426998 0.21083945031 
0.384296 63.15962346261 0.21261688268 
0.384802 63.19626788031 0.21185520019 
0.385309 63.01320857526 0.21037041326 
0.385815 63.15646081627 0.20943958580 
0.386321 63.05425914454 0.20614626862 
0.386828 62.82276665301 0.21233294163 
0.387334 63.18166240043 0.21171944119 
0.387841 62.98844671205 0.20903475371 
0.388347 63.06186740133 0.20691644666 
0.388853 63.05932267122 0.21259331884 
0.389360 62.82705436552 0.21519780549 
0.389866 62.70503285680 0.21545902251 
0.390373 63.18541923312 0.21712609873 
0.390879 63.23239317310 0.21499542025 
0.391385 62.73173811989 0.21887894360 
0.391892 63.05710579755 0.22074159512 
0.392398 62.71300697036 0.21917301300 
0.392905 62.81064432363 0.22281570607 
0.393411 62.77040698800 0.21911269377 
0.393917 62.83068283863 0.22180049774 
0.394424 62.97929856048 0.22418454783 
0.394930 62.62766169542 0.22336937791 
0.395437 62.79956637653 0.22610396777 
0.395943 62.44433672089 0.22761728991 
0.396449 63.14620741852 0.35756198497 
0.396956 62.76001939204 0.23048716398 
0.397462 62.56400090738 0.23723321720 
0.397969 62.80564841491 0.23703770117 
0.398475 62.61530705588 0.23834116344 
0.398981 62.56514592371 0.23919686381 
0.399488 62.81349299256 0.23574244507 
0.399994 62.84607282945 0.24065341741 
0.400500 62.81823207699 0.24031312495 
0.401007 62.54353075657 0.23907652953 
0.401513 62.19549322879 0.24282389767 
0.402020 62.38381590942 0.24044216350 
0.402526 62.20100974852 0.24997542912 
0.403032 62.45177440318 0.24804874173 
0.403539 62.16573826581 0.25096467673 
0.404045 62.36631821286 0.24548349863 
0.404551 62.60955291249 0.27478486458 
0.405058 62.50163454361 0.26444433489 
0.405564 62.38462674588 0.26340166570 
0.406071 62.23575569767 0.25449175161 
0.406577 62.56795449596 0.25935406803 
0.407083 62.46340006349 0.26938665411 
0.407590 62.22935622601 0.26007590187 
0.408096 62.29251297916 0.26783143638 
0.408602 62.31833260492 0.27566581232 
0.409109 62.20535001520 0.25693890889 
0.409615 62.01331107508 0.26421810340 
0.410121 62.48122440825 0.25741644047 
0.410628 62.04872082523 0.26250079823 
0.411134 62.30584691589 0.26041333136 
0.411641 62.28162594186 0.27767150202 
0.412147 62.23856097600 0.26533427530 
0.412653 62.05824197945 0.27230035546 
0.413160 62.00904394155 0.26162382864 
0.413666 62.24341137874 0.26429147194 
0.414172 61.73985807296 0.28199178793 
0.414679 61.71105035009 0.27580433602 
0.415185 62.41048244481 0.28447304643 
0.415691 62.05751023106 0.27331933291 
0.416198 62.01734278641 0.27017297910 
0.416704 62.34104542765 0.27897166623 
0.417210 62.08619381861 0.28035060621 
0.417717 61.82251328665 0.29155958629 
0.418223 62.15495564880 0.27874144042 
0.418729 61.69263209922 0.27957204189 
0.419236 61.60912872610 0.28491646424 
0.419742 61.82627389878 0.27559890032 
0.420248 61.80669960569 0.28154598651 
0.420755 61.85753028923 0.27329193590 
0.421261 61.54092218115 0.27905883117 
0.421767 61.64739562247 0.28392410712 
0.422274 61.92176177649 0.28020230470 
0.422780 62.01000417360 0.28771940819 
0.423286 62.04583618310 0.28925094300 
0.423793 61.29693498947 0.28233538565 
0.424299 61.77073235313 0.29419309052 
0.424805 61.46478269674 0.27689863827 
0.425312 61.89193208365 0.29784439183 
0.425818 61.25214611966 0.28408970032 
0.426324 62.11869766323 0.29249543169 
0.426831 61.99856778102 0.29385195019 
0.427337 61.70960051616 0.30536823198 
0.427843 61.55167589043 0.30384722258 
0.428350 61.78317675590 0.30831025531 
0.428856 61.48667669854 0.30074870342 
0.429362 61.70553353018 0.29815001849 
0.429869 61.59553735625 0.31156528578 
0.430375 61.81684191546 0.31608527294 
0.430881 61.58551284400 0.31625106783 
0.431388 61.56065271575 0.32529726186 
0.431894 61.54970000309 0.30664798148 
0.432400 61.15929607823 0.32776329484 
0.432907 61.40891757862 0.30435990536 
0.433413 61.75960850039 0.34910160956 
0.433919 61.16152608698 0.34038647533 
0.434425 62.02299683974 0.33657816801 
0.434932 61.38159689797 0.35445054362 
0.435438 61.48987270017 0.36074988845 
0.435944 61.60242153483 0.35049772329 
0.436451 62.23008638465 0.34586008015 
0.436957 61.69624217235 0.35656924886 
0.437463 61.30295046174 0.34785802011 
0.437970 61.35398661645 0.35842146077 
0.438476 61.43498458684 0.35964758799 
0.438982 61.30540521149 0.36151131760 
0.439489 61.03327029345 0.37820948334 
0.439995 61.49617822568 0.36860720642 
0.440501 61.40255572375 0.38522220023 
0.441007 61.74314635249 0.38079940241 
0.441514 61.36448553879 0.37969061975 
0.442020 61.18657363005 0.39500902041 
0.442526 60.79137306068 0.38389763252 
0.443033 61.65101301915 0.39128837125 
0.443539 61.52769294741 0.40764005622 
0.444045 61.02910428048 0.41250203199 
0.444551 61.45375513480 0.40874257479 
0.445058 61.48878877971 0.42880430514 
0.445564 60.91636387240 0.42875549558 
0.446070 61.14302102737 0.42231644091 
0.446577 60.91484979245 0.43065865417 
0.447083 60.68842881893 0.44734794155 
0.447589 61.10896878536 0.46427923990 
0.448095 60.42850951911 0.44645790015 
0.448602 61.04448362319 0.47153410917 
0.449108 60.31878357760 0.46243879099 
0.449614 60.76722461466 0.48323687417 
0.450121 60.72813375280 0.49199396875 
0.450627 60.52943095837 0.50065886805 
0.451133 60.65855509196 0.50109634215 
0.451639 60.24057387274 0.53234953298 
0.452146 60.04572783690 0.52462653534 
0.452652 60.02489026187 0.50730761507 
0.453158 61.10045712138 0.57244305606 
0.453664 59.73173850683 0.56640388160 
0.454171 59.83729492215 0.57898453314 
0.454677 59.95000855182 0.60233038689 
0.455183 60.45042166345 0.60642591268 
0.455689 60.86896243560 0.64287921425 
0.456196 58.96727449396 0.64707973712 
0.456702 60.53298581879 0.65306818486 
0.457208 60.45473283122 0.68847305391 
0.457714 61.59824648517 0.76634957961 
0.458221 62.01371809410 0.78480663360 
0.458727 60.50771649625 0.76720871420 
0.459233 60.74646635052 0.84752577027 
0.459740 60.55762200851 0.86210430353 
0.460246 60.56758499226 0.92295869703 
0.460752 61.29812691176 0.96769874991 
0.461258 60.55064578190 0.97039692770 
0.461765 60.12276164061 1.03550805426 
0.462271 60.34286318751 1.05939975810 
0.462777 60.27535118551 1.21715820526 
0.463283 59.35817473163 1.25006395554 
0.463789 60.09356005251 1.33345532461 
0.464296 60.02760931256 1.36039267025 
0.464802 61.21216396174 1.39820330078 
0.465308 60.52037969407 1.52756002137 
0.465814 59.98856552578 1.70179269681 
0.466321 60.94279660772 1.77553577730 
0.466827 60.64504195237 1.92143880683 
0.467333 58.35504375539 1.88712783632 
0.467839 60.24003154689 1.98771164011 
0.468346 58.27553089461 2.24036256611 
0.468852 60.73502852275 2.59150190846 
0.469358 58.30397270107 2.78736822556 
0.469864 58.41346895986 2.86541327998 
0.470371 59.04595946719 3.79911481168 
0.470877 58.05809488806 4.36737969738 
0.471383 56.95547937988 5.42355954669 
0.471889 57.92033872564 7.47601428669 
0.472395 53.97303166544 6.08300986933 
0.472902 50.36751265274 11.96371633391 
