0.010896 1363.50631860550 13.15018412279 
0.011402 1222.70678574102 13.78143518070 
0.011909 1086.04912830093 11.32196798446 
0.012416 982.89180605265 8.90278515754 
0.012923 888.81554828767 7.59115435346 
0.013430 826.50824426696 10.90340482949 
0.013936 790.49459056519 8.82939637310 
0.014443 737.64907071963 7.33005709503 
0.014950 682.97621032939 6.65131124952 
0.015457 633.04409909053 5.26379804978 
0.015963 579.75918716729 4.76667115936 
0.016470 540.81180229112 4.14888975689 
0.016977 511.94552408045 3.74581758814 
0.017484 475.75642735492 3.43934054949 
0.017990 449.77753023302 3.19610512710 
0.018497 425.44424128803 2.87692540957 
0.019004 403.54499526226 2.57458756653 
0.019511 382.21409559361 2.25808402755 
0.020018 361.46044396818 2.18812387894 
0.020524 345.62514850092 1.93868608614 
0.021031 329.50493396840 1.91231868093 
0.021538 315.78522572027 1.68831676713 
0.022045 301.98979498341 1.69437208854 
0.022551 288.29690401522 1.56921132809 
0.023058 277.85249488298 1.53297672469 
0.023565 270.55439657052 1.52273032109 
0.024072 258.86010240137 1.63856441925 
0.024579 250.91879949841 1.66682882061 
0.025085 244.41803693236 2.15756667558 
0.025592 234.17160164388 2.08185969980 
0.026099 230.61380986376 2.08582308832 
0.026606 224.92246009841 1.62717215589 
0.027112 217.03216820904 1.73586200494 
0.027619 212.65694191620 1.51644437873 
0.028126 208.42852290446 1.48539049634 
0.028633 202.69077471306 1.28684141556 
0.029139 196.52010272823 1.18768306622 
0.029646 193.17827213040 1.15728749379 
0.030153 190.16617981410 1.15641450769 
0.030660 187.01474964512 1.08316648341 
0.031167 183.24620215161 0.93120013831 
0.031673 178.70160767288 0.93620746565 
0.032180 175.57854352872 0.89595970229 
0.032687 173.24940543756 0.92133972105 
0.033194 169.21168297267 0.82934980093 
0.033700 167.37947240632 0.76978991891 
0.034207 165.09984969164 0.74693055412 
0.034714 162.63571022582 0.72550533326 
0.035221 160.03643646275 0.70209977655 
0.035727 158.55844910267 0.71078169774 
0.036234 156.62000750837 0.67750183030 
0.036741 154.11347923396 0.67251189490 
0.037248 151.67871019889 0.63730389522 
0.037755 149.60777707163 0.60173984837 
0.038261 147.90138087508 0.62152024942 
0.038768 146.53328011598 0.59133243554 
0.039275 146.67532047666 0.57979118467 
0.039782 144.88425977566 0.60805796779 
0.040288 142.67449291887 0.57746994162 
0.040795 142.11505538007 0.52082977606 
0.041302 139.45453575398 0.56897100640 
0.041809 138.38256183280 0.55089360073 
0.042315 137.63821143287 0.54529948454 
0.042822 136.12622061780 0.52970109244 
0.043329 134.37470166468 0.52615485778 
0.043836 134.73055887747 0.54020935229 
0.044343 133.24884215453 0.53465775138 
0.044849 132.56928471052 0.52352793222 
0.045356 130.99717393708 0.51540101356 
0.045863 129.95857792387 0.49738652284 
0.046370 128.70454778844 0.51855773968 
0.046876 127.78787050107 0.47818116884 
0.047383 126.74064954425 0.46565800858 
0.047890 125.85042519320 0.47214538686 
0.048397 125.83179035463 0.48712085055 
0.048903 124.52159069292 0.47224671807 
0.049410 123.62368412428 0.47463078884 
0.049917 123.38745428171 0.48433197922 
0.050424 122.45566405749 0.45344500203 
0.050931 121.33802330120 0.45363040468 
0.051437 121.30354145870 0.46668192341 
0.051944 119.97435339846 0.45296243405 
0.052451 119.43895006760 0.46057577863 
0.052958 118.05559581465 0.45445158531 
0.053464 117.51941199590 0.47325734443 
0.053971 116.66619372156 0.45807268172 
0.054478 116.06261044740 0.43537675557 
0.054985 115.42244315023 0.42431321757 
0.055491 115.23410487894 0.44468748356 
0.055998 114.39972501717 0.42170013032 
0.056505 114.33268417354 0.41904178710 
0.057012 113.60024065042 0.43426847550 
0.057519 112.42910695411 0.41530527612 
0.058025 112.31403268600 0.42007866137 
0.058532 112.72525730363 0.42994978352 
0.059039 111.54543972492 0.40153547285 
0.059546 111.12850202679 0.41108295860 
0.060052 110.03797738412 0.42948390991 
0.060559 109.61523722067 0.39357338169 
0.061066 109.20697052065 0.39904548510 
0.061573 108.47604610097 0.39371440887 
0.062079 107.55803872812 0.39515405175 
0.062586 108.32843370634 0.38750432368 
0.063093 107.65508421161 0.38439006567 
0.063600 107.43998608685 0.39921953781 
0.064106 107.10896887333 0.41145428267 
0.064613 106.00711485849 0.38632979338 
0.065120 106.38581334952 0.37708139660 
0.065627 105.54484553082 0.38091159503 
0.066134 104.97954960792 0.38145090490 
0.066640 104.36060010554 0.36595884261 
0.067147 104.55079405226 0.37461924700 
0.067654 104.05407470642 0.37472999486 
0.068161 103.54748514182 0.37574183251 
0.068667 103.71246232708 0.37302599280 
0.069174 103.46180587571 0.37166611851 
0.069681 102.41104583756 0.36973320597 
0.070188 102.44196893603 0.35676105803 
0.070694 101.80981051187 0.35946151294 
0.071201 101.17390998806 0.37325271807 
0.071708 101.56057694476 0.35349258776 
0.072215 100.54781054494 0.34913935774 
0.072721 100.71905176960 0.35180425230 
0.073228 100.38895932689 0.35063766807 
0.073735 100.09709201690 0.35327007672 
0.074242 99.74926964896 0.35189167428 
0.074748 99.71039326231 0.34980211473 
0.075255 99.34970406959 0.33575974189 
0.075762 98.65423461591 0.33520805991 
0.076269 98.91081853366 0.34453786413 
0.076776 98.85443541380 0.32452325647 
0.077282 98.03865225448 0.33882433812 
0.077789 98.29825559133 0.33221058847 
0.078296 98.49488538915 0.34035604565 
0.078803 97.41206940749 0.32276626598 
0.079309 97.89251307995 0.34125618580 
0.079816 97.32757739096 0.32196913906 
0.080323 97.38765497775 0.31854352116 
0.080830 97.06265536931 0.32911356924 
0.081336 96.93180308189 0.33059766726 
0.081843 97.02901300330 0.33467405493 
0.082350 97.38220611724 0.32895357034 
0.082857 96.25974185299 0.32586920328 
0.083363 96.50307762334 0.33494496263 
0.083870 96.66376415106 0.32683104872 
0.084377 96.54123556668 0.32689328403 
0.084884 95.74096737566 0.33654310715 
0.085390 95.31045982423 0.33247685378 
0.085897 95.45790560835 0.33515227475 
0.086404 95.39640918094 0.33250107513 
0.086911 94.88052347399 0.34479137574 
0.087417 95.15852913326 0.33047549708 
0.087924 94.96177501872 0.33147510850 
0.088431 94.75972485085 0.33278866530 
0.088938 95.03622131515 0.33196688106 
0.089444 93.99594731736 0.34281622104 
0.089951 94.24063622697 0.32650480338 
0.090458 93.91781430636 0.33049117202 
0.090965 93.62358749037 0.32266454438 
0.091471 93.51802839320 0.33863140537 
0.091978 93.60604219739 0.33186250589 
0.092485 92.87168432281 0.33777352207 
0.092992 93.64374125983 0.34689463538 
0.093498 92.83671047532 0.32705106355 
0.094005 92.71488317821 0.33436974547 
0.094512 91.99791955659 0.33073845348 
0.095019 93.10679480136 0.32789060260 
0.095525 92.39479048784 0.32726330237 
0.096032 92.05374663764 0.32790132141 
0.096539 92.23469202729 0.33283215693 
0.097046 91.62638811342 0.32646247596 
0.097552 91.97804261214 0.32784491199 
0.098059 92.03124015125 0.32852165354 
0.098566 92.04477211206 0.32136672090 
0.099073 92.26366263806 0.32751395670 
0.099579 91.47700168256 0.33071174514 
0.100086 91.84082891897 0.32297781579 
0.100593 91.46982114996 0.32567150370 
0.101100 91.60809375668 0.32487560550 
0.101606 91.01883564267 0.30630788907 
0.102113 90.32830049581 0.31396195170 
0.102620 89.40691631984 0.29972253736 
0.103127 89.39337642623 0.29633029528 
0.103633 89.33082253296 0.29457745695 
0.104140 88.41012310416 0.30397158953 
0.104647 89.04111411879 0.29313180260 
0.105154 88.92838229789 0.30156191711 
0.105660 88.06634725278 0.30333441038 
0.106167 88.18211380834 0.30414311869 
0.106674 88.47142725835 0.29271979616 
0.107181 88.16420598721 0.31367680682 
0.107687 88.03482704831 0.30493046575 
0.108194 87.85499228240 0.30630276386 
0.108701 87.28813381624 0.29524884028 
0.109208 87.94114359351 0.28891398431 
0.109714 87.71568593841 0.29225487570 
0.110221 87.22986278490 0.28336801276 
0.110728 87.89308029230 0.29000227749 
0.111235 87.13221905373 0.28445669595 
0.111741 87.17951250109 0.28038204383 
0.112248 87.09614726444 0.27831247822 
0.112755 86.95783884869 0.28188453932 
0.113262 86.59754714571 0.27899233541 
0.113768 87.26740389100 0.27136782151 
0.114275 86.90148263426 0.28068556120 
0.114782 87.03707067223 0.28338628214 
0.115289 86.86733401099 0.27848782477 
0.115795 86.95018055137 0.27897370346 
0.116302 86.38926367636 0.27362967646 
0.116809 86.61293450977 0.27471689986 
0.117316 86.42819100731 0.26225861531 
0.117822 86.22217048516 0.27020640611 
0.118329 86.35401162571 0.27330259718 
0.118836 85.72489127587 0.27222675235 
0.119342 85.90299711565 0.26884987309 
0.119849 86.16170539935 0.27318745140 
0.120356 85.76474629098 0.26687759643 
0.120863 85.57649228759 0.26750994621 
0.121369 85.34806529238 0.26428308637 
0.121876 86.05453392376 0.26534240227 
0.122383 85.71988727828 0.26424425302 
0.122890 85.58556907485 0.26996853125 
0.123396 85.61038693643 0.26137699649 
0.123903 85.28031195552 0.26151947941 
0.124410 85.45081665205 0.26967230665 
0.124917 85.08862596534 0.26154216231 
0.125423 84.90301464491 0.26411875577 
0.125930 84.91614537425 0.25371947468 
0.126437 84.97771849362 0.26009139520 
0.126944 84.90995774045 0.25813235645 
0.127450 84.26353848410 0.25762898212 
0.127957 84.47500654125 0.25430201373 
0.128464 84.70169727203 0.25388072085 
0.128970 84.56709540260 0.25360189351 
0.129477 84.47124188406 0.25122007075 
0.129984 84.14602162270 0.25975313168 
0.130491 84.77121213654 0.25450214003 
0.130997 84.19428758760 0.25170399419 
0.131504 83.94931763879 0.25116030331 
0.132011 84.56874482950 0.25253303942 
0.132518 84.02988164328 0.25037437274 
0.133024 84.32205402809 0.24805470011 
0.133531 83.82689301682 0.25193869517 
0.134038 84.44166373156 0.24264996484 
0.134545 83.85970805635 0.24935281678 
0.135051 83.71292993447 0.24690831422 
0.135558 83.45822401012 0.24760888670 
0.136065 83.60384917238 0.24585613730 
0.136571 83.47719557469 0.24714588026 
0.137078 83.62036098042 0.24766198683 
0.137585 83.46242001108 0.23979672707 
0.138092 83.57503366469 0.24268256046 
0.138598 83.28147555380 0.24812038246 
0.139105 83.37408701316 0.23835616417 
0.139612 83.08626988338 0.24318064448 
0.140119 83.10708982148 0.24617480604 
0.140625 83.28652872874 0.23790469038 
0.141132 82.88496758365 0.23272962287 
0.141639 82.73865884383 0.24268860565 
0.142145 82.74799206355 0.24369248606 
0.142652 82.77825753800 0.24021652756 
0.143159 82.81524551164 0.23675608944 
0.143666 82.83384839241 0.24393787348 
0.144172 82.31752842528 0.24493571189 
0.144679 82.69278498614 0.24451920177 
0.145186 81.91810032896 0.23941935063 
0.145692 82.22570616772 0.23891627878 
0.146199 81.46631729115 0.24204222063 
0.146706 82.18954212201 0.24188111594 
0.147213 81.85086341768 0.24138690540 
0.147719 82.08889827860 0.24393114437 
0.148226 81.74131745006 0.23745601529 
0.148733 81.83198960435 0.23190675233 
0.149240 81.72982303652 0.23254720424 
0.149746 81.57568251226 0.24365395365 
0.150253 81.33016989499 0.23800643980 
0.150760 81.36847464723 0.23490797128 
0.151266 80.91497794775 0.23887084796 
0.151773 81.48870744917 0.24308857425 
0.152280 81.05958178922 0.24906727909 
0.152787 80.58869507997 0.24023712574 
0.153293 80.88715742284 0.24042291598 
0.153800 80.95860878765 0.23833609912 
0.154307 80.72398395807 0.23969317308 
0.154813 80.65637663844 0.23597679970 
0.155320 80.54433913024 0.24112216644 
0.155827 80.60927849050 0.23933373585 
0.156334 80.62941844194 0.23957163355 
0.156840 80.41460648172 0.23523725244 
0.157347 80.48215452044 0.23572603879 
0.157854 80.46052987082 0.23146432591 
0.158360 80.33900879549 0.24268121149 
0.158867 80.19156285306 0.24007893263 
0.159374 79.76248880033 0.23733458631 
0.159881 80.24662008756 0.23343187562 
0.160387 79.92835367736 0.23607628350 
0.160894 79.89147822832 0.23739756001 
0.161401 79.82581731873 0.23577383669 
0.161907 79.48775818532 0.23246023031 
0.162414 79.78392280443 0.23434338966 
0.162921 79.49668683184 0.23081142761 
0.163427 79.64799439575 0.23430269975 
0.163934 79.67258723561 0.23558470663 
0.164441 79.68886838185 0.23547474195 
0.164948 79.51762200784 0.22616312023 
0.165454 79.58922176556 0.23098161505 
0.165961 79.18441489658 0.23581609916 
0.166468 79.40075723573 0.23273006515 
0.166974 79.08227852312 0.23123808099 
0.167481 78.61787136366 0.23022782284 
0.167988 78.96184095543 0.23215695438 
0.168495 78.99829800558 0.23920322883 
0.169001 78.96266066075 0.22892922968 
0.169508 79.16488832762 0.22821710210 
0.170015 79.09354237637 0.23452180859 
0.170521 79.13900800660 0.23443728781 
0.171028 79.05076299974 0.23840274698 
0.171535 79.11368154467 0.23680023207 
0.172041 79.14069130367 0.23739122875 
0.172548 78.87362787058 0.23494066321 
0.173055 79.29234343395 0.23524444009 
0.173562 79.22537862434 0.23280448517 
0.174068 79.19635829261 0.23715987702 
0.174575 78.93180311773 0.23599945610 
0.175082 78.66503347491 0.23655312669 
0.175588 78.90123691256 0.24429391548 
0.176095 78.66200867026 0.24124620760 
0.176602 78.79438883187 0.23625663587 
0.177108 78.72469905132 0.23656718651 
0.177615 78.41864143845 0.23162059017 
0.178122 79.10404946869 0.24193435192 
0.178629 78.73523493191 0.23333779404 
0.179135 78.91663616939 0.23456333181 
0.179642 78.87267070842 0.23488149177 
0.180149 78.59213319970 0.23494170789 
0.180655 78.66362003600 0.23760889947 
0.181162 78.80321723735 0.23720100106 
0.181669 78.56137559032 0.23633149376 
0.182175 78.68358230292 0.24252450826 
0.182682 78.60516269975 0.23934367516 
0.183189 78.63303641442 0.24643800331 
0.183695 78.51973554266 0.24448803956 
0.184202 78.62257417152 0.24106650628 
0.184709 78.34916790839 0.24463938010 
0.185216 78.68810722420 0.24476640263 
0.185722 78.34351134718 0.24771166477 
0.186229 78.16977696337 0.24294072286 
0.186736 77.86737849997 0.24070036992 
0.187242 78.16548519284 0.24437483501 
0.187749 77.83227899169 0.24184679036 
0.188256 77.84546861585 0.24430414057 
0.188762 77.68900161665 0.24971414587 
0.189269 77.55474906819 0.24395995984 
0.189776 77.69746292824 0.24316201571 
0.190282 77.64128569116 0.24441016006 
0.190789 77.56314129317 0.24357422356 
0.191296 77.33317245018 0.24940826866 
0.191802 77.44288462620 0.24154028454 
0.192309 77.30438878758 0.24134474744 
0.192816 76.97738837032 0.23933517307 
0.193323 76.58674031216 0.23366355078 
0.193829 76.97761380652 0.23955071344 
0.194336 76.69111296401 0.23216527860 
0.194843 76.55640383126 0.23945889864 
0.195349 76.19222917820 0.23124043684 
0.195856 76.39461780777 0.23215623803 
0.196363 76.65553542503 0.23255795818 
0.196869 76.57299025028 0.22702154834 
0.197376 76.15014448214 0.22768285606 
0.197883 76.29569557249 0.22894350876 
0.198389 75.84895113697 0.22875371301 
0.198896 76.06964569063 0.22316711425 
0.199403 75.98454950131 0.22661549739 
0.199909 75.97513767366 0.22153123616 
0.200416 75.63343398449 0.22227613279 
0.200923 75.64088470396 0.22118039914 
0.201429 75.92281313541 0.22092027382 
0.201936 75.91188508328 0.22366994933 
0.202443 75.86092924698 0.21996083775 
0.202949 75.57736786744 0.22467008239 
0.203456 75.48999725115 0.22095773063 
0.203963 75.57021923818 0.21531459718 
0.204469 75.72283859409 0.22201653338 
0.204976 75.66575838953 0.21399555032 
0.205483 75.50514570831 0.21576464895 
0.205989 75.33932664944 0.21866683457 
0.206496 75.05303670572 0.21458626238 
0.207003 75.67356128297 0.21855111836 
0.207509 75.30456996877 0.21280177812 
0.208016 75.62582849827 0.21778611940 
0.208523 75.09901032820 0.21372634403 
0.209029 75.24088944890 0.21090538449 
0.209536 75.01158700719 0.21194632539 
0.210043 75.04973199045 0.21231756273 
0.210549 74.94449975289 0.21525541415 
0.211056 74.68870957756 0.21040437481 
0.211563 75.09549034710 0.21075094139 
0.212069 75.28661396046 0.20940079040 
0.212576 75.02250047727 0.20988386115 
0.213083 74.88222093022 0.21137458659 
0.213589 74.66995466608 0.21106402088 
0.214096 74.77234879768 0.20695083193 
0.214603 74.99003902482 0.21292152572 
0.215109 74.37437307257 0.20762717819 
0.215616 74.70234588149 0.20438141218 
0.216123 74.42006379815 0.20583124429 
0.216629 74.38529909093 0.20983521997 
0.217136 74.52776805589 0.21063777031 
0.217643 73.91320359765 0.20935966657 
0.218149 74.17320867929 0.21159082054 
0.218656 74.10942305886 0.20666420388 
0.219163 74.24200767354 0.20985622338 
0.219669 73.90053867568 0.20631628291 
0.220176 74.03020916178 0.20607976300 
0.220683 74.25441494318 0.20750372982 
0.221189 74.02073576499 0.20488595000 
0.221696 74.03931756862 0.20485224575 
0.222203 73.84547807515 0.20724140721 
0.222709 74.10303226264 0.20497906554 
0.223216 73.82012305513 0.20085851735 
0.223722 73.79582087188 0.20369395727 
0.224229 73.94270603909 0.20709097249 
0.224736 73.64774226297 0.20957278386 
0.225242 73.55965444091 0.20267375577 
0.225749 73.69212150799 0.20266245246 
0.226256 73.70925523904 0.20553906728 
0.226762 73.46646962352 0.20252997146 
0.227269 73.46809288472 0.20543764017 
0.227776 73.40780824498 0.20961182024 
0.228282 73.59063195221 0.19814216710 
0.228789 73.42998924853 0.19906691967 
0.229296 73.47823933224 0.20302649443 
0.229802 73.64065069524 0.20287221586 
0.230309 73.03893470710 0.20146116243 
0.230816 73.06713630783 0.19496169990 
0.231322 73.08489580593 0.20161588344 
0.231829 73.16892364456 0.19891028086 
0.232335 73.08229268303 0.19779089687 
0.232842 72.88031072665 0.20039761817 
0.233349 72.80553005868 0.20124795460 
0.233855 72.72698447167 0.19885055701 
0.234362 72.73149510480 0.19972692035 
0.234869 72.59585159357 0.20143698525 
0.235375 72.59420657500 0.19897563676 
0.235882 72.49952617385 0.19559895253 
0.236389 72.65816125102 0.20031272578 
0.236895 72.64437321346 0.19335508758 
0.237402 72.20153331503 0.19706027614 
0.237908 72.45753498118 0.19742547523 
0.238415 72.16374749514 0.20323489142 
0.238922 72.04958517082 0.19844721312 
0.239428 72.25939618083 0.19733250098 
0.239935 72.04466838998 0.19618484771 
0.240442 71.81036242616 0.19572423412 
0.240948 72.14433681256 0.19860188620 
0.241455 71.98132530237 0.20021569072 
0.241962 72.16463005046 0.19675904162 
0.242468 71.90662177969 0.19921973104 
0.242975 71.86873578863 0.19989409062 
0.243481 71.75689811780 0.19583499417 
0.243988 71.98641610534 0.20040524138 
0.244495 71.71209455198 0.19803814516 
0.245001 71.66248574671 0.19749707684 
0.245508 71.88369155952 0.19853417718 
0.246015 71.77648464034 0.19864857864 
0.246521 71.72300110516 0.19697665323 
0.247028 71.69773150497 0.19508794762 
0.247534 71.49711400071 0.19683568706 
0.248041 71.60322497515 0.19615271566 
0.248548 71.63506633740 0.19943123231 
0.249054 71.47647831913 0.19553129029 
0.249561 71.45880905496 0.19741261627 
0.250068 71.30434784329 0.19589422705 
0.250574 71.24894949840 0.19803396310 
0.251081 71.33007763935 0.19741398780 
0.251587 71.32775966539 0.19544197784 
0.252094 71.13492738150 0.19666589314 
0.252601 71.10736780489 0.19418422849 
0.253107 71.06477184393 0.19921951708 
0.253614 71.13878210221 0.19810822339 
0.254120 71.16615393295 0.19424946083 
0.254627 70.84082680962 0.19302489632 
0.255134 70.96475531638 0.19479094159 
0.255640 70.96079898527 0.19217000880 
0.256147 70.86263257578 0.19252552807 
0.256654 70.86294915164 0.19888351449 
0.257160 70.82100456487 0.19500745127 
0.257667 71.17839640254 0.19007544621 
0.258173 71.41626287286 0.19708873715 
0.258680 71.17293047787 0.19398010166 
0.259187 71.41454394840 0.19271169130 
0.259693 71.58848211154 0.19927226434 
0.260200 71.25167427510 0.19719799119 
0.260706 71.51520174737 0.19577711236 
0.261213 71.80330277464 0.19408241174 
0.261720 71.62309148900 0.19724332500 
0.262226 71.35897989291 0.19003277547 
0.262733 71.49593202936 0.19162313977 
0.263239 71.67605848501 0.19377357171 
0.263746 71.52263598390 0.19384171830 
0.264253 71.79213672578 0.19286753261 
0.264759 71.73022236142 0.19309933577 
0.265266 71.62049407712 0.19566896276 
0.265772 71.57121512577 0.19408475101 
0.266279 71.76129421471 0.19202981091 
0.266786 71.77787300418 0.19253528023 
0.267292 71.96021452918 0.18766308510 
0.267799 71.65208111762 0.19631071031 
0.268305 71.58022908524 0.18904875198 
0.268812 71.56036609204 0.18959396871 
0.269319 71.65268705227 0.19057284113 
0.269825 71.93341478355 0.18785213511 
0.270332 71.72282329781 0.18783416110 
0.270838 72.25924921526 0.19435988433 
0.271345 72.17626785884 0.19396931686 
0.271852 72.17318796294 0.19015345823 
0.272358 72.12968173542 0.19350064929 
0.272865 72.17680345431 0.19056631765 
0.273371 72.07500447967 0.19115203432 
0.273878 72.16171231164 0.19071031340 
0.274385 72.56742213054 0.18988447588 
0.274891 72.65215331567 0.19346093235 
0.275398 72.21147603212 0.18884668341 
0.275904 72.41111402071 0.18475830719 
0.276411 72.21051474834 0.18520678358 
0.276917 72.22144766145 0.18591817841 
0.277424 72.16640880450 0.18638643490 
0.277931 72.42949335134 0.18247271273 
0.278437 72.19939189141 0.18425673960 
0.278944 72.39624677429 0.17693564872 
0.279450 72.06188395134 0.17974266980 
0.279957 72.02702436856 0.18455979567 
0.280464 72.05351164983 0.18145776768 
0.280970 72.23792426793 0.18306438854 
0.281477 72.04881984267 0.18155740312 
0.281983 72.12464510512 0.18224018133 
0.282490 72.08867406533 0.17773695315 
0.282996 72.31871031532 0.18710683521 
0.283503 72.21694782669 0.18104541852 
0.284010 72.03742789335 0.18070211348 
0.284516 71.90259294377 0.18086709191 
0.285023 71.75575563018 0.17544689457 
0.285529 71.84993544653 0.17569379366 
0.286036 71.63572747331 0.17228859542 
0.286542 71.99654758795 0.17305496250 
0.287049 71.70075124613 0.17577140208 
0.287556 71.51930640458 0.17620579924 
0.288062 71.55997170011 0.17320465258 
0.288569 71.45475113912 0.17024533294 
0.289075 71.58392902208 0.17254554640 
0.289582 71.40087303947 0.17259926429 
0.290088 71.28553737640 0.16990122961 
0.290595 71.43354172238 0.17205614136 
0.291102 71.33978401611 0.16914551716 
0.291608 70.97043595789 0.16703623014 
0.292115 71.34767434889 0.16738984409 
0.292621 71.09850356885 0.16900046286 
0.293128 71.03675040041 0.16834479872 
0.293634 71.01074993360 0.16642155138 
0.294141 71.01674525972 0.16765341268 
0.294647 71.16910582730 0.16893347623 
0.295154 70.99996548806 0.16733340795 
0.295661 70.83371494220 0.16337791579 
0.296167 70.92330812195 0.16887339572 
0.296674 70.76456980542 0.16566809090 
0.297180 70.76305021177 0.16624902893 
0.297687 70.72443439596 0.16720318905 
0.298193 70.66919597899 0.16309368418 
0.298700 70.97863532975 0.16419969051 
0.299207 70.70303297968 0.16417044271 
0.299713 70.62988900017 0.16626814339 
0.300220 70.63227597412 0.16439493487 
0.300726 70.48240048091 0.16132825272 
0.301233 70.54783876550 0.16503343295 
0.301739 70.60732762364 0.16111873961 
0.302246 70.30614920648 0.16053428777 
0.302752 70.11234004019 0.16244731898 
0.303259 70.07338924022 0.15985971678 
0.303765 69.97519130252 0.16344072871 
0.304272 70.03877468259 0.16167257278 
0.304779 70.10572420363 0.15863410716 
0.305285 70.27871266209 0.16009301522 
0.305792 70.16956046643 0.16178420099 
0.306298 69.84991291683 0.15995309204 
0.306805 70.08724124352 0.16293846884 
0.307311 69.81373915194 0.15987270774 
0.307818 69.81402313285 0.15949686684 
0.308324 69.82165581712 0.15621421808 
0.308831 69.59354721936 0.15486549767 
0.309337 69.35271056063 0.15330882587 
0.309844 69.26172018993 0.15201387299 
0.310350 69.21978106073 0.15281891422 
0.310857 68.95314676347 0.15163113588 
0.311364 68.58818603551 0.14916083356 
0.311870 68.54509760814 0.15082583680 
0.312377 68.00574716583 0.15015902745 
0.312883 68.18099874029 0.14688824989 
0.313390 68.04214383791 0.14964428774 
0.313896 67.79386143862 0.14824879369 
0.314403 67.79493942083 0.14463682416 
0.314909 67.74807988332 0.14556180207 
0.315416 67.81632563188 0.14134752010 
0.315922 67.37700926463 0.14557339733 
0.316429 67.50621905920 0.14289552866 
0.316935 67.20173377411 0.14180449310 
0.317442 67.27325109164 0.14334835079 
0.317948 67.07943803703 0.14222026605 
0.318455 67.13357386950 0.14037478961 
0.318961 66.82674226711 0.14042361029 
0.319468 66.72670737659 0.14227640436 
0.319975 66.87307320615 0.14098477267 
0.320481 66.84038957003 0.14384226839 
0.320988 66.58963632354 0.14244078245 
0.321494 66.79420809109 0.14174506106 
0.322001 66.56225446244 0.16224868897 
0.322507 66.54846225944 0.14175486862 
0.323014 66.46050064878 0.13882733636 
0.323520 66.65526089895 0.14151379608 
0.324027 66.57598869945 0.14301523459 
0.324533 66.36417527789 0.14037393143 
0.325040 66.56371719267 0.13941723761 
0.325546 66.48420266386 0.14197957226 
0.326053 66.33320449625 0.13775389878 
0.326559 66.07626507778 0.13694668256 
0.327066 66.40000239317 0.13470583644 
0.327572 66.18210012800 0.13934036176 
0.328079 66.38140895535 0.14154488764 
0.328585 66.08684367052 0.13701159086 
0.329092 66.34170857959 0.13841703524 
0.329598 66.07671522242 0.13685028150 
0.330105 66.17552025279 0.13817372131 
0.330611 65.99841109068 0.13754388201 
0.331118 65.85979438897 0.13683800903 
0.331624 65.91406049171 0.13836347634 
0.332131 65.89414467077 0.13761155303 
0.332637 66.01139946111 0.13975066122 
0.333144 65.67873076220 0.14038586955 
0.333650 65.76874558508 0.13910915107 
0.334157 65.79867608304 0.13758889585 
0.334663 65.75367905185 0.13628405928 
0.335170 65.95396289172 0.14067981336 
0.335676 65.58258703945 0.14195120953 
0.336183 65.67007157030 0.13683548636 
0.336689 65.63577287353 0.14098061274 
0.337196 65.78849786405 0.13903821618 
0.337702 65.58652559135 0.13665673611 
0.338209 65.39333458266 0.13765168991 
0.338715 65.25969478049 0.13865564440 
0.339222 65.42966674627 0.13872720952 
0.339728 65.51219403073 0.13883572136 
0.340235 65.31301038470 0.21231625271 
0.340741 65.30735342287 0.13717271598 
0.341248 65.12024343430 0.14059664713 
0.341754 65.29245479876 0.13994037312 
0.342261 65.03745152979 0.14035787891 
0.342767 65.23600196168 0.13817153211 
0.343274 65.33736731266 0.13810645204 
0.343780 65.04632846708 0.13927984258 
0.344287 65.04676538612 0.13843931920 
0.344793 64.89173395869 0.13587580991 
0.345300 64.92908991372 0.13990976194 
0.345806 65.07554389048 0.14144625844 
0.346313 65.06763980417 0.14512558767 
0.346819 64.98718598821 0.14417887187 
0.347325 64.63411595787 0.14459632873 
0.347832 64.77870592873 0.14450775087 
0.348338 64.95740680624 0.14747462993 
0.348845 64.66993208287 0.14576272938 
0.349351 64.81127247563 0.14849455623 
0.349858 64.80945036586 0.14707595065 
0.350364 64.36655691104 0.14815407951 
0.350871 64.76471751231 0.14770041605 
0.351377 64.50920777273 0.14787935638 
0.351884 64.61596002612 0.14612765075 
0.352390 64.52264122599 0.14896215636 
0.352897 64.39887886388 0.14995089480 
0.353403 64.54466579429 0.14826103985 
0.353910 64.27383254171 0.14565360621 
0.354416 64.35932448574 0.15301749530 
0.354923 64.41750731642 0.15302448564 
0.355429 63.93068969608 0.14986855381 
0.355935 64.28402974422 0.15053130949 
0.356442 64.26991136303 0.15559473731 
0.356948 64.04444187133 0.15326753934 
0.357455 64.15017471234 0.15872387189 
0.357961 63.67101090234 0.15540002219 
0.358468 63.68503763222 0.15669096021 
0.358974 63.78697919524 0.21998532177 
0.359481 63.85652835647 0.20298083185 
0.359987 63.80818351092 0.20115588929 
0.360494 63.80834907861 0.19099327140 
0.361000 63.57600997648 0.19102094849 
0.361506 63.83146135695 0.18113562021 
0.362013 63.90979309807 0.18433629387 
0.362519 63.67941333775 0.18646510029 
0.363026 64.22048746805 0.18344169543 
0.363532 63.86440974410 0.18793418520 
0.364039 64.01832018094 0.18059887467 
0.364545 63.98211143383 0.18250414960 
0.365052 63.95129483593 0.18136081719 
0.365558 63.91902596952 0.18353300972 
0.366064 63.82560029428 0.18552485707 
0.366571 63.83375608636 0.18558638142 
0.367077 63.51803868998 0.18427092013 
0.367584 63.64243569981 0.18619042960 
0.368090 63.70520173120 0.18319173547 
0.368597 63.69887293223 0.19070087266 
0.369103 63.90111941948 0.18849646166 
0.369610 63.77942242457 0.19034166037 
0.370116 63.59854140538 0.18745256648 
0.370622 64.26384284375 0.19563990544 
0.371129 63.69389486916 0.19308304885 
0.371635 63.56866023226 0.19464336962 
0.372142 63.35195829427 0.19231008985 
0.372648 63.50852191560 0.19335992596 
0.373155 63.71520489189 0.19366632832 
0.373661 63.63280106745 0.19560296763 
0.374167 63.24501448381 0.19599308374 
0.374674 63.56004726660 0.19692141838 
0.375180 63.51553610766 0.19287977663 
0.375687 63.47493903795 0.19638159188 
0.376193 63.39415318021 0.20058203104 
0.376700 63.59688861364 0.20417894844 
0.377206 63.26852480949 0.20056801113 
0.377712 63.47512595415 0.20503612738 
0.378219 63.18203054306 0.20097419497 
0.378725 63.27033463811 0.20471859425 
0.379232 63.47195351028 0.20731938964 
0.379738 63.43529566775 0.20689672045 
0.380245 63.27265121486 0.20714741843 
0.380751 63.19286376035 0.20840669052 
0.381257 63.44292908988 0.20518919675 
0.381764 63.25381210026 0.21545559726 
0.382270 63.21669180403 0.21058813022 
0.382777 62.88415990836 0.20658873313 
0.383283 63.10433766114 0.20869654479 
0.383789 62.99210633202 0.21154213330 
0.384296 63.14218621383 0.20540765617 
0.384802 63.16593659818 0.20805496420 
0.385309 63.12893441417 0.20345396134 
0.385815 62.77979801285 0.21036104074 
0.386321 63.18955572640 0.21385324538 
0.386828 63.04714268066 0.21546331048 
0.387334 62.63355309549 0.20927060135 
0.387841 63.09463581155 0.21536295173 
0.388347 62.33602547268 0.21210573800 
0.388853 63.15952698187 0.21634161135 
0.389360 62.85202993001 0.21630472140 
0.389866 63.11743771748 0.21278856825 
0.390373 62.78657414838 0.21447640421 
0.390879 62.81239687940 0.21606239237 
0.391385 62.67230661404 0.22037296262 
0.391892 62.52007367968 0.22470731887 
0.392398 62.79827967845 0.22018638395 
0.392905 62.56930812814 0.22005455058 
0.393411 62.78615737074 0.22582479449 
0.393917 62.82159078348 0.21915549140 
0.394424 62.41599481810 0.22266604495 
0.394930 62.72286820678 0.22566787378 
0.395437 62.74574510946 0.22572223924 
0.395943 62.42383627229 0.22366944838 
0.396449 62.14486364027 0.41445077874 
0.396956 62.38700018714 0.23024618710 
0.397462 63.03384340747 0.24015032168 
0.397969 62.62578973786 0.23095562935 
0.398475 62.20667502256 0.22939386990 
0.398981 62.97824565289 0.24321077104 
0.399488 62.51470173474 0.23225624569 
0.399994 62.48964166326 0.23356880293 
0.400500 62.48140500367 0.23634355602 
0.401007 62.21203355350 0.24284135314 
0.401513 62.45767899646 0.24920032071 
0.402020 62.28182196745 0.24696692426 
0.402526 62.16431221436 0.24213701212 
0.403032 62.39313729684 0.24083787383 
0.403539 62.53520756583 0.25830766491 
0.404045 62.12578133892 0.24334324813 
0.404551 62.44705748486 0.25994017597 
0.405058 62.17513741213 0.26491265514 
0.405564 62.19836235814 0.26150577174 
0.406071 62.23074854638 0.25869624376 
0.406577 62.55845396360 0.25437073883 
0.407083 61.87731773205 0.25687019794 
0.407590 62.19825444888 0.27305951783 
0.408096 62.35039419205 0.27451792047 
0.408602 62.21439738623 0.28162435827 
0.409109 61.87219106759 0.25693589122 
0.409615 62.01106107215 0.27216549797 
0.410121 62.41314945634 0.25677531019 
0.410628 62.56031660379 0.25951366508 
0.411134 62.29819276494 0.26641438816 
0.411641 61.96069944934 0.26637767195 
0.412147 62.29523262842 0.26535355798 
0.412653 61.82690109052 0.26991376497 
0.413160 62.07104427737 0.26744782588 
0.413666 62.36478964841 0.27336596616 
0.414172 61.66868602939 0.28133605571 
0.414679 61.73581145634 0.26866299840 
0.415185 62.04698169462 0.28420241011 
0.415691 62.05513756347 0.27230270823 
0.416198 61.85705270733 0.27648053741 
0.416704 61.32999062217 0.28071346971 
0.417210 61.33039360865 0.28800043595 
0.417717 62.05187544414 0.29322048820 
0.418223 61.59664634509 0.28552260120 
0.418729 62.08767103489 0.28225507789 
0.419236 61.71600313973 0.28266613885 
0.419742 61.57854287088 0.25758213981 
0.420248 61.89508220827 0.27421377505 
0.420755 61.79084675218 0.27602564926 
0.421261 61.31736909576 0.27589252756 
0.421767 61.88122203868 0.28164741209 
0.422274 62.20575562741 0.27928924664 
0.422780 61.88483271593 0.27418726540 
0.423286 61.35017731524 0.28871221948 
0.423793 61.84732478427 0.27878951984 
0.424299 61.81778321189 0.28833790939 
0.424805 61.66070555388 0.29106558292 
0.425312 61.78147609356 0.29226101237 
0.425818 61.54256319708 0.28124806735 
0.426324 61.44435269748 0.29818405029 
0.426831 61.68231070112 0.29320313583 
0.427337 61.45487920539 0.30549573733 
0.427843 61.86097263505 0.30966908747 
0.428350 61.91980620786 0.30582215394 
0.428856 61.56693463691 0.30115248992 
0.429362 61.26626581880 0.30290389772 
0.429869 61.55876819623 0.31123658485 
0.430375 61.42524988420 0.30583179128 
0.430881 61.33921004436 0.31922592693 
0.431388 61.60745494981 0.31535273428 
0.431894 61.38334852203 0.32165639400 
0.432400 61.54673123654 0.32028895065 
0.432907 61.28352061333 0.31317005634 
0.433413 61.26114305120 0.33480720696 
0.433919 61.19696671580 0.33701399408 
0.434425 62.03012450113 0.33620595611 
0.434932 61.30642050237 0.33246740751 
0.435438 61.55515151541 0.35340227884 
0.435944 61.01681717878 0.33031162005 
0.436451 61.52041244559 0.35418500222 
0.436957 61.41514680874 0.36106009944 
0.437463 60.97347120840 0.34609773316 
0.437970 61.16779241438 0.35912581051 
0.438476 61.25049338968 0.35149663112 
0.438982 60.79889159520 0.35362526873 
0.439489 61.36186187566 0.37802277799 
0.439995 61.53165568215 0.37106904925 
0.440501 60.77449862013 0.37801323885 
0.441007 61.58497315294 0.37279638310 
0.441514 61.42760404684 0.39807108801 
0.442020 61.15078245326 0.39988792974 
0.442526 61.24593440737 0.39676936896 
0.443033 61.40048502448 0.39544807258 
0.443539 60.69996874872 0.39436725784 
0.444045 61.03227871520 0.40916125188 
0.444551 61.15725910981 0.41601023749 
0.445058 60.96467226256 0.42617701161 
0.445564 61.15438503391 0.43234666006 
0.446070 61.10528641294 0.41296844516 
0.446577 61.23671051205 0.42122189215 
0.447083 60.30866645011 0.46202343358 
0.447589 59.95033589814 0.45483274406 
0.448095 60.95363569369 0.44676087127 
0.448602 60.74422045474 0.45873208932 
0.449108 60.61114128714 0.48374907618 
0.449614 60.86269997305 0.48007061423 
0.450121 60.51006932665 0.49907209275 
0.450627 59.81926355671 0.50572701932 
0.451133 60.34893013313 0.52086249581 
0.451639 60.93128361864 0.52413198922 
0.452146 60.79829056594 0.53453343224 
0.452652 60.21551538330 0.55573388767 
0.453158 60.75680928886 0.55348034134 
0.453664 59.57981146862 0.56297691000 
0.454171 60.12602980506 0.57780602140 
0.454677 60.70059042901 0.59559462842 
0.455183 60.30889573556 0.61966460649 
0.455689 60.99445231355 0.62131078498 
0.456196 60.95414031352 0.66531277742 
0.456702 59.28040109063 0.64771755848 
0.457208 59.96280838741 0.68566949946 
0.457714 60.43283377048 0.75224544356 
0.458221 60.11790242013 0.74650893122 
0.458727 59.27593573186 0.77655201387 
0.459233 60.89725143990 0.80718515084 
0.459740 61.07551762904 0.85208633623 
0.460246 60.25699789700 0.87551685678 
0.460752 58.36663713096 0.94363982456 
0.461258 60.69694252509 1.01021437577 
0.461765 59.51453980475 1.04990652847 
0.462271 60.61067734722 1.03497373363 
0.462777 61.07400910866 1.20772320242 
0.463283 59.54101983430 1.29439397855 
0.463789 60.44220140913 1.36255235830 
0.464296 58.91926670333 1.29022617334 
0.464802 59.67991683248 1.29734162522 
0.465308 60.35075823056 1.52731157383 
0.465814 60.39515591976 1.66562523382 
0.466321 60.42285164827 1.73445393820 
0.466827 60.67148324527 1.86951245938 
0.467333 59.48479036946 1.87453512471 
0.467839 57.44319753440 1.84433393821 
0.468346 60.27585618833 2.40474601072 
0.468852 59.44008082482 2.55809605551 
0.469358 57.41351695659 2.76433303532 
0.469864 56.74494073618 2.82967509594 
0.470371 60.71632224588 3.98475175222 
0.470877 58.06852563717 4.36260953868 
0.471383 58.39609562723 5.67922821090 
0.471889 56.43816405436 7.37983318962 
0.472395 56.09727218613 6.47062830493 
0.472902 53.45510710733 13.34565632535 
