0.010896 1341.70181589165 12.62507025332 
0.011402 1189.51537763450 12.24283147346 
0.011909 1087.95155247186 10.72072201669 
0.012416 968.53599904712 8.41772224582 
0.012923 883.80261888305 7.67013446880 
0.013430 821.80817035932 11.48507580413 
0.013936 787.19445995297 9.48994984910 
0.014443 738.38583702162 7.62667839625 
0.014950 673.55064514440 6.32641202691 
0.015457 627.07394666268 5.73683272257 
0.015963 582.04531841508 5.11211399457 
0.016470 541.74201102605 4.21815657177 
0.016977 511.28198592102 3.85720976189 
0.017484 472.93502685115 3.15262105767 
0.017990 444.60269366795 3.11102977672 
0.018497 419.92991520680 2.61858619384 
0.019004 401.08352639198 2.36738921560 
0.019511 380.36441265660 2.21726189515 
0.020018 362.41941689296 2.13503897519 
0.020524 344.60867652655 1.97637644458 
0.021031 327.21533010133 1.93657028913 
0.021538 313.57890886293 1.63450464140 
0.022045 303.13532340488 1.71281888208 
0.022551 290.10270252933 1.54922530067 
0.023058 280.11283246484 1.56888417817 
0.023565 269.36311571492 1.52061536584 
0.024072 261.26296775191 1.59259128780 
0.024579 250.51708469285 1.67201520088 
0.025085 244.83297601229 2.16680122268 
0.025592 234.94866027492 2.10632781109 
0.026099 230.12009262304 2.07492180940 
0.026606 224.16136768009 1.65679925359 
0.027112 217.49724573078 1.69941726573 
0.027619 210.75472769369 1.57543611260 
0.028126 207.56055608080 1.47599663313 
0.028633 202.98741755654 1.41465138137 
0.029139 198.67913978343 1.13804683620 
0.029646 195.83927002257 1.15393703605 
0.030153 190.63361667505 1.13948493060 
0.030660 186.24566690161 0.97561919233 
0.031167 181.48134384784 0.86719612275 
0.031673 178.81142497194 0.93798266752 
0.032180 175.62634990745 0.88848126894 
0.032687 172.69780683681 0.90012526711 
0.033194 169.48803576663 0.85401846875 
0.033700 167.06844122829 0.76527933087 
0.034207 165.19127453019 0.74884495227 
0.034714 163.00932662101 0.75099083972 
0.035221 160.43584205261 0.71816885627 
0.035727 158.97708736582 0.71120253537 
0.036234 155.32872080089 0.66641750220 
0.036741 154.13981852136 0.65880196098 
0.037248 151.54278832888 0.64195180405 
0.037755 150.68769552290 0.64093691788 
0.038261 148.83067113737 0.62261605559 
0.038768 147.88786735305 0.59090841716 
0.039275 145.79880077112 0.57663371223 
0.039782 144.33035535037 0.56667332206 
0.040288 141.80346425080 0.55712048746 
0.040795 140.86816178893 0.58969684725 
0.041302 139.92080468364 0.56876704184 
0.041809 139.47183971576 0.56300778623 
0.042315 137.60505368910 0.56662587949 
0.042822 136.25969260011 0.53818207444 
0.043329 134.81295328572 0.54333429893 
0.043836 133.65484513593 0.52009571433 
0.044343 132.78228832993 0.54003415279 
0.044849 132.68421368575 0.50814316781 
0.045356 130.00776022747 0.49332325730 
0.045863 130.44168465002 0.49902453130 
0.046370 129.24934520471 0.49745884229 
0.046876 128.62345538437 0.53197936710 
0.047383 126.35094542588 0.50125791376 
0.047890 126.26091750099 0.48249823354 
0.048397 125.62383891754 0.49631858211 
0.048903 123.44955895405 0.49115490073 
0.049410 124.07292781999 0.47944848551 
0.049917 123.74603454344 0.47886292160 
0.050424 121.64028424196 0.46614748857 
0.050931 121.72887092313 0.46354704509 
0.051437 121.57942382014 0.45808494724 
0.051944 118.84190914558 0.46194973753 
0.052451 119.43404357302 0.44568032157 
0.052958 119.10329151781 0.43447117002 
0.053464 118.40566556018 0.43946486032 
0.053971 117.45130903767 0.44632170588 
0.054478 116.35936324631 0.44966011892 
0.054985 116.13218073543 0.45467749686 
0.055491 115.74883146021 0.44958877552 
0.055998 115.46232151358 0.44381746689 
0.056505 114.19427639824 0.44059341534 
0.057012 113.83065478721 0.43749391399 
0.057519 113.22448385028 0.43015054717 
0.058025 112.60969261812 0.40242702837 
0.058532 111.21052085812 0.40473528449 
0.059039 112.10328664870 0.41216788168 
0.059546 110.92468733362 0.41932033844 
0.060052 110.28822715262 0.41117514392 
0.060559 109.78778997993 0.40568128773 
0.061066 109.95091606634 0.41165428278 
0.061573 108.84272199347 0.39746153768 
0.062079 108.44454062264 0.40275494375 
0.062586 107.82661580967 0.40490971852 
0.063093 107.53862033459 0.39401484772 
0.063600 107.64113877899 0.39262161635 
0.064106 106.13562237868 0.39562491045 
0.064613 106.11991080458 0.39763526008 
0.065120 106.01895215635 0.38808842439 
0.065627 105.33105459531 0.37946846761 
0.066134 105.17411336109 0.38182231863 
0.066640 105.34860109229 0.38828457358 
0.067147 104.94575790480 0.38438481971 
0.067654 104.02485619980 0.36775949575 
0.068161 104.12904387702 0.36335909136 
0.068667 103.89803606780 0.36365340058 
0.069174 103.50656000500 0.37073168250 
0.069681 103.41845128420 0.36932746628 
0.070188 102.62595071238 0.37457656136 
0.070694 101.74322476032 0.35781778411 
0.071201 101.95226262728 0.36924982883 
0.071708 102.06294855195 0.35956061404 
0.072215 101.46435295549 0.35988136832 
0.072721 100.51147184940 0.35031425602 
0.073228 100.11497091379 0.34672082143 
0.073735 100.12648253406 0.35179383723 
0.074242 99.96754658219 0.34527729899 
0.074748 99.89147384539 0.33529296618 
0.075255 99.25389189854 0.34034755424 
0.075762 99.31796115959 0.34046730911 
0.076269 99.25301754373 0.34441532886 
0.076776 98.59648479513 0.32265109597 
0.077282 98.45733307102 0.33943858121 
0.077789 98.08908870028 0.32720375582 
0.078296 97.58649561799 0.32218299545 
0.078803 97.66450116143 0.31982368431 
0.079309 98.06866992545 0.32766112635 
0.079816 97.41662726134 0.31848098090 
0.080323 97.70371579663 0.34286959276 
0.080830 97.17984722712 0.33455281184 
0.081336 96.60112885276 0.34647692147 
0.081843 97.39816964526 0.33420912849 
0.082350 96.37495822627 0.33184509531 
0.082857 96.39998446580 0.34747835192 
0.083363 95.87746887492 0.33016165813 
0.083870 96.77885382860 0.33730439512 
0.084377 96.28315806107 0.35199648264 
0.084884 96.31595662103 0.32540710902 
0.085390 95.67195144236 0.32651120080 
0.085897 95.91051828231 0.33136031459 
0.086404 95.53528336295 0.33271388665 
0.086911 94.94838131568 0.33410844465 
0.087417 94.65822885024 0.32883842167 
0.087924 95.39982134843 0.33197706757 
0.088431 94.58327795671 0.33010120490 
0.088938 94.35232993876 0.32013819528 
0.089444 94.83823211714 0.32447421408 
0.089951 94.19774776020 0.31999597771 
0.090458 93.92049882181 0.33682289553 
0.090965 93.83791983792 0.31508134109 
0.091471 94.04158316436 0.33233810681 
0.091978 93.64826449186 0.32615375900 
0.092485 92.52179568374 0.34679611009 
0.092992 92.81789263455 0.35337898394 
0.093498 92.88250753016 0.33891034409 
0.094005 92.95519284694 0.33164977008 
0.094512 93.12342208379 0.32520372457 
0.095019 92.62007898970 0.32998634785 
0.095525 92.36957999265 0.33004711202 
0.096032 92.67266706832 0.33155847076 
0.096539 91.90845864685 0.33958994121 
0.097046 91.83875221791 0.33610915890 
0.097552 92.49147663149 0.34177172800 
0.098059 91.89065339477 0.32948684640 
0.098566 91.76429817541 0.32401847793 
0.099073 92.19269994598 0.31897981729 
0.099579 91.64849768643 0.32131843383 
0.100086 91.64675351289 0.32487075405 
0.100593 91.31075582982 0.32197864104 
0.101100 91.27950268476 0.32164877692 
0.101606 90.81735662529 0.30348835042 
0.102113 90.23935469039 0.31254197308 
0.102620 89.71103742404 0.30657276155 
0.103127 89.34545879590 0.31131164664 
0.103633 89.25693320926 0.28752595128 
0.104140 88.53192644224 0.28813371951 
0.104647 88.37688349824 0.30254422983 
0.105154 88.80822856420 0.29579006308 
0.105660 88.61580717496 0.30371135922 
0.106167 88.18814900846 0.30532408563 
0.106674 88.51104967655 0.31281187476 
0.107181 88.45308760235 0.31009574218 
0.107687 88.21121525146 0.29100689748 
0.108194 88.08225917183 0.29518979982 
0.108701 87.78055341011 0.28813281798 
0.109208 87.22020238204 0.29212186360 
0.109714 87.65708809506 0.29304028635 
0.110221 87.42754652904 0.29286864782 
0.110728 87.78974151535 0.28539314942 
0.111235 87.52195033978 0.28511366558 
0.111741 86.85221317755 0.28318434483 
0.112248 87.16867308436 0.28220044322 
0.112755 87.06359075624 0.28869364749 
0.113262 87.05844991672 0.27981732257 
0.113768 86.84395800870 0.27573168334 
0.114275 86.70501121141 0.27401092717 
0.114782 86.34923583175 0.28045284504 
0.115289 86.64323716809 0.27610676193 
0.115795 86.36794993879 0.27604171354 
0.116302 86.19921117401 0.27860375662 
0.116809 86.68232399137 0.27556670540 
0.117316 86.15446597655 0.26924792360 
0.117822 86.03469507285 0.26723576114 
0.118329 85.93233184815 0.27347169444 
0.118836 86.45166721999 0.27675186469 
0.119342 85.59962105194 0.26419241041 
0.119849 86.24853417231 0.26896042506 
0.120356 86.08400908335 0.26751804643 
0.120863 86.29639344365 0.27119118293 
0.121369 85.77947809277 0.26874179824 
0.121876 85.57763320428 0.26303656812 
0.122383 85.25461110360 0.26394597667 
0.122890 85.24494203191 0.26742020372 
0.123396 85.65950144438 0.26079534438 
0.123903 84.95938019733 0.25535210547 
0.124410 85.23147606687 0.26046566127 
0.124917 85.27201162524 0.25455362212 
0.125423 84.98423875226 0.26524825004 
0.125930 85.12739814404 0.25668064741 
0.126437 84.75989317287 0.25234327759 
0.126944 84.66352980869 0.25859039296 
0.127450 84.46480416630 0.25577360109 
0.127957 84.68822425627 0.26394832016 
0.128464 85.03987905793 0.26329581851 
0.128970 84.74306717766 0.24680689916 
0.129477 84.56031676817 0.25650835488 
0.129984 84.56955472516 0.25506191475 
0.130491 84.17068888242 0.25290140089 
0.130997 84.35924457476 0.24638269805 
0.131504 84.07017186229 0.24477078041 
0.132011 84.41122301577 0.24841564002 
0.132518 84.25364997038 0.25100309247 
0.133024 83.46105612182 0.24970316559 
0.133531 83.76027655021 0.24568241936 
0.134038 83.95108784150 0.24382995997 
0.134545 83.62336450276 0.24383934169 
0.135051 83.65357621594 0.24956836535 
0.135558 83.80879764246 0.24196417703 
0.136065 83.72264556024 0.24286109290 
0.136571 83.63749469056 0.24362292038 
0.137078 83.52889412800 0.24630402041 
0.137585 83.12799330000 0.23721242256 
0.138092 83.28430057640 0.24065208262 
0.138598 83.30815062509 0.24073434567 
0.139105 83.26042038043 0.24453757714 
0.139612 83.06374789165 0.24544889054 
0.140119 82.93286247518 0.23970477997 
0.140625 83.04041455615 0.23724565310 
0.141132 82.83323809242 0.24161237373 
0.141639 82.89705147958 0.24825546674 
0.142145 82.80364545416 0.24338445949 
0.142652 82.23157114650 0.24074330147 
0.143159 82.09534032780 0.23627351860 
0.143666 82.56318429906 0.24391043724 
0.144172 82.41655914867 0.24032223473 
0.144679 82.61176192738 0.23919088913 
0.145186 82.17855912290 0.24642045502 
0.145692 81.93742693285 0.23793633935 
0.146199 81.94598489046 0.24275327176 
0.146706 81.87370409422 0.23560439049 
0.147213 81.81536067107 0.24407016664 
0.147719 81.60686620177 0.24267603659 
0.148226 81.91124105095 0.24128397736 
0.148733 81.97988254958 0.24278504472 
0.149240 81.67927840116 0.24039380380 
0.149746 81.32003486580 0.23848806538 
0.150253 81.21562176552 0.24010074327 
0.150760 81.55274278682 0.23587783217 
0.151266 81.22079085071 0.24053980527 
0.151773 81.25681622237 0.24154841169 
0.152280 81.12310283350 0.23993520302 
0.152787 81.04754168446 0.24320176341 
0.153293 80.85829909100 0.24301045958 
0.153800 80.90235496274 0.24488610296 
0.154307 80.89591372915 0.24344624707 
0.154813 80.48401068070 0.24200637958 
0.155320 80.30337687423 0.24137466840 
0.155827 80.47192116654 0.24227706415 
0.156334 80.22539411506 0.23635403221 
0.156840 80.36206998951 0.23773550396 
0.157347 80.30087617992 0.24081834019 
0.157854 79.91665242384 0.23819276466 
0.158360 80.11341028943 0.23300773178 
0.158867 80.15614020112 0.23654125806 
0.159374 80.09998599439 0.24113844490 
0.159881 79.73818939027 0.23292743871 
0.160387 79.83039948134 0.23725736477 
0.160894 79.86319926042 0.24312332061 
0.161401 79.88593418411 0.23126630827 
0.161907 79.90714267265 0.23490611183 
0.162414 79.67779917885 0.23818677544 
0.162921 79.32241447392 0.23873968048 
0.163427 79.56307968589 0.23444668700 
0.163934 79.62968686577 0.22912301496 
0.164441 79.46755704933 0.23220836520 
0.164948 79.12837348426 0.23089543522 
0.165454 79.55156137466 0.23226343251 
0.165961 78.96829680431 0.22828473396 
0.166468 79.08847351616 0.22873759544 
0.166974 79.09965937703 0.23026268237 
0.167481 78.79594120245 0.22735367026 
0.167988 79.01463604135 0.22880987202 
0.168495 79.22096292809 0.23525389058 
0.169001 78.83849989019 0.23438881371 
0.169508 79.13245186520 0.23516689350 
0.170015 78.63699249031 0.22936550071 
0.170521 78.90671234174 0.23066987276 
0.171028 79.17548848518 0.23110817171 
0.171535 79.04314469904 0.23719845402 
0.172041 78.79511423910 0.24191683845 
0.172548 78.72697882113 0.23851367229 
0.173055 79.09946259455 0.24084593279 
0.173562 79.32076699483 0.23232072798 
0.174068 79.00870790884 0.23883873717 
0.174575 79.01109671330 0.23428871205 
0.175082 78.79773089244 0.23219276567 
0.175588 78.72106908055 0.24125457140 
0.176095 78.76819701485 0.23152933119 
0.176602 78.35991596214 0.23676095779 
0.177108 78.90638937418 0.23737023582 
0.177615 78.55414219231 0.23667941773 
0.178122 78.98527133448 0.23783055490 
0.178629 78.49507875660 0.23447811555 
0.179135 78.74705322873 0.24082848258 
0.179642 78.33452292879 0.23991625961 
0.180149 78.57076186025 0.24135000897 
0.180655 78.33027181752 0.23503053413 
0.181162 78.61153029733 0.23382352013 
0.181669 78.61229227419 0.23662968256 
0.182175 78.97531346985 0.24651721775 
0.182682 78.62232162432 0.24692789392 
0.183189 78.59800878619 0.23889653150 
0.183695 78.48710968502 0.24830769752 
0.184202 78.49898739124 0.25065304322 
0.184709 78.37850991540 0.24945727124 
0.185216 78.26914719445 0.23578720780 
0.185722 78.05463140706 0.24268885499 
0.186229 77.94286602554 0.24634988243 
0.186736 77.68792409778 0.24160018274 
0.187242 78.09777249411 0.24717346095 
0.187749 78.31698395772 0.24819475040 
0.188256 77.96290178684 0.24244418685 
0.188762 77.84533006729 0.24793765317 
0.189269 77.80937305491 0.24623472604 
0.189776 77.65107681802 0.24272610330 
0.190282 77.50069698079 0.24562912755 
0.190789 77.34847690934 0.24083505411 
0.191296 77.35235401773 0.24613069033 
0.191802 77.30085423964 0.24570418400 
0.192309 76.89258136018 0.24084295782 
0.192816 77.03164034642 0.23559376445 
0.193323 76.59178464332 0.23730108312 
0.193829 77.16421384535 0.23858128870 
0.194336 76.28590428089 0.23754839666 
0.194843 76.34594754668 0.23573544082 
0.195349 76.55007195593 0.23406119717 
0.195856 76.38913992256 0.23609550673 
0.196363 76.43171128273 0.22915396968 
0.196869 76.45050621124 0.23558195471 
0.197376 76.36499959003 0.22746642341 
0.197883 76.30646127827 0.23075225211 
0.198389 75.96877843340 0.22704756757 
0.198896 75.88397612742 0.22402239521 
0.199403 75.57699095707 0.22121525238 
0.199909 75.74405688774 0.22330448592 
0.200416 75.87434778927 0.22164340815 
0.200923 75.79270975963 0.22799132604 
0.201429 76.00241745206 0.21919087431 
0.201936 75.62911879022 0.22154465571 
0.202443 75.68093428370 0.21860605876 
0.202949 75.42327651399 0.22490516282 
0.203456 75.87441806940 0.22105214454 
0.203963 75.45176261377 0.21952040743 
0.204469 75.57200616758 0.21741668883 
0.204976 75.50805686689 0.21611646839 
0.205483 75.42178673589 0.21485163971 
0.205989 75.24686399673 0.22150949858 
0.206496 75.17337812474 0.21404580314 
0.207003 75.56740503375 0.21464553479 
0.207509 75.62011503142 0.21883416100 
0.208016 75.37474418492 0.21825477669 
0.208523 75.24511516159 0.21230654993 
0.209029 75.26188298577 0.21246579383 
0.209536 75.06703354551 0.21163768124 
0.210043 75.21255169194 0.21070035610 
0.210549 75.02119028480 0.21296263284 
0.211056 74.73180289011 0.21209855739 
0.211563 75.22540346687 0.21003603950 
0.212069 74.70638182542 0.21117058023 
0.212576 74.63128964763 0.20652566503 
0.213083 75.04707332744 0.21290126626 
0.213589 74.68160351936 0.21583307137 
0.214096 74.37391898589 0.20497999187 
0.214603 74.71425654442 0.20836325492 
0.215109 74.44476161321 0.20828820197 
0.215616 74.70982750966 0.20948843106 
0.216123 74.44999048063 0.21080152678 
0.216629 74.33564936053 0.20323716881 
0.217136 74.19935035116 0.20236234241 
0.217643 74.35436252599 0.21118338773 
0.218149 74.06496483544 0.20528706216 
0.218656 74.32620139659 0.20902016680 
0.219163 74.37726065356 0.20644920056 
0.219669 74.15679151674 0.20772748619 
0.220176 74.26627893586 0.20634918480 
0.220683 73.89580444573 0.20553832752 
0.221189 74.12402356837 0.20445122120 
0.221696 73.92796361919 0.20556619224 
0.222203 74.10187393052 0.20627495966 
0.222709 73.99114589574 0.20233302096 
0.223216 73.81906538930 0.20433873513 
0.223722 74.08787754911 0.20793522831 
0.224229 73.85086025064 0.20289894104 
0.224736 73.78908968888 0.20273840789 
0.225242 73.56108606947 0.20279556678 
0.225749 73.63083954535 0.19893448014 
0.226256 73.56131295544 0.20207759223 
0.226762 73.41778978835 0.20265326725 
0.227269 73.12429693665 0.20230463150 
0.227776 73.34312730120 0.20495031166 
0.228282 73.34478377469 0.20208541162 
0.228789 73.22111581690 0.20212658697 
0.229296 73.24671624892 0.19815973868 
0.229802 73.19520921709 0.20237159118 
0.230309 73.15357456500 0.20201495772 
0.230816 73.07891883460 0.20141814014 
0.231322 72.93921528251 0.20018541821 
0.231829 72.67161101778 0.20175358218 
0.232335 72.97975716963 0.20378949334 
0.232842 72.76986458999 0.20243526887 
0.233349 72.80728746726 0.20135853188 
0.233855 72.78220156431 0.19416974120 
0.234362 72.96698454186 0.19969399271 
0.234869 72.71031700312 0.19953267746 
0.235375 72.59762862622 0.20192140650 
0.235882 72.78049025374 0.20156186644 
0.236389 72.41475716492 0.20002573301 
0.236895 72.66256388318 0.19946418868 
0.237402 72.65172487101 0.20146969803 
0.237908 72.30568772715 0.20655710543 
0.238415 72.37736555779 0.19881321265 
0.238922 72.26590505130 0.20303547200 
0.239428 71.98684540629 0.19407583310 
0.239935 72.27527555673 0.20018158598 
0.240442 72.11155293687 0.19551402719 
0.240948 72.09516056486 0.19791900131 
0.241455 71.96938396632 0.20405513913 
0.241962 72.01101641650 0.19923696041 
0.242468 71.87257605591 0.19721506237 
0.242975 72.00881424320 0.19995575681 
0.243481 71.84492548656 0.19629890348 
0.243988 71.73435910304 0.19893090580 
0.244495 71.84118786060 0.20128282024 
0.245001 71.70922069047 0.19827751308 
0.245508 71.83838536576 0.19463265494 
0.246015 71.71074741410 0.19971845851 
0.246521 71.66005070167 0.19525998937 
0.247028 71.69684183383 0.19887544082 
0.247534 71.61670535242 0.19624454566 
0.248041 71.57701203821 0.19462917238 
0.248548 71.51696993154 0.19882228996 
0.249054 71.59500216647 0.19763444126 
0.249561 70.99351304432 0.19453448141 
0.250068 71.26786444595 0.19826506549 
0.250574 71.15105670236 0.19881324852 
0.251081 71.19171608747 0.19704201645 
0.251587 71.26393262256 0.19710496333 
0.252094 70.99715589111 0.19422885687 
0.252601 71.03384904950 0.19653003699 
0.253107 71.21490142483 0.19902303708 
0.253614 71.09049347620 0.19599470983 
0.254120 71.13316245397 0.19590385347 
0.254627 71.07308906591 0.19333550281 
0.255134 70.99245062778 0.19585478764 
0.255640 70.81930096743 0.19275294871 
0.256147 71.01988930375 0.19692276708 
0.256654 71.11232378300 0.19899541056 
0.257160 71.02138979327 0.19546575068 
0.257667 71.27460480271 0.19834024156 
0.258173 71.17397333773 0.19717933321 
0.258680 71.51987290482 0.19634004958 
0.259187 71.39357103831 0.19468347877 
0.259693 71.63741181200 0.19538181159 
0.260200 71.38434157599 0.19166574154 
0.260706 71.55357223615 0.19516767845 
0.261213 71.70699442997 0.19390948773 
0.261720 72.04145147506 0.19372293922 
0.262226 71.47249244603 0.19653084846 
0.262733 71.76645586904 0.19558613429 
0.263239 71.68538325160 0.19407617419 
0.263746 71.77801270486 0.19644746176 
0.264253 71.73993930103 0.19259540082 
0.264759 71.89937508270 0.19405141600 
0.265266 71.86008555631 0.19608356980 
0.265772 71.67297795584 0.19105532209 
0.266279 71.68114848964 0.19328302678 
0.266786 71.85676897774 0.19060106625 
0.267292 71.57993877170 0.18949350508 
0.267799 71.83667631790 0.19141462235 
0.268305 71.66047575522 0.18728289208 
0.268812 71.65635622977 0.19143795293 
0.269319 71.72084885720 0.18776685822 
0.269825 72.05639799861 0.18765841985 
0.270332 71.89971320691 0.19299222801 
0.270838 71.85803661487 0.19470006577 
0.271345 72.03621170375 0.18953742176 
0.271852 71.79139826088 0.18901420638 
0.272358 72.04397404985 0.19291258022 
0.272865 72.25013214409 0.19400400666 
0.273371 72.52975004001 0.18937306275 
0.273878 72.60601100444 0.19665825083 
0.274385 72.37872531320 0.18997276799 
0.274891 72.27843463403 0.18547676921 
0.275398 72.04654078631 0.18691247735 
0.275904 72.29217754573 0.18487684274 
0.276411 72.50357360719 0.18681153446 
0.276917 72.12435545282 0.18763953774 
0.277424 72.17182095931 0.18505870319 
0.277931 72.00197863193 0.18685501326 
0.278437 72.23933270012 0.17913395913 
0.278944 72.18561327121 0.18218301643 
0.279450 72.40902145760 0.18208750380 
0.279957 72.09330472811 0.18332576141 
0.280464 72.19847357652 0.18373699164 
0.280970 72.00709019593 0.18147833196 
0.281477 72.16176551328 0.17970361004 
0.281983 72.16062704802 0.18261074022 
0.282490 72.19686367199 0.17705192631 
0.282996 72.23783950265 0.18047785740 
0.283503 72.27504699763 0.18193987175 
0.284010 71.95684614606 0.18055441476 
0.284516 71.73435068538 0.17834564864 
0.285023 71.82245685597 0.17496720466 
0.285529 71.85257214641 0.17417154474 
0.286036 71.40842106123 0.17727048376 
0.286542 71.74537531347 0.17279769214 
0.287049 71.50154912858 0.16842716253 
0.287556 71.45554065857 0.17335104348 
0.288062 71.64031455882 0.17205759979 
0.288569 71.83966907274 0.17295142928 
0.289075 71.60344442465 0.17290640998 
0.289582 71.40691995647 0.17121880671 
0.290088 71.34997994262 0.16605258742 
0.290595 71.40626238458 0.16738911115 
0.291102 71.38953741438 0.17077990918 
0.291608 71.12583114667 0.17187334646 
0.292115 71.02245602903 0.16805343855 
0.292621 71.27306123667 0.16834546851 
0.293128 71.19031426568 0.16476766879 
0.293634 71.17085452759 0.17017197328 
0.294141 71.10754596751 0.16754342239 
0.294647 70.72997487867 0.16582008418 
0.295154 70.83736601779 0.16795956541 
0.295661 71.12873663599 0.16465430063 
0.296167 70.78522505216 0.16614555574 
0.296674 71.00666559616 0.16677446716 
0.297180 70.97096000113 0.16464434512 
0.297687 70.71852508582 0.16412468065 
0.298193 70.61230050878 0.16370717452 
0.298700 70.56274564084 0.16204414457 
0.299207 70.62063322164 0.16012883834 
0.299713 70.41961973456 0.16340437418 
0.300220 70.65538733756 0.16646856022 
0.300726 70.34456916871 0.16099307293 
0.301233 70.39977026420 0.16358730450 
0.301739 70.47938647093 0.16711278296 
0.302246 70.24877886748 0.16347784625 
0.302752 70.22931129319 0.16211980021 
0.303259 70.34362399898 0.16502422689 
0.303765 70.15549575555 0.16201930760 
0.304272 70.42913853320 0.16061818137 
0.304779 70.07666630446 0.15937862603 
0.305285 69.94474123212 0.16067177518 
0.305792 70.21622351630 0.16106323798 
0.306298 70.04912124171 0.16031648544 
0.306805 69.99525299468 0.16209942907 
0.307311 69.88323521687 0.15866206891 
0.307818 69.93768212437 0.15888989788 
0.308324 69.73393240047 0.15746297694 
0.308831 69.46522705136 0.15693515337 
0.309337 69.43223467421 0.15767803128 
0.309844 69.29409292265 0.15532757316 
0.310350 69.24026208193 0.15381146041 
0.310857 68.86146657466 0.15470649543 
0.311364 68.76971243659 0.15237272035 
0.311870 68.29277052840 0.14906266850 
0.312377 68.03958528339 0.14689073985 
0.312883 68.43086550579 0.14681644228 
0.313390 68.35982125011 0.14855158196 
0.313896 67.68094492363 0.14604701417 
0.314403 67.64305954802 0.14315841024 
0.314909 67.50383093209 0.14399544269 
0.315416 67.87092461150 0.14656862045 
0.315922 67.45147671083 0.14267402737 
0.316429 67.46133872029 0.14395250606 
0.316935 67.40839572936 0.14151179936 
0.317442 66.84979605144 0.14140159262 
0.317948 67.14301466925 0.14088713477 
0.318455 66.71417273483 0.14262112350 
0.318961 67.18454875618 0.14146321561 
0.319468 66.97704572584 0.14022473278 
0.319975 66.93033416260 0.14333810204 
0.320481 66.85021570202 0.14389084711 
0.320988 66.66867806663 0.14532048719 
0.321494 66.74658478229 0.13860533778 
0.322001 66.66590311465 0.15671584128 
0.322507 66.64382473246 0.14112949080 
0.323014 66.57870276492 0.13986453231 
0.323520 66.69468610588 0.14208868785 
0.324027 66.53589793270 0.14194063761 
0.324533 66.38803352725 0.13912819754 
0.325040 66.49449852323 0.14110459029 
0.325546 66.43722765231 0.14014573089 
0.326053 66.32998739155 0.14013741791 
0.326559 66.37311871628 0.13787742701 
0.327066 66.21799993337 0.13747916064 
0.327572 66.22738465026 0.14011355561 
0.328079 66.21558877085 0.13927154491 
0.328585 66.05779161151 0.14092812363 
0.329092 66.16566595936 0.13621464302 
0.329598 66.23586973823 0.13971585510 
0.330105 65.94063200558 0.13688699855 
0.330611 66.28783207951 0.14102147975 
0.331118 66.12871399453 0.13893640181 
0.331624 65.84050941115 0.13981115776 
0.332131 65.65572356324 0.13781703284 
0.332637 65.96433041832 0.13983157415 
0.333144 65.85190100143 0.14066394004 
0.333650 65.81431090444 0.13856756487 
0.334157 65.69018351089 0.14001392314 
0.334663 65.65551944603 0.13691805385 
0.335170 65.88068003536 0.14078984925 
0.335676 65.85999263964 0.13869494036 
0.336183 65.93933612001 0.14027967895 
0.336689 65.63341980697 0.14063198073 
0.337196 65.78938964957 0.14382752916 
0.337702 65.35402423484 0.14156868135 
0.338209 65.55036550500 0.13856066927 
0.338715 65.72828884747 0.13994866961 
0.339222 65.58353542621 0.14089749075 
0.339728 65.36021764542 0.13555166319 
0.340235 65.40497009623 0.21499549666 
0.340741 65.11505816119 0.13825807300 
0.341248 65.31125461549 0.14055691417 
0.341754 64.95365541339 0.13786624164 
0.342261 65.30721547466 0.14000320952 
0.342767 65.19391332545 0.13878633840 
0.343274 65.16538865523 0.14158390573 
0.343780 65.31684347238 0.13847191029 
0.344287 65.24187885202 0.14040709291 
0.344793 65.01266978478 0.14025896466 
0.345300 65.08944143895 0.14252535870 
0.345806 65.12431844475 0.14181090673 
0.346313 65.21825696421 0.14334980602 
0.346819 64.92252750867 0.14067912648 
0.347325 65.32855006517 0.14514454282 
0.347832 64.98378285032 0.14579755939 
0.348338 64.93358807619 0.14385731136 
0.348845 65.00210953145 0.14781236668 
0.349351 64.80079227086 0.14782680660 
0.349858 64.89406564416 0.15137729858 
0.350364 64.88072115561 0.14863651991 
0.350871 64.56358032197 0.14854378725 
0.351377 64.80849326986 0.14950920001 
0.351884 64.81751970217 0.14558896586 
0.352390 64.54552329382 0.14488348645 
0.352897 64.57252887138 0.14977901751 
0.353403 64.29855940277 0.14906709139 
0.353910 64.29912770576 0.15180476045 
0.354416 64.39673621868 0.14935704870 
0.354923 64.22559218571 0.15004589299 
0.355429 64.02041427162 0.15233376646 
0.355935 64.27313614215 0.14888192055 
0.356442 64.14847540697 0.15443516971 
0.356948 64.07147281920 0.15036904741 
0.357455 63.65248853322 0.15671418117 
0.357961 63.69322995649 0.15395768297 
0.358468 63.73351155139 0.15532619560 
0.358974 63.91941049063 0.22232832454 
0.359481 64.05004590978 0.20450457106 
0.359987 64.12020557165 0.19986469126 
0.360494 63.92855457485 0.19262602988 
0.361000 63.93930513214 0.18921285757 
0.361506 64.04148735166 0.18432411811 
0.362013 63.89146306605 0.18706228822 
0.362519 63.71834592758 0.18062658953 
0.363026 63.73785560815 0.18517000376 
0.363532 63.71490511983 0.18949431087 
0.364039 63.88164688913 0.18490460742 
0.364545 63.67240923884 0.18402388866 
0.365052 63.76091797922 0.18721007485 
0.365558 63.38152420087 0.18657229569 
0.366064 63.59889641643 0.18225874612 
0.366571 63.58052788597 0.18856744395 
0.367077 63.67845871299 0.18540220172 
0.367584 63.56121472839 0.18625305842 
0.368090 63.91913354406 0.18159356412 
0.368597 63.58787230163 0.18958014570 
0.369103 63.64991817801 0.18269563746 
0.369610 63.70810252797 0.18689485252 
0.370116 63.44247007411 0.18681130318 
0.370622 63.46996720923 0.18741727353 
0.371129 63.68899421716 0.19428876687 
0.371635 63.76479573833 0.19106182198 
0.372142 63.62317054677 0.19249470381 
0.372648 63.74944781511 0.19321333477 
0.373155 63.34116180973 0.19623883057 
0.373661 63.47812727987 0.19726251256 
0.374167 63.77802206851 0.19908969392 
0.374674 63.39844094477 0.19906904910 
0.375180 63.41465409041 0.19509022851 
0.375687 63.45141855967 0.19863511628 
0.376193 63.50251308215 0.20102546301 
0.376700 63.66603708185 0.19955754581 
0.377206 63.16707334031 0.19795976470 
0.377712 63.14048118776 0.20032315701 
0.378219 63.19933802108 0.20048199137 
0.378725 63.15768403536 0.21045486937 
0.379232 63.06706883548 0.20655568889 
0.379738 63.36369974568 0.20556136275 
0.380245 63.48234513739 0.20453608632 
0.380751 63.35450559910 0.20443739495 
0.381257 63.55009106869 0.20691090667 
0.381764 63.15490936856 0.20909754858 
0.382270 63.03192468086 0.20523820462 
0.382777 63.24729597962 0.20900615708 
0.383283 63.23337393660 0.20893131312 
0.383789 63.19647892797 0.20485811036 
0.384296 62.91695606183 0.20855644675 
0.384802 63.11464985914 0.21103529352 
0.385309 62.88187719376 0.20818850651 
0.385815 63.01807965084 0.21160659651 
0.386321 62.83999895802 0.21054647560 
0.386828 62.80595981244 0.21106952273 
0.387334 62.95885293745 0.21051956046 
0.387841 63.12128329724 0.21609110460 
0.388347 62.75459304276 0.21380793603 
0.388853 62.98204131134 0.21686323965 
0.389360 62.94161925856 0.21612019498 
0.389866 63.08889441116 0.21467664198 
0.390373 63.01550561924 0.22247935827 
0.390879 62.88620226855 0.21304072411 
0.391385 62.98487338288 0.21998981665 
0.391892 62.87228233549 0.22028459002 
0.392398 62.84730558799 0.21988244918 
0.392905 62.48790245152 0.22218741874 
0.393411 62.87036581119 0.22503982819 
0.393917 63.00394057047 0.22273378264 
0.394424 62.81837547485 0.22733767303 
0.394930 62.98190141951 0.22778258701 
0.395437 62.64838974935 0.22836484897 
0.395943 62.66000824439 0.22758472989 
0.396449 62.98144727561 0.27362665523 
0.396956 62.40601436879 0.23163503550 
0.397462 62.60687659537 0.22988569347 
0.397969 62.53763659306 0.24228560415 
0.398475 62.75499474750 0.23908907633 
0.398981 62.83015001639 0.24190548775 
0.399488 62.35675829065 0.23108450180 
0.399994 62.52941625011 0.24050184809 
0.400500 62.78705532563 0.24092289235 
0.401007 62.60554083131 0.24157682361 
0.401513 62.79803804248 0.24237995157 
0.402020 62.12175173647 0.24399521677 
0.402526 62.21041550945 0.24356042381 
0.403032 62.15958452583 0.24639324430 
0.403539 62.38770053017 0.25384855042 
0.404045 62.43276511845 0.24571943538 
0.404551 62.43373779409 0.26472559886 
0.405058 62.59312171208 0.26845735296 
0.405564 62.34512685007 0.26045613059 
0.406071 62.50112006060 0.25439486656 
0.406577 62.33113587413 0.26088718984 
0.407083 61.84243938749 0.25931088491 
0.407590 61.89691934145 0.26282406502 
0.408096 62.40961709364 0.26961086231 
0.408602 62.44005811051 0.27718956845 
0.409109 62.33553795080 0.25648306375 
0.409615 62.60313925288 0.26880202203 
0.410121 62.82779670996 0.26458635650 
0.410628 61.49240847261 0.26177877541 
0.411134 61.61537485402 0.25957617355 
0.411641 61.73276105129 0.27573949681 
0.412147 62.18318590153 0.26231093093 
0.412653 61.93443876976 0.27224712418 
0.413160 62.22717286841 0.26799654581 
0.413666 61.93529566680 0.26450250668 
0.414172 62.07980696183 0.27922254962 
0.414679 61.80134038174 0.27202315765 
0.415185 61.43772550568 0.28926508038 
0.415691 61.79177223319 0.26885681719 
0.416198 62.37019841283 0.27564629084 
0.416704 61.66857297211 0.27263595834 
0.417210 61.97774504944 0.28753763821 
0.417717 62.13926368901 0.29203889169 
0.418223 61.42620927076 0.27641032212 
0.418729 62.21371606278 0.27834423909 
0.419236 61.95090373314 0.28051734808 
0.419742 61.72313019432 0.26920332784 
0.420248 62.08427556214 0.27121834459 
0.420755 62.00972957474 0.27703202042 
0.421261 61.36954902060 0.26993438661 
0.421767 61.69314078168 0.27416118777 
0.422274 62.03304594823 0.27381228616 
0.422780 62.18113622213 0.27343225385 
0.423286 61.26777097595 0.28085994771 
0.423793 62.02488578495 0.27846049971 
0.424299 61.49749708033 0.29694329455 
0.424805 61.67837058506 0.28653479989 
0.425312 61.22750876307 0.29989313690 
0.425818 61.42304762399 0.28168769994 
0.426324 61.55994642764 0.29436641195 
0.426831 61.73914165832 0.29661156900 
0.427337 61.53830855593 0.29919066571 
0.427843 61.50695359932 0.29168286941 
0.428350 62.08364233795 0.30593372305 
0.428856 61.37010916795 0.30741261128 
0.429362 61.81432918553 0.30852079518 
0.429869 61.59623591728 0.31676218357 
0.430375 61.69693214200 0.31163889381 
0.430881 61.04584163801 0.30564380347 
0.431388 61.38023628697 0.30843307097 
0.431894 61.56486854874 0.32168441430 
0.432400 61.34813404437 0.32540790482 
0.432907 61.54172955176 0.31657174430 
0.433413 61.67575401832 0.33225902657 
0.433919 62.18429660530 0.34153890900 
0.434425 61.52530895373 0.32899670413 
0.434932 61.89422209229 0.33147845079 
0.435438 61.07132883302 0.36088483007 
0.435944 61.14309442424 0.33100235374 
0.436451 61.44293856796 0.35025756932 
0.436957 61.67495759578 0.36278726596 
0.437463 61.39646616938 0.35849030727 
0.437970 61.91011050762 0.35103543364 
0.438476 61.49105707333 0.34748307720 
0.438982 61.16572511917 0.35792885783 
0.439489 61.11648671728 0.37230038334 
0.439995 61.15259688551 0.35249506986 
0.440501 61.18468456921 0.37499086045 
0.441007 61.54799486420 0.37710570201 
0.441514 61.59430804837 0.38839466986 
0.442020 60.80606304673 0.39184187824 
0.442526 60.99654288867 0.38962947717 
0.443033 61.29261733713 0.39856098709 
0.443539 60.66338927763 0.40037771423 
0.444045 61.17671120966 0.41872480005 
0.444551 61.77355369017 0.41702298507 
0.445058 60.46803432489 0.40972473240 
0.445564 61.35891628977 0.43560055823 
0.446070 61.16534560619 0.40931496599 
0.446577 61.35257647815 0.43642797428 
0.447083 61.24479708611 0.44890193875 
0.447589 60.81169628490 0.44939922971 
0.448095 60.26276522398 0.44000208370 
0.448602 60.97442214758 0.45004643092 
0.449108 60.95824827349 0.49867380549 
0.449614 61.23812665098 0.49503079026 
0.450121 59.91800754287 0.50151588947 
0.450627 60.63513513138 0.50815764218 
0.451133 60.40269076552 0.49542120703 
0.451639 59.82287722684 0.49515692144 
0.452146 60.58076857371 0.52052971198 
0.452652 59.93019392735 0.51885447619 
0.453158 60.75449882224 0.56204787441 
0.453664 60.73468316173 0.55938782754 
0.454171 60.57892934469 0.57680222207 
0.454677 60.09697246698 0.61454365556 
0.455183 59.70052938046 0.60150939035 
0.455689 59.66954230074 0.62200701955 
0.456196 60.32293105150 0.66762547409 
0.456702 59.35627319441 0.64127657999 
0.457208 59.62460536501 0.72173286611 
0.457714 60.47069943379 0.75527491083 
0.458221 60.01912630431 0.74613720537 
0.458727 61.05662224032 0.78104186042 
0.459233 60.02204722747 0.83092489193 
0.459740 59.41567936443 0.85477920685 
0.460246 60.29331534624 0.91301941823 
0.460752 60.06672050429 1.00360145628 
0.461258 59.59856904540 0.99223577581 
0.461765 60.79545959562 1.08596709374 
0.462271 59.50041698202 0.99712700658 
0.462777 59.42387082133 1.17092794106 
0.463283 60.61674982048 1.25654004709 
0.463789 60.67500480410 1.35779850286 
0.464296 61.42464262599 1.38217636703 
0.464802 61.30170696531 1.39822068018 
0.465308 59.76709984180 1.47113536872 
0.465814 59.26314432121 1.61101515375 
0.466321 58.77110647545 1.69494977912 
0.466827 58.08535487935 1.79805726104 
0.467333 60.63030029327 1.99670622403 
0.467839 60.17945266661 1.92873839671 
0.468346 59.23978093697 2.35357439511 
0.468852 57.38179656884 2.56417637014 
0.469358 58.95662495557 2.96687734224 
0.469864 59.52309198014 2.90451058240 
0.470371 60.06387806569 3.91760283000 
0.470877 56.98930549909 4.30012370539 
0.471383 58.06388085695 5.45928806498 
0.471889 53.67739288595 7.00555815232 
0.472395 54.14525784044 6.06554136678 
0.472902 43.69046968932 10.51401564746 
