0.010896 1333.79282935305 14.05053822187 
0.011402 1196.02105196263 12.76696853228 
0.011909 1083.55028632113 11.21445067036 
0.012416 971.37635013981 8.72788652778 
0.012923 883.64562236497 7.21245807339 
0.013430 817.14275576236 11.14675883347 
0.013936 778.75374440655 9.39423102683 
0.014443 724.90810083922 7.21838281508 
0.014950 669.50258116907 6.43372562585 
0.015457 620.32132920157 5.40817237882 
0.015963 574.91223951474 4.64631942054 
0.016470 538.49088762019 4.32944093254 
0.016977 507.65342608254 3.55147604365 
0.017484 470.45587983017 3.24658283285 
0.017990 443.69707132273 3.01685974464 
0.018497 420.99674113854 2.68839721211 
0.019004 398.98044641440 2.45751376035 
0.019511 378.24421141960 2.30520469547 
0.020018 360.63837918258 2.20897463977 
0.020524 343.93083129427 1.82640784551 
0.021031 323.65988577200 1.97875676689 
0.021538 312.73922718591 1.73373589795 
0.022045 301.34393853012 1.62093932454 
0.022551 289.21538376177 1.62214439296 
0.023058 275.75958246128 1.46880777275 
0.023565 268.69205133443 1.58379827435 
0.024072 258.23650131173 1.72045142713 
0.024579 248.71680506655 1.65407472287 
0.025085 242.91885984686 2.19125697082 
0.025592 236.64839256214 2.13544056953 
0.026099 228.17918438172 2.12205534280 
0.026606 222.37064580266 1.71431506224 
0.027112 217.55835955349 1.71543297391 
0.027619 212.13983831063 1.47531711270 
0.028126 206.26585888580 1.56670710117 
0.028633 201.36002918545 1.39614075379 
0.029139 196.84414216637 1.23500349389 
0.029646 193.34884533097 1.07344120187 
0.030153 190.22342151586 1.14323255542 
0.030660 186.54219015868 0.94854979393 
0.031167 182.36209999756 0.93119004780 
0.031673 178.65144674024 0.94348143827 
0.032180 174.94209369711 0.90770435020 
0.032687 171.85624183454 0.88485777885 
0.033194 169.38978881912 0.84518757726 
0.033700 166.95169036044 0.74087496906 
0.034207 164.17164041325 0.71682496058 
0.034714 160.13024752493 0.79031764593 
0.035221 159.00495631825 0.72158738481 
0.035727 157.73279439692 0.72156085003 
0.036234 155.48833583369 0.65694176940 
0.036741 153.16890732512 0.65738005249 
0.037248 152.88782587249 0.64067068975 
0.037755 150.02560849027 0.63304186853 
0.038261 148.93433460735 0.63866118038 
0.038768 147.28372901397 0.60137150722 
0.039275 145.36622965825 0.58445254967 
0.039782 143.92218971987 0.59199028511 
0.040288 142.54847908110 0.57323015514 
0.040795 141.29037167788 0.56944013595 
0.041302 139.28854866714 0.60716362126 
0.041809 138.65615356595 0.57238919290 
0.042315 137.31164544066 0.58248804915 
0.042822 135.64932111114 0.51377889633 
0.043329 135.16733666091 0.52945420919 
0.043836 133.96691876499 0.51418236628 
0.044343 132.20631362370 0.50684183021 
0.044849 131.46080263264 0.51304711372 
0.045356 130.84161599435 0.50955339860 
0.045863 130.34343538656 0.50972366951 
0.046370 128.63006999790 0.52271191663 
0.046876 127.56412759192 0.52049850945 
0.047383 127.17244313596 0.46821480045 
0.047890 125.70151093646 0.48241890259 
0.048397 125.15580078777 0.49067696451 
0.048903 124.77902729411 0.48302264419 
0.049410 122.96911679838 0.46954489278 
0.049917 122.20877355353 0.47177817300 
0.050424 121.95065120553 0.47513809444 
0.050931 121.90622315946 0.45030533975 
0.051437 120.18856474889 0.45775935003 
0.051944 119.74895426781 0.44338503897 
0.052451 118.74839852346 0.44244679233 
0.052958 118.41525900327 0.44999999738 
0.053464 117.81046422038 0.46298017274 
0.053971 116.60381183143 0.43749049163 
0.054478 115.74970377755 0.44355371071 
0.054985 116.06445724799 0.44114467318 
0.055491 115.34899868203 0.44516137158 
0.055998 114.75598293825 0.42142915642 
0.056505 113.92012047621 0.42597082463 
0.057012 112.94412271197 0.43515037023 
0.057519 113.16493030370 0.43517322943 
0.058025 112.42052365326 0.39639059557 
0.058532 112.10592376023 0.41512044854 
0.059039 111.02656473191 0.41479262782 
0.059546 111.15491113056 0.42526666774 
0.060052 110.32734778194 0.42053227004 
0.060559 110.32269524627 0.40928345297 
0.061066 109.49031707527 0.40567601667 
0.061573 108.78106569562 0.40325229386 
0.062079 107.97112186693 0.39324492904 
0.062586 107.74944762111 0.38885032270 
0.063093 107.63183866476 0.39636643773 
0.063600 106.64171112933 0.38970047591 
0.064106 106.63116312620 0.39085291828 
0.064613 106.20289469577 0.40058887895 
0.065120 105.45654095759 0.37422635497 
0.065627 105.58179403153 0.38080313775 
0.066134 105.72864006913 0.38123453134 
0.066640 104.45736210602 0.38511352389 
0.067147 104.94144319470 0.37402015926 
0.067654 103.87455899424 0.37135464815 
0.068161 103.16855861360 0.37368675447 
0.068667 103.57048596766 0.35688385781 
0.069174 102.89334951659 0.37013008996 
0.069681 102.98126790344 0.35537428145 
0.070188 102.32142760801 0.37171475345 
0.070694 101.91991344365 0.35598198536 
0.071201 101.73526607253 0.34319983335 
0.071708 101.21648266999 0.36591243063 
0.072215 101.04328082352 0.34691322301 
0.072721 100.74487960652 0.34272813187 
0.073228 100.67621956782 0.34148530094 
0.073735 100.49426370316 0.34615499304 
0.074242 100.08846749959 0.33805405082 
0.074748 99.46395766336 0.34634847976 
0.075255 99.50620356312 0.32948517173 
0.075762 99.38694828041 0.33445443188 
0.076269 99.12628294711 0.34470015293 
0.076776 98.41413706339 0.33883555758 
0.077282 98.56381323416 0.32720672298 
0.077789 97.59245926505 0.33807037142 
0.078296 97.66704949220 0.33098118568 
0.078803 98.13878932726 0.30998639613 
0.079309 97.58121393835 0.33293061797 
0.079816 97.12883250850 0.32531597006 
0.080323 97.09524389598 0.32978080516 
0.080830 97.29824668847 0.33024264266 
0.081336 96.58854587935 0.33293769018 
0.081843 96.87621658980 0.32188750186 
0.082350 96.87039375825 0.33311215097 
0.082857 96.24070531897 0.33065078640 
0.083363 96.29666950547 0.33521807481 
0.083870 96.57611791821 0.33828059912 
0.084377 96.09359742001 0.33504580624 
0.084884 95.36974498542 0.32717448090 
0.085390 96.02720584001 0.33469979470 
0.085897 95.80898136638 0.33417576150 
0.086404 95.78018153360 0.33266047942 
0.086911 95.04582033975 0.33586186872 
0.087417 95.12588423566 0.32261977714 
0.087924 94.32752550186 0.34087393228 
0.088431 94.95305317171 0.32706404377 
0.088938 93.86809209252 0.33266258632 
0.089444 94.49810627720 0.33041286511 
0.089951 93.73258411795 0.31879438411 
0.090458 94.90046366969 0.33469499373 
0.090965 93.95744030833 0.32967386131 
0.091471 94.11533765983 0.32687986032 
0.091978 93.64739876881 0.33644611412 
0.092485 92.74473831080 0.35280642052 
0.092992 93.61576051267 0.32961803056 
0.093498 93.17861323009 0.33312830847 
0.094005 92.82076899038 0.33527441264 
0.094512 92.73011277549 0.34549391577 
0.095019 92.56382591990 0.34036471820 
0.095525 92.59394757575 0.33236278976 
0.096032 92.51166352328 0.33610952898 
0.096539 91.95085438237 0.33514159452 
0.097046 91.98787430087 0.32641335236 
0.097552 91.96427491972 0.33049693213 
0.098059 91.86923590460 0.32988771812 
0.098566 91.87003858314 0.31842761894 
0.099073 91.11782701448 0.33400013360 
0.099579 91.63771406355 0.33039072986 
0.100086 91.35247868517 0.31655233463 
0.100593 91.37796077269 0.31406710621 
0.101100 90.56939307944 0.32491058699 
0.101606 90.93773454115 0.30460473743 
0.102113 90.06073080957 0.30340406225 
0.102620 89.04763428296 0.29830496886 
0.103127 89.57332766943 0.30496511208 
0.103633 89.32109607569 0.29378650973 
0.104140 88.62713349824 0.30178259232 
0.104647 88.16128212333 0.30406565057 
0.105154 88.80679814062 0.29360672584 
0.105660 88.63458336229 0.31019246024 
0.106167 88.06505476954 0.30375429915 
0.106674 87.63116269770 0.30125899721 
0.107181 87.96658411113 0.30432134821 
0.107687 87.73195245875 0.30031934698 
0.108194 87.61457152809 0.29697400551 
0.108701 87.73285805439 0.29390375709 
0.109208 87.04141224094 0.29639792731 
0.109714 88.09098117388 0.29062530772 
0.110221 87.32231767656 0.29524106407 
0.110728 87.17408756576 0.29064390706 
0.111235 87.29426564592 0.28454156668 
0.111741 87.17310180308 0.28891649375 
0.112248 86.82395162297 0.27661012844 
0.112755 87.04888975492 0.28992864326 
0.113262 87.05799416998 0.29419336922 
0.113768 87.05292970410 0.27671353623 
0.114275 86.63663678648 0.28629478854 
0.114782 86.54545918336 0.28740150026 
0.115289 86.63207052995 0.28610096784 
0.115795 86.64939195716 0.27477416171 
0.116302 86.01536001765 0.27394548492 
0.116809 86.07073124428 0.26952257206 
0.117316 86.61332780980 0.27154378022 
0.117822 85.76458842999 0.27458429507 
0.118329 86.38955164257 0.27184477223 
0.118836 86.02353001130 0.26753296414 
0.119342 85.95954766311 0.26916732998 
0.119849 86.37686264508 0.26853618681 
0.120356 85.49302156254 0.26641925337 
0.120863 85.81159756601 0.25962472156 
0.121369 85.49058441998 0.26396442858 
0.121876 85.45452212382 0.26551224635 
0.122383 85.14920232000 0.26287395452 
0.122890 85.35190427247 0.26897680872 
0.123396 85.09284939117 0.26699794806 
0.123903 85.05547820661 0.25316818732 
0.124410 85.29026460759 0.26231793406 
0.124917 84.90699761435 0.26170542616 
0.125423 84.96971861246 0.26726443896 
0.125930 84.68058455693 0.26578316857 
0.126437 85.16230447031 0.25589416240 
0.126944 84.56517690651 0.26122405724 
0.127450 84.18085783393 0.25443793705 
0.127957 84.77475246204 0.26177924620 
0.128464 84.84173775549 0.25455488063 
0.128970 84.57117828382 0.25582750153 
0.129477 84.33223214869 0.26347584846 
0.129984 84.14928941191 0.25129514240 
0.130491 84.09036822064 0.25176694247 
0.130997 83.93121774143 0.24427289883 
0.131504 83.82814889302 0.25220058068 
0.132011 83.69192958927 0.25460725709 
0.132518 83.92120950770 0.25016372694 
0.133024 83.79343910797 0.25111938197 
0.133531 83.71771498691 0.24910184784 
0.134038 83.68406731383 0.24924589842 
0.134545 83.65934382372 0.24991185995 
0.135051 83.78906573723 0.24769979113 
0.135558 83.52576568361 0.24767175267 
0.136065 83.31550483810 0.24506244945 
0.136571 83.01799477477 0.24310536783 
0.137078 83.42590758050 0.24814509333 
0.137585 83.33468207553 0.24322818776 
0.138092 83.45688468797 0.24590709685 
0.138598 83.19502921363 0.24688587150 
0.139105 82.82252656473 0.23763839958 
0.139612 83.15081427685 0.24603894215 
0.140119 82.85050416409 0.24100128756 
0.140625 82.86225784615 0.24053797984 
0.141132 82.43026421402 0.23595841522 
0.141639 82.60908149106 0.23954911386 
0.142145 82.90066123145 0.24656614014 
0.142652 82.95926757268 0.24409645754 
0.143159 81.98362385226 0.23755506174 
0.143666 82.33270821661 0.23940221228 
0.144172 82.16965196853 0.24421032557 
0.144679 82.27859709796 0.24112208065 
0.145186 82.05795099409 0.24381060563 
0.145692 81.68374428431 0.23862088430 
0.146199 82.06461317129 0.24321485321 
0.146706 82.03538565829 0.24484972620 
0.147213 82.02610564422 0.23739933142 
0.147719 81.45156571762 0.23659718804 
0.148226 81.44058938797 0.23742190965 
0.148733 81.53116396000 0.24054305647 
0.149240 81.33183047034 0.23888961035 
0.149746 81.43742186870 0.23983564194 
0.150253 81.34330240345 0.23830393116 
0.150760 81.29879174569 0.24189280433 
0.151266 81.07188084385 0.24203814603 
0.151773 80.75391970485 0.24058765671 
0.152280 80.77422916179 0.24014971063 
0.152787 80.85352430560 0.23873322957 
0.153293 80.66933749731 0.24024101798 
0.153800 81.21692710554 0.23872749715 
0.154307 80.48520757245 0.23874770350 
0.154813 80.58436035973 0.23579372404 
0.155320 80.48631189417 0.24243896336 
0.155827 80.86405919283 0.24096018796 
0.156334 80.32253518250 0.24052157553 
0.156840 80.36669875049 0.23626097844 
0.157347 79.82730897499 0.23636555412 
0.157854 79.96722802221 0.23374623974 
0.158360 80.01438930080 0.23361957445 
0.158867 79.64530841205 0.23757877278 
0.159374 80.13138700478 0.23493072070 
0.159881 79.65499477580 0.23665007337 
0.160387 79.70629434657 0.23308713116 
0.160894 79.89974024219 0.24105009789 
0.161401 79.96008068465 0.24201728657 
0.161907 79.55561822407 0.23970026415 
0.162414 79.86875619538 0.23527966961 
0.162921 79.35601475622 0.22853542412 
0.163427 79.34037229301 0.22792559337 
0.163934 79.16019797224 0.23147903067 
0.164441 79.44965227149 0.22696128491 
0.164948 79.22506494664 0.23335254391 
0.165454 78.94433828924 0.22825218883 
0.165961 79.14523781532 0.22620647073 
0.166468 79.11829387750 0.22597540147 
0.166974 78.65639310034 0.23416294893 
0.167481 78.87996151684 0.22476211699 
0.167988 78.70524117529 0.22703282470 
0.168495 79.26863381275 0.23135326459 
0.169001 79.19534677739 0.23555542106 
0.169508 78.66824651768 0.23214813222 
0.170015 79.23983885495 0.23447045113 
0.170521 78.88162831130 0.23200265926 
0.171028 78.62629907929 0.23746065957 
0.171535 79.10262628657 0.23217051484 
0.172041 79.12830158836 0.23892347068 
0.172548 78.73066052053 0.23102281637 
0.173055 79.07559260991 0.24001172685 
0.173562 78.58648762332 0.23911636719 
0.174068 78.84172953755 0.23785512786 
0.174575 78.92489408280 0.23446193478 
0.175082 78.68167543846 0.23179714077 
0.175588 78.51362907052 0.24415029553 
0.176095 78.47690543979 0.23464674720 
0.176602 78.95332817042 0.23714522084 
0.177108 78.66676776789 0.23769966186 
0.177615 78.71289251819 0.23720037590 
0.178122 78.56155786389 0.23448519915 
0.178629 78.45765244716 0.23652047698 
0.179135 78.26839567256 0.23433004200 
0.179642 78.64997136320 0.23913678258 
0.180149 78.50807760396 0.23804158924 
0.180655 78.10509732536 0.23588887660 
0.181162 78.23265022307 0.23031147701 
0.181669 78.70221586262 0.23805410441 
0.182175 78.64296653424 0.24171651166 
0.182682 78.34004921956 0.23707750077 
0.183189 78.54363014256 0.24740303422 
0.183695 78.66854471944 0.24734402339 
0.184202 78.19887201285 0.24471784002 
0.184709 78.65480467909 0.24467146664 
0.185216 78.06796850666 0.23785865549 
0.185722 78.36996999850 0.24229286764 
0.186229 78.12013660259 0.24775871216 
0.186736 78.01227843632 0.24281871355 
0.187242 77.74989270437 0.24526603041 
0.187749 78.05452437743 0.23852599125 
0.188256 78.10827339468 0.24388134030 
0.188762 77.71864008029 0.24932093360 
0.189269 77.41339191672 0.24179010150 
0.189776 77.50574427098 0.24597137035 
0.190282 77.62275477401 0.24540881496 
0.190789 77.12648070038 0.24422792402 
0.191296 77.28610320016 0.24690843536 
0.191802 77.41770651977 0.23864241352 
0.192309 77.13971035568 0.23212972080 
0.192816 76.77537477987 0.23998202560 
0.193323 76.67216417645 0.23703130083 
0.193829 76.59975466928 0.23413118360 
0.194336 76.56760043371 0.23558181540 
0.194843 76.28651516799 0.23228195525 
0.195349 76.42484490474 0.23700967281 
0.195856 76.23166441034 0.23301610893 
0.196363 76.10944280181 0.23074940931 
0.196869 76.03042439831 0.23024823736 
0.197376 75.78991291469 0.23227971888 
0.197883 76.05850055699 0.22797014347 
0.198389 75.98577832088 0.22900233095 
0.198896 75.68661373055 0.22485943127 
0.199403 76.05390872051 0.22988634649 
0.199909 75.55880960034 0.22332613030 
0.200416 75.79903778611 0.22567494969 
0.200923 75.71197703171 0.21946405203 
0.201429 76.06523687621 0.22366349677 
0.201936 75.56822640043 0.22156557315 
0.202443 75.47877204787 0.21873989051 
0.202949 75.81963205182 0.22675937412 
0.203456 75.49024893537 0.22644169661 
0.203963 75.33018001094 0.21277976501 
0.204469 75.50254534277 0.21488955062 
0.204976 75.35727431546 0.21692833455 
0.205483 75.52939893757 0.21707998115 
0.205989 75.41696422366 0.21313871243 
0.206496 75.38009727519 0.21315784533 
0.207003 75.05470193000 0.20836847120 
0.207509 75.24556030239 0.21217737650 
0.208016 75.03061956693 0.21383630592 
0.208523 74.79575101876 0.21178070837 
0.209029 75.14623697545 0.21261897158 
0.209536 75.26893219994 0.21473781872 
0.210043 74.97547638259 0.21137627758 
0.210549 74.79172437961 0.20552465432 
0.211056 75.10348402536 0.20962510972 
0.211563 74.95808669488 0.20801003618 
0.212069 75.10288026795 0.20835285641 
0.212576 74.92679696341 0.21123943175 
0.213083 74.81988010449 0.20853341095 
0.213589 74.89581202526 0.21281072696 
0.214096 74.77553557929 0.20937248068 
0.214603 74.47804652136 0.20464640545 
0.215109 74.49849112465 0.20824723955 
0.215616 74.61408627182 0.20862496408 
0.216123 74.28861922216 0.21212303292 
0.216629 74.35341046591 0.20662739823 
0.217136 74.44666224489 0.20472922317 
0.217643 73.92895677193 0.20827406464 
0.218149 74.15443471454 0.20642798835 
0.218656 73.84218100899 0.21062851009 
0.219163 74.24818099796 0.20778846514 
0.219669 73.96555622471 0.20549351987 
0.220176 74.29462250943 0.20990627144 
0.220683 74.14963051027 0.20686132134 
0.221189 73.84653143905 0.20330625082 
0.221696 73.80180950108 0.20232711212 
0.222203 73.95434121448 0.20429321064 
0.222709 73.84582274475 0.20377352377 
0.223216 73.84435356327 0.20592666885 
0.223722 73.79790199872 0.20407503723 
0.224229 73.80220604555 0.20996379846 
0.224736 73.59997834043 0.20108097377 
0.225242 73.58845241342 0.20182693777 
0.225749 73.23850957799 0.20505851779 
0.226256 73.44829567794 0.20542165942 
0.226762 73.52276689655 0.19870169893 
0.227269 73.25925128807 0.20435044461 
0.227776 73.35746477151 0.20750275778 
0.228282 73.07516548288 0.20482125563 
0.228789 73.28493198925 0.20436902641 
0.229296 73.26534578923 0.20099241545 
0.229802 72.94013078551 0.20209704684 
0.230309 73.20111241467 0.20077752968 
0.230816 73.11001938460 0.19697734407 
0.231322 72.94537462924 0.20114869006 
0.231829 72.93356290686 0.19878903843 
0.232335 73.12058590985 0.19780680875 
0.232842 72.79570547102 0.19825115638 
0.233349 72.96175189711 0.20036702829 
0.233855 72.85425256991 0.19915313244 
0.234362 72.90604003939 0.19903690886 
0.234869 72.65609194761 0.20130245221 
0.235375 72.32945951919 0.19951750994 
0.235882 72.57748493478 0.19889905256 
0.236389 72.36317756548 0.19679021260 
0.236895 72.75918498278 0.20054240608 
0.237402 72.40573445376 0.19900101057 
0.237908 72.29396591239 0.20168570882 
0.238415 72.40221070796 0.20401372842 
0.238922 72.13879265560 0.20160132057 
0.239428 72.26220657141 0.19887774471 
0.239935 72.36127067279 0.20313316194 
0.240442 71.96797869633 0.20092078821 
0.240948 72.20776148481 0.20079433857 
0.241455 71.87376106804 0.19882574964 
0.241962 71.75486537465 0.19983774867 
0.242468 72.10221075152 0.20228306145 
0.242975 71.93015098983 0.19492355187 
0.243481 71.86080359217 0.19827809966 
0.243988 72.00509999738 0.19821877936 
0.244495 71.92587163509 0.20288212925 
0.245001 71.73958460105 0.19995353548 
0.245508 71.69681315031 0.19694873378 
0.246015 71.57818401227 0.19763763253 
0.246521 71.61783871856 0.19455520188 
0.247028 71.78044565452 0.20106262084 
0.247534 71.61695057706 0.20122522784 
0.248041 71.42410250564 0.19453595490 
0.248548 71.58673116776 0.19559524474 
0.249054 71.44622822141 0.19924178218 
0.249561 71.25300334346 0.19654530165 
0.250068 71.29052186272 0.20099223597 
0.250574 71.21985327077 0.19631819360 
0.251081 71.02984812714 0.19955012385 
0.251587 71.11623432664 0.19850874722 
0.252094 70.97960331734 0.19489752444 
0.252601 71.01407322210 0.19435197625 
0.253107 70.87570752260 0.19867328639 
0.253614 71.14575674111 0.19484706229 
0.254120 71.00002068173 0.19829274522 
0.254627 70.68067314715 0.19298626786 
0.255134 71.08926161463 0.19104740148 
0.255640 70.60339602848 0.19390492577 
0.256147 71.26844198011 0.19594031178 
0.256654 70.84467004685 0.19589476551 
0.257160 71.23005689472 0.19541155028 
0.257667 71.33436528836 0.19428443476 
0.258173 71.17485142137 0.19522636916 
0.258680 71.43934573973 0.19742917388 
0.259187 71.63664918281 0.19751014273 
0.259693 71.37751746442 0.19544548600 
0.260200 71.38041415654 0.19357390824 
0.260706 71.71435568735 0.19395960394 
0.261213 71.73650889868 0.19864591663 
0.261720 71.54534142368 0.19437704384 
0.262226 71.53044335374 0.19551003243 
0.262733 71.61907656813 0.19485924525 
0.263239 71.79279069512 0.19524099263 
0.263746 71.74448223508 0.19342818714 
0.264253 71.55495896496 0.19296692940 
0.264759 71.55773201391 0.18640303285 
0.265266 71.59877403464 0.19308907180 
0.265772 71.66524783179 0.19387612110 
0.266279 71.76043268044 0.19246713099 
0.266786 71.50302277145 0.18948483284 
0.267292 71.83411823137 0.19447199745 
0.267799 71.59755308462 0.19414866027 
0.268305 71.54573695758 0.19220406587 
0.268812 71.44405837270 0.19051484757 
0.269319 71.92449196715 0.18827805298 
0.269825 71.88868556564 0.18779032492 
0.270332 71.85474808495 0.18852026542 
0.270838 71.75010070086 0.19075587595 
0.271345 71.77530807012 0.19184218790 
0.271852 72.19445351211 0.19606260414 
0.272358 72.03130093818 0.19734226738 
0.272865 72.15274083075 0.19363774697 
0.273371 72.38400679745 0.19430160063 
0.273878 72.02413123482 0.19338200815 
0.274385 72.60645890770 0.19346887839 
0.274891 72.40641119204 0.19144423469 
0.275398 72.18301827504 0.19144215901 
0.275904 72.32963926174 0.18720887283 
0.276411 71.96589556777 0.18539987372 
0.276917 72.28864388506 0.18512868076 
0.277424 72.21896619696 0.18360344874 
0.277931 72.24736073827 0.18451922579 
0.278437 72.06626462458 0.18536783757 
0.278944 72.16713386013 0.18606165278 
0.279450 72.00124509430 0.18324972101 
0.279957 72.23723215020 0.18326404239 
0.280464 72.14763453180 0.18016773105 
0.280970 72.02863328628 0.17794667851 
0.281477 72.05353233178 0.18418516003 
0.281983 72.25204174340 0.18254091255 
0.282490 72.24312610053 0.18209439517 
0.282996 72.00866306024 0.17910972669 
0.283503 72.03683538348 0.18140617841 
0.284010 72.12172634105 0.18308923498 
0.284516 71.81041051231 0.18155191833 
0.285023 71.69277712992 0.17611371687 
0.285529 71.98702503648 0.17583694777 
0.286036 71.52840181029 0.17689923970 
0.286542 71.79767693344 0.17428172918 
0.287049 71.53588699254 0.17059936947 
0.287556 71.53461241186 0.17232808586 
0.288062 71.82835610077 0.17262634522 
0.288569 71.25321099843 0.16852664175 
0.289075 71.40758252165 0.17072394640 
0.289582 71.21461742235 0.16908049580 
0.290088 71.27885678752 0.16947200794 
0.290595 71.29747325412 0.16945421370 
0.291102 71.36537926517 0.16925517157 
0.291608 71.20000090129 0.17000745133 
0.292115 71.03000027601 0.16743593975 
0.292621 71.35896315670 0.16735350534 
0.293128 71.22492844233 0.16911922617 
0.293634 71.09208931714 0.16459033996 
0.294141 71.10596740202 0.16821301497 
0.294647 71.03207243087 0.16848546228 
0.295154 70.84544493367 0.16767797391 
0.295661 70.77803844844 0.16519368187 
0.296167 70.69344791393 0.16510750574 
0.296674 70.73453158036 0.16819338566 
0.297180 70.74720739134 0.16320264119 
0.297687 70.71673138027 0.16609970675 
0.298193 70.76420322970 0.16704174224 
0.298700 70.66231744457 0.16648673109 
0.299207 70.53379063409 0.16437339990 
0.299713 70.47618906239 0.16387283983 
0.300220 70.52410160806 0.16520209435 
0.300726 70.59512632017 0.16102198392 
0.301233 70.59859414499 0.16200984468 
0.301739 70.35254754787 0.16559454397 
0.302246 70.53803278389 0.16411509136 
0.302752 70.17918201085 0.16258245768 
0.303259 70.54020313312 0.16465352713 
0.303765 70.25911084856 0.16485495814 
0.304272 70.19115480766 0.16074927424 
0.304779 70.13363394146 0.15929836354 
0.305285 70.22061013256 0.16181415827 
0.305792 70.20557435456 0.16189932210 
0.306298 69.93498326066 0.16078915631 
0.306805 70.11782615429 0.16253266416 
0.307311 69.89035819303 0.15873428878 
0.307818 69.97911004174 0.15843443377 
0.308324 69.79649481490 0.15601272821 
0.308831 69.54565426556 0.15676905273 
0.309337 69.40034108143 0.15369410337 
0.309844 69.44013211444 0.15357745991 
0.310350 69.28399734311 0.15486147908 
0.310857 68.92408507136 0.15385992857 
0.311364 68.45649835244 0.14893108730 
0.311870 68.64379992907 0.14865537719 
0.312377 68.17677796106 0.14788786608 
0.312883 68.10501913027 0.14746763943 
0.313390 68.05249525279 0.14897862677 
0.313896 67.72475230657 0.14825105370 
0.314403 67.75655650417 0.14725073638 
0.314909 67.99764950721 0.14429521095 
0.315416 67.66240046820 0.14559982224 
0.315922 67.61788423358 0.14566976831 
0.316429 67.38841785180 0.14012074274 
0.316935 67.38327210993 0.14319301228 
0.317442 67.20669292338 0.14135402385 
0.317948 67.28278705301 0.14121358448 
0.318455 66.90730651988 0.14450975732 
0.318961 66.84015116122 0.13989128624 
0.319468 66.77314838749 0.14189782950 
0.319975 66.84316471003 0.14396514159 
0.320481 66.80642233939 0.13935728525 
0.320988 66.74010843073 0.14334488251 
0.321494 66.66221058040 0.13896955396 
0.322001 66.69016176743 0.16427686484 
0.322507 66.46242887980 0.14129393817 
0.323014 66.69812326725 0.14358171445 
0.323520 66.39824969442 0.14351760835 
0.324027 66.56981724656 0.14035627762 
0.324533 66.40003715085 0.14108479130 
0.325040 66.48239835811 0.13564169665 
0.325546 66.60903194330 0.13920061450 
0.326053 66.27531902994 0.14226240524 
0.326559 66.45809829453 0.13784547316 
0.327066 66.43130925591 0.13841112344 
0.327572 66.18745303437 0.13685573414 
0.328079 66.08676411153 0.13874725104 
0.328585 66.27586550893 0.13921736981 
0.329092 66.13747364265 0.13968190332 
0.329598 66.01229908436 0.13582037856 
0.330105 66.13136669304 0.14066383114 
0.330611 65.83943379447 0.13824635323 
0.331118 65.91609791671 0.13636889266 
0.331624 65.98598834586 0.13734703574 
0.332131 65.91253364727 0.13733270495 
0.332637 66.07109946386 0.14245571987 
0.333144 65.86553109048 0.14064738407 
0.333650 65.86102442892 0.13971181305 
0.334157 65.94714707602 0.13922144533 
0.334663 65.71253542703 0.13863615902 
0.335170 65.57409311559 0.13970807771 
0.335676 65.54941221903 0.13757107220 
0.336183 65.64425744094 0.13792346728 
0.336689 65.62736179026 0.14039095878 
0.337196 65.44120615355 0.14268677378 
0.337702 65.71822408497 0.13949709142 
0.338209 65.48501771041 0.13984555992 
0.338715 65.46196654391 0.13997662918 
0.339222 65.36984584456 0.14099908314 
0.339728 65.54023484538 0.13926772144 
0.340235 65.40425331178 0.25913466810 
0.340741 65.44827498160 0.13974479971 
0.341248 65.43515635243 0.14032510045 
0.341754 65.38915732001 0.13828540426 
0.342261 65.10545103602 0.13937376317 
0.342767 65.11650918594 0.13799508157 
0.343274 65.30236576209 0.14077967210 
0.343780 65.10947662509 0.13788606303 
0.344287 65.05981782774 0.13707389482 
0.344793 65.10163823397 0.14122887496 
0.345300 65.11907568859 0.14299240695 
0.345806 65.03750305521 0.14333347941 
0.346313 64.93896475322 0.14437635755 
0.346819 64.83657803284 0.14474137680 
0.347325 64.76228664558 0.14484115927 
0.347832 64.77244037745 0.14727598645 
0.348338 64.77413677427 0.14550394214 
0.348845 64.80088468880 0.14770933142 
0.349351 64.83457721318 0.15018256910 
0.349858 64.55625595302 0.14793714905 
0.350364 64.80974196721 0.14716353063 
0.350871 64.42695881772 0.14839313804 
0.351377 64.31849256754 0.14772428124 
0.351884 64.38882054482 0.14656293312 
0.352390 64.37166358890 0.14785425167 
0.352897 64.31981481629 0.14818565704 
0.353403 64.78010756108 0.15051612673 
0.353910 64.35561071512 0.14876499966 
0.354416 64.26398373966 0.15264362697 
0.354923 64.00772033960 0.15249522040 
0.355429 64.12814310798 0.15205917089 
0.355935 64.32619892649 0.15082174076 
0.356442 64.01527660104 0.15063544651 
0.356948 64.23964588894 0.15131225140 
0.357455 63.91451455159 0.15584740080 
0.357961 63.56458575121 0.15536266189 
0.358468 63.88757273843 0.15575996212 
0.358974 63.77033306388 0.21860232650 
0.359481 63.74687835980 0.20134244643 
0.359987 63.92705863663 0.20110630407 
0.360494 63.94515210445 0.19187291192 
0.361000 63.80024439244 0.18756637692 
0.361506 63.64610759429 0.18699954585 
0.362013 63.88687429911 0.18534393333 
0.362519 63.63201684566 0.18415366360 
0.363026 63.71420744702 0.18558987815 
0.363532 63.78787740992 0.18699051417 
0.364039 63.68282050389 0.18483811711 
0.364545 63.91266051037 0.18361478975 
0.365052 63.61672057935 0.18701784974 
0.365558 63.66742324944 0.18402426157 
0.366064 63.52494395097 0.18463526488 
0.366571 63.68430294152 0.18821557440 
0.367077 64.10406201561 0.18701371300 
0.367584 63.61898540620 0.18763602434 
0.368090 63.56331788956 0.18718759292 
0.368597 63.75001078810 0.19018550841 
0.369103 63.70603824101 0.18844594059 
0.369610 63.59977362291 0.18610499324 
0.370116 63.65221411518 0.19144510094 
0.370622 63.48275015994 0.19299125233 
0.371129 63.70256829075 0.19390700776 
0.371635 63.47157996646 0.19174685434 
0.372142 63.41658226651 0.19605475473 
0.372648 63.60094154070 0.19497713140 
0.373155 63.73555387363 0.19396226304 
0.373661 63.48447860777 0.19312990052 
0.374167 63.24889802863 0.19697432659 
0.374674 63.15886501019 0.19747863331 
0.375180 63.59521341011 0.19619558505 
0.375687 63.10693506060 0.19838787054 
0.376193 63.09860859444 0.20153138864 
0.376700 63.20337278558 0.19957129297 
0.377206 63.13965026878 0.20202315747 
0.377712 63.37269352516 0.20371710054 
0.378219 63.22233315119 0.20756342490 
0.378725 63.36216262815 0.20625885744 
0.379232 63.17863705823 0.20178298343 
0.379738 63.32191811727 0.20876664050 
0.380245 62.91932307498 0.20715782775 
0.380751 63.27302343594 0.20617317321 
0.381257 62.73456037814 0.20942032190 
0.381764 63.11785091016 0.20645668801 
0.382270 63.17092102073 0.20644657264 
0.382777 63.04784413652 0.20721437127 
0.383283 63.44315517450 0.21141878786 
0.383789 62.68156383476 0.21116702964 
0.384296 63.31935764631 0.20775924315 
0.384802 63.21324175292 0.21277448955 
0.385309 63.03333317285 0.20792735519 
0.385815 63.03934883097 0.20998112115 
0.386321 63.03849836779 0.20943495584 
0.386828 62.78182631119 0.21106924534 
0.387334 62.90231274645 0.21168762529 
0.387841 63.03334477677 0.21966439053 
0.388347 63.15527457010 0.21499192232 
0.388853 63.13999407151 0.21059646746 
0.389360 62.94223111952 0.21348330322 
0.389866 63.04087715939 0.21562635484 
0.390373 62.83142672278 0.21564956504 
0.390879 62.56887403091 0.21329957434 
0.391385 62.76325255380 0.21975592101 
0.391892 62.80730142956 0.21695618361 
0.392398 63.33315682009 0.22576338940 
0.392905 62.74605064028 0.22299532469 
0.393411 62.58953798062 0.22488120205 
0.393917 62.74724746915 0.22005237043 
0.394424 62.58997754893 0.22159823475 
0.394930 62.68454164835 0.22685781472 
0.395437 62.80559066578 0.22588685451 
0.395943 62.51650685449 0.22639447019 
0.396449 62.69543605139 0.41342437232 
0.396956 62.47187795092 0.22849883491 
0.397462 62.51437182544 0.23119604147 
0.397969 62.79196549433 0.23275838663 
0.398475 62.65715763449 0.23235369937 
0.398981 62.50123091825 0.23734800320 
0.399488 62.33385520044 0.22918881092 
0.399994 62.67146847844 0.23953493316 
0.400500 62.62167096825 0.23818507092 
0.401007 62.23634880182 0.23915277837 
0.401513 62.75010711241 0.23970536303 
0.402020 62.29416398990 0.24288448095 
0.402526 62.70990895963 0.25447727447 
0.403032 62.23856042296 0.24774837471 
0.403539 62.28977574547 0.25241673279 
0.404045 62.48382996875 0.24172964949 
0.404551 62.27783059387 0.26518874696 
0.405058 62.20914431967 0.26417263324 
0.405564 62.26286314852 0.25738296806 
0.406071 62.35483357619 0.25889492125 
0.406577 62.06119885631 0.25574092058 
0.407083 61.87134426761 0.26402416818 
0.407590 62.06959457555 0.26925917160 
0.408096 62.41709955077 0.27128638873 
0.408602 62.30296751971 0.27370558208 
0.409109 61.99200870445 0.26013702998 
0.409615 62.08934930522 0.27679989586 
0.410121 62.44367637764 0.26220445121 
0.410628 62.01211429398 0.26524246760 
0.411134 62.14449504704 0.26888761050 
0.411641 62.16278084110 0.27310117690 
0.412147 62.17220003027 0.25926712506 
0.412653 62.07160162540 0.27725407792 
0.413160 62.35334178801 0.26535414970 
0.413666 61.67476846005 0.26456338346 
0.414172 61.64566262994 0.27568408737 
0.414679 61.62932495599 0.27621989175 
0.415185 61.68789053016 0.28758458647 
0.415691 61.86991938162 0.26764318472 
0.416198 61.77423368459 0.27354751427 
0.416704 61.85078093119 0.27796342284 
0.417210 61.96710863975 0.27542248265 
0.417717 62.40512653423 0.30255517223 
0.418223 61.55782041383 0.28821280722 
0.418729 61.57990427727 0.28460878069 
0.419236 62.28275627811 0.28244763347 
0.419742 60.79135221090 0.26751732406 
0.420248 61.79683064621 0.27415460068 
0.420755 61.61816198944 0.28171139809 
0.421261 61.25402908843 0.27456661150 
0.421767 62.00806822821 0.28487740060 
0.422274 61.81065850927 0.27151244967 
0.422780 61.71723323230 0.28414003896 
0.423286 61.88632067481 0.28864762490 
0.423793 61.69946908137 0.27851678009 
0.424299 61.38538904540 0.29011270874 
0.424805 61.83876255927 0.28504222433 
0.425312 61.44796202037 0.28839826357 
0.425818 61.39717049887 0.28957518052 
0.426324 61.11971984570 0.30259455061 
0.426831 61.21673215863 0.29654691194 
0.427337 61.60762126278 0.30434562570 
0.427843 61.47522120115 0.29757415851 
0.428350 61.34238811927 0.30366469816 
0.428856 61.22583508795 0.30328402503 
0.429362 61.91762595425 0.31007187523 
0.429869 61.87956319275 0.32084605923 
0.430375 61.14518068767 0.31239620026 
0.430881 61.69362801929 0.31248013324 
0.431388 61.66647501154 0.32615480995 
0.431894 61.36969474803 0.30689149367 
0.432400 61.49027607692 0.33706455953 
0.432907 61.55965816254 0.32038015667 
0.433413 61.50227978123 0.33068943717 
0.433919 61.80098480456 0.33398783878 
0.434425 61.67759390525 0.33026064236 
0.434932 61.55428158313 0.34482263264 
0.435438 61.29193223071 0.34735079601 
0.435944 61.12722692233 0.32906959808 
0.436451 61.57548812391 0.34262480733 
0.436957 61.96684541950 0.37627255536 
0.437463 61.29355349512 0.35571349088 
0.437970 61.45440362868 0.35624620635 
0.438476 61.48771550253 0.35269970879 
0.438982 61.45853549779 0.37024102696 
0.439489 60.74209715740 0.36712197362 
0.439995 60.94565323229 0.36231333791 
0.440501 61.35741951680 0.36441912390 
0.441007 61.33386738413 0.38280105480 
0.441514 61.08694711324 0.38008342649 
0.442020 61.00209031148 0.41253338441 
0.442526 61.24096256088 0.39741110401 
0.443033 61.31082500068 0.39404599284 
0.443539 61.46127409974 0.41121807797 
0.444045 61.40336857051 0.41815428861 
0.444551 60.98857913556 0.42323691964 
0.445058 61.39134238493 0.41738709274 
0.445564 60.94931454044 0.42489226344 
0.446070 60.86892540861 0.43313906039 
0.446577 60.37137000491 0.45511590337 
0.447083 60.86128361117 0.45995896617 
0.447589 60.85941284074 0.45807203317 
0.448095 60.66082646056 0.45805983078 
0.448602 61.30142479327 0.47251083680 
0.449108 60.46568736535 0.47442938983 
0.449614 60.58791513950 0.48344688394 
0.450121 60.29720360957 0.50737748895 
0.450627 60.53741711393 0.51089298514 
0.451133 60.69062157439 0.52771633278 
0.451639 60.16522751978 0.49836607604 
0.452146 61.09320327052 0.53799142198 
0.452652 60.86599188975 0.54325348730 
0.453158 59.87262574007 0.55109856763 
0.453664 59.83309472800 0.55073129081 
0.454171 60.41679521884 0.57484245306 
0.454677 60.46952625682 0.61302620737 
0.455183 60.68744612718 0.63326739958 
0.455689 59.85328386412 0.63035556195 
0.456196 60.74606465825 0.67074868581 
0.456702 60.57946736584 0.64243828699 
0.457208 60.87428306646 0.68592733038 
0.457714 60.18741708045 0.74365451090 
0.458221 60.09561990574 0.73969515875 
0.458727 60.20220550797 0.79845231722 
0.459233 59.98610391324 0.85902716562 
0.459740 60.20782608963 0.89839353649 
0.460246 59.87009113509 0.87324851700 
0.460752 60.66710604792 0.99541946343 
0.461258 60.24923151452 0.99326975545 
0.461765 60.47480854069 1.11332202457 
0.462271 60.32967225794 1.06117111135 
0.462777 60.65126348493 1.21171191960 
0.463283 60.53200960193 1.26211600092 
0.463789 60.09313721935 1.35921995301 
0.464296 59.91851883210 1.42244673234 
0.464802 61.69134995891 1.36189036302 
0.465308 59.83386582298 1.50439247690 
0.465814 60.55406564853 1.70262092868 
0.466321 60.29410649638 1.71400459238 
0.466827 60.97139264696 1.89940578019 
0.467333 58.25505172872 1.94725893914 
0.467839 60.71371143158 2.01977500950 
0.468346 58.56406614455 2.40750286009 
0.468852 58.94183720961 2.64235342588 
0.469358 58.82374168210 2.87765444802 
0.469864 57.05012815834 2.87363556420 
0.470371 57.43172048967 3.84064453548 
0.470877 56.67810817968 4.36696423189 
0.471383 59.48502970899 5.80928494671 
0.471889 54.24839012379 7.09717632655 
0.472395 54.99772365189 6.36124960852 
0.472902 50.50910773180 12.09756034244 
