0.010896 1342.55068201484 13.11873781294 
0.011402 1200.40816540931 11.60578269473 
0.011909 1086.31323487771 10.64566935450 
0.012416 982.95291020203 8.95166050231 
0.012923 892.29257245531 8.22354728659 
0.013430 828.63324178924 10.18252488786 
0.013936 788.43590940266 9.17142966761 
0.014443 739.60908903137 7.53591591718 
0.014950 679.87443343437 6.96669764959 
0.015457 632.58922179349 5.39589928324 
0.015963 583.40023290792 5.01910409301 
0.016470 546.05180334407 4.11059099950 
0.016977 510.39949659832 3.88878194383 
0.017484 477.30159840135 3.49632835402 
0.017990 449.13833541933 3.15468475700 
0.018497 425.18011114463 2.68270834710 
0.019004 400.09148772169 2.37446825894 
0.019511 379.80560524178 2.27182549016 
0.020018 360.19692055226 2.30047243368 
0.020524 344.42158373246 1.84337054612 
0.021031 327.18213388433 1.98475974150 
0.021538 315.16673990436 1.74090641579 
0.022045 303.18955456392 1.57199694333 
0.022551 290.52215103801 1.55411887103 
0.023058 280.60480906297 1.48181016734 
0.023565 267.91419394619 1.54786999162 
0.024072 260.71256227231 1.71337905650 
0.024579 250.07252909939 1.66462331507 
0.025085 244.11303371066 2.19598205593 
0.025592 235.21083800948 2.12173508400 
0.026099 229.46732305335 2.13098723386 
0.026606 222.83590697612 1.66730273298 
0.027112 218.78106783050 1.62077478450 
0.027619 210.85757507004 1.52304627469 
0.028126 205.77108190237 1.45431838809 
0.028633 201.80714446116 1.28857573269 
0.029139 198.41997207429 1.18531775203 
0.029646 192.85088568570 1.12986404942 
0.030153 188.64759580416 1.19649794201 
0.030660 187.16425605881 1.04687962501 
0.031167 181.96328125643 0.85629069093 
0.031673 178.75777095115 0.94038135700 
0.032180 175.02943950442 0.89595004793 
0.032687 171.76690615216 0.85265877869 
0.033194 170.03262589994 0.81142885989 
0.033700 166.24367787237 0.76868461254 
0.034207 164.96919505844 0.71485101894 
0.034714 162.43500001722 0.76664805745 
0.035221 159.42929262218 0.73374685213 
0.035727 157.75745609012 0.66789085772 
0.036234 155.95486408115 0.66488554840 
0.036741 153.89887295272 0.65219951249 
0.037248 152.06058756489 0.64442554817 
0.037755 149.79685613529 0.63243006040 
0.038261 147.52035230624 0.60076397171 
0.038768 146.72662156191 0.59321670247 
0.039275 145.93564136509 0.57755946634 
0.039782 144.03243361132 0.59055119686 
0.040288 141.84979553603 0.57095580095 
0.040795 141.19679972078 0.52684974039 
0.041302 140.34826571546 0.56281648088 
0.041809 138.46610980603 0.53549713747 
0.042315 136.47528420548 0.54595107055 
0.042822 135.81087339851 0.53735379082 
0.043329 135.77833442151 0.56141463673 
0.043836 133.95389038024 0.53006145576 
0.044343 132.76219234729 0.52162736943 
0.044849 131.15905076070 0.52676635150 
0.045356 130.69204074119 0.52393636184 
0.045863 129.72855257218 0.51031175911 
0.046370 129.36030504552 0.52008311016 
0.046876 127.69942148265 0.48597734432 
0.047383 126.66932308001 0.47232375345 
0.047890 126.22486271897 0.46870572940 
0.048397 125.35196565445 0.46881598147 
0.048903 124.15067835710 0.49279087074 
0.049410 123.76045022469 0.50359814821 
0.049917 122.95298023090 0.49414845390 
0.050424 121.33982834566 0.47904837667 
0.050931 121.32219484113 0.47907583799 
0.051437 120.20639278054 0.44845534827 
0.051944 120.64819504737 0.44971709286 
0.052451 119.76957723474 0.44680192787 
0.052958 118.65244531131 0.44156533671 
0.053464 117.62769431244 0.44669501680 
0.053971 117.55013568835 0.44296741522 
0.054478 116.74922731271 0.44781615664 
0.054985 115.61532890407 0.44574125126 
0.055491 115.19052483789 0.43985513396 
0.055998 114.83178770487 0.43731119971 
0.056505 113.66261754335 0.42835321072 
0.057012 113.26818770077 0.43444410750 
0.057519 112.12502823438 0.41873483068 
0.058025 112.73770764885 0.41645901919 
0.058532 112.32133234411 0.43271394507 
0.059039 110.77915438460 0.42286726146 
0.059546 110.75410052167 0.43250332461 
0.060052 110.06867211191 0.42615086344 
0.060559 109.87400416226 0.40454482890 
0.061066 108.92743689527 0.40168341749 
0.061573 108.89278624464 0.40600000923 
0.062079 109.07615788412 0.38425871186 
0.062586 107.73027421540 0.40442350280 
0.063093 107.28106840121 0.38605938690 
0.063600 107.54687836152 0.40614264193 
0.064106 106.45882141207 0.39872854423 
0.064613 106.08282203430 0.38948769183 
0.065120 105.26495470134 0.38137994063 
0.065627 104.60393489580 0.37037828881 
0.066134 104.40736687856 0.37327776667 
0.066640 104.57259107635 0.38651783514 
0.067147 104.68080392876 0.36603054816 
0.067654 103.71229757033 0.37028529835 
0.068161 103.49285842685 0.38677499495 
0.068667 103.61953032298 0.37252195376 
0.069174 103.51439389361 0.36475657473 
0.069681 102.83697140106 0.36539758050 
0.070188 102.17808407005 0.35318580781 
0.070694 101.75109178704 0.35398211305 
0.071201 101.83026269532 0.35704689885 
0.071708 100.64618641984 0.37240383038 
0.072215 100.86016457234 0.35296962714 
0.072721 100.23251927703 0.36197873919 
0.073228 99.97625547574 0.33579358992 
0.073735 99.84459395894 0.35731314158 
0.074242 99.99737520854 0.35253707782 
0.074748 99.46387021604 0.34614237980 
0.075255 99.67655251468 0.34430385092 
0.075762 98.78529418560 0.33038163160 
0.076269 99.23657596698 0.33107863299 
0.076776 98.40189941344 0.33411077994 
0.077282 97.89539960365 0.32930116595 
0.077789 97.66730334595 0.33285350438 
0.078296 97.27707194786 0.32309307725 
0.078803 98.09431417566 0.32579560363 
0.079309 97.34073424432 0.33661207420 
0.079816 97.30766189082 0.33949949108 
0.080323 97.23645132875 0.33192909316 
0.080830 97.24059828588 0.31359309257 
0.081336 96.52670300271 0.34141612647 
0.081843 96.43350440835 0.33275784567 
0.082350 96.81866392331 0.32667413689 
0.082857 96.22934102539 0.32754515971 
0.083363 95.98449105273 0.33849704362 
0.083870 95.93353731555 0.33264845119 
0.084377 95.82097013716 0.32564362433 
0.084884 95.81218672253 0.32613575048 
0.085390 95.61779124634 0.32731691652 
0.085897 95.54239672138 0.32848144680 
0.086404 95.31959712535 0.32483506895 
0.086911 95.13331111705 0.32587280207 
0.087417 94.87412151717 0.32639387389 
0.087924 94.06837880730 0.32782354561 
0.088431 95.05510344660 0.32787879001 
0.088938 94.16212020408 0.34188069211 
0.089444 93.94538560311 0.33448849113 
0.089951 94.50020436507 0.32577380612 
0.090458 94.05638126354 0.33477267998 
0.090965 93.47199533060 0.32702906256 
0.091471 93.64263761691 0.34470285761 
0.091978 93.35131538431 0.32721645761 
0.092485 92.36593449733 0.34993894131 
0.092992 93.01360711083 0.33102524969 
0.093498 93.09697641527 0.33993901753 
0.094005 92.75194513277 0.33972349772 
0.094512 92.20111443459 0.32446543713 
0.095019 92.56115162198 0.33321705384 
0.095525 92.35471568830 0.32949964290 
0.096032 92.08049923063 0.32557947972 
0.096539 91.96909643184 0.33018445402 
0.097046 92.42644598092 0.32978517123 
0.097552 91.91589135839 0.33926346810 
0.098059 91.76952744322 0.31662902705 
0.098566 92.09938275361 0.33070616078 
0.099073 91.60770112394 0.32197763601 
0.099579 91.42826710080 0.31769829833 
0.100086 91.86481719517 0.33106556985 
0.100593 91.17121413554 0.31711516375 
0.101100 91.38320036754 0.32146457710 
0.101606 90.83272399125 0.31547578524 
0.102113 89.86283586384 0.30797311186 
0.102620 89.44166149352 0.29650608394 
0.103127 89.46554011084 0.30630784135 
0.103633 88.72870579940 0.29483103923 
0.104140 88.80633366562 0.28863800073 
0.104647 88.40368595029 0.29290493343 
0.105154 88.76358112852 0.30899206668 
0.105660 88.75752411004 0.30670829310 
0.106167 88.37225351935 0.30744234152 
0.106674 87.79863005224 0.31471176422 
0.107181 88.24891461612 0.30722210301 
0.107687 88.00371570496 0.30544380459 
0.108194 88.16159324954 0.29393403793 
0.108701 88.09845694132 0.29202143108 
0.109208 87.70720405832 0.28832733272 
0.109714 87.80784967784 0.30075606317 
0.110221 87.50095520051 0.28931810025 
0.110728 87.39398227754 0.28887902846 
0.111235 87.61665284830 0.28726541207 
0.111741 87.49061276460 0.28417079531 
0.112248 87.49092612675 0.27504814235 
0.112755 87.38133271068 0.28648891754 
0.113262 86.45676867332 0.28990644930 
0.113768 87.13638046866 0.28204421768 
0.114275 87.12277896495 0.27389508545 
0.114782 86.94626464032 0.26991916625 
0.115289 86.90910864502 0.27924161846 
0.115795 86.43742614936 0.27304421056 
0.116302 86.56590934558 0.27516955611 
0.116809 86.81265478527 0.27342992328 
0.117316 86.05926224626 0.27289886766 
0.117822 86.31685562914 0.27991963018 
0.118329 86.19038123767 0.27839852598 
0.118836 86.34967000522 0.27628825419 
0.119342 85.94536520905 0.27343497970 
0.119849 85.96560947562 0.27537807082 
0.120356 85.87872438865 0.26725242155 
0.120863 85.88269511400 0.27466204433 
0.121369 85.33606051950 0.26198087051 
0.121876 85.46848408034 0.26489483655 
0.122383 85.30109822435 0.26532458295 
0.122890 84.89055468656 0.26326519271 
0.123396 85.42262152823 0.27214140601 
0.123903 85.01613520317 0.26320430477 
0.124410 85.19774042693 0.26147656028 
0.124917 84.71415670628 0.27577182047 
0.125423 84.96321940387 0.26162471567 
0.125930 84.86375630779 0.25233835218 
0.126437 85.02584616687 0.25308512603 
0.126944 84.88438940491 0.25657207189 
0.127450 84.56585282931 0.25877515410 
0.127957 84.47318157012 0.26255398185 
0.128464 84.77632866227 0.25765247978 
0.128970 84.65203921013 0.25444943888 
0.129477 84.26034332290 0.25959246362 
0.129984 84.06853104051 0.26174863025 
0.130491 84.63203041862 0.25112318967 
0.130997 84.17875051081 0.25706051230 
0.131504 84.16522063780 0.24572659214 
0.132011 84.86430581977 0.24816822715 
0.132518 84.16320110258 0.24752314745 
0.133024 84.06458214773 0.24893275466 
0.133531 83.95994583901 0.24234212431 
0.134038 84.21983918564 0.24535537864 
0.134545 83.57879690085 0.24850629982 
0.135051 83.54749115342 0.24347054266 
0.135558 83.43628011669 0.24085419082 
0.136065 83.51848659967 0.24689086903 
0.136571 83.53410520695 0.24128592998 
0.137078 83.50350301861 0.24863024503 
0.137585 83.23111621931 0.24688086347 
0.138092 83.64735755055 0.24523507540 
0.138598 83.18473233270 0.23705174104 
0.139105 82.79601171262 0.23875328775 
0.139612 83.13748928835 0.24415863221 
0.140119 82.97460883041 0.24570230852 
0.140625 82.92874433864 0.24109724124 
0.141132 82.80844409243 0.23980481345 
0.141639 82.65625503111 0.24225887905 
0.142145 82.62265078930 0.23646731238 
0.142652 82.92049207841 0.23911665785 
0.143159 82.89152311487 0.23964747670 
0.143666 82.32725244368 0.24127256712 
0.144172 82.37552254653 0.24435249159 
0.144679 81.90330067578 0.23882463050 
0.145186 82.40723207630 0.24445883234 
0.145692 81.82175935392 0.24245674568 
0.146199 81.87880693839 0.24178974966 
0.146706 82.31070801616 0.23723132678 
0.147213 81.77128526655 0.24922100931 
0.147719 81.69490050731 0.23688203195 
0.148226 81.53692795837 0.24232033318 
0.148733 81.64082500855 0.23754336168 
0.149240 81.35329690395 0.23931972326 
0.149746 81.72912931919 0.23899181479 
0.150253 81.53028983672 0.23999969009 
0.150760 81.47710667651 0.23506708918 
0.151266 81.48238359491 0.24120549026 
0.151773 81.21185307381 0.23931286647 
0.152280 81.03959294010 0.24249190426 
0.152787 81.16770511969 0.24551878538 
0.153293 80.92123541165 0.23671309269 
0.153800 80.89849689121 0.23930774414 
0.154307 80.31832229182 0.24171310865 
0.154813 80.47325013615 0.23644195189 
0.155320 80.39549389443 0.23856866225 
0.155827 80.48950413761 0.24024973090 
0.156334 80.49301305276 0.23932958583 
0.156840 80.41458311026 0.24131633878 
0.157347 80.29815514155 0.24246948202 
0.157854 79.95371272590 0.23015882863 
0.158360 80.14765631450 0.23869150847 
0.158867 80.51711070158 0.24136008798 
0.159374 79.87843345064 0.23856344741 
0.159881 80.14241867494 0.23367466387 
0.160387 80.00092202681 0.23140126913 
0.160894 79.77572786009 0.23465321565 
0.161401 79.62268554639 0.23604586992 
0.161907 79.75307270690 0.23408279633 
0.162414 79.53783292619 0.23408548859 
0.162921 79.75432827898 0.23230735185 
0.163427 79.41601563148 0.23139384530 
0.163934 79.40035217543 0.23196775325 
0.164441 79.61241586695 0.23103869078 
0.164948 79.32055795024 0.22606174650 
0.165454 79.23736841996 0.22970800612 
0.165961 79.26426167015 0.23115125374 
0.166468 79.15443455759 0.23300923477 
0.166974 79.30293329857 0.23259836269 
0.167481 78.78416643154 0.22994341181 
0.167988 79.19591252254 0.22588350817 
0.168495 79.24923200295 0.23082160389 
0.169001 78.93028396149 0.23776048019 
0.169508 79.16635911311 0.23633945010 
0.170015 79.32653562175 0.23969476450 
0.170521 79.09936426963 0.23215592372 
0.171028 79.35270889481 0.23234109587 
0.171535 79.10958334552 0.23166065135 
0.172041 79.12031284176 0.23404128587 
0.172548 78.99320652103 0.23935422693 
0.173055 79.20291005964 0.24384702503 
0.173562 79.21344995036 0.23903928508 
0.174068 78.66728983045 0.24151225647 
0.174575 79.09674240269 0.23332960424 
0.175082 78.59409102785 0.23229257042 
0.175588 78.96087104320 0.24094761048 
0.176095 78.84501788311 0.23518955854 
0.176602 79.00005705806 0.23453927589 
0.177108 78.91310183949 0.23637429543 
0.177615 78.67871750968 0.23777673049 
0.178122 78.41339070893 0.23827040694 
0.178629 78.76456249642 0.23352073789 
0.179135 78.49931533745 0.23701841848 
0.179642 78.76726147737 0.23727040609 
0.180149 78.47968508243 0.23525352697 
0.180655 78.65655193079 0.24370970809 
0.181162 78.31386061029 0.22985695749 
0.181669 78.61163100679 0.23393199799 
0.182175 78.86940966227 0.24201887907 
0.182682 78.82129506399 0.24057533842 
0.183189 78.88365226131 0.24257709241 
0.183695 78.72430054196 0.24162785472 
0.184202 78.18014192678 0.24889703375 
0.184709 78.14751984324 0.24745872480 
0.185216 78.25279824790 0.24029359963 
0.185722 77.87873838241 0.24683779590 
0.186229 77.80645362911 0.24366746450 
0.186736 78.09828302734 0.24663159570 
0.187242 77.83463917823 0.23453796815 
0.187749 77.63647683388 0.24155788451 
0.188256 78.01247490673 0.24796796580 
0.188762 77.70199445005 0.24576319727 
0.189269 77.69999658914 0.24131599547 
0.189776 77.76259199861 0.24911610568 
0.190282 77.37740807426 0.24790502101 
0.190789 77.67313415547 0.24532220805 
0.191296 77.46650701370 0.24601201555 
0.191802 77.17623235322 0.23978285895 
0.192309 77.29940585816 0.23641010923 
0.192816 76.93798647955 0.24075912643 
0.193323 76.62540785610 0.23624120571 
0.193829 76.92782871179 0.23251277387 
0.194336 76.38224295718 0.23576331024 
0.194843 76.34122915782 0.23326383526 
0.195349 76.34293408689 0.23291404418 
0.195856 76.25098044638 0.23358092950 
0.196363 76.50628938379 0.23325710304 
0.196869 76.25746546284 0.23056324916 
0.197376 76.12769445097 0.23289236272 
0.197883 76.39162818721 0.22909932058 
0.198389 76.24533425594 0.22871015604 
0.198896 76.13815124628 0.22519923314 
0.199403 76.06245340273 0.22134569911 
0.199909 75.84815225628 0.22361272204 
0.200416 75.73578319049 0.22200301201 
0.200923 75.70263548475 0.21897064680 
0.201429 75.54581852805 0.22004526232 
0.201936 75.77741519038 0.22342498992 
0.202443 75.89683977366 0.22016077804 
0.202949 75.80920976567 0.22269223777 
0.203456 75.37788141107 0.22463101955 
0.203963 75.50675819273 0.21731994630 
0.204469 75.77303657142 0.21829263679 
0.204976 75.58812075834 0.21663907530 
0.205483 75.60406139937 0.22109581078 
0.205989 75.40338521716 0.21766801627 
0.206496 75.72039850068 0.21519849672 
0.207003 75.41610261771 0.21418183906 
0.207509 75.40468844393 0.21038483613 
0.208016 75.55243673307 0.21342929646 
0.208523 75.12262050746 0.21442146930 
0.209029 74.86556479776 0.21059572194 
0.209536 75.20293349481 0.20907638265 
0.210043 75.17072526681 0.21099112992 
0.210549 75.20460006955 0.20820389774 
0.211056 75.14900434609 0.20973455923 
0.211563 75.02894400415 0.20880190597 
0.212069 74.92750332553 0.20665010366 
0.212576 75.26087299903 0.21364243010 
0.213083 74.62299470556 0.21001724360 
0.213589 74.90850426614 0.20931453371 
0.214096 74.83395630195 0.20480468864 
0.214603 74.78405850995 0.20891817931 
0.215109 74.36983057025 0.20799423669 
0.215616 74.52333977257 0.20460394723 
0.216123 74.35074776968 0.20599312011 
0.216629 74.27586990622 0.20665086672 
0.217136 74.42945846749 0.20881009106 
0.217643 74.06807399508 0.20580364424 
0.218149 74.20613692100 0.20387951789 
0.218656 73.95947614957 0.20599727101 
0.219163 74.15113474084 0.20783397854 
0.219669 74.01219842674 0.20804190600 
0.220176 74.27549909554 0.20539325722 
0.220683 74.08288387983 0.20773133662 
0.221189 74.15643320893 0.20663239708 
0.221696 73.77913340796 0.20403106775 
0.222203 74.06302639386 0.20344189089 
0.222709 73.90172162846 0.20426986918 
0.223216 73.69937800689 0.19935926058 
0.223722 73.96046985756 0.20419782962 
0.224229 73.44334066934 0.20361844415 
0.224736 73.38785978054 0.20560918334 
0.225242 73.48486146983 0.20339821996 
0.225749 73.60629876124 0.20491536761 
0.226256 73.47816650571 0.20244879044 
0.226762 73.54296587780 0.20202409668 
0.227269 73.33036076615 0.20422306195 
0.227776 73.57907726366 0.20357006192 
0.228282 73.26451873445 0.20154703241 
0.228789 73.35146437933 0.20379112879 
0.229296 73.31874093872 0.20200733703 
0.229802 72.91786721859 0.20436064905 
0.230309 73.17006299640 0.20103148734 
0.230816 73.14778833593 0.20048138549 
0.231322 73.23140106313 0.20052300507 
0.231829 72.93500198086 0.19585372254 
0.232335 73.10831282549 0.19984641772 
0.232842 72.76082449393 0.20104559310 
0.233349 73.07571223146 0.20014111029 
0.233855 72.94796088560 0.19672762919 
0.234362 72.81643587100 0.19956218029 
0.234869 72.58562141818 0.19648263468 
0.235375 72.48713811701 0.19476296400 
0.235882 72.66182267419 0.19713753111 
0.236389 72.62826227185 0.19957829879 
0.236895 72.77214473237 0.20062663680 
0.237402 72.27654401152 0.19763528333 
0.237908 72.46315381604 0.19945674066 
0.238415 72.55147582203 0.20026851153 
0.238922 72.43526066855 0.19484464842 
0.239428 72.44326793766 0.20181296619 
0.239935 72.08549035754 0.19878438971 
0.240442 72.41214234780 0.19633806694 
0.240948 71.99841783324 0.20110056977 
0.241455 71.82241120248 0.20096736144 
0.241962 71.84409025665 0.19720219699 
0.242468 71.95834772768 0.19613899434 
0.242975 72.05371826280 0.19606746420 
0.243481 71.80489063812 0.19853775804 
0.243988 71.71032315748 0.19393357086 
0.244495 71.87063171726 0.20099159308 
0.245001 71.92459027573 0.19872090128 
0.245508 71.83766830732 0.19435491772 
0.246015 71.89079928118 0.19675245036 
0.246521 71.71463904136 0.19586676530 
0.247028 71.61393580373 0.19565213872 
0.247534 71.48131039333 0.19721224067 
0.248041 71.47188504239 0.19579631689 
0.248548 71.23509036971 0.19602925117 
0.249054 71.52691442885 0.19345108711 
0.249561 71.46556839566 0.19583460302 
0.250068 71.28077039201 0.19809574617 
0.250574 71.33412694898 0.19675460963 
0.251081 71.39624727488 0.19936944186 
0.251587 71.27419604378 0.19698780121 
0.252094 71.16749113853 0.19891340784 
0.252601 71.05862854488 0.19758909796 
0.253107 71.02468494156 0.19461183430 
0.253614 70.84800523111 0.19742226405 
0.254120 70.97108088622 0.19615251107 
0.254627 70.93411607715 0.19536477435 
0.255134 71.02457470122 0.19655283771 
0.255640 70.83670134509 0.19805296796 
0.256147 70.94099252443 0.19551930689 
0.256654 70.70603850446 0.19845989278 
0.257160 71.22941022516 0.19723551701 
0.257667 71.20661350014 0.19490907385 
0.258173 71.14679120119 0.19673279146 
0.258680 71.14925920699 0.19256280533 
0.259187 71.40402734254 0.19702149260 
0.259693 71.50383588225 0.19296167444 
0.260200 71.40232664038 0.19914483827 
0.260706 71.62722033963 0.19303169533 
0.261213 71.44040682213 0.19577685373 
0.261720 71.43897333987 0.19314898004 
0.262226 71.59481197863 0.19092644945 
0.262733 71.63946913580 0.19257689070 
0.263239 71.76201437781 0.19404838734 
0.263746 71.89080271969 0.19132310095 
0.264253 71.50090835095 0.19380566235 
0.264759 71.59306111599 0.19240823370 
0.265266 71.41557511620 0.19408672025 
0.265772 71.46547748676 0.19012857437 
0.266279 71.60364056594 0.19255499970 
0.266786 71.76232587336 0.19036013098 
0.267292 71.85361709949 0.19126114466 
0.267799 71.56790880161 0.19028457473 
0.268305 71.77872608699 0.18530495094 
0.268812 71.79298472615 0.19019619333 
0.269319 71.82931294186 0.18779685284 
0.269825 71.72148226323 0.18868062349 
0.270332 71.76018525139 0.19308384928 
0.270838 72.00987056030 0.19000752892 
0.271345 71.96659047470 0.19066466735 
0.271852 71.81862897842 0.19082535163 
0.272358 72.07895269941 0.19016848630 
0.272865 72.35831090507 0.19076177826 
0.273371 72.62244244636 0.19354194899 
0.273878 72.19657625899 0.19007262840 
0.274385 72.29622455697 0.19110634226 
0.274891 72.44947336921 0.18960087502 
0.275398 72.45269352811 0.19028750047 
0.275904 72.18241354054 0.18252536768 
0.276411 72.49936105967 0.18706670064 
0.276917 72.40824772740 0.18314442763 
0.277424 72.16532362544 0.18445244023 
0.277931 72.01983006703 0.18328727282 
0.278437 72.10633515887 0.18308130658 
0.278944 72.23716016308 0.18191342922 
0.279450 72.10187765879 0.18410454265 
0.279957 72.11892064271 0.18224294380 
0.280464 72.20195263943 0.18301441055 
0.280970 72.01825133306 0.18215712661 
0.281477 72.29394367653 0.17959317179 
0.281983 72.22064382673 0.17977298506 
0.282490 72.41066367738 0.18534579548 
0.282996 72.20256961010 0.18246211363 
0.283503 71.91737325306 0.18029380567 
0.284010 71.90817577946 0.18242229671 
0.284516 72.02544069366 0.17811419111 
0.285023 71.86611698885 0.18055769137 
0.285529 71.57552897420 0.17443618965 
0.286036 71.92408635457 0.17697151303 
0.286542 71.78182737895 0.17237458748 
0.287049 71.58677783469 0.17097682797 
0.287556 71.32626982761 0.17409865502 
0.288062 71.36638715315 0.17010200765 
0.288569 71.21859737368 0.17194730335 
0.289075 71.00992908954 0.17069610544 
0.289582 71.51181176976 0.17118229444 
0.290088 71.17481339914 0.16678802510 
0.290595 71.15890331551 0.17063984719 
0.291102 70.94693990663 0.16730553084 
0.291608 71.28992786608 0.16846788030 
0.292115 71.06939816052 0.16758566085 
0.292621 71.09931751299 0.16564474418 
0.293128 71.24380475490 0.16783136705 
0.293634 71.07558544972 0.16357259025 
0.294141 71.33065916966 0.16642358281 
0.294647 71.06327405154 0.17101252928 
0.295154 70.95245596882 0.16898527565 
0.295661 70.85327344673 0.16368408103 
0.296167 70.50658676504 0.16414681884 
0.296674 70.90308334813 0.16585788247 
0.297180 70.83922038933 0.16735702733 
0.297687 70.55515000789 0.16427708791 
0.298193 70.65299629587 0.16338433217 
0.298700 70.63260707463 0.16086753078 
0.299207 70.38806738503 0.16549483704 
0.299713 70.40378366714 0.16660457628 
0.300220 70.18954620906 0.16596521609 
0.300726 70.48253312756 0.16395741923 
0.301233 70.43261893193 0.16169092514 
0.301739 70.40101835393 0.16153688620 
0.302246 70.35167104049 0.16451362801 
0.302752 70.30949046742 0.16127339668 
0.303259 70.45545854243 0.16345178024 
0.303765 70.16665211346 0.16396051869 
0.304272 70.18462641714 0.15768243657 
0.304779 70.06415420301 0.16048602710 
0.305285 70.08122280340 0.15807791413 
0.305792 70.12746104057 0.16275028349 
0.306298 69.94556215658 0.16130826941 
0.306805 70.04381955607 0.16584887339 
0.307311 70.13455397762 0.15715995005 
0.307818 69.84345749789 0.15749625134 
0.308324 69.68883577139 0.15320910490 
0.308831 69.56095191795 0.15447793835 
0.309337 69.52163313780 0.15267896457 
0.309844 69.42000011902 0.15211366347 
0.310350 69.06660626356 0.15125409466 
0.310857 68.79607918670 0.15033562547 
0.311364 68.65356091310 0.15214564897 
0.311870 68.46285531624 0.15319979942 
0.312377 68.13224189729 0.14861296095 
0.312883 68.38852771668 0.14610109015 
0.313390 68.01300859896 0.14736099368 
0.313896 68.00116221490 0.14512480997 
0.314403 67.68626106754 0.14453304294 
0.314909 67.65482650978 0.14426258270 
0.315416 67.69504984338 0.14538189225 
0.315922 67.19876798264 0.14642213482 
0.316429 67.11804103428 0.14254564058 
0.316935 67.14618098793 0.14025686503 
0.317442 67.22122692514 0.13918095632 
0.317948 67.31010241099 0.14211639792 
0.318455 67.24996461486 0.13955751055 
0.318961 66.67852707463 0.14102275095 
0.319468 66.94697810833 0.14188011589 
0.319975 66.76110211008 0.14184150216 
0.320481 66.73376164442 0.14003431441 
0.320988 66.98582692927 0.14350397091 
0.321494 66.68697243901 0.13775704868 
0.322001 66.59655156643 0.16075287067 
0.322507 66.71577464254 0.13847631645 
0.323014 66.73937850198 0.13868523066 
0.323520 66.44527600402 0.14442470729 
0.324027 66.53706747273 0.14297536307 
0.324533 66.49487023659 0.14225663374 
0.325040 66.31453151354 0.13961082117 
0.325546 66.31591241779 0.13829712126 
0.326053 66.17712422326 0.13870681174 
0.326559 66.18892962746 0.13839543660 
0.327066 66.33538002748 0.13556862493 
0.327572 66.23499510741 0.13828301722 
0.328079 66.26066907529 0.13987411931 
0.328585 66.29643231441 0.14032494334 
0.329092 65.86174324528 0.13822243189 
0.329598 66.26095718660 0.13784393756 
0.330105 66.10390871914 0.13709105534 
0.330611 66.06906324962 0.13992005089 
0.331118 65.82989893848 0.13794640806 
0.331624 65.97092626909 0.13796180532 
0.332131 66.08422078624 0.13639809050 
0.332637 65.80113440569 0.13690694393 
0.333144 66.16170210998 0.13912100458 
0.333650 65.46756614718 0.13782460084 
0.334157 65.92363245052 0.13685159909 
0.334663 65.80030154825 0.14081239600 
0.335170 65.46166235921 0.14099956835 
0.335676 65.58862337201 0.13889244205 
0.336183 65.63507764268 0.13612986533 
0.336689 65.46755769463 0.13827127966 
0.337196 65.57042570351 0.13831623204 
0.337702 65.32032985596 0.13526283395 
0.338209 65.55824210293 0.13649338960 
0.338715 65.56596229131 0.13601635124 
0.339222 65.25818541948 0.13989845778 
0.339728 65.19022896555 0.13995629724 
0.340235 65.41525124021 0.20514455252 
0.340741 65.02345333341 0.14087603260 
0.341248 65.14517200167 0.13520972340 
0.341754 65.30508850661 0.13974840572 
0.342261 65.39539692931 0.14119906401 
0.342767 65.01253950859 0.14223300068 
0.343274 65.26235528415 0.14032676796 
0.343780 65.22507166594 0.13688959551 
0.344287 65.45088577775 0.14159675162 
0.344793 65.19391255380 0.13903157472 
0.345300 65.15433551878 0.13864514624 
0.345806 64.87756028699 0.14122828361 
0.346313 65.11448681451 0.14256143273 
0.346819 64.83061723843 0.14184745657 
0.347325 65.05891274816 0.14283810351 
0.347832 65.07397065859 0.14259402967 
0.348338 64.77250237821 0.14427203136 
0.348845 65.12217620840 0.14633306386 
0.349351 64.71863027800 0.15082215299 
0.349858 64.70493287997 0.15078225470 
0.350364 64.75124621388 0.14356304022 
0.350871 64.65219681496 0.14920510052 
0.351377 64.74301715006 0.14971635403 
0.351884 64.62218860724 0.14954689364 
0.352390 64.57563324781 0.15015890279 
0.352897 64.35638874715 0.14812612197 
0.353403 64.16725201181 0.14791642170 
0.353910 64.23856000476 0.14564625845 
0.354416 64.08690565022 0.15119999417 
0.354923 64.10249648235 0.15219708757 
0.355429 64.20083704707 0.15044484800 
0.355935 64.31591617178 0.15188047900 
0.356442 64.08615973496 0.15519296171 
0.356948 63.84681820485 0.15235497725 
0.357455 63.99422838781 0.15344119869 
0.357961 63.93310231783 0.15428139478 
0.358468 63.74306837978 0.15331551760 
0.358974 63.66578111861 0.22195347933 
0.359481 63.63549328339 0.20496926738 
0.359987 63.70822969913 0.19918986807 
0.360494 63.76570757868 0.18765818054 
0.361000 63.76523698912 0.18610858158 
0.361506 63.70374236747 0.18561356165 
0.362013 63.97257133991 0.18802868200 
0.362519 63.72782157503 0.18428785352 
0.363026 63.52570399149 0.18434463825 
0.363532 63.75632295613 0.18714654811 
0.364039 63.58648516554 0.18230890159 
0.364545 63.75976378158 0.17980475400 
0.365052 63.90779174150 0.18691734758 
0.365558 63.77469509820 0.18408172627 
0.366064 63.53255069744 0.18300419396 
0.366571 63.72619529627 0.18633706913 
0.367077 63.82410291021 0.18343935337 
0.367584 63.51699570211 0.18637926007 
0.368090 63.68157277150 0.18317406879 
0.368597 63.59329501632 0.18753140734 
0.369103 63.66141543369 0.18776822777 
0.369610 63.63412477998 0.18685396356 
0.370116 63.57972475289 0.18885145793 
0.370622 63.90665808359 0.18760276132 
0.371129 63.70509032048 0.19793538270 
0.371635 63.62369013101 0.19272432832 
0.372142 63.50051716656 0.19376627926 
0.372648 63.49886244627 0.19372548684 
0.373155 63.55665633203 0.19654162530 
0.373661 63.66948962622 0.19350467246 
0.374167 63.49682668730 0.19759874462 
0.374674 63.42754092418 0.19679952784 
0.375180 63.43664481429 0.19443442294 
0.375687 63.38425300453 0.19811525298 
0.376193 63.34541195970 0.19779295581 
0.376700 63.35390550779 0.19749137473 
0.377206 63.17289631686 0.20140464835 
0.377712 63.33299106975 0.20026671024 
0.378219 63.17043484532 0.20710986645 
0.378725 63.72501391051 0.20391890140 
0.379232 63.21595205429 0.20437827293 
0.379738 63.40109850877 0.20488123204 
0.380245 63.02790327425 0.21042659363 
0.380751 63.26838974361 0.20857192334 
0.381257 63.42047323972 0.20589418366 
0.381764 63.47498109685 0.20982623428 
0.382270 63.03087111648 0.21242368161 
0.382777 63.20393344032 0.21279107189 
0.383283 63.21841663270 0.21022317907 
0.383789 63.35873233699 0.20554990737 
0.384296 63.12622075048 0.21149171590 
0.384802 63.05357400023 0.21118844345 
0.385309 63.34473853600 0.20612714468 
0.385815 63.08368850057 0.21282192839 
0.386321 62.95224789304 0.20954966128 
0.386828 62.99998470506 0.21377855684 
0.387334 62.94473074831 0.21183793134 
0.387841 62.99501370742 0.21546561789 
0.388347 63.21841241531 0.20985854675 
0.388853 63.20807098328 0.21808686650 
0.389360 62.87521162913 0.21786771082 
0.389866 63.13473939663 0.21801890671 
0.390373 63.32250415209 0.22265261061 
0.390879 62.67917031994 0.21621949281 
0.391385 62.73690542033 0.21622176158 
0.391892 62.73648385677 0.21746223609 
0.392398 62.59070462601 0.22010389732 
0.392905 62.62700410501 0.21798490153 
0.393411 62.85369043742 0.22389066617 
0.393917 62.55517997217 0.22279018487 
0.394424 62.99399405119 0.22650673126 
0.394930 62.73799571942 0.22716999327 
0.395437 62.67618145626 0.22647818558 
0.395943 62.40893717243 0.22907026198 
0.396449 62.75624403513 0.36112676727 
0.396956 62.52366268277 0.22469173278 
0.397462 62.63170358086 0.23417509690 
0.397969 62.44541401943 0.23296957547 
0.398475 62.59581265042 0.23624353204 
0.398981 62.46916422236 0.23455310456 
0.399488 62.70439496252 0.23979890644 
0.399994 62.42921424063 0.24079385797 
0.400500 62.37666631291 0.24253025187 
0.401007 62.60309573320 0.24200384181 
0.401513 62.35035585187 0.24421566194 
0.402020 62.20009768331 0.24122389311 
0.402526 62.13261462083 0.24761349027 
0.403032 62.71114818354 0.24595589305 
0.403539 62.44906846284 0.25725123445 
0.404045 62.18358937351 0.24823574659 
0.404551 62.26805990531 0.26106167653 
0.405058 62.44440493315 0.26617507428 
0.405564 62.22766970070 0.25450576558 
0.406071 62.43063048284 0.25734145045 
0.406577 62.27513901641 0.25431934032 
0.407083 62.10454896571 0.25951393448 
0.407590 62.05872577142 0.27616659795 
0.408096 62.46737865137 0.27253822512 
0.408602 62.40184425137 0.28066724555 
0.409109 62.07170944371 0.25992096757 
0.409615 62.10505550306 0.27085743970 
0.410121 62.38870415940 0.25507787821 
0.410628 61.65160729327 0.26379613181 
0.411134 62.00764478214 0.26973189028 
0.411641 62.22244827231 0.27273499031 
0.412147 62.04311155334 0.26512216995 
0.412653 61.59713362615 0.26966503422 
0.413160 62.12139799273 0.26285030376 
0.413666 62.13137927675 0.27312333356 
0.414172 61.82285757259 0.28271143207 
0.414679 62.24745785843 0.27669842194 
0.415185 62.12350780631 0.28424706061 
0.415691 62.20701857424 0.27710855419 
0.416198 61.73535803610 0.28548727931 
0.416704 61.95637572282 0.27908899023 
0.417210 61.93097222262 0.28650901958 
0.417717 62.08658668761 0.28850364853 
0.418223 62.15229256833 0.27480354251 
0.418729 62.62948106970 0.28647490257 
0.419236 62.22454419316 0.27854503906 
0.419742 61.91979247696 0.27723363093 
0.420248 61.43849768861 0.27786448093 
0.420755 61.96256933913 0.27919066838 
0.421261 61.77231664901 0.28178930873 
0.421767 61.70978169223 0.28082748216 
0.422274 61.79116849507 0.27907115309 
0.422780 61.69808344817 0.27269362197 
0.423286 61.72821017523 0.27909163207 
0.423793 61.65637979982 0.27409955806 
0.424299 61.88050120509 0.28599974648 
0.424805 61.93845536774 0.27383897166 
0.425312 61.52291985490 0.29970178979 
0.425818 61.71783952378 0.28958711772 
0.426324 61.78250178414 0.30866802571 
0.426831 61.90477124009 0.30069892417 
0.427337 61.86102822817 0.29484424042 
0.427843 61.43578570179 0.29152438142 
0.428350 61.89489317146 0.30594419602 
0.428856 61.84231893992 0.30954024555 
0.429362 61.43404673474 0.29662292678 
0.429869 61.78563449381 0.31513822055 
0.430375 61.40946741909 0.31878112444 
0.430881 61.50569475505 0.31678438526 
0.431388 61.82876554551 0.32059556971 
0.431894 61.47255170857 0.31354912394 
0.432400 61.53450871108 0.32553705978 
0.432907 61.99633616409 0.32285494068 
0.433413 61.07342703434 0.33413610823 
0.433919 61.33237416157 0.32652826115 
0.434425 61.59856025010 0.32870382350 
0.434932 61.31077371617 0.33774515127 
0.435438 61.25691094438 0.35211739137 
0.435944 61.48692622836 0.33276355891 
0.436451 61.21420467055 0.34363272063 
0.436957 61.52386895382 0.34971612564 
0.437463 61.49177441593 0.36679440748 
0.437970 61.39297732147 0.35222890349 
0.438476 61.19971023579 0.35738880133 
0.438982 61.76887445295 0.36902319471 
0.439489 61.14453741379 0.37488879860 
0.439995 60.91187409251 0.36521293898 
0.440501 61.34503348471 0.37066242277 
0.441007 61.64045126724 0.37692493802 
0.441514 61.14776368683 0.38603830295 
0.442020 61.31476883023 0.38348479009 
0.442526 60.53686418656 0.39229769732 
0.443033 60.81522809860 0.39451538291 
0.443539 60.76570190374 0.38798487024 
0.444045 61.14265943942 0.39250290132 
0.444551 61.00941588093 0.42172085714 
0.445058 60.76195081677 0.41647290663 
0.445564 60.76104537257 0.44856758586 
0.446070 61.20703717670 0.45714257301 
0.446577 61.17456436105 0.42231414714 
0.447083 60.79000625734 0.44931378275 
0.447589 60.79280067905 0.45850641843 
0.448095 60.63828086654 0.46655037796 
0.448602 60.71339650866 0.48245586511 
0.449108 60.49304048772 0.48214734663 
0.449614 60.59298221022 0.48307498021 
0.450121 60.30038396164 0.49289994371 
0.450627 60.06291324006 0.53199679307 
0.451133 60.09953806444 0.49739693729 
0.451639 60.49921622628 0.53061631785 
0.452146 60.74308574897 0.55192134600 
0.452652 60.50471908418 0.56561035185 
0.453158 60.43207617124 0.57634973472 
0.453664 60.00238080723 0.57058685628 
0.454171 60.74325225109 0.59742862211 
0.454677 60.13487362028 0.59440377647 
0.455183 60.19948117247 0.63503925292 
0.455689 60.52884405657 0.63198836781 
0.456196 60.16786718869 0.64736355498 
0.456702 60.38071032705 0.66654565664 
0.457208 60.75921581152 0.68142697216 
0.457714 60.00631667726 0.76952976400 
0.458221 61.26753020162 0.77289309958 
0.458727 60.38471567439 0.75280080667 
0.459233 58.94096552751 0.80590383849 
0.459740 60.81432267014 0.86474774455 
0.460246 60.34478722188 0.87973868249 
0.460752 61.06642899193 0.97142907880 
0.461258 61.39209325443 1.03413167614 
0.461765 60.43576781108 1.10393840790 
0.462271 60.69897446786 1.04464234102 
0.462777 59.99746965657 1.22867568371 
0.463283 59.06262191741 1.26542003578 
0.463789 60.14962832510 1.34855370508 
0.464296 60.77696751203 1.37528570871 
0.464802 59.68428150296 1.37972570310 
0.465308 58.75145223111 1.56054505327 
0.465814 62.16437151253 1.72566240240 
0.466321 58.94457952724 1.71840376056 
0.466827 60.05933023071 1.82807518145 
0.467333 58.82968372038 1.93503882546 
0.467839 60.12966222047 2.03600442163 
0.468346 59.34654059913 2.30379792731 
0.468852 59.71350033728 2.54134963159 
0.469358 58.91887877923 2.87618986474 
0.469864 58.82047065713 2.85601356259 
0.470371 58.60141309485 3.81535654367 
0.470877 57.91957628138 4.34896187945 
0.471383 59.41536361754 5.91837347902 
0.471889 54.65193979195 7.07356883000 
0.472395 55.05789071650 6.05525355001 
0.472902 50.73024479927 12.05049550256 
