0.010896 1341.75954180114 11.52578948819 
0.011402 1195.91298133548 11.97360431665 
0.011909 1081.27898840113 11.04387216854 
0.012416 978.25856027122 9.59738636396 
0.012923 877.29247024194 8.49035620380 
0.013430 814.76896293541 11.52843109110 
0.013936 779.33711143397 8.61022669419 
0.014443 730.27343527478 7.49317062927 
0.014950 677.40942176666 6.68436492475 
0.015457 622.04488512832 5.17765180324 
0.015963 575.17250372914 4.94352817788 
0.016470 540.23444652920 4.12673363216 
0.016977 505.46922121165 3.72064076996 
0.017484 470.62764179221 3.31405000583 
0.017990 450.07560461916 2.99407860259 
0.018497 421.42698439473 2.72357993901 
0.019004 399.24885275019 2.30162623562 
0.019511 377.35672486730 2.27991404311 
0.020018 359.14370979036 2.19857846040 
0.020524 342.20087484763 1.96444937008 
0.021031 325.96981456287 1.84105888069 
0.021538 312.66642144841 1.70469628175 
0.022045 300.49896988901 1.68404944005 
0.022551 290.90065494471 1.64644191380 
0.023058 275.31847030735 1.48423246061 
0.023565 266.40719128130 1.63475262247 
0.024072 256.85746422009 1.72993475345 
0.024579 250.30370716355 1.64662106688 
0.025085 243.46934621761 2.11332301571 
0.025592 235.87114796472 2.16060401204 
0.026099 228.94087822094 2.17256903892 
0.026606 221.89259237748 1.65438943670 
0.027112 216.01399169880 1.83850126760 
0.027619 211.68372029544 1.51908008016 
0.028126 207.24838585551 1.55319003549 
0.028633 202.32104486970 1.34885947357 
0.029139 197.72562498967 1.14658567821 
0.029646 193.01177396646 1.12672919798 
0.030153 188.44557546604 1.14048976607 
0.030660 185.76032280817 1.08168960906 
0.031167 181.19823088527 0.92493666402 
0.031673 179.20539087567 0.89300378856 
0.032180 176.15945393850 0.93549725032 
0.032687 172.19712712603 0.85131300501 
0.033194 170.71543481092 0.84718403428 
0.033700 166.49130782330 0.75675850035 
0.034207 165.27805640012 0.71199122423 
0.034714 162.02956987149 0.77750491529 
0.035221 160.07034295387 0.71167692661 
0.035727 157.15051744083 0.67126240063 
0.036234 155.79063011810 0.67822666101 
0.036741 155.72647470534 0.68086233098 
0.037248 152.32532554928 0.67147342654 
0.037755 151.23375251758 0.63225798414 
0.038261 148.36557872601 0.61832174035 
0.038768 147.19662479066 0.59197146229 
0.039275 145.26348928674 0.58621862976 
0.039782 144.16580585683 0.57206287742 
0.040288 141.54296395353 0.60111634896 
0.040795 141.74180525543 0.57391983015 
0.041302 140.32953309599 0.54883298812 
0.041809 138.76350731161 0.54426120326 
0.042315 137.83228167208 0.58884859424 
0.042822 135.92793532700 0.53186072568 
0.043329 133.97881147057 0.52778917248 
0.043836 133.28731915223 0.55637747529 
0.044343 132.50234824015 0.52606122244 
0.044849 131.68802133251 0.53914003359 
0.045356 130.39733758152 0.52465089988 
0.045863 129.99442455717 0.50064223757 
0.046370 128.93396151111 0.49664630085 
0.046876 128.62578437268 0.49012557217 
0.047383 127.42428460804 0.49474619610 
0.047890 126.14310378172 0.47105599361 
0.048397 125.63930335795 0.47849163591 
0.048903 124.55171430254 0.47616087052 
0.049410 123.28337481726 0.47338123436 
0.049917 123.13550802928 0.48405925896 
0.050424 122.67286471643 0.49028976814 
0.050931 121.74808909195 0.44338881728 
0.051437 120.74547425290 0.43758770766 
0.051944 120.37152477850 0.45553003351 
0.052451 119.76263170246 0.44007816747 
0.052958 119.34752035659 0.45140606303 
0.053464 117.78207121679 0.45626006983 
0.053971 117.27900187315 0.44204241205 
0.054478 116.36081027747 0.45730079987 
0.054985 116.11261424452 0.44607970259 
0.055491 114.43290985928 0.43465699758 
0.055998 113.65886799546 0.45419087009 
0.056505 114.36597538677 0.42479015670 
0.057012 113.35838391474 0.43974653183 
0.057519 113.14119699331 0.43056281334 
0.058025 112.22341647283 0.41650241887 
0.058532 111.44502739367 0.40378554729 
0.059039 111.42733465132 0.41701617103 
0.059546 111.08374209637 0.42636497990 
0.060052 109.71414699373 0.42754643902 
0.060559 109.61614491634 0.38657608262 
0.061066 109.33902869228 0.38985888853 
0.061573 109.22973555269 0.41386980511 
0.062079 108.80181792564 0.40360332319 
0.062586 108.41030027641 0.39872306794 
0.063093 107.88885531615 0.39264131385 
0.063600 107.00015551225 0.39691846965 
0.064106 106.72418356857 0.37800460070 
0.064613 106.13736227822 0.41157694881 
0.065120 106.15349173859 0.38389329218 
0.065627 105.09972188654 0.39404257375 
0.066134 105.16063945718 0.37153395151 
0.066640 104.46729645483 0.37257197076 
0.067147 104.25276071602 0.38311049377 
0.067654 103.82387347779 0.36141198540 
0.068161 103.29796413317 0.37093315832 
0.068667 103.60804087190 0.36530425187 
0.069174 103.06093836959 0.37494999352 
0.069681 102.46703111566 0.36786840411 
0.070188 102.30122766843 0.36192677532 
0.070694 102.08467696377 0.36662198479 
0.071201 101.23227170211 0.36721164919 
0.071708 101.57117427936 0.35405733456 
0.072215 101.41258814041 0.35476059083 
0.072721 100.65625312820 0.34969621893 
0.073228 100.07703745203 0.34161949196 
0.073735 100.39358726131 0.35298743046 
0.074242 99.55523933282 0.34151711152 
0.074748 99.43748569478 0.33733671324 
0.075255 99.67128363054 0.33695681393 
0.075762 99.06248573114 0.34221520956 
0.076269 98.90182822646 0.34481437235 
0.076776 98.82297867771 0.33595180182 
0.077282 98.11458484268 0.34312205972 
0.077789 98.20664789207 0.32862169663 
0.078296 97.89778688145 0.33124719554 
0.078803 97.42510121362 0.32451998101 
0.079309 97.42245699042 0.32892853802 
0.079816 97.81851645175 0.34503866702 
0.080323 97.17868624864 0.33370925661 
0.080830 97.36152959359 0.33346630225 
0.081336 97.43646982472 0.34472618897 
0.081843 96.93052218506 0.32711698282 
0.082350 96.23433777081 0.34232055965 
0.082857 96.54344437849 0.33762686776 
0.083363 96.57180002074 0.34636588761 
0.083870 96.04807354118 0.32911024292 
0.084377 96.73894461717 0.33890516240 
0.084884 95.89231817385 0.32682873798 
0.085390 95.88011685680 0.33240613221 
0.085897 96.12883068724 0.33579861706 
0.086404 95.63711471359 0.33742609365 
0.086911 94.90226225888 0.34269729234 
0.087417 95.21829647974 0.34032772661 
0.087924 94.56662945545 0.31937189667 
0.088431 94.78306048448 0.33221485272 
0.088938 94.87250169709 0.31963080603 
0.089444 94.16841739461 0.33235638246 
0.089951 94.47681240356 0.32974548997 
0.090458 93.94993571672 0.33525768921 
0.090965 94.04089006285 0.33250290426 
0.091471 93.86220700210 0.32808452352 
0.091978 94.04210596098 0.32854946999 
0.092485 92.51365422255 0.34850239767 
0.092992 93.06558868660 0.33702143990 
0.093498 92.98952567652 0.34088175801 
0.094005 93.03617890285 0.33492635686 
0.094512 92.79090958681 0.33895987611 
0.095019 92.82144427921 0.32961968713 
0.095525 92.78232912633 0.32950311168 
0.096032 92.16024224958 0.33728246939 
0.096539 92.51709063147 0.32900723475 
0.097046 91.98638230854 0.33529238481 
0.097552 92.31485319862 0.33246365012 
0.098059 91.95149001829 0.33429472637 
0.098566 91.50296158540 0.32593076565 
0.099073 92.07379295969 0.32944864907 
0.099579 91.31340232398 0.30062460258 
0.100086 91.84136787259 0.32471619043 
0.100593 90.96336829649 0.31702472853 
0.101100 91.20596878944 0.31471161314 
0.101606 91.22027170844 0.31088408464 
0.102113 89.66923281858 0.30448931395 
0.102620 89.27901776918 0.28903584645 
0.103127 89.24719570251 0.30131528904 
0.103633 88.73139337869 0.30386791798 
0.104140 88.19170119182 0.29567504413 
0.104647 88.94385124368 0.29934444266 
0.105154 88.67799476097 0.30091809915 
0.105660 88.32960135776 0.31030095113 
0.106167 88.11338720880 0.30430123120 
0.106674 88.39149124599 0.30135432549 
0.107181 88.34438623397 0.30194639852 
0.107687 87.52848905758 0.29546994860 
0.108194 87.88723474751 0.30259061780 
0.108701 87.64346999282 0.29773168322 
0.109208 87.84997968296 0.29613713118 
0.109714 87.40908912406 0.28634586934 
0.110221 87.34276619655 0.28999673035 
0.110728 87.19570683787 0.29087155207 
0.111235 87.32486452715 0.28353943448 
0.111741 87.26889703721 0.28919598580 
0.112248 87.12064121676 0.28511107750 
0.112755 86.97553200060 0.27646472040 
0.113262 87.14053698097 0.28015012918 
0.113768 86.75494341662 0.27454992899 
0.114275 86.65829824648 0.27896629256 
0.114782 86.83407363842 0.27878947532 
0.115289 86.72959888388 0.28155834490 
0.115795 86.45401170785 0.27205862647 
0.116302 86.14149958669 0.27337789823 
0.116809 86.29447296587 0.27819323485 
0.117316 86.35957381618 0.27676312381 
0.117822 86.04745149229 0.27354114209 
0.118329 86.30362985385 0.27560036575 
0.118836 85.92545008941 0.26218066307 
0.119342 85.99908934633 0.26225154653 
0.119849 85.41263589941 0.25790295314 
0.120356 85.70708166749 0.25656841575 
0.120863 85.78600135301 0.27162246576 
0.121369 85.58177372281 0.26890342519 
0.121876 85.25258394892 0.26839098138 
0.122383 85.40669087129 0.26508052848 
0.122890 85.15963389810 0.27707517959 
0.123396 85.32463543149 0.26382404805 
0.123903 84.96925067886 0.25931250680 
0.124410 85.23920170233 0.25810276023 
0.124917 85.06415117109 0.26407754881 
0.125423 84.87928981907 0.25987364995 
0.125930 84.96761406010 0.25792764651 
0.126437 84.48765532873 0.25799516279 
0.126944 84.84113495037 0.25752221038 
0.127450 84.51386738349 0.25574015823 
0.127957 84.30266691889 0.25882790343 
0.128464 84.55677755038 0.25701119651 
0.128970 83.95017354330 0.24840606817 
0.129477 84.43179155317 0.25543089996 
0.129984 84.61964651825 0.24550294859 
0.130491 84.05911605428 0.25050221600 
0.130997 84.04925542424 0.24432815673 
0.131504 84.28362148080 0.25610071347 
0.132011 84.01166109437 0.24650489989 
0.132518 84.06047226987 0.24652046433 
0.133024 83.83397158593 0.24518233564 
0.133531 83.83519535554 0.24925821412 
0.134038 83.88304827210 0.24151705711 
0.134545 84.09539608002 0.24235882843 
0.135051 83.35927931936 0.25103219986 
0.135558 83.55607359078 0.24273007020 
0.136065 83.58069544994 0.24921543934 
0.136571 83.41256918410 0.24592357067 
0.137078 83.56851734266 0.25109225593 
0.137585 83.63126268402 0.23946101073 
0.138092 83.19959164195 0.24241709418 
0.138598 83.16269135439 0.25205546500 
0.139105 83.39621707525 0.24335458678 
0.139612 83.27886978813 0.24176630457 
0.140119 82.60927435486 0.24174732481 
0.140625 82.84374813137 0.24301676215 
0.141132 82.96677228332 0.24327035706 
0.141639 82.74826712837 0.24141654187 
0.142145 82.46362370465 0.23704175609 
0.142652 82.44063326584 0.24317362828 
0.143159 82.11779291162 0.23858485385 
0.143666 82.42864928570 0.24148419504 
0.144172 82.06865112901 0.24642126759 
0.144679 82.07900444727 0.24622231208 
0.145186 81.65316415226 0.24512172115 
0.145692 81.81866976458 0.24004116617 
0.146199 82.13849336517 0.23880835908 
0.146706 81.93913231297 0.23955110686 
0.147213 81.67842582868 0.24051467599 
0.147719 81.56209923160 0.24319816996 
0.148226 81.58301017950 0.23980768522 
0.148733 81.67464458070 0.25053788692 
0.149240 81.50350723422 0.23927767660 
0.149746 81.33383078132 0.24183305591 
0.150253 81.45100625663 0.23902739131 
0.150760 81.23128638087 0.23695322297 
0.151266 81.09409129002 0.24063308946 
0.151773 80.88070948472 0.23969345475 
0.152280 80.94294669576 0.23171239430 
0.152787 80.82062127322 0.23900286136 
0.153293 81.07568282334 0.23842607589 
0.153800 80.74031520934 0.23342470019 
0.154307 80.58345559760 0.23868540770 
0.154813 80.61951952009 0.23252317482 
0.155320 80.26018982882 0.23558795061 
0.155827 80.46115899189 0.23559241482 
0.156334 80.36482643146 0.23692122368 
0.156840 80.17214356306 0.23705380299 
0.157347 80.07575345018 0.23975589088 
0.157854 79.99654088006 0.23600382743 
0.158360 79.74170221382 0.23507640265 
0.158867 80.04489084948 0.23260034169 
0.159374 79.92580047432 0.23865777417 
0.159881 80.21179301475 0.24104659842 
0.160387 79.47474379655 0.23244211514 
0.160894 79.79127568732 0.23555849950 
0.161401 79.84528899459 0.23063319511 
0.161907 79.59704783796 0.24504983163 
0.162414 79.52112089736 0.23186774695 
0.162921 79.73937872061 0.23690212084 
0.163427 79.08882403646 0.24161799784 
0.163934 79.20072588329 0.23178495384 
0.164441 79.24164534695 0.23715527341 
0.164948 79.22875196748 0.23300791405 
0.165454 79.22108622679 0.23504802344 
0.165961 79.14930316637 0.22879013062 
0.166468 79.00619273320 0.23009068703 
0.166974 78.66926308625 0.23103966669 
0.167481 78.73579942093 0.22990152621 
0.167988 79.05369544048 0.22472657598 
0.168495 78.94172217186 0.23326209466 
0.169001 79.28086477801 0.24147140269 
0.169508 78.76887566068 0.23470280152 
0.170015 79.39158589209 0.23503463179 
0.170521 79.41977041611 0.23295645518 
0.171028 78.80856135499 0.23342489981 
0.171535 78.82155381457 0.23207416429 
0.172041 79.12790138732 0.23106593450 
0.172548 78.72065283339 0.23441193853 
0.173055 78.82959667547 0.23965633518 
0.173562 78.79727639680 0.23481498594 
0.174068 78.23474936341 0.23173830125 
0.174575 78.77582909423 0.23756119577 
0.175082 78.63016558451 0.23732253833 
0.175588 78.65042643333 0.23460261174 
0.176095 78.99066305476 0.23611525169 
0.176602 78.85140138669 0.23649048935 
0.177108 78.91504896404 0.23499595153 
0.177615 78.42717900708 0.23466603787 
0.178122 78.66333381796 0.23001580126 
0.178629 78.22532301762 0.23668443774 
0.179135 78.53839005640 0.23552876338 
0.179642 78.27511353507 0.24111614707 
0.180149 78.45755615957 0.23504881484 
0.180655 78.59638893389 0.24222452456 
0.181162 78.51091318309 0.23779906291 
0.181669 78.70244066747 0.24247114629 
0.182175 78.45709715426 0.24087187167 
0.182682 78.66364292546 0.24012900667 
0.183189 78.90899142699 0.24002265380 
0.183695 78.22535071380 0.24256377149 
0.184202 78.32174224642 0.24476100641 
0.184709 78.09946702969 0.23899786673 
0.185216 77.93932102871 0.23953866225 
0.185722 77.93661482714 0.24170177256 
0.186229 77.81723010394 0.24719446222 
0.186736 77.75342186213 0.23967815498 
0.187242 77.64791029272 0.24191694435 
0.187749 77.83352494585 0.24269668304 
0.188256 77.89003171048 0.24414165084 
0.188762 77.77554746008 0.24779396438 
0.189269 77.50475655402 0.24500721483 
0.189776 77.53071485060 0.24483163763 
0.190282 77.63719230883 0.24750447676 
0.190789 77.45700115528 0.24619580419 
0.191296 77.25263128105 0.24450252867 
0.191802 77.42071305339 0.24403348598 
0.192309 77.44774478117 0.23749699033 
0.192816 76.97998880774 0.23936994250 
0.193323 76.63975467759 0.23602666179 
0.193829 76.58360025661 0.23212350715 
0.194336 76.53530370868 0.23239805447 
0.194843 76.64459462215 0.23306686128 
0.195349 76.51473968452 0.22993547003 
0.195856 76.28104133429 0.23127808409 
0.196363 76.08409976703 0.23644647138 
0.196869 76.17116758673 0.23296529735 
0.197376 75.89380266735 0.22992188016 
0.197883 75.94119685787 0.22826469724 
0.198389 75.76220289927 0.23068820383 
0.198896 75.96902279794 0.22618263692 
0.199403 75.95721500281 0.22541180779 
0.199909 76.21755420852 0.22470220732 
0.200416 75.96359266670 0.22305682656 
0.200923 75.71780381815 0.22482504368 
0.201429 75.48393571902 0.22355320788 
0.201936 75.75529966501 0.22114618607 
0.202443 75.83766105126 0.21932097476 
0.202949 75.55668090268 0.22340993510 
0.203456 75.43017788017 0.22023998755 
0.203963 75.39967070995 0.21461278313 
0.204469 75.12305934669 0.21615691588 
0.204976 75.41026300390 0.21205401922 
0.205483 75.31911856935 0.21819148161 
0.205989 75.01459510375 0.21526267748 
0.206496 75.31551479200 0.21473277947 
0.207003 74.96794156255 0.21543006636 
0.207509 75.13605725756 0.21108556959 
0.208016 75.35732808865 0.21397414990 
0.208523 75.39630497175 0.21815244349 
0.209029 75.28945486201 0.20874450501 
0.209536 75.01415913589 0.21062755882 
0.210043 74.90178044614 0.21441349521 
0.210549 74.83685967863 0.21157993923 
0.211056 74.80660834124 0.20987503022 
0.211563 75.24689023328 0.20784058830 
0.212069 75.11259871669 0.20797871630 
0.212576 74.47482416225 0.21540000332 
0.213083 75.12014452618 0.20789177907 
0.213589 74.86143797837 0.20599525765 
0.214096 74.71680353410 0.20615890318 
0.214603 74.26838931793 0.20988978011 
0.215109 74.72027476671 0.20985051831 
0.215616 74.61667529015 0.20609533018 
0.216123 74.20498058090 0.20929345551 
0.216629 74.49743301187 0.20559466881 
0.217136 74.09205018325 0.20581951278 
0.217643 74.01579809064 0.20589973040 
0.218149 73.90751330427 0.20701015777 
0.218656 74.16466228622 0.19998212343 
0.219163 73.99248285867 0.20715211762 
0.219669 74.25313409772 0.20927788120 
0.220176 74.12708996743 0.20806695560 
0.220683 73.81888672971 0.20389114404 
0.221189 73.96566838351 0.20872385624 
0.221696 74.06226278153 0.20483005275 
0.222203 74.21179520086 0.20336954571 
0.222709 73.83763949116 0.20302331696 
0.223216 73.60982883117 0.20606017899 
0.223722 73.64272393995 0.20174995379 
0.224229 73.84923413576 0.20346486237 
0.224736 73.58383523983 0.20788236270 
0.225242 73.55770716680 0.20080409013 
0.225749 73.55340599188 0.20601615562 
0.226256 73.50624724505 0.19931811916 
0.226762 73.32594114110 0.20717459125 
0.227269 73.64838732743 0.19914519361 
0.227776 73.44720177732 0.20420905194 
0.228282 73.30743884869 0.19946106897 
0.228789 73.28516381176 0.19992176717 
0.229296 73.16100740456 0.20049204203 
0.229802 73.09435019006 0.20003407741 
0.230309 73.19293733123 0.19812255695 
0.230816 72.99246255508 0.20430521393 
0.231322 72.95581174159 0.20369151506 
0.231829 73.08567526030 0.20054693997 
0.232335 73.11777311351 0.20233119538 
0.232842 72.70246783181 0.20053723667 
0.233349 72.68626570658 0.19822355636 
0.233855 72.70133984861 0.19965660347 
0.234362 72.77818167741 0.19989335789 
0.234869 72.61580385222 0.20143115169 
0.235375 72.50832994935 0.19585249158 
0.235882 72.59388289071 0.19625598427 
0.236389 72.65715453673 0.20269130406 
0.236895 72.70564175560 0.19949288559 
0.237402 72.44491528319 0.19949615427 
0.237908 72.23909577372 0.20265537186 
0.238415 72.30664604805 0.19805174637 
0.238922 72.25384615658 0.20025030092 
0.239428 72.14941968769 0.19682465145 
0.239935 71.86435425509 0.20190213703 
0.240442 71.93329468580 0.19938882230 
0.240948 71.83451023450 0.19566003942 
0.241455 71.78748299612 0.19909093307 
0.241962 72.23119690465 0.19701900718 
0.242468 71.80985231060 0.19907138287 
0.242975 71.85552777365 0.19865711656 
0.243481 72.29717921653 0.19898773991 
0.243988 71.69926784306 0.19823678539 
0.244495 71.56387411402 0.20221625593 
0.245001 71.78221340100 0.19667783743 
0.245508 71.80270559379 0.19804177143 
0.246015 71.55944439810 0.19464855403 
0.246521 71.75717216101 0.19399778440 
0.247028 71.51673877201 0.19479762143 
0.247534 71.34942635297 0.19843928507 
0.248041 71.49160019811 0.19763096672 
0.248548 71.61785628847 0.19842710385 
0.249054 71.20304910766 0.19453990905 
0.249561 71.28903591916 0.19892342143 
0.250068 71.22152961076 0.19678598622 
0.250574 71.23036293210 0.19696870019 
0.251081 71.07888602167 0.19614949370 
0.251587 71.28587720633 0.19594740885 
0.252094 71.10021105471 0.19943445601 
0.252601 71.24250711226 0.19811235910 
0.253107 71.57166769042 0.19550613521 
0.253614 71.02909227525 0.19726666948 
0.254120 70.82362562284 0.19629239054 
0.254627 71.01466369002 0.19936396867 
0.255134 70.94032178168 0.19510150201 
0.255640 70.92196482191 0.19456638050 
0.256147 70.78006656792 0.19546189192 
0.256654 70.80436963782 0.20072120494 
0.257160 71.08340602098 0.19513685059 
0.257667 71.23585235209 0.19719008210 
0.258173 71.29658610374 0.19869527490 
0.258680 71.40083063760 0.19560061621 
0.259187 71.69982524940 0.19873722406 
0.259693 71.48138010400 0.19449808317 
0.260200 71.55565799613 0.19553063899 
0.260706 71.57476972816 0.19449255583 
0.261213 71.58364084472 0.19639149709 
0.261720 71.41049578122 0.19725007933 
0.262226 71.73879791440 0.19560976690 
0.262733 71.64820789985 0.19884324445 
0.263239 71.27347143586 0.19308400090 
0.263746 71.41147026349 0.19441976859 
0.264253 71.54274152706 0.19603553716 
0.264759 71.67891322716 0.18893548606 
0.265266 71.75898905206 0.19222181067 
0.265772 71.66092710005 0.18929539200 
0.266279 71.77640716806 0.19228054366 
0.266786 71.54727942645 0.19324581440 
0.267292 71.70331623418 0.18891657531 
0.267799 71.83524500077 0.19393780907 
0.268305 71.61986415059 0.19056968670 
0.268812 71.70180685438 0.18744217267 
0.269319 71.86223774415 0.19272769876 
0.269825 71.78718143484 0.19167628330 
0.270332 71.98004241776 0.19055780071 
0.270838 71.96939485547 0.19160783114 
0.271345 72.01611950153 0.19007746423 
0.271852 72.29323549364 0.19504868147 
0.272358 72.24099137917 0.19713892508 
0.272865 72.06840714460 0.19238114853 
0.273371 72.67518049062 0.19272964806 
0.273878 72.17739574740 0.19080516259 
0.274385 72.24389992736 0.19483080796 
0.274891 72.34021049887 0.19092164576 
0.275398 72.37501219525 0.18959745813 
0.275904 71.96493885095 0.18403945366 
0.276411 72.14983321335 0.18736203036 
0.276917 72.36140126183 0.18279895148 
0.277424 72.18069862431 0.18658063327 
0.277931 71.94955306366 0.18654574641 
0.278437 72.12093272194 0.18433061076 
0.278944 71.85017687434 0.18409238639 
0.279450 72.14528247521 0.18322979938 
0.279957 71.93919964590 0.18380531025 
0.280464 72.00381234115 0.18148013272 
0.280970 72.04571166719 0.18445452911 
0.281477 72.26251636600 0.18400005734 
0.281983 72.29997776431 0.18185137528 
0.282490 71.90755254716 0.17639845767 
0.282996 71.93013598532 0.18127580461 
0.283503 72.24965866716 0.17962943316 
0.284010 72.04786936387 0.17762582186 
0.284516 71.85040799408 0.17644395791 
0.285023 71.92277766083 0.17717073730 
0.285529 71.46213252575 0.17286629282 
0.286036 71.42006026007 0.17563119616 
0.286542 71.86962476654 0.17318642180 
0.287049 71.58777037547 0.17152955219 
0.287556 71.52989163221 0.17644143375 
0.288062 71.48509880756 0.17270832373 
0.288569 71.60317376931 0.17025029881 
0.289075 71.43525087470 0.17256283989 
0.289582 71.28131739920 0.16906875620 
0.290088 71.23860119102 0.16332047200 
0.290595 71.35719301776 0.16913738290 
0.291102 71.51865919365 0.17001662906 
0.291608 71.27020869364 0.16872118389 
0.292115 71.23013518325 0.16801218798 
0.292621 70.88535647594 0.16742891345 
0.293128 71.04809711919 0.16545285109 
0.293634 70.85641832301 0.16771565940 
0.294141 71.03349328591 0.16238574236 
0.294647 71.25685278581 0.17002533823 
0.295154 71.17230099076 0.16654020207 
0.295661 70.61448948803 0.16549302503 
0.296167 70.79299591775 0.16349863622 
0.296674 71.07769626634 0.16445961872 
0.297180 70.66827587136 0.16539295473 
0.297687 70.99343632663 0.16510270131 
0.298193 70.61287051834 0.16606255770 
0.298700 70.84562730283 0.16425471518 
0.299207 70.63041393237 0.16389296744 
0.299713 70.70808720059 0.16613276138 
0.300220 70.51211212072 0.16340918168 
0.300726 70.66990108598 0.16476442426 
0.301233 70.59671213014 0.16510737396 
0.301739 70.14885807915 0.16345929143 
0.302246 70.50027760435 0.16553589063 
0.302752 70.23290554906 0.16130201019 
0.303259 70.21905177341 0.16299939261 
0.303765 70.42300322161 0.16038999049 
0.304272 70.17382606084 0.16131587724 
0.304779 70.13249302564 0.16024592213 
0.305285 70.11278746842 0.15981091873 
0.305792 70.18524225416 0.15931212423 
0.306298 69.94733502568 0.15740002068 
0.306805 70.26184716225 0.16180571855 
0.307311 69.79484024103 0.15738869701 
0.307818 70.06515946655 0.15984710474 
0.308324 69.77395090681 0.15633256991 
0.308831 69.75007045276 0.15538879424 
0.309337 69.11985490921 0.15441658345 
0.309844 69.33660572359 0.15613412640 
0.310350 69.04297300149 0.15438801464 
0.310857 68.77880155798 0.15163265099 
0.311364 68.71996802150 0.15258498403 
0.311870 68.23317873138 0.14767209422 
0.312377 68.40414097810 0.14766542724 
0.312883 67.95053467629 0.14703161621 
0.313390 68.19604244501 0.14776976997 
0.313896 67.71268987462 0.14535654577 
0.314403 67.77818988761 0.14391997574 
0.314909 67.81495995576 0.14309621776 
0.315416 67.33660066638 0.14577366213 
0.315922 67.68847741603 0.14426702823 
0.316429 67.73365501836 0.14365477310 
0.316935 67.32646307835 0.14378062361 
0.317442 67.17931718014 0.14343140143 
0.317948 67.25496668516 0.14289773925 
0.318455 67.00790266142 0.14175395031 
0.318961 66.91580434551 0.14324919635 
0.319468 67.01562299895 0.14136126366 
0.319975 67.02693661806 0.14310946687 
0.320481 66.73352133950 0.14110817715 
0.320988 66.60166667574 0.14408488468 
0.321494 66.68512457503 0.14059127338 
0.322001 66.79100879447 0.16561638154 
0.322507 66.52791508855 0.14031342319 
0.323014 66.51447628052 0.14232009917 
0.323520 66.58095797085 0.14313342154 
0.324027 66.57769738430 0.14325860705 
0.324533 66.33329189999 0.14230972117 
0.325040 66.22281824946 0.13993505324 
0.325546 66.49128212794 0.13909668611 
0.326053 66.31234522266 0.13935583162 
0.326559 66.13378639207 0.13794425286 
0.327066 66.20611252847 0.14015485330 
0.327572 66.00115993318 0.13814984360 
0.328079 66.25322474221 0.13970016877 
0.328585 66.06070176356 0.13637481201 
0.329092 66.01603253380 0.13692972374 
0.329598 66.27094562250 0.13630622145 
0.330105 66.08367184921 0.14012428921 
0.330611 66.07292197442 0.13895418545 
0.331118 65.95605012770 0.13795765662 
0.331624 66.06226430126 0.14020270908 
0.332131 65.89412295917 0.13644953989 
0.332637 66.00983292545 0.13915845449 
0.333144 65.72168319701 0.13701719844 
0.333650 65.91437693490 0.13522135086 
0.334157 65.66178004620 0.14009048504 
0.334663 65.90918430940 0.14137365931 
0.335170 65.80011226440 0.14000392553 
0.335676 65.72908265696 0.13671557719 
0.336183 65.37387864055 0.13979231786 
0.336689 65.77666462339 0.14231502597 
0.337196 65.56396333734 0.14060164397 
0.337702 65.62253293364 0.13932761765 
0.338209 65.21405537297 0.13865917827 
0.338715 65.39747306968 0.13957151097 
0.339222 65.48143174845 0.13889208926 
0.339728 65.28467808798 0.13815501077 
0.340235 65.21474006621 0.17509021156 
0.340741 65.53884172203 0.14125202554 
0.341248 65.11360281074 0.14031947233 
0.341754 65.23562553976 0.14078355685 
0.342261 65.27618306832 0.14018363201 
0.342767 65.20740027390 0.14071514400 
0.343274 65.34786911840 0.13862839665 
0.343780 65.37196378285 0.13873890180 
0.344287 65.05061646806 0.14013033719 
0.344793 65.15113612899 0.13919705086 
0.345300 65.01073875247 0.14166993622 
0.345806 65.13224306038 0.14212309611 
0.346313 65.00358459035 0.14373499408 
0.346819 65.24593325238 0.14505015717 
0.347325 64.90720618980 0.14574597011 
0.347832 65.12387297049 0.14383118544 
0.348338 64.80376276485 0.14469438247 
0.348845 64.98664608757 0.14529578256 
0.349351 64.68741854099 0.14929329470 
0.349858 64.68843171500 0.14844177225 
0.350364 64.65449502006 0.14838506041 
0.350871 64.35227734680 0.14735758775 
0.351377 64.61298192864 0.15087506091 
0.351884 64.28374497761 0.14857258398 
0.352390 64.66620086063 0.14826704665 
0.352897 64.51795046313 0.14993559398 
0.353403 64.47795110762 0.14567885290 
0.353910 64.44096953550 0.15282590352 
0.354416 64.21222852874 0.14991622046 
0.354923 64.01628292890 0.15085520206 
0.355429 64.04923830609 0.15452694740 
0.355935 63.83373626456 0.14865524589 
0.356442 64.14074176100 0.15636895666 
0.356948 63.94892711606 0.15274684947 
0.357455 63.47979409118 0.15802216386 
0.357961 63.86464775025 0.15367189304 
0.358468 63.68300501451 0.15797183235 
0.358974 63.60835755766 0.22004216505 
0.359481 63.84604481704 0.20566010858 
0.359987 64.02874686530 0.20089151079 
0.360494 63.92304776070 0.18714030025 
0.361000 63.83338505450 0.18903720962 
0.361506 63.77520256956 0.18473488843 
0.362013 63.60840543949 0.18470740754 
0.362519 63.80490440405 0.18426225981 
0.363026 63.91843469017 0.18571405243 
0.363532 63.57293278114 0.18745026995 
0.364039 63.89441587886 0.17969564199 
0.364545 63.97755822943 0.18482455905 
0.365052 63.87965551098 0.18223927528 
0.365558 63.71143641187 0.18464471483 
0.366064 63.86530904817 0.18302328665 
0.366571 63.66743994880 0.18673659711 
0.367077 63.49291570227 0.19144389983 
0.367584 63.60996976146 0.18678484272 
0.368090 63.53332399505 0.18487416866 
0.368597 63.57950988605 0.18943688889 
0.369103 63.43910548355 0.18335104695 
0.369610 63.66343049818 0.18944394176 
0.370116 63.63929233339 0.18914518798 
0.370622 63.64291253034 0.19080421132 
0.371129 63.56294869964 0.19268908405 
0.371635 63.81916689606 0.19007122640 
0.372142 63.46392095913 0.19374811445 
0.372648 63.58709535530 0.19024115184 
0.373155 63.50653088793 0.19439561957 
0.373661 63.66898241876 0.19408704262 
0.374167 63.17915765788 0.19094145175 
0.374674 63.57795093960 0.19981963752 
0.375180 63.39529472981 0.19634804967 
0.375687 63.28624920004 0.19578940229 
0.376193 63.57909417661 0.20038580224 
0.376700 63.34070497054 0.20114007048 
0.377206 63.10575514047 0.20092952242 
0.377712 63.18053401978 0.20271850283 
0.378219 63.20317286882 0.20000962115 
0.378725 63.31743743683 0.20177728903 
0.379232 63.25147342050 0.20593889088 
0.379738 63.24892408609 0.20680747420 
0.380245 63.25936786407 0.21013675464 
0.380751 63.40916271888 0.20434321288 
0.381257 63.21162456406 0.20878670516 
0.381764 62.94317643509 0.20954348579 
0.382270 63.26305551400 0.21312112243 
0.382777 62.78768112795 0.20691157842 
0.383283 63.16926497537 0.20680354001 
0.383789 62.80031208245 0.21331622130 
0.384296 63.08474094513 0.21038197155 
0.384802 62.84466979279 0.20991746185 
0.385309 63.36451804923 0.20975594984 
0.385815 62.79733818214 0.21126254308 
0.386321 63.03161504068 0.21260522795 
0.386828 63.45276740660 0.21567461716 
0.387334 62.90465619511 0.20848777411 
0.387841 63.18706377711 0.21897645198 
0.388347 63.08006633617 0.21191011427 
0.388853 62.72213522228 0.21425345703 
0.389360 62.74576521207 0.21932422174 
0.389866 62.74541416005 0.21531237870 
0.390373 62.78973433806 0.21392809873 
0.390879 62.80022237373 0.22182239208 
0.391385 62.64689932037 0.22105762185 
0.391892 62.70140583876 0.21411564272 
0.392398 62.76660965662 0.22153474354 
0.392905 62.23230013793 0.22681015059 
0.393411 62.71653516987 0.22470631450 
0.393917 62.66215910247 0.22090770034 
0.394424 62.31881551342 0.22577633779 
0.394930 62.66088515006 0.23050231438 
0.395437 62.56538008507 0.22148497235 
0.395943 62.48339291003 0.22318784540 
0.396449 62.51527843042 0.36507218622 
0.396956 62.55541985854 0.22554487015 
0.397462 62.49385895524 0.22878403494 
0.397969 62.53859539463 0.23983097815 
0.398475 62.81968117815 0.23081034178 
0.398981 62.50878229252 0.23840734210 
0.399488 62.31955686114 0.22952296651 
0.399994 62.39661276576 0.23388968866 
0.400500 62.57310254307 0.23782495914 
0.401007 62.43720256016 0.23454647804 
0.401513 62.58954435564 0.24424613447 
0.402020 62.09471987366 0.24389692517 
0.402526 62.50185211910 0.24733988801 
0.403032 62.47073683582 0.24618211746 
0.403539 62.68055794143 0.25684628352 
0.404045 62.37818284789 0.24257432991 
0.404551 62.53010602170 0.27231589423 
0.405058 62.24573161141 0.26733792661 
0.405564 62.18146869804 0.25673479116 
0.406071 62.08737011146 0.25129570868 
0.406577 62.08660502900 0.25708769509 
0.407083 62.11765161140 0.25987698536 
0.407590 62.05106847258 0.27086098453 
0.408096 62.11716760953 0.27500189191 
0.408602 62.35146866262 0.27353879204 
0.409109 61.89938314987 0.26490593554 
0.409615 62.14983102855 0.27511311630 
0.410121 62.32699205967 0.26270481502 
0.410628 62.25311933233 0.26790351890 
0.411134 62.16514635467 0.25809114722 
0.411641 62.09708325134 0.26857611009 
0.412147 61.99506912570 0.26218566195 
0.412653 61.66638701880 0.27440541599 
0.413160 61.85852397623 0.26166783918 
0.413666 62.28076868557 0.26875958669 
0.414172 62.18734318201 0.28109509110 
0.414679 61.63357188325 0.26422543064 
0.415185 62.01830422076 0.28683105568 
0.415691 62.00544849410 0.27057034284 
0.416198 61.67037602270 0.27517579931 
0.416704 61.98632713755 0.28179836596 
0.417210 61.77974767708 0.28493587399 
0.417717 61.71415703359 0.29149377420 
0.418223 61.55576689737 0.27948153584 
0.418729 62.11594154234 0.28428271086 
0.419236 61.27991678853 0.27459274908 
0.419742 61.99905398529 0.27484363817 
0.420248 61.78190039719 0.27890563678 
0.420755 62.02615726593 0.27181318352 
0.421261 61.67656715383 0.27521725134 
0.421767 61.42192321454 0.28209114414 
0.422274 61.43416856015 0.27544752592 
0.422780 62.04864353701 0.27764937774 
0.423286 61.49385687671 0.28889477681 
0.423793 61.59156212554 0.27949584249 
0.424299 61.57975692315 0.28405243279 
0.424805 60.98316224655 0.28550591367 
0.425312 61.52561625491 0.29464142119 
0.425818 61.41586817498 0.29047759232 
0.426324 61.82269930018 0.29313359989 
0.426831 62.00304554415 0.29415199421 
0.427337 61.91666036283 0.31308420990 
0.427843 62.18744642981 0.30375842190 
0.428350 61.37127155772 0.30318672637 
0.428856 61.70552810454 0.30477507008 
0.429362 61.33554402394 0.30561903812 
0.429869 61.61141900391 0.31565977333 
0.430375 61.33199222437 0.31374091955 
0.430881 61.61380492941 0.31441057470 
0.431388 61.69390336377 0.32385846358 
0.431894 61.75196573235 0.31509831413 
0.432400 61.82773798258 0.31763966449 
0.432907 61.47702756144 0.31913274214 
0.433413 61.89555843899 0.33729508223 
0.433919 60.67144249784 0.32565875683 
0.434425 61.47578259203 0.32848166241 
0.434932 61.43160322378 0.32618305352 
0.435438 61.50105801385 0.35193194764 
0.435944 61.38196757897 0.34224458996 
0.436451 61.08601881064 0.35444942595 
0.436957 61.05525823512 0.36571682664 
0.437463 60.95678216983 0.33512308729 
0.437970 61.01149241270 0.34338150312 
0.438476 61.32002079567 0.35720578284 
0.438982 61.51023430025 0.36895033510 
0.439489 61.53430218338 0.37321526562 
0.439995 60.99778480412 0.37296331733 
0.440501 61.32579869566 0.38845259325 
0.441007 60.66360093811 0.36953553053 
0.441514 61.42402970221 0.39732322311 
0.442020 61.32453949216 0.39961668217 
0.442526 60.85396444499 0.40486540860 
0.443033 60.84818698626 0.39229151246 
0.443539 60.93149698834 0.39828010914 
0.444045 61.18834055594 0.40914037815 
0.444551 62.01226478203 0.41451828006 
0.445058 61.54382113725 0.41858978036 
0.445564 61.30667849316 0.43486536641 
0.446070 60.55296478037 0.42304483141 
0.446577 60.43182408269 0.43821416944 
0.447083 60.88682261850 0.47370175022 
0.447589 60.48237666842 0.44598371650 
0.448095 60.90866466281 0.46057178828 
0.448602 60.79788911869 0.46330457576 
0.449108 61.38296358306 0.48211578530 
0.449614 60.05661446317 0.48232372662 
0.450121 60.15574265005 0.49455570988 
0.450627 60.63928292284 0.48821365305 
0.451133 60.83501573189 0.48258784239 
0.451639 60.17200529703 0.51639695260 
0.452146 60.69047362895 0.52406835613 
0.452652 61.48276439298 0.56668364079 
0.453158 60.10919850920 0.51892336551 
0.453664 60.88638906562 0.58940993091 
0.454171 60.01244821947 0.58437538795 
0.454677 60.06063820542 0.60923257663 
0.455183 59.66459378299 0.61904309769 
0.455689 59.27521165883 0.63561742858 
0.456196 59.74226216351 0.64140212284 
0.456702 59.40826834171 0.64468892168 
0.457208 61.21331658302 0.73252252651 
0.457714 60.32944362597 0.72457876460 
0.458221 60.69018685685 0.76787904162 
0.458727 59.15612387678 0.74949405566 
0.459233 60.94629279068 0.84253150972 
0.459740 60.76642916028 0.87732075470 
0.460246 60.06991871473 0.90506453444 
0.460752 60.22483574640 1.00868791403 
0.461258 59.39515832406 0.98911162365 
0.461765 59.93523695913 1.05339816392 
0.462271 60.02607495489 0.99772732370 
0.462777 59.92387951253 1.20436586865 
0.463283 60.23780275048 1.22404280047 
0.463789 60.15519775302 1.36197573485 
0.464296 60.19538547497 1.37093821874 
0.464802 60.49094528796 1.37439793892 
0.465308 61.75680571588 1.52557823182 
0.465814 58.76302026023 1.66426087229 
0.466321 61.04456907024 1.73828159964 
0.466827 59.23458000666 1.88900311703 
0.467333 60.26343707859 1.96696474532 
0.467839 59.06258865351 1.93763014341 
0.468346 58.86415326888 2.36274136649 
0.468852 58.09437603246 2.43991828807 
0.469358 58.36038357382 2.83094322773 
0.469864 57.90184817386 2.87631457555 
0.470371 58.69449111981 3.83324456998 
0.470877 59.75727862953 4.61039881999 
0.471383 58.62145457520 5.47081695174 
0.471889 54.19936016363 7.17156596020 
0.472395 53.32829361832 6.04534406144 
0.472902 52.70631598147 12.42721523579 
