0.010896 1354.38775795351 11.17261653250 
0.011402 1201.10820259952 11.65360164852 
0.011909 1094.08599386401 12.51708958439 
0.012416 985.18800442029 9.30407650715 
0.012923 884.91648088782 7.89626744090 
0.013430 827.72351586556 11.04175277168 
0.013936 794.50239705460 9.67771141532 
0.014443 738.51413414230 7.37869635146 
0.014950 681.04295217911 6.92202035152 
0.015457 631.28230967898 5.29897235151 
0.015963 582.23361878923 5.06602553569 
0.016470 543.38793721562 4.24788203961 
0.016977 512.73009139091 3.82818901629 
0.017484 479.05224515601 3.38559195376 
0.017990 452.06612390226 2.99819081318 
0.018497 428.74861382031 2.66166206728 
0.019004 402.88585714187 2.27127753832 
0.019511 380.12288768740 2.36160615366 
0.020018 365.01941750731 2.15618391387 
0.020524 344.92834846870 1.98975006982 
0.021031 327.16331909622 1.89966996697 
0.021538 316.36942532800 1.68889193012 
0.022045 302.61369584593 1.72064772953 
0.022551 289.88222717157 1.56808618122 
0.023058 281.42713358658 1.62386103606 
0.023565 273.52308881321 1.55184454593 
0.024072 263.19664369082 1.70385584869 
0.024579 252.90166942534 1.62142463398 
0.025085 245.40426759157 2.13425062042 
0.025592 239.16190866508 2.08452701520 
0.026099 230.46617812346 2.05955520066 
0.026606 224.28967734128 1.66236840568 
0.027112 219.77641500867 1.72998252310 
0.027619 213.19786471873 1.50416282004 
0.028126 208.99803873283 1.61229943608 
0.028633 203.79316635580 1.40606259267 
0.029139 199.73639513019 1.18130603709 
0.029646 196.25559159252 1.18098249801 
0.030153 191.69070066811 1.11718094955 
0.030660 188.31674760647 1.01213891692 
0.031167 183.41574902247 0.93022014825 
0.031673 179.84115911802 0.86670006518 
0.032180 176.75820704430 0.88913350986 
0.032687 174.80058140875 0.84532992103 
0.033194 171.33159849546 0.84938105613 
0.033700 168.90438689460 0.81009660873 
0.034207 166.42747680678 0.76658638247 
0.034714 163.78842347116 0.75229107044 
0.035221 160.87833762608 0.71989372003 
0.035727 159.85672559034 0.71647616879 
0.036234 158.37450630325 0.63799991944 
0.036741 155.32706825296 0.66504381624 
0.037248 154.00114217628 0.64862529098 
0.037755 151.83156692416 0.64207750546 
0.038261 149.44400359022 0.58785640558 
0.038768 149.01548540729 0.54171464626 
0.039275 147.26842355380 0.59866684003 
0.039782 146.03993258969 0.59755519954 
0.040288 143.67701104221 0.57236277775 
0.040795 142.57891969193 0.55059014590 
0.041302 141.04747146982 0.56036362408 
0.041809 139.29046535935 0.52800881486 
0.042315 138.54471885984 0.55676838845 
0.042822 136.82460898095 0.51856349321 
0.043329 136.43240605509 0.56210082674 
0.043836 135.44382561231 0.54997713482 
0.044343 134.08768650486 0.52779298031 
0.044849 132.88276686013 0.50920718678 
0.045356 132.49837310302 0.53155995646 
0.045863 131.27639588052 0.52325333778 
0.046370 129.38027891953 0.49360036019 
0.046876 128.97774628546 0.50849610001 
0.047383 127.48291373012 0.53695925027 
0.047890 127.06273211012 0.49046114424 
0.048397 125.93287574425 0.47812058754 
0.048903 124.86267725602 0.48924916275 
0.049410 124.88064634586 0.48775340795 
0.049917 124.01427165013 0.45514560084 
0.050424 122.87317365632 0.46442217142 
0.050931 122.39582297531 0.43724342066 
0.051437 121.16275565955 0.46049118899 
0.051944 120.41044613764 0.43597281298 
0.052451 120.80669421659 0.45675313009 
0.052958 119.76704137867 0.43647064601 
0.053464 118.89217103641 0.44847970376 
0.053971 118.80844968194 0.45481420138 
0.054478 117.41960456484 0.44818951687 
0.054985 115.82642230012 0.43977347028 
0.055491 116.54344396908 0.41615680232 
0.055998 115.37219512672 0.43409956147 
0.056505 114.86274628251 0.42772274695 
0.057012 114.68116548660 0.43172349866 
0.057519 113.64874320530 0.40932947345 
0.058025 113.51454055377 0.43057283419 
0.058532 112.73194065890 0.40732463371 
0.059039 111.83360189690 0.41983269510 
0.059546 111.41813057232 0.43636913248 
0.060052 111.89162783809 0.41460069586 
0.060559 110.10722734152 0.41907206499 
0.061066 110.15961239784 0.41890517954 
0.061573 109.42958577091 0.39662523818 
0.062079 109.16332289787 0.38583491347 
0.062586 109.16160394337 0.41642576380 
0.063093 108.17894272505 0.38994108552 
0.063600 107.78999867465 0.38050347019 
0.064106 107.10943349160 0.40911609026 
0.064613 106.72342397673 0.38503531112 
0.065120 107.14740430797 0.37363793645 
0.065627 105.71576671164 0.37555668616 
0.066134 106.20734306231 0.38149087109 
0.066640 105.00228161026 0.37012486597 
0.067147 105.19899875175 0.37956509081 
0.067654 104.69645750793 0.37132703420 
0.068161 104.01163530247 0.36623267264 
0.068667 103.54688048006 0.36351104549 
0.069174 103.77932272497 0.35844636376 
0.069681 103.46177026809 0.36558354655 
0.070188 102.64580332663 0.36489765766 
0.070694 102.17460917178 0.36331876009 
0.071201 101.80606469514 0.36474103078 
0.071708 101.22870080036 0.36567251208 
0.072215 101.40738977253 0.34425697263 
0.072721 101.22390611291 0.35152536844 
0.073228 101.04738235998 0.34921761213 
0.073735 100.54830596884 0.34401800950 
0.074242 99.87684462299 0.36054879372 
0.074748 100.49285205147 0.33934693287 
0.075255 99.64797040682 0.34037466067 
0.075762 100.02808259965 0.34023075337 
0.076269 99.34603662514 0.33558095419 
0.076776 98.66361560710 0.34468724764 
0.077282 98.18066613446 0.31615282808 
0.077789 98.43965192875 0.33385411746 
0.078296 98.59805925569 0.33369028085 
0.078803 97.54878637213 0.33348765468 
0.079309 97.95965921466 0.32533748997 
0.079816 97.77413865784 0.32961533037 
0.080323 98.05099396684 0.33255894189 
0.080830 97.11621268267 0.33058728185 
0.081336 97.57772989755 0.33686259389 
0.081843 97.67544707364 0.33401601094 
0.082350 97.12264147250 0.34459787132 
0.082857 96.86852564950 0.32286369488 
0.083363 96.48049654230 0.32624817124 
0.083870 96.74823554101 0.33774503738 
0.084377 96.94028930667 0.33978567876 
0.084884 96.16570056922 0.33608481509 
0.085390 95.75472688208 0.33315676428 
0.085897 96.02692915737 0.33132394183 
0.086404 96.03676171275 0.33271644846 
0.086911 95.77710747885 0.32726942217 
0.087417 95.41005238624 0.32707931549 
0.087924 95.78448026515 0.33950232826 
0.088431 94.88967064987 0.34041824737 
0.088938 95.03422571586 0.33291453592 
0.089444 94.95444951112 0.33142730198 
0.089951 94.88041950111 0.33488319057 
0.090458 94.56539004245 0.32010087402 
0.090965 94.63398854358 0.32092350986 
0.091471 94.13831423954 0.33778251446 
0.091978 93.33844807264 0.33203492354 
0.092485 92.89167933391 0.34926650278 
0.092992 93.36930364700 0.34002694126 
0.093498 93.71122728128 0.34382033737 
0.094005 93.01325089086 0.34202311489 
0.094512 93.33079832520 0.32497672839 
0.095019 93.04601261484 0.33273506299 
0.095525 93.33476986627 0.33856465334 
0.096032 92.76289547304 0.33215147852 
0.096539 92.40548859295 0.32837559192 
0.097046 92.50857420069 0.31862472035 
0.097552 92.47802294588 0.34227005932 
0.098059 92.38745351359 0.32760955796 
0.098566 92.14607723062 0.31958327279 
0.099073 91.62154281897 0.32402137224 
0.099579 91.80875530550 0.33333923182 
0.100086 91.51156403712 0.32168700680 
0.100593 91.51101500281 0.31362147591 
0.101100 91.14156226814 0.32450260186 
0.101606 90.77850010154 0.31168574878 
0.102113 89.94964086510 0.29720071015 
0.102620 90.22558915667 0.29761189008 
0.103127 89.31856257676 0.29319405994 
0.103633 89.06456691846 0.30365396327 
0.104140 88.72022329733 0.28939368555 
0.104647 88.42737906055 0.29182638026 
0.105154 88.40222767988 0.31049188771 
0.105660 88.63273084715 0.31324458117 
0.106167 88.39744845075 0.30452388792 
0.106674 88.67055405362 0.30760197236 
0.107181 88.24281496549 0.30888774507 
0.107687 88.24296924945 0.31791415393 
0.108194 87.90476567515 0.29575779840 
0.108701 87.66271083980 0.29334517573 
0.109208 87.44659837262 0.30222577935 
0.109714 87.45579072022 0.28478496525 
0.110221 87.70379726800 0.29046108739 
0.110728 87.66621991626 0.29307594647 
0.111235 87.80727357869 0.29325270973 
0.111741 87.26683227652 0.28329812791 
0.112248 86.96787268101 0.28361951040 
0.112755 87.03197176095 0.29452055309 
0.113262 87.08897146108 0.28780056128 
0.113768 87.00153117401 0.27785779946 
0.114275 87.15291326397 0.27837813063 
0.114782 87.06820844742 0.27592596651 
0.115289 87.11140656474 0.27707741607 
0.115795 86.47578358576 0.27959773448 
0.116302 86.52648139520 0.26792128646 
0.116809 86.10844126591 0.26656974738 
0.117316 86.81897750538 0.27690780273 
0.117822 86.65617656089 0.27205109969 
0.118329 85.91300306306 0.26443610555 
0.118836 85.93356793318 0.27385009256 
0.119342 85.96134345228 0.27320649027 
0.119849 85.75817618494 0.27305088336 
0.120356 85.71312772399 0.26823689227 
0.120863 85.90916166557 0.26411780511 
0.121369 85.67973694155 0.26368505798 
0.121876 85.98821641544 0.26930713895 
0.122383 85.63128830437 0.25733134525 
0.122890 85.57554170647 0.26284249157 
0.123396 85.38809748192 0.27230116332 
0.123903 85.04930839482 0.26390328302 
0.124410 85.38350034942 0.26570423597 
0.124917 84.97684569508 0.25928865515 
0.125423 85.24829981980 0.26495095507 
0.125930 85.09915910209 0.25983966349 
0.126437 84.91829621000 0.25398148592 
0.126944 85.29634510185 0.27175246679 
0.127450 84.98390423887 0.25017572099 
0.127957 84.90891519621 0.25543436993 
0.128464 84.54079660082 0.25660847510 
0.128970 84.88893916791 0.24934882102 
0.129477 84.29988758432 0.25744042004 
0.129984 84.18389638548 0.25535836069 
0.130491 84.55858813945 0.25890377441 
0.130997 84.31725031421 0.24622439571 
0.131504 83.97319115375 0.24740057171 
0.132011 84.22513756458 0.24860099897 
0.132518 83.83112658620 0.24916587669 
0.133024 84.45012665490 0.24913756896 
0.133531 84.00545259827 0.25277803247 
0.134038 83.97247484712 0.24494802114 
0.134545 84.07739384169 0.24512990327 
0.135051 83.73706754742 0.25255066728 
0.135558 83.67446706951 0.25065603537 
0.136065 83.64388137941 0.24709802328 
0.136571 83.52537970381 0.24443473204 
0.137078 83.33791622323 0.24391470283 
0.137585 83.49713773372 0.24368705402 
0.138092 83.22726968586 0.24516894723 
0.138598 83.09348626004 0.24508827834 
0.139105 82.86139604908 0.24200205675 
0.139612 83.33941067339 0.24316569257 
0.140119 83.03761139240 0.24334182656 
0.140625 82.87732508148 0.24400838851 
0.141132 83.13133615475 0.23571729683 
0.141639 82.88582477023 0.24085881503 
0.142145 82.52634567369 0.24165523406 
0.142652 82.77034049557 0.23704931523 
0.143159 82.59195807675 0.24046094904 
0.143666 82.71206800825 0.24518409286 
0.144172 82.57721743962 0.24815977881 
0.144679 82.22508275596 0.24274932036 
0.145186 82.36311814185 0.24004150218 
0.145692 81.73717674804 0.23911718595 
0.146199 82.25268101949 0.23781644815 
0.146706 81.91098949684 0.23837305037 
0.147213 82.24145238133 0.24934129491 
0.147719 81.75701071933 0.23940578583 
0.148226 82.04488689455 0.23975440541 
0.148733 81.83320641984 0.23906457344 
0.149240 81.56149252596 0.24972712261 
0.149746 81.16679637152 0.23950290349 
0.150253 80.85109406047 0.23527720470 
0.150760 81.27657487314 0.24128318229 
0.151266 81.06618577167 0.24193195353 
0.151773 81.46303450928 0.23586491773 
0.152280 81.13828549714 0.23966976488 
0.152787 80.73252359281 0.23811351548 
0.153293 81.10665781282 0.24026840458 
0.153800 80.74362987888 0.23067546791 
0.154307 80.59894305454 0.23608352515 
0.154813 80.51594955296 0.23917063728 
0.155320 80.67678705148 0.23239032128 
0.155827 80.36489245492 0.23380108045 
0.156334 80.42974667048 0.23780421994 
0.156840 80.59152639129 0.23779185825 
0.157347 80.51748139053 0.23637620355 
0.157854 80.12673024347 0.23548614466 
0.158360 79.98761037496 0.24088432589 
0.158867 80.08277667676 0.23309436826 
0.159374 80.13014259908 0.23573355744 
0.159881 80.17974550325 0.23799104007 
0.160387 79.67581417197 0.23737137964 
0.160894 79.96172341580 0.23818243118 
0.161401 79.69057617919 0.23163917219 
0.161907 79.60285999743 0.23507667786 
0.162414 79.61780760642 0.23444704859 
0.162921 79.82070607396 0.23215675567 
0.163427 79.38575084392 0.22935786057 
0.163934 79.64653698804 0.23790676832 
0.164441 79.55781140976 0.23165828924 
0.164948 79.24588725499 0.23209975143 
0.165454 79.48379408342 0.22750471722 
0.165961 79.34681636759 0.23157365948 
0.166468 79.26978120144 0.23289902171 
0.166974 79.13620432483 0.23121839590 
0.167481 78.98307613489 0.22189995920 
0.167988 78.93303958967 0.22744942830 
0.168495 79.21025099286 0.23181388332 
0.169001 79.06565299463 0.23804733290 
0.169508 79.25247536045 0.23455739891 
0.170015 78.99585911996 0.23731452337 
0.170521 78.87041584942 0.23314157395 
0.171028 79.05625404086 0.23762327922 
0.171535 78.87009603590 0.23297676988 
0.172041 79.32549901095 0.23542969155 
0.172548 79.06935988017 0.23158139300 
0.173055 78.99112538782 0.22844327720 
0.173562 78.74314498108 0.23659749820 
0.174068 78.85782442474 0.23303824238 
0.174575 79.04908841336 0.23972842567 
0.175082 78.76660467044 0.23710425497 
0.175588 78.63771121100 0.23575479845 
0.176095 78.78513748491 0.23891076438 
0.176602 78.79621966615 0.23046305320 
0.177108 78.79989084031 0.23768116928 
0.177615 78.74478080183 0.23546811286 
0.178122 78.67631546365 0.23331293971 
0.178629 78.49999267009 0.23528225821 
0.179135 78.79058178383 0.23382294589 
0.179642 78.84074147196 0.23764703252 
0.180149 78.47933639403 0.23538245860 
0.180655 78.78080439244 0.24077877534 
0.181162 78.49116237401 0.24009004142 
0.181669 78.66039723388 0.24373431295 
0.182175 78.66965451814 0.24805978957 
0.182682 79.17791277435 0.23804183848 
0.183189 78.89288140529 0.24172964691 
0.183695 78.58537269567 0.23728774840 
0.184202 78.23840620077 0.23840684226 
0.184709 78.38250883348 0.24297167953 
0.185216 78.19467055833 0.23960198431 
0.185722 78.21847605387 0.24447942701 
0.186229 77.79798419813 0.24204486786 
0.186736 77.87899401180 0.24085204841 
0.187242 77.57192930812 0.24587204814 
0.187749 77.83506428556 0.25256809797 
0.188256 77.79826692103 0.24876913312 
0.188762 77.92110671232 0.24303902422 
0.189269 77.38537900771 0.24327410269 
0.189776 77.67449886806 0.25388175590 
0.190282 77.79516724834 0.24872271584 
0.190789 77.44461312185 0.24760868832 
0.191296 77.51204548796 0.24176335671 
0.191802 77.39783397595 0.24299345559 
0.192309 77.38532283515 0.24274276918 
0.192816 76.98816414269 0.23560258692 
0.193323 76.95659880986 0.23792868505 
0.193829 76.83660933453 0.23975947707 
0.194336 76.77144298340 0.23700717481 
0.194843 76.52935004412 0.23208922874 
0.195349 76.38256763427 0.23983294675 
0.195856 76.20238177667 0.23070364040 
0.196363 76.11890825766 0.23869966907 
0.196869 75.86183426713 0.23091678789 
0.197376 76.26175712237 0.22849435010 
0.197883 75.95781529008 0.23494756722 
0.198389 76.35729714879 0.23007558226 
0.198896 76.15928854732 0.22698060755 
0.199403 76.04843111733 0.22550841520 
0.199909 76.07486475638 0.22856235435 
0.200416 76.02450307981 0.21949045265 
0.200923 75.94772471378 0.22332904137 
0.201429 75.49422791906 0.22319219906 
0.201936 75.81596062611 0.22422331844 
0.202443 75.37140793589 0.22041484838 
0.202949 75.82670883554 0.22643921761 
0.203456 75.88671949570 0.22017563664 
0.203963 75.57757699878 0.21420863439 
0.204469 75.63428004802 0.21666886587 
0.204976 75.69623591760 0.21888099955 
0.205483 75.34920808600 0.22062157665 
0.205989 75.34092301763 0.21890805123 
0.206496 75.14329452852 0.21344145009 
0.207003 75.36631297607 0.21390605746 
0.207509 75.46132758239 0.21503165507 
0.208016 75.52616114928 0.21386379983 
0.208523 75.10151625552 0.20912635715 
0.209029 75.13424404627 0.21121452559 
0.209536 75.23970509225 0.21052250253 
0.210043 75.22961710337 0.21236294405 
0.210549 75.30703322750 0.21168017406 
0.211056 75.25524271037 0.20891273449 
0.211563 74.86380608754 0.21470743741 
0.212069 75.11941143771 0.21756794819 
0.212576 74.97050539806 0.21023208212 
0.213083 74.99317654594 0.20917675626 
0.213589 75.03501845712 0.20585991645 
0.214096 74.91086719719 0.20862246427 
0.214603 74.86148525665 0.20399334609 
0.215109 74.66002043834 0.20881452465 
0.215616 74.70983062884 0.20430602525 
0.216123 74.43699354208 0.20961271313 
0.216629 74.52122571666 0.20509888020 
0.217136 74.36633691103 0.21124426680 
0.217643 74.37321900377 0.20826132741 
0.218149 74.33471665420 0.20842375727 
0.218656 73.86604398633 0.20815477352 
0.219163 74.26695320121 0.20788826033 
0.219669 73.93057029611 0.20761217366 
0.220176 74.31852916651 0.21051817901 
0.220683 73.90704306604 0.20508055280 
0.221189 73.72713269837 0.20283533387 
0.221696 73.76133109790 0.20181457082 
0.222203 74.37214800874 0.21197594074 
0.222709 73.88106781515 0.20289111112 
0.223216 73.84066409697 0.20567827617 
0.223722 73.69324769641 0.20815880454 
0.224229 73.75330027301 0.20251102528 
0.224736 74.04116236750 0.20302393176 
0.225242 73.50651593961 0.20558980071 
0.225749 73.68095488127 0.19918603424 
0.226256 73.55940656100 0.20638708456 
0.226762 73.63267302484 0.20175589922 
0.227269 73.51882287809 0.20378527535 
0.227776 73.59226786340 0.20456199098 
0.228282 73.31672504637 0.19887372384 
0.228789 73.44107333566 0.20137989213 
0.229296 73.53196903841 0.19703488161 
0.229802 73.40423286680 0.19848216689 
0.230309 73.25455595575 0.20055754496 
0.230816 73.29415052879 0.20215579580 
0.231322 73.46344428633 0.20529599926 
0.231829 72.99680547195 0.19849989145 
0.232335 73.01348090647 0.19799218678 
0.232842 73.26755876321 0.20195791173 
0.233349 72.71982341758 0.19779062731 
0.233855 72.75243045371 0.19946274660 
0.234362 72.54991386903 0.20001161290 
0.234869 72.66842106829 0.20120594358 
0.235375 72.66052193754 0.19871594430 
0.235882 72.69004467257 0.19768143752 
0.236389 72.84225832133 0.20067208566 
0.236895 72.51594449258 0.20061026954 
0.237402 72.51223351371 0.20115244769 
0.237908 72.38469592523 0.20267097857 
0.238415 72.61354658144 0.20123270940 
0.238922 72.24853554000 0.20348886801 
0.239428 72.14194592708 0.20239548052 
0.239935 72.04756787679 0.20084862177 
0.240442 72.20038742412 0.19853914628 
0.240948 72.23980391451 0.20113493360 
0.241455 72.07870642795 0.19812873413 
0.241962 72.20020298281 0.19815825834 
0.242468 71.95616516153 0.19676512503 
0.242975 71.98819043579 0.20034608202 
0.243481 71.89870623333 0.20232362573 
0.243988 71.85359966012 0.19607349494 
0.244495 71.77080784876 0.19641820635 
0.245001 71.69612456249 0.20067332462 
0.245508 71.97711303465 0.19835662432 
0.246015 71.85975044777 0.19798035106 
0.246521 71.66243619455 0.19901603906 
0.247028 71.27584353703 0.20083904338 
0.247534 71.65536000921 0.19744005487 
0.248041 71.44496630314 0.19545722660 
0.248548 71.41625737032 0.20073155490 
0.249054 71.38909770516 0.19640175714 
0.249561 71.29263700683 0.19360340027 
0.250068 71.29271909311 0.19555308415 
0.250574 71.24120412636 0.19825689829 
0.251081 71.19644541958 0.19661963102 
0.251587 71.54787422079 0.19721337476 
0.252094 71.07426390154 0.20076711432 
0.252601 71.27843796422 0.19853756938 
0.253107 71.05392063997 0.19757102109 
0.253614 70.97660161444 0.19653826271 
0.254120 71.19019514026 0.19418312072 
0.254627 70.73598340157 0.19386469342 
0.255134 71.24313667744 0.19512945680 
0.255640 71.11265372278 0.19502876159 
0.256147 71.20120407364 0.19697096373 
0.256654 70.90011798914 0.19761059444 
0.257160 71.36742607985 0.19525224522 
0.257667 71.27814833403 0.19969795790 
0.258173 71.42836291752 0.19724735503 
0.258680 71.41270723123 0.19545178249 
0.259187 71.56840430629 0.19611570204 
0.259693 71.47820525128 0.19796305570 
0.260200 71.63193454669 0.19398757940 
0.260706 71.64453920044 0.19814940322 
0.261213 71.62780191114 0.19706665558 
0.261720 71.48460196459 0.19407819226 
0.262226 71.88244014535 0.19307056640 
0.262733 71.62133343587 0.19101210408 
0.263239 71.60166240209 0.19739627613 
0.263746 71.63594787527 0.19495876742 
0.264253 71.55216355460 0.19311790311 
0.264759 71.50881762334 0.19249925659 
0.265266 71.63944084863 0.19049848639 
0.265772 71.66248106898 0.18949443817 
0.266279 71.47383338331 0.19397340852 
0.266786 71.78619394443 0.19154518739 
0.267292 71.88310455993 0.19023899929 
0.267799 71.63061319753 0.19165096171 
0.268305 71.81620177720 0.18938938538 
0.268812 71.80911083209 0.19126680045 
0.269319 71.64491499443 0.18912090354 
0.269825 71.80758986745 0.19030114609 
0.270332 71.66027840101 0.18955921587 
0.270838 71.97897735268 0.19029804654 
0.271345 71.81827587438 0.19183563838 
0.271852 72.18637440190 0.19162489546 
0.272358 72.06397190709 0.19684334916 
0.272865 72.20096193439 0.18931295590 
0.273371 72.20309322339 0.19314417900 
0.273878 72.25417590933 0.19082731294 
0.274385 72.68054722152 0.19055820662 
0.274891 72.18373860795 0.19196034966 
0.275398 72.58174420753 0.18823601365 
0.275904 72.42171935541 0.18684469238 
0.276411 72.20726539279 0.18310683007 
0.276917 72.29231429062 0.18699856119 
0.277424 72.27499702739 0.18323240824 
0.277931 72.30132041510 0.18078819663 
0.278437 72.29134160869 0.18308976806 
0.278944 72.14514855598 0.18408662280 
0.279450 72.15425925902 0.18386619942 
0.279957 72.21098616038 0.18499984091 
0.280464 72.25377457028 0.18146744948 
0.280970 72.10385765569 0.18213771732 
0.281477 72.34318127119 0.18312719838 
0.281983 72.27337293345 0.18066810578 
0.282490 72.03928577954 0.18214064002 
0.282996 72.26361851825 0.17949600357 
0.283503 72.16639728478 0.18033379473 
0.284010 72.03823800618 0.18096885037 
0.284516 71.86575017998 0.17685472879 
0.285023 71.78015956317 0.17859934197 
0.285529 71.68071689636 0.17601268604 
0.286036 71.65556173805 0.17398666868 
0.286542 71.90035055334 0.17490508936 
0.287049 71.61160869712 0.17386491873 
0.287556 71.54135198565 0.17369837850 
0.288062 71.40358114028 0.17454770967 
0.288569 71.59727412701 0.17288154723 
0.289075 71.38483261305 0.17131607682 
0.289582 71.46976563782 0.17213804663 
0.290088 71.46742524860 0.16985012761 
0.290595 71.49238602129 0.16656476934 
0.291102 71.35978998488 0.16871451420 
0.291608 71.29526248797 0.16827643900 
0.292115 71.39534647639 0.17006988279 
0.292621 71.16550245325 0.16857818589 
0.293128 70.97941823833 0.16695612300 
0.293634 71.25226940846 0.16662468400 
0.294141 71.11462109838 0.17060929743 
0.294647 70.78892915902 0.17023056114 
0.295154 71.35136641597 0.16402627981 
0.295661 71.06628959657 0.16558649466 
0.296167 70.82395904564 0.16622047995 
0.296674 70.85470934926 0.16663241124 
0.297180 70.74695101976 0.16384277663 
0.297687 70.76966743521 0.16370397442 
0.298193 70.55797458299 0.16695351777 
0.298700 70.69713040209 0.16416351086 
0.299207 70.68257592250 0.16276608754 
0.299713 70.60296805449 0.16256378933 
0.300220 70.38870640784 0.16549958957 
0.300726 70.22478628024 0.16230844504 
0.301233 70.34580228021 0.16129390325 
0.301739 70.47295335549 0.16437690217 
0.302246 70.28434653221 0.16276092056 
0.302752 70.28678123640 0.16171895558 
0.303259 69.96909198310 0.16025431009 
0.303765 70.26010581361 0.16117229682 
0.304272 69.99764280880 0.16056218711 
0.304779 70.20676835965 0.16205525487 
0.305285 70.05952522740 0.16039539944 
0.305792 70.40947373815 0.16163398086 
0.306298 70.39828657356 0.16140071388 
0.306805 70.30132957819 0.16307867149 
0.307311 69.87288556873 0.15901893572 
0.307818 69.88843458503 0.15586522246 
0.308324 69.56486717143 0.15644471440 
0.308831 69.36798043022 0.15768321124 
0.309337 69.47110957444 0.15731648610 
0.309844 69.23240650584 0.15433255412 
0.310350 69.07613151639 0.15473527550 
0.310857 68.91218503555 0.15142412793 
0.311364 68.81459138508 0.15357831394 
0.311870 68.38548178683 0.15262328378 
0.312377 68.54829175238 0.14947754071 
0.312883 68.20176495105 0.14996343158 
0.313390 67.96538354668 0.14779550054 
0.313896 67.94627515783 0.14966057221 
0.314403 67.90109312321 0.14345249872 
0.314909 67.93601430833 0.14770408316 
0.315416 67.57261497780 0.14530437930 
0.315922 67.40544545531 0.14182414908 
0.316429 67.02691100372 0.13985231165 
0.316935 67.18592914098 0.14383883732 
0.317442 67.14955177567 0.14368142867 
0.317948 67.23454797178 0.14069662434 
0.318455 67.04343595125 0.14059861266 
0.318961 66.95537694967 0.14079295122 
0.319468 66.91651589136 0.14109752916 
0.319975 66.99392899073 0.14102708082 
0.320481 66.92890442777 0.14095103462 
0.320988 66.87212983771 0.14464501712 
0.321494 66.87963112492 0.14054163379 
0.322001 66.62463776191 0.20240249971 
0.322507 66.68714838892 0.14384655907 
0.323014 66.55312125807 0.14191392195 
0.323520 66.44064634662 0.14268874901 
0.324027 66.57249412123 0.14292331163 
0.324533 66.68387526796 0.14245697753 
0.325040 66.24398592995 0.13737877649 
0.325546 66.75266521095 0.14181139704 
0.326053 66.26476763454 0.14229823210 
0.326559 66.12533408077 0.14154717229 
0.327066 66.35493310075 0.13706180266 
0.327572 66.36352142362 0.13822839706 
0.328079 66.01322680616 0.13881022601 
0.328585 65.91178803013 0.13741730685 
0.329092 66.17693067077 0.13813677639 
0.329598 65.95799815500 0.13909630283 
0.330105 66.08118352841 0.13786337815 
0.330611 66.00277709553 0.13777781880 
0.331118 66.04289766632 0.13769125167 
0.331624 66.04012945803 0.13809388164 
0.332131 65.76933372405 0.14293527170 
0.332637 66.02452916474 0.13520196943 
0.333144 65.99071454758 0.13930200439 
0.333650 65.99199393521 0.14082024292 
0.334157 65.71807989098 0.13732791016 
0.334663 65.90562774016 0.14082665824 
0.335170 65.79865456150 0.13916346102 
0.335676 65.78991439719 0.13807573425 
0.336183 65.57942147811 0.13885943374 
0.336689 65.53822820974 0.13898658055 
0.337196 65.61716624919 0.13776324780 
0.337702 65.49532423764 0.13742992339 
0.338209 65.57367060845 0.14131449040 
0.338715 65.60804877198 0.13796191901 
0.339222 65.32960654603 0.13869132903 
0.339728 65.43208550252 0.13735041817 
0.340235 65.24702271735 0.23225843411 
0.340741 65.36482778429 0.14010569423 
0.341248 65.26661341043 0.13763377972 
0.341754 65.15765632001 0.13823037998 
0.342261 65.54965479731 0.13694219858 
0.342767 65.20479907764 0.14041465675 
0.343274 65.23641615061 0.13921080465 
0.343780 65.29019075312 0.13942468863 
0.344287 65.08072628638 0.13896928614 
0.344793 65.09517481055 0.13884500350 
0.345300 65.11755206367 0.14012491286 
0.345806 65.05651580666 0.14539527861 
0.346313 64.75413958459 0.14162740084 
0.346819 65.11430014094 0.14537264429 
0.347325 64.85741422952 0.14420394817 
0.347832 64.90072301506 0.14386267412 
0.348338 65.00819521107 0.14623407597 
0.348845 64.97160009886 0.14526493195 
0.349351 65.06297917054 0.14590207275 
0.349858 64.69848705092 0.15162779041 
0.350364 64.68338014879 0.14958327227 
0.350871 64.48340079805 0.14522123074 
0.351377 64.77962083763 0.14842733997 
0.351884 64.71550990331 0.14834793040 
0.352390 64.52183475277 0.14635989649 
0.352897 64.49428749850 0.15227096832 
0.353403 64.33143014550 0.14877662126 
0.353910 64.16375938409 0.14963878273 
0.354416 64.09739615652 0.14998378785 
0.354923 64.39262172211 0.15218045906 
0.355429 63.93648088116 0.15403784172 
0.355935 64.12492584237 0.14879345497 
0.356442 64.19573612337 0.15516850177 
0.356948 64.04026703518 0.15248786799 
0.357455 63.74332241881 0.15485737688 
0.357961 63.93559262106 0.15787397985 
0.358468 63.99154893614 0.15570785619 
0.358974 63.98390881432 0.22088702105 
0.359481 64.10146516635 0.20275066705 
0.359987 63.82177327295 0.19971360042 
0.360494 64.27176147487 0.19141657818 
0.361000 63.60159925652 0.18674762873 
0.361506 64.05174633736 0.18547431707 
0.362013 63.94341075815 0.18618974879 
0.362519 64.00772117833 0.18410248961 
0.363026 63.94496380291 0.18384989228 
0.363532 63.76434624232 0.18717224739 
0.364039 63.70385148915 0.18631796981 
0.364545 64.01329758451 0.18592157367 
0.365052 63.83141971335 0.18290314885 
0.365558 63.73062188903 0.18555092556 
0.366064 63.56938247701 0.18184565299 
0.366571 63.60371188034 0.18555534316 
0.367077 63.58103853740 0.18302295452 
0.367584 63.64700688586 0.18438977627 
0.368090 63.79894602737 0.18754330721 
0.368597 63.47721225716 0.18665739384 
0.369103 63.69560138020 0.18696637796 
0.369610 63.41791891432 0.18992543348 
0.370116 63.74266202946 0.19058786710 
0.370622 63.80185019948 0.18769393697 
0.371129 63.66102753217 0.18982416705 
0.371635 63.83032187183 0.19276202482 
0.372142 63.35274869894 0.19157871253 
0.372648 63.45801440635 0.19262260818 
0.373155 63.37123628669 0.19687724116 
0.373661 63.62066734085 0.19467415384 
0.374167 63.61610725206 0.19599068170 
0.374674 63.65351833887 0.19739675191 
0.375180 63.61932117439 0.19526758557 
0.375687 63.52803917267 0.19707403130 
0.376193 63.37623553665 0.19775705975 
0.376700 63.31314540965 0.20055900576 
0.377206 63.46553029810 0.19995409971 
0.377712 63.47467471243 0.20375984947 
0.378219 63.63662126513 0.20484491240 
0.378725 63.12199448651 0.20039477297 
0.379232 63.32854922640 0.20811716753 
0.379738 62.97441291257 0.20517046960 
0.380245 63.06793752989 0.20929462906 
0.380751 63.10843550216 0.20794235108 
0.381257 63.31012341340 0.20926002202 
0.381764 63.12128235101 0.20730708498 
0.382270 63.38262042375 0.20897999083 
0.382777 63.13735932044 0.20755466863 
0.383283 63.26718804821 0.20950506957 
0.383789 62.79304166166 0.20734851531 
0.384296 63.00411574233 0.20812006083 
0.384802 63.25160601403 0.21252055062 
0.385309 63.22649233928 0.20793096788 
0.385815 62.86121875313 0.21252134824 
0.386321 63.13825573381 0.21029175870 
0.386828 62.84462740914 0.21308116515 
0.387334 63.27076222928 0.21830844620 
0.387841 62.90573606324 0.21666931369 
0.388347 63.42582553008 0.20882033042 
0.388853 62.90510478083 0.21367651031 
0.389360 62.98113372870 0.22414936979 
0.389866 62.83126468788 0.21420505664 
0.390373 62.95550028756 0.22167712120 
0.390879 63.19923000040 0.21626906413 
0.391385 62.71732789094 0.22157635669 
0.391892 62.77855268440 0.21341215403 
0.392398 62.78505980307 0.21990403781 
0.392905 62.36542059477 0.21508791992 
0.393411 62.80062050892 0.22015211564 
0.393917 62.91504226120 0.22421736174 
0.394424 62.65119283379 0.22973580661 
0.394930 62.83107349789 0.22401623832 
0.395437 62.62179577446 0.22609159897 
0.395943 62.69671669111 0.22548624277 
0.396449 62.36092221895 0.34425904671 
0.396956 62.40006408345 0.22826012768 
0.397462 62.77451990927 0.23476563291 
0.397969 62.59524304475 0.22624815613 
0.398475 62.52897170506 0.23481819654 
0.398981 62.44337170641 0.23631917990 
0.399488 62.43888184963 0.23954206315 
0.399994 62.44134363915 0.23857355676 
0.400500 62.37457251641 0.23504491156 
0.401007 62.64427431275 0.24352401885 
0.401513 62.39277279332 0.24205719893 
0.402020 62.01351533739 0.24349428813 
0.402526 62.55889481653 0.24854059288 
0.403032 62.41007074839 0.24355932055 
0.403539 62.63166581230 0.25267868844 
0.404045 62.59214434170 0.25076388128 
0.404551 62.46492767519 0.26514851611 
0.405058 62.09878272542 0.26853395661 
0.405564 62.08954577729 0.25706942483 
0.406071 62.28923430857 0.25354953253 
0.406577 61.87453312114 0.25220711010 
0.407083 62.19633023897 0.25721655659 
0.407590 62.15078344026 0.26323843927 
0.408096 61.79686235586 0.27601406114 
0.408602 62.17275470064 0.26984848298 
0.409109 61.93836063032 0.26386801932 
0.409615 62.69531172582 0.27134290832 
0.410121 62.02325151442 0.25831021395 
0.410628 62.22918739955 0.26810375506 
0.411134 62.38635483128 0.26818409254 
0.411641 62.07291030596 0.27488779640 
0.412147 61.95842065751 0.26721007170 
0.412653 62.21937280165 0.27907329267 
0.413160 62.17287384506 0.26192312154 
0.413666 61.70339059621 0.27084377187 
0.414172 61.82266586171 0.28025063677 
0.414679 61.62808935896 0.27128128005 
0.415185 61.55577509439 0.28449686867 
0.415691 62.16324249027 0.26858908447 
0.416198 61.59074411049 0.27389029575 
0.416704 61.80854561737 0.28233019265 
0.417210 61.61940871094 0.28179714812 
0.417717 62.07880991302 0.29351161141 
0.418223 61.91254446537 0.27833997886 
0.418729 61.79727441238 0.28671427532 
0.419236 62.40387354905 0.28546628470 
0.419742 62.18296602538 0.27061578610 
0.420248 61.40668022364 0.27504911633 
0.420755 61.75790057538 0.28148693679 
0.421261 61.87079708295 0.27126924195 
0.421767 61.65920647775 0.27596713006 
0.422274 61.99390374290 0.28719004111 
0.422780 62.16538562314 0.27758413876 
0.423286 61.60734912796 0.28173170015 
0.423793 61.68565153202 0.27627701002 
0.424299 61.73174037072 0.29070674524 
0.424805 61.67174963348 0.28673158276 
0.425312 61.52821890421 0.29103481803 
0.425818 61.77331775006 0.29424660128 
0.426324 61.24239511159 0.29819920873 
0.426831 61.56288593084 0.29057873772 
0.427337 62.22060251071 0.30560745642 
0.427843 61.87465386684 0.29204537614 
0.428350 61.82130938397 0.29822120941 
0.428856 60.79711765950 0.29550369188 
0.429362 61.38039886563 0.29387354278 
0.429869 61.86369441250 0.32029942328 
0.430375 61.31842635622 0.31840023532 
0.430881 61.81992325380 0.30604351009 
0.431388 61.46055047649 0.31478465243 
0.431894 61.38413698527 0.32000048087 
0.432400 61.55134387708 0.32770544124 
0.432907 61.65082365758 0.31833535658 
0.433413 61.25150665567 0.33751826266 
0.433919 61.38415981721 0.34192206154 
0.434425 61.87287281407 0.33860261900 
0.434932 60.86714359360 0.33064606339 
0.435438 61.62686226230 0.36315106097 
0.435944 61.21343217128 0.33260296266 
0.436451 61.73565781836 0.35008887251 
0.436957 61.59232653860 0.35135791860 
0.437463 61.24630382867 0.35363975988 
0.437970 61.23199361914 0.35131205373 
0.438476 61.30562597432 0.34850457954 
0.438982 61.54190354279 0.35353213658 
0.439489 61.33697941160 0.38388747362 
0.439995 61.42612619829 0.35758241088 
0.440501 60.84844809811 0.38883560339 
0.441007 61.29757243707 0.37987269880 
0.441514 61.40210808628 0.39178069761 
0.442020 61.01038147145 0.39510463613 
0.442526 61.70556290534 0.39668372790 
0.443033 60.92022509701 0.38698213429 
0.443539 61.28147449746 0.40974725008 
0.444045 60.71433145168 0.41429210384 
0.444551 60.93340530861 0.40660591486 
0.445058 60.83364019882 0.42569719507 
0.445564 61.03248014476 0.44748888873 
0.446070 60.98283178273 0.42085802665 
0.446577 61.36203032365 0.43423628857 
0.447083 61.45433677749 0.47407317313 
0.447589 60.44694028014 0.44443472456 
0.448095 60.96427564432 0.46998060342 
0.448602 61.28814333817 0.47790979745 
0.449108 60.21334527416 0.48821829519 
0.449614 60.63579217551 0.47788634542 
0.450121 60.05784848024 0.51469770898 
0.450627 60.49990840699 0.50629977613 
0.451133 60.05213892054 0.51309819368 
0.451639 60.91575873071 0.52664878878 
0.452146 60.13313353035 0.52994023642 
0.452652 60.08960207262 0.52375593877 
0.453158 60.59082466609 0.56236000531 
0.453664 60.29025422660 0.57494245457 
0.454171 60.31974544810 0.60130317066 
0.454677 60.53721568341 0.61359553956 
0.455183 61.10778651804 0.62904823065 
0.455689 60.53452347150 0.63621441763 
0.456196 59.28569270258 0.64883877210 
0.456702 59.68551535761 0.60346854445 
0.457208 60.43810870732 0.66920021060 
0.457714 60.03239115981 0.74138854349 
0.458221 59.25123657128 0.75102312660 
0.458727 59.61306127253 0.74675291377 
0.459233 59.16318672549 0.82630809669 
0.459740 59.91198615502 0.84648855719 
0.460246 59.99107028941 0.87203789832 
0.460752 60.02149404128 0.94717344265 
0.461258 61.44117044036 1.04949520163 
0.461765 60.46725389035 1.06228966306 
0.462271 59.26727669861 1.01411017879 
0.462777 60.67160314570 1.20755662172 
0.463283 59.45226676524 1.22272019632 
0.463789 61.04075178016 1.47080536541 
0.464296 60.64032379357 1.41458450981 
0.464802 59.52638560777 1.38748610384 
0.465308 59.56520471800 1.47826142040 
0.465814 62.01609169480 1.68757189679 
0.466321 60.09164819157 1.74855602707 
0.466827 59.49107821706 1.85633854836 
0.467333 60.12096465328 1.89477702236 
0.467839 60.27979504149 1.93639706276 
0.468346 60.39819397715 2.43709856168 
0.468852 59.16045480996 2.50853959553 
0.469358 58.15187292344 2.87850968780 
0.469864 59.62234694138 2.96823978580 
0.470371 56.68186707864 3.75143291217 
0.470877 57.55184693196 4.32081273728 
0.471383 55.23084951064 5.17290963060 
0.471889 55.82409093991 7.38981261022 
0.472395 57.22787843368 6.41004108257 
0.472902 49.65454545918 12.11070819291 
