0.010896 1365.61271569687 12.55120608641 
0.011402 1214.65028160517 11.38228458311 
0.011909 1083.54404196147 12.20041188139 
0.012416 980.72427203554 8.95785366456 
0.012923 888.94615472608 7.53489770205 
0.013430 824.93375793217 11.26011725929 
0.013936 789.21614814964 8.64805860213 
0.014443 739.43704428727 7.52149190301 
0.014950 682.67057959831 6.33132648257 
0.015457 628.11998114828 5.16501982959 
0.015963 580.13187657378 4.95113965341 
0.016470 544.32556745606 4.20525254040 
0.016977 511.64409382490 3.81479563122 
0.017484 477.82011225656 3.52991917467 
0.017990 450.26968681344 3.12318826216 
0.018497 424.92095464461 2.53624193916 
0.019004 401.34918653143 2.47053270543 
0.019511 378.50519945136 2.27649986558 
0.020018 362.27367679699 2.08955933152 
0.020524 346.67354618352 2.01071569490 
0.021031 329.95215430437 1.96357839622 
0.021538 316.35508901672 1.72207779975 
0.022045 304.67266880679 1.75487867201 
0.022551 292.05008917355 1.49830620411 
0.023058 278.81654842255 1.49701343546 
0.023565 269.17903559117 1.54496935092 
0.024072 262.02892296335 1.64092591432 
0.024579 253.12871124995 1.59426830599 
0.025085 244.65993798178 2.03894198116 
0.025592 237.90110529361 2.04024292985 
0.026099 230.81313826324 2.13113080202 
0.026606 224.82729200702 1.68283804236 
0.027112 218.65213723970 1.88212326042 
0.027619 214.52241074752 1.42126327457 
0.028126 209.47003997847 1.52034721227 
0.028633 204.21410080683 1.39492416610 
0.029139 200.12642823426 1.16118920538 
0.029646 194.17833308771 1.16474380844 
0.030153 191.67268372550 1.13386265925 
0.030660 186.45594437411 1.03326690821 
0.031167 184.29832438854 0.90339280300 
0.031673 180.47660358510 0.92222429026 
0.032180 177.91140897246 0.90545611343 
0.032687 173.81283846077 0.90128016249 
0.033194 171.13299487912 0.84395864799 
0.033700 168.69448366877 0.77156813960 
0.034207 166.39760207979 0.79410401149 
0.034714 164.42098398326 0.74563190673 
0.035221 160.96226516617 0.74283092390 
0.035727 159.34726679984 0.68126478016 
0.036234 157.35440230452 0.68222914219 
0.036741 155.47042708148 0.67158442342 
0.037248 154.11724982104 0.65427141628 
0.037755 151.86030065065 0.66639159664 
0.038261 149.55795491138 0.59549399940 
0.038768 147.96861527056 0.57279148745 
0.039275 147.66458336005 0.58041605199 
0.039782 145.70330510262 0.58073755640 
0.040288 144.11314894084 0.54827072849 
0.040795 141.73057999840 0.55010819561 
0.041302 141.83911060083 0.56447299523 
0.041809 139.76650492118 0.56515245720 
0.042315 138.83355818158 0.55104328157 
0.042822 136.21403096186 0.52877459096 
0.043329 136.10930717661 0.53551577891 
0.043836 133.53574650589 0.54097069505 
0.044343 133.88126387180 0.51473861493 
0.044849 132.47531804106 0.54296475940 
0.045356 131.78526481573 0.49790251256 
0.045863 130.74964424906 0.53280666532 
0.046370 130.24944572427 0.48880855101 
0.046876 128.81814125755 0.49612028134 
0.047383 127.58271942692 0.52911267065 
0.047890 126.74071172451 0.47125387792 
0.048397 125.84010347412 0.48603115917 
0.048903 124.31249405092 0.49046848805 
0.049410 124.37510927526 0.47557080749 
0.049917 123.46855880461 0.48296169203 
0.050424 122.35838490060 0.45968874096 
0.050931 122.28790142739 0.46116317018 
0.051437 121.75247198192 0.47484556207 
0.051944 120.60113785559 0.43550124628 
0.052451 120.04210052260 0.47439145083 
0.052958 118.68235802761 0.43712698246 
0.053464 118.87119725889 0.44750195741 
0.053971 117.11995147359 0.45361267168 
0.054478 117.49999564058 0.44141598206 
0.054985 116.68315815216 0.44241873274 
0.055491 115.92625039533 0.43623068717 
0.055998 115.56507903507 0.43640810358 
0.056505 114.01920269610 0.41367325951 
0.057012 114.22778459380 0.44170768630 
0.057519 113.82778236942 0.43037271475 
0.058025 112.32174299263 0.40976041981 
0.058532 112.87132049558 0.41851007397 
0.059039 111.60892759484 0.42847719676 
0.059546 111.86256328447 0.43450090841 
0.060052 110.14763619362 0.39883053632 
0.060559 110.14732299959 0.40589057131 
0.061066 109.52042785765 0.39952399061 
0.061573 109.57468966664 0.39739108530 
0.062079 108.47334888635 0.39170639850 
0.062586 108.44060564886 0.41688770979 
0.063093 107.53256621393 0.39520113591 
0.063600 107.90747972961 0.40413741881 
0.064106 107.57452039124 0.39534060129 
0.064613 106.70301392738 0.40412613228 
0.065120 105.83860035512 0.38051262002 
0.065627 105.92304320506 0.39089112685 
0.066134 106.04545826429 0.38264734125 
0.066640 105.67819017414 0.36147545995 
0.067147 104.07613261815 0.38196249235 
0.067654 104.05701768652 0.37619385759 
0.068161 104.21781220023 0.37551068900 
0.068667 103.37465151997 0.37154859111 
0.069174 102.76612394734 0.36778257126 
0.069681 103.21645825704 0.36768868763 
0.070188 102.58919522860 0.35861003436 
0.070694 102.37574367721 0.36857113063 
0.071201 101.58773057883 0.35998849847 
0.071708 101.69120292381 0.36488930099 
0.072215 101.75522979421 0.34863815752 
0.072721 101.13735336242 0.34342457582 
0.073228 100.63783538017 0.34356355677 
0.073735 100.41350857150 0.34821096717 
0.074242 100.25191699032 0.35506839011 
0.074748 100.03561186746 0.33896830610 
0.075255 99.13919445592 0.33368440806 
0.075762 99.25676223522 0.33307936411 
0.076269 99.22367945555 0.33971068420 
0.076776 98.99467469274 0.33038282801 
0.077282 98.44534979014 0.33773926239 
0.077789 98.53430836471 0.32618016193 
0.078296 98.18134435662 0.32059277297 
0.078803 97.68627941870 0.32591138776 
0.079309 98.09445003132 0.34101799189 
0.079816 98.13791286590 0.33805319339 
0.080323 96.92007777188 0.33020084243 
0.080830 97.74759687819 0.32812094736 
0.081336 97.66554470886 0.32278077033 
0.081843 96.91577474216 0.32267256025 
0.082350 97.00657725271 0.34250187661 
0.082857 96.13532381396 0.33257894164 
0.083363 96.52496988826 0.34281547703 
0.083870 96.26773917501 0.32925198211 
0.084377 95.61346993486 0.33989921202 
0.084884 95.74368669200 0.34657014271 
0.085390 96.15148486351 0.32335157303 
0.085897 95.91250761455 0.33300578119 
0.086404 95.43427785012 0.33663245642 
0.086911 95.09640754821 0.32709328614 
0.087417 95.20822682516 0.32136521448 
0.087924 95.11387597037 0.33282744280 
0.088431 95.16693591980 0.34024712623 
0.088938 95.03195011140 0.33690786680 
0.089444 94.16066076550 0.32880155730 
0.089951 94.18571838394 0.32119444853 
0.090458 94.34433476642 0.33152544547 
0.090965 94.02182100676 0.33155370063 
0.091471 93.83547575976 0.32812308088 
0.091978 93.73920650286 0.33036067350 
0.092485 92.55250957357 0.35487116402 
0.092992 93.58475103879 0.35361756184 
0.093498 92.91927944609 0.34010888253 
0.094005 92.69158892887 0.34731965247 
0.094512 92.93774740164 0.34281813529 
0.095019 92.59570716950 0.32132419512 
0.095525 92.64218564616 0.33839959110 
0.096032 92.96922388280 0.31857918924 
0.096539 92.41306691529 0.33144113578 
0.097046 92.15435436218 0.33779308726 
0.097552 92.01041940524 0.33106145214 
0.098059 92.06610416970 0.32864361897 
0.098566 91.80327618641 0.32095762044 
0.099073 91.87546119709 0.31701137373 
0.099579 91.68960356984 0.31700544086 
0.100086 91.56095020894 0.31996833798 
0.100593 91.40529743492 0.32477767955 
0.101100 91.89941253260 0.32183455817 
0.101606 91.10406189304 0.32063307235 
0.102113 90.33103022409 0.31221793226 
0.102620 89.80287384082 0.30483583826 
0.103127 89.31555346084 0.30289690578 
0.103633 88.84274131865 0.28777849798 
0.104140 89.03028564336 0.29483502107 
0.104647 88.68916379926 0.29944914045 
0.105154 88.84702888479 0.31120522993 
0.105660 88.91356654649 0.29454961166 
0.106167 88.81885354020 0.30284187804 
0.106674 88.53597730642 0.31072795219 
0.107181 88.30734015781 0.30493135742 
0.107687 88.17793517321 0.30452144450 
0.108194 87.97730280551 0.29509443125 
0.108701 88.15869034477 0.29359585448 
0.109208 87.69096999695 0.29310356665 
0.109714 87.63309525065 0.29098500821 
0.110221 87.79759660751 0.28522714441 
0.110728 88.08723779169 0.28585306175 
0.111235 87.46741178928 0.28409472898 
0.111741 87.21168122992 0.29020195215 
0.112248 87.31601744293 0.28536111318 
0.112755 87.13777642681 0.28794550268 
0.113262 86.52020809276 0.28334192858 
0.113768 87.12651399280 0.28474002719 
0.114275 86.86110309109 0.27929328548 
0.114782 86.84073473471 0.28110653249 
0.115289 86.62380317503 0.27634570603 
0.115795 86.61621861828 0.27465778228 
0.116302 86.17477409888 0.26619807462 
0.116809 86.28613664082 0.26981836217 
0.117316 86.98659216233 0.28012435454 
0.117822 86.60031320511 0.27632686571 
0.118329 86.44367706221 0.27316391630 
0.118836 86.09583512794 0.27974076117 
0.119342 86.32655695356 0.27296415619 
0.119849 85.89648319411 0.26811430758 
0.120356 86.00888537747 0.26580226399 
0.120863 85.62928223142 0.27231301017 
0.121369 85.45184210488 0.26308782068 
0.121876 85.28648796729 0.26839584517 
0.122383 85.63392235067 0.25778725251 
0.122890 85.49530555077 0.25943658708 
0.123396 85.45193192494 0.26026649124 
0.123903 85.18458909398 0.26659283629 
0.124410 85.45672389547 0.26972113805 
0.124917 85.13709044644 0.26842755850 
0.125423 84.77799066895 0.24959106825 
0.125930 85.32455039588 0.26204623274 
0.126437 85.04867428078 0.25849140985 
0.126944 85.01661014519 0.25391722267 
0.127450 85.09183110841 0.25775306150 
0.127957 84.51560634348 0.24858644859 
0.128464 84.81987608242 0.26026085100 
0.128970 84.68608959971 0.25100915708 
0.129477 84.90756623906 0.25415143432 
0.129984 84.43408314651 0.26048316925 
0.130491 84.47416542099 0.24038200578 
0.130997 83.75049025879 0.25224442111 
0.131504 84.09661766770 0.24765484755 
0.132011 84.06301815044 0.24796662576 
0.132518 83.97188515693 0.25019795323 
0.133024 83.89945424760 0.25085082399 
0.133531 83.98015784935 0.25029300000 
0.134038 83.95714995635 0.24063793173 
0.134545 83.69964388838 0.24573337160 
0.135051 83.37275100537 0.24282933173 
0.135558 83.87800056783 0.23674312754 
0.136065 83.71382410773 0.24380269476 
0.136571 83.44264888311 0.24641377235 
0.137078 83.36725757882 0.25079426167 
0.137585 82.90856775461 0.24504787816 
0.138092 83.04430152968 0.24801496654 
0.138598 83.19422820536 0.24368485382 
0.139105 82.81469923871 0.23963026501 
0.139612 83.04793044142 0.24726480634 
0.140119 83.23618403981 0.23902742442 
0.140625 83.04140903458 0.24592614734 
0.141132 82.88725350256 0.24044692539 
0.141639 82.82628316589 0.24245346227 
0.142145 82.55527788456 0.23788631021 
0.142652 82.68358922127 0.24224148117 
0.143159 82.26194535243 0.23666780063 
0.143666 82.42592077397 0.23629022269 
0.144172 82.42106412030 0.24297999057 
0.144679 82.34347211607 0.23413031148 
0.145186 82.13665927140 0.24487094501 
0.145692 82.02826912538 0.24341512396 
0.146199 81.95885925263 0.23959890566 
0.146706 81.77627671407 0.24299004154 
0.147213 81.79439865689 0.23828539354 
0.147719 81.85793882489 0.23914208109 
0.148226 81.88407343069 0.23866027566 
0.148733 81.68592945030 0.24465550663 
0.149240 81.29693290442 0.24312535838 
0.149746 81.28844501486 0.24463281418 
0.150253 81.24695712095 0.23681190192 
0.150760 81.33281829978 0.23756617742 
0.151266 81.24639848599 0.23950278853 
0.151773 80.79680259031 0.23203089769 
0.152280 80.99254115439 0.24274241505 
0.152787 80.48885936278 0.23988660022 
0.153293 80.76163442596 0.23801618603 
0.153800 80.73619322376 0.24139511831 
0.154307 80.74786965415 0.24007640535 
0.154813 80.88561942108 0.24294442406 
0.155320 80.36211548960 0.23615226507 
0.155827 80.40215866503 0.23374939327 
0.156334 80.39526834128 0.23942121606 
0.156840 80.19974151822 0.23570699569 
0.157347 79.95945802222 0.23656879952 
0.157854 80.34107169644 0.23782751978 
0.158360 79.72299407982 0.23670222614 
0.158867 79.96892876927 0.23445189638 
0.159374 80.21389011044 0.23390869799 
0.159881 79.88805212455 0.23451347012 
0.160387 79.99722248004 0.24150298032 
0.160894 79.53207461375 0.23042421006 
0.161401 80.04389145638 0.23149177288 
0.161907 79.83604093876 0.23626446028 
0.162414 79.41736785754 0.23720324325 
0.162921 79.67528930769 0.23120539509 
0.163427 79.58457105417 0.23102700911 
0.163934 79.39739008731 0.23244563359 
0.164441 79.41733354452 0.22928427857 
0.164948 78.99523932461 0.22939999860 
0.165454 79.31856062564 0.22652280338 
0.165961 78.81542769575 0.22907190096 
0.166468 79.10780306972 0.22699841600 
0.166974 78.52857354565 0.23186731249 
0.167481 78.84462905658 0.23067511388 
0.167988 78.96562655151 0.23115608745 
0.168495 78.85198405711 0.22872439808 
0.169001 79.25788760640 0.23039406457 
0.169508 78.82113328543 0.23268465141 
0.170015 79.04673696082 0.22925863669 
0.170521 78.78141079117 0.23454069176 
0.171028 78.86944907212 0.23662774527 
0.171535 79.04998157483 0.23611801256 
0.172041 79.08098610207 0.23651634871 
0.172548 78.84047012329 0.23934835069 
0.173055 79.33699079378 0.23927833529 
0.173562 79.19290511122 0.23333479089 
0.174068 78.51285907337 0.23334885924 
0.174575 79.02725672786 0.23261962352 
0.175082 78.66412002473 0.23790041649 
0.175588 78.89283468922 0.23750774779 
0.176095 78.73433875827 0.23658038787 
0.176602 78.60293302439 0.23708558221 
0.177108 78.51271212518 0.23715410144 
0.177615 78.74527092368 0.23766869449 
0.178122 79.00319780190 0.23973426977 
0.178629 78.31087464902 0.23693025109 
0.179135 78.51351190040 0.23797883637 
0.179642 78.81947627770 0.23108484628 
0.180149 78.60933919899 0.23255431289 
0.180655 78.85034744848 0.23902763664 
0.181162 78.33998176709 0.24073133921 
0.181669 78.88657811321 0.24724318255 
0.182175 78.77359897145 0.24171301547 
0.182682 78.82247432577 0.24646391088 
0.183189 78.44463677943 0.23831388348 
0.183695 78.45211932710 0.24820454040 
0.184202 78.64140779211 0.24687898692 
0.184709 78.15139378007 0.23892800552 
0.185216 78.06657090919 0.23670121433 
0.185722 78.06924908185 0.24655904205 
0.186229 77.63430601822 0.24464841650 
0.186736 77.87892303928 0.24282034079 
0.187242 78.06387729743 0.24404030013 
0.187749 78.06823628977 0.24269248595 
0.188256 77.73913812537 0.24789120043 
0.188762 77.84284267925 0.24148061449 
0.189269 77.55940795586 0.24180416819 
0.189776 77.21443946048 0.24606770863 
0.190282 77.64602954167 0.24258962173 
0.190789 77.48972568779 0.24737161000 
0.191296 77.64046622529 0.24026652703 
0.191802 77.25777732612 0.24719307183 
0.192309 76.97321273201 0.23634072116 
0.192816 77.11787584315 0.24070898135 
0.193323 76.40981811114 0.23091365444 
0.193829 76.69283987230 0.23572305396 
0.194336 76.62039104692 0.23457833367 
0.194843 76.58613732992 0.23675009728 
0.195349 76.67550288907 0.23552152551 
0.195856 75.95497104925 0.23700227578 
0.196363 76.23035420648 0.23294650170 
0.196869 76.23203851651 0.22913493442 
0.197376 76.29181144023 0.23143112407 
0.197883 76.11340120807 0.22560616621 
0.198389 76.00901231767 0.22747660415 
0.198896 75.80133985179 0.22231164731 
0.199403 75.64552079692 0.22938376072 
0.199909 75.60196197983 0.22950779523 
0.200416 75.62815080327 0.22364823652 
0.200923 75.45262325886 0.22444162734 
0.201429 75.87881913834 0.22496186100 
0.201936 75.59622641664 0.22472027610 
0.202443 75.65030745573 0.22480912736 
0.202949 75.53865890161 0.22110681781 
0.203456 75.59858994318 0.22545086387 
0.203963 75.38697673744 0.21861849431 
0.204469 75.62357098274 0.22135681657 
0.204976 75.63484567578 0.21511199072 
0.205483 75.39214342094 0.21759245010 
0.205989 75.09530730667 0.21642552014 
0.206496 75.48084727176 0.21551284509 
0.207003 75.36597284321 0.21797850909 
0.207509 75.21680210677 0.21823479207 
0.208016 75.26120186669 0.21279812238 
0.208523 75.27289820516 0.21210351150 
0.209029 75.19158450939 0.21362631671 
0.209536 75.00146674061 0.21414420670 
0.210043 75.13908444964 0.21373365561 
0.210549 74.90007487062 0.21190598078 
0.211056 75.11703115814 0.21360946273 
0.211563 74.92000920087 0.21084993883 
0.212069 74.88875232928 0.21104170366 
0.212576 74.92025626530 0.20968970497 
0.213083 74.49583253440 0.20807798304 
0.213589 74.80974621168 0.20866723219 
0.214096 74.65177943970 0.20354164739 
0.214603 74.73808889902 0.20593163729 
0.215109 74.72468091319 0.20899315857 
0.215616 74.61510109140 0.20593620198 
0.216123 74.32940804789 0.20987749161 
0.216629 74.57191965507 0.20583669699 
0.217136 74.29545225323 0.20758980870 
0.217643 74.29282906071 0.21086715417 
0.218149 74.28057341695 0.20202913915 
0.218656 74.15880074497 0.20393754644 
0.219163 74.08499094760 0.20490380554 
0.219669 73.85649600212 0.20796075970 
0.220176 74.09745383885 0.20707139088 
0.220683 74.28329985307 0.20744326235 
0.221189 73.79406325601 0.20327483422 
0.221696 74.05048189850 0.20813157255 
0.222203 73.94836626599 0.20385137745 
0.222709 73.97256628336 0.20424703711 
0.223216 73.93885969317 0.20556045914 
0.223722 73.62694305649 0.20073946173 
0.224229 73.89908247370 0.20403184856 
0.224736 73.70225919150 0.20048350426 
0.225242 73.60945085502 0.20250582052 
0.225749 73.54568300870 0.20378487875 
0.226256 73.61228932835 0.20307083896 
0.226762 73.49228209098 0.20092420525 
0.227269 73.71746045726 0.20671666305 
0.227776 73.44502767235 0.20395860882 
0.228282 73.08121954929 0.20128796195 
0.228789 73.19900164528 0.20200632115 
0.229296 73.16995524549 0.20029892361 
0.229802 73.12507465727 0.19706139850 
0.230309 73.00884614333 0.19789453665 
0.230816 73.18273632115 0.20087754000 
0.231322 73.14854300832 0.20554274316 
0.231829 72.93205803429 0.20160148795 
0.232335 73.03923686759 0.20316496861 
0.232842 73.05748655472 0.20254854857 
0.233349 72.70671936325 0.19980309989 
0.233855 72.39843553454 0.19634410643 
0.234362 72.72236524556 0.20054000086 
0.234869 72.74522799376 0.19958338445 
0.235375 72.67350484241 0.20133226691 
0.235882 72.70139045458 0.19918650783 
0.236389 72.66379443236 0.20030243194 
0.236895 72.41126756729 0.20031226719 
0.237402 72.17239876579 0.19950766308 
0.237908 72.54515425532 0.20080207748 
0.238415 72.09649696361 0.19660581815 
0.238922 72.34352419175 0.19759480562 
0.239428 72.06120265083 0.19993661118 
0.239935 71.93474273676 0.19922310413 
0.240442 71.92227635661 0.19845221856 
0.240948 72.17859992850 0.19748266981 
0.241455 71.79193658987 0.19974729120 
0.241962 72.00422891158 0.19462286600 
0.242468 71.83268893835 0.19856588593 
0.242975 71.84232421495 0.19507716072 
0.243481 71.65262343522 0.19960782738 
0.243988 71.92111212216 0.19883435826 
0.244495 71.89577644955 0.19913524475 
0.245001 71.78748438530 0.20136863154 
0.245508 71.76115074336 0.19660728925 
0.246015 71.82943534165 0.19595611948 
0.246521 71.62291560041 0.19679581780 
0.247028 71.40593486870 0.19778928748 
0.247534 71.69378496366 0.19587386527 
0.248041 71.70921963537 0.19244016956 
0.248548 71.78479617811 0.19841638167 
0.249054 71.52182001277 0.19762949348 
0.249561 71.33660749886 0.19478257054 
0.250068 71.43219485703 0.20030136758 
0.250574 71.13114623079 0.19945703377 
0.251081 71.04200104953 0.19869748887 
0.251587 71.23048061099 0.19719389787 
0.252094 71.25147125563 0.19454356702 
0.252601 71.23187493142 0.19774363638 
0.253107 70.74896503142 0.19807609516 
0.253614 71.06666335757 0.19641169232 
0.254120 70.70396518438 0.19543821176 
0.254627 70.83839228397 0.19380119347 
0.255134 71.02680078554 0.19541661853 
0.255640 70.90086437080 0.19862176508 
0.256147 70.90263321533 0.19537857364 
0.256654 71.02678342057 0.19808074804 
0.257160 71.17778643921 0.19470081615 
0.257667 71.34638614221 0.19423156734 
0.258173 71.36197339637 0.19807112391 
0.258680 71.64610835491 0.19723971017 
0.259187 71.30509770667 0.19549554370 
0.259693 71.42867530992 0.19621708975 
0.260200 71.28317391038 0.19234290433 
0.260706 71.64131102486 0.19402657873 
0.261213 71.75987290628 0.19605032922 
0.261720 71.57152921949 0.19732570696 
0.262226 71.48820996281 0.19235138760 
0.262733 71.74370839860 0.19314020417 
0.263239 71.54758596527 0.19607538798 
0.263746 71.60143309971 0.19462430575 
0.264253 71.62455650912 0.19248837370 
0.264759 71.71265471552 0.19337761898 
0.265266 71.58021091824 0.19448988942 
0.265772 71.85258183025 0.18855816742 
0.266279 71.64906396773 0.19032078392 
0.266786 71.70354179383 0.18951620868 
0.267292 71.60207119172 0.19274874954 
0.267799 71.74115131573 0.18946980867 
0.268305 71.89441563946 0.19176980533 
0.268812 71.58178160832 0.18981620680 
0.269319 71.39579752771 0.18814651232 
0.269825 71.81754749428 0.19268320395 
0.270332 72.04055348888 0.19099300834 
0.270838 72.02732892424 0.19336707761 
0.271345 71.78930957066 0.19094613345 
0.271852 71.99299045650 0.19101995799 
0.272358 72.33196334907 0.19078781446 
0.272865 71.98012187239 0.19267935539 
0.273371 72.27751589576 0.19083426367 
0.273878 72.38490239985 0.19161729968 
0.274385 72.41538159365 0.19046798254 
0.274891 72.33748952967 0.18577980623 
0.275398 72.29056581965 0.18957912961 
0.275904 72.28748729340 0.18505067751 
0.276411 72.17746010840 0.18728195669 
0.276917 72.18683272825 0.18411622998 
0.277424 72.21028561366 0.18497208101 
0.277931 72.02344250836 0.18171635747 
0.278437 72.06049353519 0.18074525731 
0.278944 71.93275670529 0.18227017137 
0.279450 72.46312889066 0.18220213763 
0.279957 72.09296457621 0.18184469051 
0.280464 72.18332131049 0.18323351750 
0.280970 72.02453329308 0.18420664597 
0.281477 71.83190811757 0.18068145916 
0.281983 72.12084834386 0.18066414446 
0.282490 72.20371549487 0.18049515828 
0.282996 72.12199484650 0.18314124102 
0.283503 72.13020893114 0.18076090817 
0.284010 71.91383942216 0.17917450672 
0.284516 71.50252312651 0.17888916979 
0.285023 71.71068952380 0.17732067525 
0.285529 71.99242628601 0.17513486810 
0.286036 71.62342465205 0.17689620059 
0.286542 71.68039056330 0.17349841381 
0.287049 71.77369956590 0.17295170054 
0.287556 71.82326543361 0.17784669104 
0.288062 71.56649880274 0.17292733308 
0.288569 71.48673475925 0.17140265329 
0.289075 71.55960353483 0.17215290607 
0.289582 71.33868769049 0.17446444112 
0.290088 71.20170107506 0.17167535260 
0.290595 71.51650381279 0.16679180142 
0.291102 71.21691875049 0.16777916124 
0.291608 71.18401141621 0.16866749923 
0.292115 71.12810870040 0.16915506941 
0.292621 71.10191868230 0.16747948000 
0.293128 70.95921481937 0.16750881626 
0.293634 71.19800104168 0.16652866503 
0.294141 71.06911697389 0.16618175957 
0.294647 71.03112516342 0.16597904654 
0.295154 71.05531749083 0.16578729452 
0.295661 70.82591132190 0.16435331141 
0.296167 70.81906714817 0.16325178096 
0.296674 70.88002733191 0.16856696116 
0.297180 70.61330958655 0.16388191619 
0.297687 70.61917576690 0.16669306606 
0.298193 70.72374681832 0.16283498958 
0.298700 70.77200147594 0.16356029427 
0.299207 70.62124980514 0.16633751461 
0.299713 70.82132343128 0.16384168539 
0.300220 70.55997052443 0.16417561466 
0.300726 70.40004699030 0.16094355093 
0.301233 70.40924350725 0.16321927572 
0.301739 70.27223053337 0.16402454076 
0.302246 70.25619746074 0.16341442142 
0.302752 70.34848793073 0.16568554106 
0.303259 70.16607338230 0.16318996090 
0.303765 70.12810102837 0.16033677068 
0.304272 70.09690789124 0.15906940975 
0.304779 70.11134912550 0.16114783439 
0.305285 70.19728452315 0.16092763974 
0.305792 70.17212175116 0.16220470377 
0.306298 70.19894283214 0.16028620179 
0.306805 69.96707511373 0.16170858926 
0.307311 70.09331210077 0.16115844083 
0.307818 69.84209782055 0.16112366039 
0.308324 69.51525520758 0.15538492797 
0.308831 69.47982365273 0.15721974830 
0.309337 69.41177299183 0.15601511576 
0.309844 68.89317554680 0.15271122774 
0.310350 69.02178897362 0.15084850139 
0.310857 69.04086334629 0.15171063322 
0.311364 68.56759903197 0.15216574558 
0.311870 68.58676188459 0.15145104475 
0.312377 68.16528855749 0.14647248108 
0.312883 68.04776283675 0.14529304358 
0.313390 68.21790216604 0.14667357741 
0.313896 67.91109855439 0.14886269526 
0.314403 67.74661203223 0.14394461372 
0.314909 67.56803123076 0.14476713301 
0.315416 67.33909515605 0.14580992749 
0.315922 67.32913392661 0.14235304585 
0.316429 67.33423534453 0.14262173941 
0.316935 67.08280818952 0.14416338431 
0.317442 67.04011995466 0.14590803459 
0.317948 66.95112244412 0.14159420589 
0.318455 66.97957186278 0.14131098958 
0.318961 66.84075009631 0.14044199048 
0.319468 67.12001926407 0.14174645821 
0.319975 66.77350741409 0.14456217077 
0.320481 66.73328566779 0.14253585317 
0.320988 66.83354030582 0.14397187507 
0.321494 66.73155683940 0.13996825380 
0.322001 66.79897181330 0.16471872301 
0.322507 66.51246488251 0.13974369554 
0.323014 66.63954969551 0.14053080703 
0.323520 66.45018977521 0.14016405824 
0.324027 66.59851437463 0.13985555289 
0.324533 66.47251412320 0.14156523984 
0.325040 66.73398699837 0.14137306150 
0.325546 66.33620685984 0.14024351501 
0.326053 66.11388215720 0.13942904345 
0.326559 66.30150696562 0.13644576595 
0.327066 66.27970669028 0.13768121203 
0.327572 66.27602006446 0.13955245623 
0.328079 65.99129382490 0.14008872520 
0.328585 66.26168878301 0.13933438041 
0.329092 66.01277837396 0.13759691095 
0.329598 66.26333111025 0.13796284850 
0.330105 66.33136643776 0.13600761809 
0.330611 66.17457915401 0.13829163602 
0.331118 65.97888543009 0.13866549735 
0.331624 66.11874899637 0.14177355257 
0.332131 65.68197578423 0.13889265709 
0.332637 65.92560731495 0.14080454302 
0.333144 66.01551236864 0.14088558907 
0.333650 65.81362997841 0.13872206047 
0.334157 65.95427185800 0.14029976538 
0.334663 65.90831145880 0.14054883064 
0.335170 65.60210337500 0.14087196416 
0.335676 65.72470250595 0.14167688676 
0.336183 65.95057390311 0.13816199322 
0.336689 65.47928276112 0.13691351395 
0.337196 65.64699712318 0.14113970464 
0.337702 65.56480271441 0.13834823995 
0.338209 65.52161084774 0.14108321889 
0.338715 65.41993160474 0.13953431112 
0.339222 65.44099202646 0.13981923644 
0.339728 65.59083297565 0.13794244966 
0.340235 65.24151122880 0.20022171742 
0.340741 65.62384901745 0.14120550621 
0.341248 65.35800664004 0.13701734616 
0.341754 65.38430415775 0.14037156372 
0.342261 65.46068935496 0.13911439333 
0.342767 64.96039375656 0.13852158007 
0.343274 65.15940765051 0.14022685424 
0.343780 64.84942433083 0.14266030999 
0.344287 65.35579117191 0.14135007581 
0.344793 65.01941571084 0.13953528447 
0.345300 65.35294091822 0.14188968613 
0.345806 64.92152822091 0.14041348985 
0.346313 64.85366688506 0.14542443067 
0.346819 64.99740985706 0.14370662035 
0.347325 65.15007992295 0.14754194364 
0.347832 64.98371165384 0.14476553416 
0.348338 64.59010451743 0.14672724140 
0.348845 65.07555638225 0.15078260374 
0.349351 64.74696251492 0.14748574121 
0.349858 64.95830789516 0.14844836126 
0.350364 64.81832961693 0.15064841457 
0.350871 64.56981063816 0.14977445768 
0.351377 64.71858167192 0.15044934764 
0.351884 64.55038030374 0.14650620173 
0.352390 64.47899933338 0.15039869385 
0.352897 64.49711025187 0.15094569013 
0.353403 64.63518756752 0.14971000827 
0.353910 64.22454862481 0.15094820629 
0.354416 63.99776564622 0.15435364759 
0.354923 64.39046340517 0.15215596125 
0.355429 63.99616794820 0.15620774296 
0.355935 64.21791588908 0.15076701597 
0.356442 63.95399465072 0.15217202737 
0.356948 63.94358443438 0.15273125686 
0.357455 63.73757599503 0.15841694061 
0.357961 63.81744774413 0.15508200555 
0.358468 63.75202770454 0.15528027290 
0.358974 63.68838333719 0.22238912853 
0.359481 63.92840919841 0.20256934798 
0.359987 63.77718326545 0.20296851275 
0.360494 63.59351399893 0.18843416255 
0.361000 63.66783608108 0.18586643312 
0.361506 63.90186866320 0.18889157705 
0.362013 63.82561656762 0.18475658981 
0.362519 63.84453406546 0.18114108492 
0.363026 63.63515588095 0.18424786630 
0.363532 63.93698656546 0.18881810050 
0.364039 63.81264203233 0.18277284947 
0.364545 63.80370213743 0.18205387146 
0.365052 63.76662104539 0.18370621581 
0.365558 63.87714294143 0.18367998349 
0.366064 63.50829324211 0.17999724537 
0.366571 63.99717696423 0.18541065718 
0.367077 63.74293635434 0.18592177598 
0.367584 63.46447409204 0.18912416077 
0.368090 64.03350734920 0.18608611972 
0.368597 63.74997135717 0.19083871063 
0.369103 63.72366327979 0.19427987727 
0.369610 63.67662183302 0.19223918385 
0.370116 63.59757659714 0.19374654929 
0.370622 63.50065434571 0.19040312909 
0.371129 63.62071183899 0.19234392627 
0.371635 63.80730681816 0.19164729263 
0.372142 63.35132206532 0.18990280501 
0.372648 63.36275462294 0.19664466093 
0.373155 63.41537211063 0.19665199821 
0.373661 63.72397974353 0.19656172598 
0.374167 63.55652738029 0.19667393817 
0.374674 63.27053859320 0.19499941644 
0.375180 63.80133289687 0.19875898717 
0.375687 63.56470418886 0.19880075897 
0.376193 63.38927207898 0.19858575669 
0.376700 63.43020756061 0.19832298919 
0.377206 63.48138094286 0.19980445010 
0.377712 63.37849028808 0.20547055898 
0.378219 63.15705477522 0.20273947629 
0.378725 63.29871462527 0.20659195952 
0.379232 63.59148191811 0.20771613640 
0.379738 63.54357456438 0.20472939052 
0.380245 63.06586134372 0.20709731044 
0.380751 63.37737453149 0.20685286668 
0.381257 63.44472318632 0.20955387745 
0.381764 63.17297371283 0.20887203736 
0.382270 63.21985693228 0.20836485103 
0.382777 63.11491819420 0.20587591876 
0.383283 62.84840348068 0.20640369701 
0.383789 63.03623033360 0.20998746123 
0.384296 62.90375472886 0.20920645702 
0.384802 63.04742307720 0.21556910497 
0.385309 63.12866531733 0.21359310182 
0.385815 62.86026101633 0.21430729289 
0.386321 62.82492924388 0.20790463809 
0.386828 63.16681450250 0.21441815279 
0.387334 62.99609384899 0.21082049467 
0.387841 63.52337300581 0.21470634835 
0.388347 62.93457042259 0.20911600580 
0.388853 62.73270634687 0.20917941968 
0.389360 63.03718581733 0.21769958772 
0.389866 63.01900339967 0.21184585841 
0.390373 62.53460019448 0.21506355096 
0.390879 62.74728884516 0.21865433572 
0.391385 62.71155797706 0.21897040067 
0.391892 63.20448042519 0.22016835270 
0.392398 62.72640543395 0.22223398738 
0.392905 62.88922710341 0.21935715135 
0.393411 62.91173533403 0.22232156958 
0.393917 62.95687491541 0.22227711831 
0.394424 62.86084806422 0.22713712392 
0.394930 62.89918448611 0.22556795382 
0.395437 62.47217253674 0.23364605410 
0.395943 62.85094228680 0.22926789375 
0.396449 62.36735249118 0.36914116801 
0.396956 62.59530034976 0.22606321592 
0.397462 62.70819875615 0.23334706684 
0.397969 62.25127166874 0.22934214972 
0.398475 62.80268071279 0.23368722594 
0.398981 62.09371375320 0.23476736648 
0.399488 62.43382378178 0.23277642162 
0.399994 62.28582926353 0.23912292352 
0.400500 62.88736374861 0.24420845141 
0.401007 62.57269806525 0.24368291269 
0.401513 62.54848517173 0.24236080647 
0.402020 62.37748967710 0.23435394707 
0.402526 62.15407237282 0.24238828901 
0.403032 62.37966880007 0.24694239062 
0.403539 62.54772163167 0.25357920469 
0.404045 62.26766953329 0.25004265172 
0.404551 62.70094246837 0.26876354172 
0.405058 62.14250331376 0.27401982719 
0.405564 62.01956693609 0.26310012718 
0.406071 62.60898064673 0.25131070124 
0.406577 62.62281365600 0.25552737853 
0.407083 62.00180620426 0.26568848177 
0.407590 62.12370333075 0.26531009849 
0.408096 62.29805001105 0.27269139576 
0.408602 61.78562783159 0.26711112192 
0.409109 61.76351788214 0.26119267034 
0.409615 61.44592195009 0.27640755675 
0.410121 62.08639939678 0.26754462156 
0.410628 61.94460501658 0.26687914510 
0.411134 62.15057628410 0.26850968590 
0.411641 62.28268810525 0.27662537737 
0.412147 62.32372215365 0.26303117259 
0.412653 61.93797546409 0.27546856236 
0.413160 62.45443523797 0.26312656686 
0.413666 61.82620767593 0.26651571014 
0.414172 61.72036808689 0.27888578926 
0.414679 62.28790669193 0.27853245855 
0.415185 61.46900992182 0.28163248750 
0.415691 62.07003899836 0.27398436329 
0.416198 61.56405365410 0.26007137701 
0.416704 61.79388164855 0.28030527498 
0.417210 61.87794509947 0.28302013580 
0.417717 61.79668448382 0.30072320073 
0.418223 61.84595418230 0.27732511959 
0.418729 61.50982286402 0.28722528463 
0.419236 61.87448386699 0.27265662894 
0.419742 61.83861689709 0.26597935462 
0.420248 61.65528804787 0.27984334826 
0.420755 61.86837874715 0.28510833896 
0.421261 61.68459640937 0.28153451864 
0.421767 61.93117440102 0.28665139718 
0.422274 61.63642544326 0.28153513086 
0.422780 61.17993888736 0.28383511304 
0.423286 61.79228010670 0.27547787868 
0.423793 62.42392373245 0.27919588168 
0.424299 62.04177703615 0.28698507500 
0.424805 61.96893356966 0.28203334922 
0.425312 61.34764932105 0.30053017615 
0.425818 61.25052498307 0.27493346659 
0.426324 61.34175944695 0.29572414283 
0.426831 61.71315481620 0.28156839251 
0.427337 61.57042440695 0.31712469574 
0.427843 61.46561989027 0.29236658738 
0.428350 61.67010539097 0.29789919295 
0.428856 61.48872991394 0.30601278071 
0.429362 61.31106608872 0.29670862168 
0.429869 61.35569262831 0.32077350950 
0.430375 61.54394481506 0.31836142002 
0.430881 61.49820329634 0.31127535567 
0.431388 61.79561092000 0.31830268195 
0.431894 61.98875725364 0.30520165899 
0.432400 61.31122821731 0.33345709822 
0.432907 61.64026564752 0.32192212875 
0.433413 61.37625830203 0.33640435444 
0.433919 60.84510732701 0.33822501557 
0.434425 61.28528356588 0.33083391764 
0.434932 61.03143424101 0.33613316699 
0.435438 61.48483769210 0.35683725884 
0.435944 61.22394921197 0.34389194230 
0.436451 61.26559064064 0.34730747561 
0.436957 61.62252536292 0.36610614731 
0.437463 61.26685458864 0.35931776781 
0.437970 61.43569710589 0.34551208351 
0.438476 61.21921990563 0.35810844529 
0.438982 61.22770479227 0.35437158569 
0.439489 61.37046854868 0.38316048674 
0.439995 61.47811555343 0.35548777253 
0.440501 61.53770936128 0.37771068704 
0.441007 60.88452326460 0.37610216566 
0.441514 61.39878885719 0.37844719266 
0.442020 61.68970105396 0.40269539204 
0.442526 61.36589941759 0.40077845996 
0.443033 60.80937286474 0.39582653286 
0.443539 61.27531702077 0.38965906901 
0.444045 60.67378576044 0.40165029858 
0.444551 61.27925801143 0.41637891461 
0.445058 61.23357219713 0.41973200188 
0.445564 60.77682155406 0.43290651771 
0.446070 60.96438726525 0.42243068139 
0.446577 60.64633055736 0.41915363258 
0.447083 61.08903704720 0.47053988976 
0.447589 60.10372317697 0.45512214147 
0.448095 60.89811100594 0.45735931162 
0.448602 60.86430535323 0.46401417984 
0.449108 60.83442744593 0.45676968552 
0.449614 60.70790411684 0.48497677536 
0.450121 60.66443478679 0.48328989061 
0.450627 60.73544499010 0.51295920793 
0.451133 60.82360496266 0.51720277407 
0.451639 61.14662966851 0.53075661033 
0.452146 60.81067925354 0.54193653169 
0.452652 60.24074390369 0.55220902345 
0.453158 60.40133848253 0.54178308838 
0.453664 60.33065807010 0.55656768733 
0.454171 60.36731899611 0.59236872437 
0.454677 60.06891710449 0.59287803952 
0.455183 60.69579479074 0.62569009008 
0.455689 61.02933809874 0.61379041851 
0.456196 60.64796709274 0.68715953290 
0.456702 60.37877434067 0.65819408234 
0.457208 59.88781040101 0.69383812551 
0.457714 60.73018793841 0.71839427992 
0.458221 60.50388523692 0.74787523112 
0.458727 60.73787295344 0.78358955520 
0.459233 59.53432732739 0.82364976071 
0.459740 60.07584934731 0.88138321182 
0.460246 59.85973101073 0.90873485606 
0.460752 60.69623289505 0.97503733112 
0.461258 60.74351865804 0.99649466201 
0.461765 59.68729067382 1.06223235088 
0.462271 62.09182586800 1.08345335064 
0.462777 60.13892012317 1.16897367545 
0.463283 60.51155893249 1.25727254491 
0.463789 60.63074372296 1.37097148781 
0.464296 60.12983118960 1.36690402911 
0.464802 60.47126617237 1.38097127979 
0.465308 60.07137006717 1.46599046651 
0.465814 59.71383469720 1.74939181161 
0.466321 61.74123671411 1.82507407130 
0.466827 60.46537187815 1.85899375204 
0.467333 60.50776839962 1.96171580344 
0.467839 58.23002321185 1.95058164874 
0.468346 58.23955264775 2.30894157729 
0.468852 59.04346857549 2.53567771824 
0.469358 59.54360343186 2.92414045084 
0.469864 56.80853514696 2.75235325639 
0.470371 57.86537654818 3.92390664918 
0.470877 60.56784674327 4.70873250672 
0.471383 57.55999543917 5.53864398851 
0.471889 54.06875008627 7.02040100477 
0.472395 54.00749375104 6.29267431038 
0.472902 53.32249827491 12.71154379301 
