0.010896 1353.90369375093 12.22422297249 
0.011402 1196.86360888212 12.46197211731 
0.011909 1086.53422949730 11.68147255995 
0.012416 981.68451813372 8.81977056144 
0.012923 879.57691277016 7.56592645808 
0.013430 829.96842655452 11.54902699368 
0.013936 788.24231380827 9.36172062173 
0.014443 736.54751177911 7.38793490058 
0.014950 681.68794387123 6.68237494172 
0.015457 629.91595001533 5.55049304239 
0.015963 580.04818888285 4.77271541586 
0.016470 542.24711516517 4.10145912062 
0.016977 510.08178622223 3.63178188325 
0.017484 475.56011309313 3.29388695013 
0.017990 449.03291342968 3.04905475511 
0.018497 423.61821384181 2.77745787792 
0.019004 399.98001175270 2.41550154329 
0.019511 379.13831948790 2.29794494484 
0.020018 362.25955731485 2.29597631445 
0.020524 344.56553161640 1.95845509049 
0.021031 328.41526176239 1.91614022271 
0.021538 313.50136177561 1.74359888594 
0.022045 302.15734982974 1.76144970319 
0.022551 289.09675575150 1.55490080191 
0.023058 279.63080586360 1.51904058872 
0.023565 270.23145727638 1.58225346201 
0.024072 261.82556733781 1.65433371007 
0.024579 252.34702970972 1.60896139294 
0.025085 243.15093337442 2.16430417882 
0.025592 236.69965733065 2.15801861897 
0.026099 228.62285361099 2.09270795005 
0.026606 223.93812747676 1.64119105583 
0.027112 218.04001351037 1.71533444430 
0.027619 211.35200862768 1.53413876025 
0.028126 206.97314934916 1.38998997192 
0.028633 201.81469888480 1.29293561004 
0.029139 198.02217644240 1.17434256921 
0.029646 192.79218550102 1.13095536768 
0.030153 189.31986351033 1.12124841553 
0.030660 185.76122300055 1.06310744600 
0.031167 182.73364144566 0.95853091057 
0.031673 178.19503388864 0.94707814158 
0.032180 175.67736342721 0.90028470582 
0.032687 171.41121623293 0.88978060971 
0.033194 169.76829360757 0.83819444119 
0.033700 167.49222520692 0.79325481987 
0.034207 164.40001588109 0.73818229808 
0.034714 162.03120505675 0.74278583339 
0.035221 160.58652243061 0.71548967311 
0.035727 158.38581605453 0.68895949265 
0.036234 154.42556056276 0.65629845340 
0.036741 153.68239551406 0.68537508386 
0.037248 152.22073493475 0.66418585624 
0.037755 149.95892764771 0.63636988237 
0.038261 148.66150399839 0.60537827803 
0.038768 146.77872935214 0.63501146414 
0.039275 145.60388560165 0.61855545439 
0.039782 144.25907647244 0.57791885959 
0.040288 141.33918892295 0.57717826636 
0.040795 141.30787820798 0.56077306520 
0.041302 139.75954549406 0.54691650474 
0.041809 139.39567715252 0.54706616803 
0.042315 136.67581788771 0.55362238667 
0.042822 135.95982661933 0.55263218498 
0.043329 133.97282072820 0.54965279643 
0.043836 133.89287051962 0.52163914226 
0.044343 132.84826200660 0.51913138970 
0.044849 131.30950336893 0.51003611258 
0.045356 130.84581781514 0.49367135600 
0.045863 130.07962336465 0.51433879973 
0.046370 128.47771138841 0.52335085056 
0.046876 127.85836987204 0.51414719349 
0.047383 126.53174297453 0.47577275619 
0.047890 126.48482666264 0.49662500237 
0.048397 125.46199631495 0.50069343139 
0.048903 123.85303861654 0.47269305607 
0.049410 123.94265820860 0.48524446603 
0.049917 123.38162059779 0.44901976020 
0.050424 121.91369385095 0.46831001501 
0.050931 121.47622667849 0.45734139927 
0.051437 121.15556013131 0.46530130375 
0.051944 119.59371584651 0.44318366021 
0.052451 119.81311404517 0.44108729863 
0.052958 118.47003686252 0.44458554863 
0.053464 118.23674278352 0.44259430776 
0.053971 117.33462825684 0.44003774802 
0.054478 116.51751861180 0.43993495383 
0.054985 116.21899743413 0.44315070719 
0.055491 115.25687361090 0.44909075643 
0.055998 114.56112809478 0.43311001386 
0.056505 114.90573713333 0.42871045223 
0.057012 113.14172296124 0.43416308477 
0.057519 112.82630241569 0.41861381041 
0.058025 112.18937990273 0.40902759024 
0.058532 111.10549871733 0.42686261802 
0.059039 111.02349101733 0.44109466313 
0.059546 110.99719687158 0.42196560274 
0.060052 110.54815106693 0.41694691916 
0.060559 109.59726904259 0.40339304402 
0.061066 109.97910454528 0.38890835743 
0.061573 108.73531810143 0.41661979067 
0.062079 108.12042439080 0.40241525056 
0.062586 107.76227516086 0.39139153499 
0.063093 107.42307374164 0.39642162706 
0.063600 106.88089494343 0.37931085287 
0.064106 106.37221586646 0.39702905558 
0.064613 106.12767688582 0.38139994324 
0.065120 106.38963133250 0.38333361891 
0.065627 105.74587524517 0.37095960134 
0.066134 104.94458783130 0.37497884217 
0.066640 104.94687084330 0.38551283335 
0.067147 104.37701967452 0.37168286774 
0.067654 103.71183796630 0.37777179950 
0.068161 103.59005406342 0.37369952773 
0.068667 103.04760945461 0.37474246928 
0.069174 103.50327848948 0.37705176400 
0.069681 102.45699346411 0.36175082075 
0.070188 102.89326072733 0.35654252043 
0.070694 102.58728129733 0.36671785148 
0.071201 101.72812207953 0.35209270845 
0.071708 101.34423699678 0.36346150920 
0.072215 100.77400235885 0.34584643233 
0.072721 100.68155547279 0.34543377271 
0.073228 100.70304056598 0.34463885675 
0.073735 99.71678096409 0.36348862239 
0.074242 100.28177671958 0.35472276723 
0.074748 99.56988034421 0.34405979702 
0.075255 99.25601935861 0.33984774417 
0.075762 99.37968358652 0.32234898045 
0.076269 98.43987946250 0.34390050200 
0.076776 98.34934914415 0.34326730582 
0.077282 98.03286210456 0.33013602324 
0.077789 98.13198844062 0.33909898600 
0.078296 97.42512195162 0.32550064375 
0.078803 97.65041590239 0.32250742054 
0.079309 98.06563238206 0.33518924222 
0.079816 97.67683295329 0.33276916605 
0.080323 97.14584381229 0.32248148841 
0.080830 96.60238777866 0.33965442078 
0.081336 96.77835830398 0.33495950172 
0.081843 97.08016843339 0.33075894382 
0.082350 96.94865511397 0.32964343239 
0.082857 96.51807034755 0.33930495303 
0.083363 96.43720986556 0.34011325786 
0.083870 96.25529543951 0.32626307916 
0.084377 96.05396473243 0.32694655067 
0.084884 95.42362845555 0.32070618151 
0.085390 95.39159994755 0.33642859074 
0.085897 95.54145076492 0.34103452878 
0.086404 95.77545235675 0.32886653655 
0.086911 95.46987597573 0.33023621150 
0.087417 95.40273226856 0.34104332468 
0.087924 94.58453188640 0.33720502896 
0.088431 94.62470228575 0.34919862335 
0.088938 94.26725399547 0.34190450067 
0.089444 94.42833721465 0.34194810400 
0.089951 94.73895769202 0.34381930361 
0.090458 93.77705201054 0.33473059497 
0.090965 93.50812724654 0.32914484716 
0.091471 93.72024639686 0.33324615316 
0.091978 93.12994542236 0.32792080174 
0.092485 92.71675825208 0.35293359043 
0.092992 93.00303126762 0.32778066035 
0.093498 93.11818938179 0.34410005317 
0.094005 93.02662733179 0.32424285932 
0.094512 92.93673887263 0.33424034286 
0.095019 92.97149346970 0.33097043453 
0.095525 92.84315820777 0.33329596111 
0.096032 92.65257481335 0.32927299572 
0.096539 92.57892824083 0.32014212941 
0.097046 91.80161078371 0.33770600882 
0.097552 91.44201802495 0.32882184862 
0.098059 91.82992269511 0.31982314441 
0.098566 92.12336796407 0.31803116476 
0.099073 91.95264995835 0.32020478794 
0.099579 91.45351740900 0.31946246845 
0.100086 91.52196062484 0.32504610886 
0.100593 91.81096576315 0.32665187963 
0.101100 91.30302868261 0.33424757750 
0.101606 90.82541453102 0.31664008672 
0.102113 89.95714166513 0.28802835879 
0.102620 89.24358841665 0.30515231713 
0.103127 89.04475960489 0.29843630250 
0.103633 88.96795716891 0.29335655503 
0.104140 88.27219813168 0.28934510249 
0.104647 88.73229287441 0.30672977749 
0.105154 88.13926222019 0.29845108093 
0.105660 88.25481137111 0.30318235859 
0.106167 88.49581093349 0.29383306945 
0.106674 88.22335253765 0.30980989607 
0.107181 88.05274967535 0.30251742796 
0.107687 88.18441377193 0.29838792790 
0.108194 88.49234652853 0.30420768090 
0.108701 87.95317763854 0.29542527418 
0.109208 87.45666634558 0.29720686409 
0.109714 88.06201746793 0.29668778726 
0.110221 87.55715639831 0.28741228183 
0.110728 87.63860577152 0.28790827778 
0.111235 87.60624093116 0.28865422540 
0.111741 87.75820198683 0.28488242726 
0.112248 87.01597380024 0.28299231520 
0.112755 87.41180033903 0.28018156781 
0.113262 86.69452763799 0.28292524297 
0.113768 87.57584245639 0.28384155497 
0.114275 86.95691792308 0.27582846349 
0.114782 86.68237282963 0.28697568376 
0.115289 86.58501525030 0.27839252415 
0.115795 86.47208110570 0.27230197990 
0.116302 86.42042974561 0.27302234444 
0.116809 86.77418882654 0.26374140665 
0.117316 86.33530088163 0.26993746905 
0.117822 86.62512672364 0.28504395992 
0.118329 86.00277510489 0.27185405009 
0.118836 85.94040617545 0.26668552571 
0.119342 86.00241417502 0.27466472823 
0.119849 86.19251431186 0.27301138134 
0.120356 85.88881564808 0.26408678042 
0.120863 85.79870760210 0.26509116539 
0.121369 85.88044136604 0.26055996743 
0.121876 85.84957475513 0.26540539421 
0.122383 84.85352542880 0.25736121150 
0.122890 85.64836387192 0.26696842668 
0.123396 85.16718588600 0.26595942836 
0.123903 85.19045380257 0.25558263369 
0.124410 85.29984394300 0.26619907726 
0.124917 85.10002134055 0.26435173837 
0.125423 85.42053346484 0.26579135317 
0.125930 85.24150965436 0.25738805828 
0.126437 84.74244915429 0.24971498171 
0.126944 85.04233474774 0.26425653160 
0.127450 84.74786159271 0.25831494722 
0.127957 84.42545527457 0.26047937669 
0.128464 84.59180685858 0.25987853819 
0.128970 84.83917005901 0.25070452333 
0.129477 84.26181114552 0.24907501511 
0.129984 84.55312727015 0.25322505821 
0.130491 84.29502000891 0.25074343222 
0.130997 83.98956319867 0.25774910689 
0.131504 84.53447432480 0.24785363964 
0.132011 84.23905938722 0.24824704949 
0.132518 84.04259522566 0.25074423704 
0.133024 84.00658305337 0.24196881797 
0.133531 84.29167275421 0.25797923837 
0.134038 84.02467890616 0.24233645730 
0.134545 83.97354823317 0.24765316250 
0.135051 83.64022603694 0.24825865883 
0.135558 83.68125862621 0.24102758738 
0.136065 83.48391528930 0.24469478717 
0.136571 83.45340446955 0.24018420458 
0.137078 82.97189394328 0.24527601847 
0.137585 83.38997177359 0.24273980809 
0.138092 83.23646146961 0.25042010876 
0.138598 83.31212309275 0.24701324854 
0.139105 82.96420163276 0.24775552507 
0.139612 83.25016083326 0.24129008349 
0.140119 83.29642156425 0.24206574345 
0.140625 83.05972690253 0.23900597382 
0.141132 82.95042276014 0.24137637944 
0.141639 82.83848876931 0.23533939592 
0.142145 82.61650508493 0.23733645584 
0.142652 83.04101460836 0.24377211226 
0.143159 82.59449753097 0.24172165757 
0.143666 83.02177493753 0.24298807349 
0.144172 82.46958412293 0.24189295973 
0.144679 82.40063049880 0.24033003827 
0.145186 82.05724936687 0.24348691656 
0.145692 82.45185999998 0.23918346292 
0.146199 81.92081387330 0.23864702768 
0.146706 81.92070669165 0.24274063735 
0.147213 81.54968424267 0.25122090819 
0.147719 81.42344026669 0.23901170776 
0.148226 81.46181922162 0.23740283481 
0.148733 81.87568876299 0.24610955451 
0.149240 81.25906367202 0.24470091226 
0.149746 81.76923154107 0.24017882295 
0.150253 81.51774802579 0.23743086124 
0.150760 81.29407168177 0.24418094112 
0.151266 81.17851638157 0.23709350337 
0.151773 81.48268349305 0.23447467522 
0.152280 81.13639596488 0.23682767146 
0.152787 81.14636832308 0.24194460206 
0.153293 80.68947018101 0.23532512499 
0.153800 80.94017889608 0.24054832641 
0.154307 80.58843165773 0.23963045448 
0.154813 80.46444859133 0.24318897684 
0.155320 80.60882710931 0.23541377976 
0.155827 80.80399212011 0.23889817013 
0.156334 80.27708120406 0.24416272989 
0.156840 80.63591408791 0.24408880232 
0.157347 80.20710740562 0.23308959910 
0.157854 80.03675985511 0.24183294517 
0.158360 80.43531615230 0.23753736441 
0.158867 80.26951574029 0.24057672071 
0.159374 79.80232130133 0.23714320421 
0.159881 80.29521986378 0.23186329006 
0.160387 79.91734997131 0.23500491105 
0.160894 80.05216887179 0.23748014736 
0.161401 79.80502470307 0.23270672969 
0.161907 79.81188441838 0.23946967138 
0.162414 79.68649945900 0.23407160933 
0.162921 79.32422196702 0.22544494547 
0.163427 79.70530269975 0.23193494446 
0.163934 79.70278937342 0.23192924849 
0.164441 79.52202759268 0.23419635329 
0.164948 79.27825154340 0.23357620749 
0.165454 79.11746511594 0.23229644346 
0.165961 79.40868178475 0.22581301108 
0.166468 78.93062484795 0.23690858794 
0.166974 79.10899929958 0.23151889429 
0.167481 79.06781025103 0.22979109637 
0.167988 79.10935695568 0.22903705185 
0.168495 79.11239845998 0.23203008295 
0.169001 79.00508666739 0.23103061013 
0.169508 79.11510532234 0.23319365354 
0.170015 79.03126874590 0.23450226371 
0.170521 78.96210941432 0.23309614460 
0.171028 79.07459801788 0.22896801095 
0.171535 79.08651685881 0.23757708490 
0.172041 79.18548308666 0.23128829466 
0.172548 78.81300269798 0.23094213055 
0.173055 78.86306579666 0.23693529235 
0.173562 79.29241119113 0.23380715001 
0.174068 78.97975931462 0.24009048595 
0.174575 79.45333042010 0.23893480519 
0.175082 79.03983324945 0.23542915417 
0.175588 78.85154926860 0.23641274791 
0.176095 78.83886274564 0.23460240275 
0.176602 78.77016084675 0.23819146279 
0.177108 78.68770977817 0.23618423953 
0.177615 78.65160183937 0.23549640197 
0.178122 78.68523289209 0.24069305007 
0.178629 78.45328729943 0.24217750511 
0.179135 78.37247549386 0.22956622233 
0.179642 78.46492041840 0.23402075835 
0.180149 78.46692639433 0.22907263333 
0.180655 78.76296144416 0.24112376769 
0.181162 78.31468409838 0.23174109517 
0.181669 78.59629184831 0.23722552734 
0.182175 78.66746616312 0.24269019895 
0.182682 78.51358496567 0.23864221867 
0.183189 78.88438543820 0.24300407691 
0.183695 78.26375782130 0.24233273821 
0.184202 78.31709358519 0.24084854588 
0.184709 78.45099309855 0.24258638043 
0.185216 77.99897661927 0.24157683398 
0.185722 78.47482642957 0.24904473469 
0.186229 78.09556700516 0.24527997492 
0.186736 77.98193039137 0.24582191279 
0.187242 77.97549491310 0.24646286578 
0.187749 77.88098745801 0.24818870278 
0.188256 77.59533664850 0.24806914316 
0.188762 77.63845952642 0.24756952742 
0.189269 77.51652512910 0.24413491749 
0.189776 77.48272631860 0.24119989752 
0.190282 77.70225547492 0.24557846337 
0.190789 77.62190365647 0.24516331702 
0.191296 77.41442359307 0.24755637389 
0.191802 77.14391119178 0.24046465071 
0.192309 77.18311435453 0.23358714721 
0.192816 76.90929623925 0.23754918070 
0.193323 76.76994370016 0.24467712934 
0.193829 76.32264140111 0.23397080131 
0.194336 76.50932886830 0.23095372497 
0.194843 76.24479579977 0.23972992946 
0.195349 76.28567916790 0.23307824792 
0.195856 76.24118732725 0.23422969240 
0.196363 76.20447313560 0.23315729337 
0.196869 76.15893100129 0.22491385903 
0.197376 75.94558346112 0.22783900022 
0.197883 76.26068996748 0.23194862091 
0.198389 76.16029274603 0.22755003303 
0.198896 75.81489874672 0.22383714863 
0.199403 75.97873919443 0.23165158212 
0.199909 75.73148354004 0.22580326875 
0.200416 75.97055882038 0.22445764759 
0.200923 75.76509036847 0.22388773224 
0.201429 75.72523764366 0.22334339946 
0.201936 75.76508396516 0.22281957338 
0.202443 75.65829718802 0.21852716182 
0.202949 75.71870247933 0.22351928351 
0.203456 75.48875924119 0.22065639187 
0.203963 75.79490766905 0.21765197960 
0.204469 75.77872488747 0.21938843670 
0.204976 75.37346027514 0.21813293637 
0.205483 75.26121889477 0.21581595548 
0.205989 75.19731669652 0.21991293945 
0.206496 75.42481901652 0.21677647486 
0.207003 75.49591376125 0.21427133608 
0.207509 75.16991876699 0.21595054362 
0.208016 75.31966116845 0.20964423132 
0.208523 75.34105850900 0.21404992824 
0.209029 75.20368665358 0.21751804176 
0.209536 75.22193413961 0.21482348402 
0.210043 74.89126789016 0.21241566897 
0.210549 75.07298137351 0.20876672772 
0.211056 74.86691755568 0.21099490773 
0.211563 75.08813958163 0.20955824040 
0.212069 74.75818840819 0.21188059812 
0.212576 74.87323135010 0.20793769776 
0.213083 75.11547898625 0.20667914115 
0.213589 74.98492685399 0.20996371807 
0.214096 74.90551874536 0.20597635932 
0.214603 74.58582499139 0.20697174072 
0.215109 74.36142330647 0.20626212374 
0.215616 74.78657275570 0.20497873199 
0.216123 74.52867921722 0.20585011744 
0.216629 74.80881086060 0.20642020115 
0.217136 74.17377961333 0.20531535080 
0.217643 74.05855460194 0.21017877462 
0.218149 74.24870662087 0.20664103157 
0.218656 74.03350374431 0.20708601413 
0.219163 74.11907290924 0.20541282108 
0.219669 74.12935495871 0.20855537382 
0.220176 73.92119687347 0.20488592171 
0.220683 73.88905519228 0.20599674675 
0.221189 73.88657072251 0.21114037851 
0.221696 74.08897136771 0.20356087621 
0.222203 74.17278977738 0.20725345599 
0.222709 73.86231805647 0.20835995409 
0.223216 73.92395436411 0.20423768927 
0.223722 73.83904698086 0.20744920804 
0.224229 73.67932431963 0.20508464502 
0.224736 73.78837394892 0.20263612322 
0.225242 73.78117899990 0.20025765034 
0.225749 73.62315478242 0.20246520642 
0.226256 73.39520324199 0.20828414821 
0.226762 73.56195405202 0.20415584625 
0.227269 73.53643751304 0.20331130921 
0.227776 73.46437610733 0.20301502538 
0.228282 73.59306520362 0.20045521714 
0.228789 73.00628042983 0.20009835723 
0.229296 73.14670211751 0.20435688690 
0.229802 73.26530221595 0.20161462759 
0.230309 73.17140219513 0.20117907434 
0.230816 73.22274969343 0.20107708222 
0.231322 73.31643551074 0.20146734680 
0.231829 72.89910468546 0.20082759180 
0.232335 72.81720054093 0.19803727402 
0.232842 72.93960800339 0.20235145637 
0.233349 72.68486239844 0.19907923993 
0.233855 72.84594181148 0.19988473740 
0.234362 72.92101146837 0.20027281509 
0.234869 72.76743693048 0.19853285969 
0.235375 72.73325376445 0.19723777526 
0.235882 72.66509741885 0.20221061086 
0.236389 72.52092870583 0.20310668594 
0.236895 72.05013183833 0.19821077284 
0.237402 72.51946312885 0.20065798044 
0.237908 72.44416767778 0.20140010947 
0.238415 72.36463098595 0.20642024502 
0.238922 72.09214312504 0.19918221441 
0.239428 72.33453586045 0.19843051450 
0.239935 71.96125130908 0.20245550063 
0.240442 72.09047162773 0.19644600563 
0.240948 72.18297109706 0.19847328872 
0.241455 72.24778358410 0.19672369394 
0.241962 72.02291475367 0.20124053077 
0.242468 71.86061772822 0.19952484271 
0.242975 71.81310625121 0.19919476105 
0.243481 71.97012376264 0.19744011665 
0.243988 71.99589611639 0.20017919310 
0.244495 72.04339875214 0.19910124706 
0.245001 71.75180718419 0.20110433562 
0.245508 71.51771209533 0.19420629669 
0.246015 71.76718114233 0.19515208448 
0.246521 71.64027662866 0.19481040345 
0.247028 71.16922101239 0.19721051543 
0.247534 71.50648584374 0.19718114137 
0.248041 71.66145956041 0.19979301596 
0.248548 71.23233116774 0.19556038323 
0.249054 71.55992556255 0.19813335267 
0.249561 71.32431184606 0.19804865079 
0.250068 71.22780318726 0.19522786190 
0.250574 71.38449222762 0.19834876989 
0.251081 71.33945989720 0.19520058876 
0.251587 71.27938214234 0.19967504410 
0.252094 71.13845620121 0.19661074102 
0.252601 70.95379577703 0.19338012594 
0.253107 71.18814777275 0.19624959792 
0.253614 71.12974036651 0.19961119266 
0.254120 71.10070716689 0.19492683362 
0.254627 70.77141645772 0.19656717769 
0.255134 71.00867244788 0.19464426949 
0.255640 70.91897727766 0.19661618299 
0.256147 71.30473038810 0.19466511158 
0.256654 70.87472667375 0.20297806616 
0.257160 71.19061846509 0.19681707599 
0.257667 71.27126541049 0.19507524849 
0.258173 71.31061740391 0.19689538248 
0.258680 71.38226017745 0.19664979178 
0.259187 71.48802367245 0.19737915725 
0.259693 71.27306072975 0.19425465305 
0.260200 71.56052350251 0.19544672569 
0.260706 71.61681259659 0.19359551915 
0.261213 71.43557326309 0.19356860551 
0.261720 71.71526301051 0.19540789931 
0.262226 71.62564372856 0.19513679371 
0.262733 71.80638849425 0.19413119123 
0.263239 71.55761951346 0.19776009758 
0.263746 71.81225962580 0.19655210397 
0.264253 71.56948741793 0.19741329305 
0.264759 71.62277309973 0.19106146662 
0.265266 71.57454803629 0.19343271254 
0.265772 71.87771043112 0.19138375733 
0.266279 71.87501797752 0.19490262458 
0.266786 71.71860437755 0.19103962889 
0.267292 71.73988021176 0.19083773135 
0.267799 71.58312374029 0.19408069075 
0.268305 71.69030696735 0.18933044040 
0.268812 71.98473310875 0.19141812680 
0.269319 71.74268027024 0.18925575601 
0.269825 71.62902544687 0.19530581081 
0.270332 71.97458596606 0.19050079057 
0.270838 71.86590980489 0.19066243735 
0.271345 72.10456435218 0.19497975176 
0.271852 72.21087814325 0.19069270310 
0.272358 71.99659670105 0.19381555099 
0.272865 71.92712608521 0.18906735405 
0.273371 72.48005228840 0.19255360879 
0.273878 72.77438071771 0.19210009579 
0.274385 72.22208245712 0.19047030602 
0.274891 72.19295067546 0.18988514684 
0.275398 72.17360700592 0.18755760865 
0.275904 72.13726785040 0.18947782278 
0.276411 72.48922115994 0.18536701126 
0.276917 72.42796058396 0.18581922434 
0.277424 72.51247624738 0.18538043101 
0.277931 72.21390425323 0.18423580647 
0.278437 72.38815486246 0.18487263566 
0.278944 71.92138809393 0.18096685873 
0.279450 72.02099945541 0.18206619059 
0.279957 71.99822873987 0.18189351015 
0.280464 72.19430342615 0.18154327854 
0.280970 72.17351483438 0.18014853857 
0.281477 72.15953778546 0.18570294964 
0.281983 72.06023687601 0.17960943455 
0.282490 72.11382661832 0.18257974560 
0.282996 72.03378368797 0.18153084218 
0.283503 71.92153314857 0.18107328169 
0.284010 72.08721301875 0.18144959120 
0.284516 71.83969231941 0.17605810494 
0.285023 71.70246887613 0.17796022010 
0.285529 71.59170272570 0.17149255900 
0.286036 71.61878876901 0.17815058519 
0.286542 71.63805436752 0.17348446043 
0.287049 71.74185112839 0.17709526584 
0.287556 71.38046767205 0.17611134096 
0.288062 71.17250385473 0.16955847625 
0.288569 71.32951086559 0.17445625116 
0.289075 71.38662640425 0.17166268104 
0.289582 71.50590293652 0.17531311388 
0.290088 71.22846350535 0.17287881842 
0.290595 71.52716483422 0.16833435760 
0.291102 71.31216231384 0.16807022815 
0.291608 71.46887774693 0.16990110048 
0.292115 71.08891938049 0.16422554966 
0.292621 71.06674915587 0.16972586997 
0.293128 70.89336575472 0.16641165846 
0.293634 70.79341422102 0.16787824345 
0.294141 70.92334352448 0.16717231376 
0.294647 71.00672064252 0.16897387052 
0.295154 71.01228207428 0.16692891975 
0.295661 70.90013195543 0.16708951180 
0.296167 71.09266089582 0.16866768480 
0.296674 70.74063588798 0.17054289564 
0.297180 70.66078723361 0.16470767098 
0.297687 70.83629520159 0.16320689246 
0.298193 70.57953347077 0.16552807450 
0.298700 70.45532126840 0.16535123500 
0.299207 70.78166147900 0.16732166868 
0.299713 70.72408296695 0.16274303733 
0.300220 70.64767561567 0.16291056417 
0.300726 70.53500989266 0.16386282940 
0.301233 70.44756794869 0.16606832538 
0.301739 70.48118119194 0.16645159580 
0.302246 70.46581155925 0.16474908233 
0.302752 70.48272786786 0.15850726021 
0.303259 70.53060694601 0.16247073563 
0.303765 70.11970772129 0.16153671363 
0.304272 69.98961399756 0.16129719466 
0.304779 70.13991840149 0.15666605811 
0.305285 70.23020937764 0.15918630244 
0.305792 70.21308725225 0.16084741718 
0.306298 69.99338187779 0.16003199279 
0.306805 70.09649460627 0.16362581064 
0.307311 69.76818972445 0.15586545249 
0.307818 69.89002137037 0.16085275711 
0.308324 69.84032879936 0.15950161513 
0.308831 69.55544650480 0.15472762662 
0.309337 69.42422631722 0.15793470320 
0.309844 69.16830197503 0.15676976004 
0.310350 69.17923847122 0.15569262696 
0.310857 69.23804717711 0.15310299971 
0.311364 68.59116335380 0.14918396962 
0.311870 68.51893147685 0.14879039515 
0.312377 68.27352227945 0.14678819044 
0.312883 68.15665313163 0.14629181158 
0.313390 67.92312724410 0.14546282839 
0.313896 67.96408775532 0.14683606357 
0.314403 67.69690901693 0.14550664844 
0.314909 67.64163574556 0.14542847556 
0.315416 67.57384248282 0.14543448142 
0.315922 67.38285873454 0.14267597081 
0.316429 67.43750775052 0.14359088107 
0.316935 67.51015125421 0.14253947868 
0.317442 67.09629907896 0.14277252457 
0.317948 66.97821022855 0.14265431021 
0.318455 67.07390229800 0.14161742760 
0.318961 66.91023260851 0.14200284934 
0.319468 66.96570690754 0.14027349852 
0.319975 66.82438609009 0.14222769145 
0.320481 66.68194642824 0.14387670413 
0.320988 66.88818396650 0.14307638547 
0.321494 66.73269216070 0.14043076050 
0.322001 66.29975432777 0.16124264141 
0.322507 66.76917958596 0.14148595829 
0.323014 66.74007340097 0.14080533843 
0.323520 66.47222467921 0.14000105321 
0.324027 66.69271008897 0.14298282453 
0.324533 66.32679595872 0.14201678318 
0.325040 66.30125988307 0.14288954221 
0.325546 66.36486467531 0.13814740192 
0.326053 66.42982857896 0.13935475071 
0.326559 66.07005153712 0.13842945059 
0.327066 66.05731951447 0.14283590233 
0.327572 65.98521216648 0.13850680597 
0.328079 66.12970518982 0.13751438596 
0.328585 66.15039203107 0.13896723900 
0.329092 66.27924086924 0.13746858874 
0.329598 66.01444939187 0.13875324588 
0.330105 65.87907664889 0.13782626084 
0.330611 65.73773735755 0.14133030031 
0.331118 65.76529584022 0.13811008133 
0.331624 65.99384867504 0.13692381983 
0.332131 65.70170577111 0.13876182659 
0.332637 65.79343658852 0.14000227107 
0.333144 66.03040779719 0.13936983158 
0.333650 65.73466755299 0.13840962332 
0.334157 65.69543429168 0.14003751828 
0.334663 65.65351120693 0.13693445139 
0.335170 65.72082857295 0.13894873998 
0.335676 65.77906279371 0.13956215252 
0.336183 65.76192564205 0.13889774162 
0.336689 65.57033910998 0.13968266999 
0.337196 65.46932121117 0.13878373878 
0.337702 65.54275930889 0.13745092055 
0.338209 65.52516614481 0.13820288475 
0.338715 65.55791306545 0.13917088398 
0.339222 65.62379500363 0.13868623456 
0.339728 65.41739994519 0.13884108330 
0.340235 65.12086772483 0.22642880169 
0.340741 65.38869467014 0.14122911002 
0.341248 65.26739781509 0.14182894095 
0.341754 65.20330549079 0.13827906551 
0.342261 65.02226320396 0.14005242353 
0.342767 65.27640881575 0.13861087836 
0.343274 65.31357629823 0.13839875008 
0.343780 65.20472531882 0.13868600177 
0.344287 65.12808970720 0.13709892112 
0.344793 65.26827526871 0.13896619750 
0.345300 64.72942782275 0.14064160409 
0.345806 64.89935536037 0.13831474631 
0.346313 65.20917417554 0.14340008053 
0.346819 65.01349843117 0.14276841064 
0.347325 64.77451828433 0.14749625795 
0.347832 64.84438685505 0.14544810277 
0.348338 64.80986588598 0.14420212093 
0.348845 64.76772396480 0.14887313033 
0.349351 64.70617059898 0.14542858510 
0.349858 64.82441151388 0.14859917902 
0.350364 64.45509819351 0.14766358057 
0.350871 64.46711421556 0.14889592724 
0.351377 64.51134543729 0.14925093641 
0.351884 64.65633630721 0.14709838378 
0.352390 64.32550099952 0.14629941359 
0.352897 64.36741317001 0.14971889489 
0.353403 64.32838802172 0.14364972733 
0.353910 64.40605810147 0.15106729286 
0.354416 64.23672791546 0.15051901471 
0.354923 64.23558099582 0.15134979898 
0.355429 64.08866567291 0.15381908769 
0.355935 63.84690280527 0.15009268508 
0.356442 63.75050603963 0.14912984831 
0.356948 64.14749895787 0.15256666002 
0.357455 64.04266435258 0.15419769288 
0.357961 63.93976660069 0.15462502912 
0.358468 63.53680297561 0.15790861002 
0.358974 63.88696926401 0.22130733074 
0.359481 63.58561914047 0.20253172067 
0.359987 63.97172835591 0.20252897670 
0.360494 63.81234761505 0.18902046825 
0.361000 63.69968059883 0.18681751005 
0.361506 63.68263212121 0.18699100969 
0.362013 63.87851753703 0.18821941175 
0.362519 63.93584159154 0.18154146947 
0.363026 63.68834447920 0.18274030875 
0.363532 64.04649118450 0.18464160562 
0.364039 63.73863627751 0.18292234835 
0.364545 63.47577417155 0.18236520421 
0.365052 64.06571531933 0.18358745808 
0.365558 63.66127921802 0.18365845383 
0.366064 63.60981828627 0.18200618081 
0.366571 63.43068351796 0.18448312068 
0.367077 63.73645621517 0.18644620024 
0.367584 63.78461287590 0.18640597849 
0.368090 63.69995202990 0.18542779522 
0.368597 63.66495695727 0.18809023822 
0.369103 63.81414417756 0.18896658345 
0.369610 63.74820236670 0.18765045589 
0.370116 63.61691725980 0.18844783008 
0.370622 63.49682234526 0.19291571981 
0.371129 63.61327599023 0.19508590681 
0.371635 63.52269419037 0.18891861231 
0.372142 63.61916383834 0.19595510663 
0.372648 63.63069845360 0.19019736572 
0.373155 63.72961668314 0.19986521150 
0.373661 63.53216256686 0.19439627303 
0.374167 63.55381376945 0.19598743386 
0.374674 63.36846537796 0.19706211121 
0.375180 63.30182640807 0.19669415982 
0.375687 63.40396509742 0.19799405761 
0.376193 63.36684105881 0.20134728669 
0.376700 63.34989918076 0.19607255050 
0.377206 63.36630460595 0.19881471264 
0.377712 63.31700015766 0.20370796093 
0.378219 63.18263054417 0.20351187414 
0.378725 63.08782018136 0.20506093624 
0.379232 63.45901491872 0.20928969254 
0.379738 63.68296404278 0.20329687928 
0.380245 63.01182729893 0.21052711831 
0.380751 62.96055569268 0.20484401024 
0.381257 63.23395261571 0.20449171671 
0.381764 63.21460221023 0.20976400639 
0.382270 63.08128259183 0.20508078422 
0.382777 63.01141390418 0.20799003432 
0.383283 63.42846157776 0.21176678065 
0.383789 62.88358269288 0.20821304167 
0.384296 62.98522204738 0.21292751682 
0.384802 63.02273663865 0.21454636480 
0.385309 63.28741046264 0.21158161487 
0.385815 62.86586811085 0.20896715934 
0.386321 62.93088404542 0.21084844181 
0.386828 62.75559770032 0.21079585967 
0.387334 62.71164234312 0.20776433755 
0.387841 62.91898860455 0.21059499066 
0.388347 62.98238680875 0.21526659936 
0.388853 63.01398268895 0.21597312505 
0.389360 62.79662498976 0.21784770715 
0.389866 62.98224032455 0.21365252815 
0.390373 63.00840164936 0.21721901148 
0.390879 62.74358427320 0.21311354514 
0.391385 62.67386257004 0.21939499967 
0.391892 62.61154704705 0.21678600724 
0.392398 62.82625645574 0.22432018419 
0.392905 62.98938162568 0.22154170051 
0.393411 62.73071672427 0.22485647763 
0.393917 62.67527493480 0.22168980415 
0.394424 62.77732322637 0.22673667341 
0.394930 62.68853244457 0.22476294769 
0.395437 62.91224011857 0.22530185381 
0.395943 62.64063776232 0.22554455018 
0.396449 62.75295187888 0.32922144141 
0.396956 62.65011283657 0.22794095125 
0.397462 62.57116838961 0.23539700907 
0.397969 62.64825612663 0.23378196470 
0.398475 62.26408124489 0.23068080301 
0.398981 62.43855117810 0.23403985522 
0.399488 62.76154895024 0.24256833476 
0.399994 62.80718981689 0.24314966232 
0.400500 62.29328776821 0.24187280316 
0.401007 62.50574717012 0.23815900687 
0.401513 62.56045002139 0.24055789273 
0.402020 62.09707221086 0.25008361995 
0.402526 62.59635235387 0.24883347852 
0.403032 62.46852371298 0.24408504695 
0.403539 62.21748064371 0.25447341047 
0.404045 62.38071719582 0.24139440659 
0.404551 62.69330574442 0.27016983883 
0.405058 62.34682773415 0.26828188331 
0.405564 61.87444483628 0.26156591114 
0.406071 62.25686444757 0.25632417669 
0.406577 62.30145355976 0.26125422194 
0.407083 62.21819084964 0.25788361959 
0.407590 62.22705207812 0.27093500230 
0.408096 62.34901643510 0.27258219737 
0.408602 62.20773827549 0.27745736083 
0.409109 61.89003229060 0.25882857748 
0.409615 62.50405219846 0.27009878948 
0.410121 62.35592652239 0.26184862658 
0.410628 62.10738683938 0.26794137316 
0.411134 62.19188952441 0.26314646411 
0.411641 62.26528957208 0.27673638956 
0.412147 62.46182904678 0.26188619634 
0.412653 61.89419603540 0.27575362385 
0.413160 62.50520190467 0.26770182392 
0.413666 62.18669608901 0.26962305045 
0.414172 62.08383276816 0.28077635449 
0.414679 62.16973146140 0.27268687680 
0.415185 62.57701713662 0.28974487951 
0.415691 62.12843733137 0.26868236438 
0.416198 61.84206428579 0.27666136409 
0.416704 61.81783180070 0.27829261929 
0.417210 61.98382191242 0.28486139624 
0.417717 61.77091418821 0.29216250074 
0.418223 61.67536728248 0.27969776587 
0.418729 62.13794902076 0.28241876924 
0.419236 61.98101944014 0.27218548756 
0.419742 61.41846745427 0.27334138137 
0.420248 61.82378598188 0.27530502391 
0.420755 61.62179428138 0.27484638781 
0.421261 61.67965169125 0.28081476160 
0.421767 61.16857847151 0.27813357350 
0.422274 62.02823524677 0.27863962017 
0.422780 61.73005662676 0.27084156470 
0.423286 61.45349677248 0.27621916718 
0.423793 61.55467668166 0.28228451899 
0.424299 61.69497881713 0.29022016716 
0.424805 61.94955568583 0.28300286282 
0.425312 61.66541278627 0.29512511567 
0.425818 61.58914528004 0.28083713524 
0.426324 61.51033940980 0.29046090801 
0.426831 61.90896056405 0.28601802849 
0.427337 61.92681814209 0.31312290878 
0.427843 61.57799424729 0.29819728182 
0.428350 61.67813331385 0.31146537588 
0.428856 61.77722065646 0.29918895139 
0.429362 61.91543347588 0.31014842903 
0.429869 61.63099344654 0.31029511847 
0.430375 61.55686809343 0.32326916634 
0.430881 61.14717010724 0.31892991936 
0.431388 61.32862114888 0.32180942728 
0.431894 61.51413254522 0.31807713770 
0.432400 61.29914172205 0.32664231961 
0.432907 61.50141606681 0.31792256307 
0.433413 61.86544231472 0.33722667266 
0.433919 61.31386619774 0.32572368811 
0.434425 61.90139304917 0.33769668771 
0.434932 61.29567027469 0.33422269465 
0.435438 61.63894496402 0.35085706423 
0.435944 61.44316350063 0.34411054612 
0.436451 61.46089434499 0.34315162105 
0.436957 61.47030936261 0.35401812596 
0.437463 61.54724784180 0.34749592056 
0.437970 61.35651259222 0.34509195020 
0.438476 61.71325525772 0.36684026418 
0.438982 61.34928181056 0.34536447020 
0.439489 61.42151509039 0.36746508873 
0.439995 61.44015547299 0.34872142977 
0.440501 61.10014739083 0.36725376140 
0.441007 60.92561332579 0.36227824197 
0.441514 61.07814806235 0.39242490072 
0.442020 61.30330592218 0.40019501107 
0.442526 60.91402615967 0.39270338191 
0.443033 61.02936901882 0.38453234162 
0.443539 60.61160642386 0.41342127613 
0.444045 61.25122567350 0.39909250820 
0.444551 61.15900704753 0.40875115801 
0.445058 61.65464610328 0.43173027960 
0.445564 60.64946183292 0.43812779285 
0.446070 61.41220764964 0.42390309105 
0.446577 61.01032784903 0.42471018978 
0.447083 61.28723288130 0.46781549076 
0.447589 60.69664199006 0.45474729044 
0.448095 60.26103151312 0.45579925636 
0.448602 60.53502390836 0.46450106969 
0.449108 60.82513016125 0.46823375282 
0.449614 60.46486821872 0.48006511348 
0.450121 60.71116498221 0.49512149898 
0.450627 61.06560644136 0.49560581128 
0.451133 60.12734290590 0.52239668376 
0.451639 60.66090183816 0.50755829155 
0.452146 60.40379112574 0.53533987853 
0.452652 60.22226028846 0.54467472159 
0.453158 61.01605123104 0.58768164387 
0.453664 60.29882841118 0.56855477539 
0.454171 60.40294093184 0.58228937891 
0.454677 61.49046390499 0.62018872597 
0.455183 60.99287311314 0.64156800632 
0.455689 59.74663917411 0.63010410281 
0.456196 59.64530741984 0.65354301691 
0.456702 60.26124598001 0.65032878760 
0.457208 60.40706586981 0.67102273261 
0.457714 59.79888683480 0.73055948003 
0.458221 60.32705335609 0.77289819781 
0.458727 60.07606077101 0.75141762269 
0.459233 61.05029453309 0.87022821180 
0.459740 60.24502095094 0.84960140240 
0.460246 59.71086450291 0.88075520544 
0.460752 60.12032849462 0.95377467946 
0.461258 60.01955324546 0.98116721157 
0.461765 59.83336463267 1.07402800119 
0.462271 60.87775940200 1.05053251990 
0.462777 60.21787960731 1.15181498489 
0.463283 61.00877796672 1.27917100016 
0.463789 61.11363033216 1.47034071967 
0.464296 60.02385240422 1.35458748053 
0.464802 60.11300965417 1.32211100982 
0.465308 61.02189417613 1.52564328310 
0.465814 58.94776302020 1.66394405182 
0.466321 59.79135888699 1.78316832301 
0.466827 59.49119941320 1.88443730976 
0.467333 60.44124493354 1.99924314808 
0.467839 58.85172145028 1.94404981004 
0.468346 58.56199442631 2.22833025057 
0.468852 60.75453927683 2.66152077336 
0.469358 60.26549317774 2.87819497175 
0.469864 60.86557358293 3.00304100528 
0.470371 59.23520099472 3.93502084481 
0.470877 58.42750014805 4.36972716581 
0.471383 57.82237080644 5.61894032220 
0.471889 57.17058282668 7.95946897532 
0.472395 58.94380717641 6.53699945135 
0.472902 59.31803118588 14.31707580337 
