0.010896 1342.10497821551 15.71386711297 
0.011402 1197.64665837425 11.53747768252 
0.011909 1087.38665281423 12.53022630745 
0.012416 986.65709849306 8.11476742604 
0.012923 889.88005558516 7.98274536889 
0.013430 827.22553706625 9.92137952987 
0.013936 789.27599305814 8.80655998955 
0.014443 740.19156392135 6.94522696176 
0.014950 680.42115466146 6.63007103100 
0.015457 633.54298082712 5.57422445590 
0.015963 581.55898270602 4.71827217191 
0.016470 545.20426927075 4.05781599591 
0.016977 509.24824266717 3.78602475788 
0.017484 477.87884946668 3.17770334686 
0.017990 449.49831850398 3.16667317684 
0.018497 421.46881043939 2.68531478939 
0.019004 400.51344520801 2.40660689624 
0.019511 378.03994822809 2.14732366954 
0.020018 362.77966506298 1.99361673362 
0.020524 345.30798822202 1.98305972173 
0.021031 329.07261832551 1.95209753017 
0.021538 311.51125973021 1.70835076440 
0.022045 301.88386994998 1.80049518785 
0.022551 289.40445535134 1.55346983630 
0.023058 279.02868376606 1.60220264377 
0.023565 271.01639793922 1.60199729748 
0.024072 262.42884782241 1.66846629076 
0.024579 251.44697746068 1.81004257792 
0.025085 244.06451054987 2.22625047608 
0.025592 235.36463237631 2.11973665934 
0.026099 228.43236482383 2.08931929337 
0.026606 223.67195238664 1.62537330178 
0.027112 216.28019553627 1.77624190046 
0.027619 211.32785510274 1.53468546120 
0.028126 206.94101055632 1.56509741084 
0.028633 202.44924814426 1.29919133280 
0.029139 197.31532235961 1.20010979188 
0.029646 193.20159609861 1.12803686157 
0.030153 190.01442811440 1.15601975725 
0.030660 185.97969640656 1.07801922456 
0.031167 183.60118208457 0.96936987036 
0.031673 178.83299370617 0.87863201176 
0.032180 176.38943944078 0.91414368262 
0.032687 173.13732096367 0.89021753955 
0.033194 171.21248986073 0.81768151392 
0.033700 167.35840266583 0.75675493033 
0.034207 164.36151373684 0.72445260689 
0.034714 162.88695878385 0.74938282021 
0.035221 160.06607435857 0.70006323914 
0.035727 157.67973023135 0.70526938058 
0.036234 155.71167956705 0.67626266270 
0.036741 153.62191997185 0.66617917920 
0.037248 152.74794278121 0.65175504195 
0.037755 150.62249015474 0.61163605748 
0.038261 147.69235538800 0.58994521351 
0.038768 146.78666017071 0.55698547108 
0.039275 146.16993673715 0.63338067599 
0.039782 142.83299619973 0.56692515697 
0.040288 142.83950929397 0.55412751723 
0.040795 141.33831121766 0.58875644166 
0.041302 139.07902758157 0.54483884547 
0.041809 138.50771123927 0.55313399648 
0.042315 137.93992990376 0.54946318215 
0.042822 135.00258794483 0.55216668990 
0.043329 134.74106681408 0.53306399770 
0.043836 134.31609123619 0.52336073577 
0.044343 133.19835572980 0.54347245843 
0.044849 130.92620686546 0.51556257997 
0.045356 130.64324133410 0.47969463463 
0.045863 129.48378330566 0.49650284207 
0.046370 129.07552939875 0.48351867490 
0.046876 126.88046974035 0.52152516321 
0.047383 127.07960010760 0.50133379524 
0.047890 126.21034363107 0.49287288565 
0.048397 126.38355629617 0.49519607772 
0.048903 124.52929683023 0.47668035316 
0.049410 124.33162066130 0.48504290349 
0.049917 122.96291783561 0.47051670402 
0.050424 121.76109314686 0.45859852869 
0.050931 121.51675922135 0.43915486481 
0.051437 120.58125803266 0.43968356886 
0.051944 119.84680868242 0.45550711251 
0.052451 118.72685738117 0.44329898234 
0.052958 118.58933554929 0.42675100111 
0.053464 117.52670981780 0.45115676523 
0.053971 116.85230499311 0.45217416342 
0.054478 116.60734197059 0.46390483066 
0.054985 116.22587095279 0.43115006334 
0.055491 114.92882911575 0.44460425032 
0.055998 113.83122919392 0.42648474538 
0.056505 114.24409828421 0.43711113454 
0.057012 112.89630077166 0.45536342140 
0.057519 113.29067142514 0.43911527326 
0.058025 112.56275232171 0.40385330866 
0.058532 111.47242436562 0.43013784626 
0.059039 111.43769174571 0.40909278536 
0.059546 111.10610760749 0.42909763423 
0.060052 110.66602867209 0.42276468892 
0.060559 109.59975599605 0.39010100717 
0.061066 108.96813153899 0.41872174329 
0.061573 108.81726781373 0.39024406409 
0.062079 108.33291753868 0.39606749227 
0.062586 108.59266859740 0.40327978204 
0.063093 108.36773535391 0.39105101502 
0.063600 106.93484526559 0.39760930951 
0.064106 106.80116177877 0.38457988321 
0.064613 105.99660959408 0.39718143494 
0.065120 105.75474861986 0.38202458422 
0.065627 105.36628240751 0.36714500926 
0.066134 104.48065719037 0.38322307350 
0.066640 104.18737373807 0.38555322713 
0.067147 104.29123848626 0.37698500677 
0.067654 104.31333071751 0.36027369717 
0.068161 103.41549233819 0.37045275040 
0.068667 103.76347401106 0.36741143047 
0.069174 103.57645930309 0.35511789798 
0.069681 102.27364243260 0.36277047601 
0.070188 102.50643011135 0.34971930892 
0.070694 101.58064040286 0.36269182664 
0.071201 101.47232982309 0.35394828988 
0.071708 101.54803643672 0.36728413336 
0.072215 100.80205642476 0.36060865762 
0.072721 100.78342077990 0.34874319391 
0.073228 99.75052030758 0.34151909065 
0.073735 100.31337316015 0.34296435220 
0.074242 99.90400389462 0.35849208884 
0.074748 99.81476745848 0.34640821696 
0.075255 99.46535073378 0.33951068805 
0.075762 98.86308354915 0.32964778338 
0.076269 98.48866581686 0.33698429937 
0.076776 98.80831728162 0.33429849465 
0.077282 98.22308238656 0.33153375371 
0.077789 97.65322350457 0.32275353358 
0.078296 98.10767955216 0.31942247840 
0.078803 97.77076844733 0.32893566071 
0.079309 97.52599509835 0.33008061536 
0.079816 97.87904809523 0.31766463387 
0.080323 97.22128142042 0.32482041438 
0.080830 96.55455330514 0.33278559838 
0.081336 96.92677127579 0.33295443951 
0.081843 97.17859155253 0.34012428010 
0.082350 97.22604267493 0.33924169131 
0.082857 96.23649041717 0.33357419845 
0.083363 96.14894663971 0.32594698311 
0.083870 96.04734003868 0.34642235939 
0.084377 95.89984588445 0.33554219540 
0.084884 95.89057377809 0.33311640884 
0.085390 96.09670127018 0.32455454283 
0.085897 95.27238442538 0.33816967866 
0.086404 94.98730817695 0.31541391280 
0.086911 95.37555504726 0.32881285273 
0.087417 94.99894792995 0.32157249686 
0.087924 95.20630561680 0.32925639049 
0.088431 94.77299892416 0.33307623228 
0.088938 94.53668173879 0.33462615403 
0.089444 94.64509631968 0.31946684461 
0.089951 93.48764380943 0.32727091764 
0.090458 93.88113363298 0.33156583588 
0.090965 93.88270777317 0.32596472400 
0.091471 94.09391208299 0.31720142318 
0.091978 93.82513688928 0.32784669106 
0.092485 92.35012817751 0.34786561454 
0.092992 92.94232287399 0.33559507449 
0.093498 92.33063255734 0.34230459397 
0.094005 93.08239602111 0.33227840265 
0.094512 92.69108333204 0.33593499051 
0.095019 92.85933286854 0.32830468443 
0.095525 92.62143135979 0.33090177500 
0.096032 92.35990664983 0.30813785712 
0.096539 92.12734537392 0.32573237013 
0.097046 92.20046064673 0.32181569098 
0.097552 91.74722067695 0.34554712010 
0.098059 92.17714915941 0.31936806693 
0.098566 91.52813114709 0.34329690230 
0.099073 91.69352747469 0.32621621986 
0.099579 91.94208524185 0.31517960316 
0.100086 91.76321579961 0.32534163541 
0.100593 91.66911381675 0.33622204723 
0.101100 91.24246362468 0.31330216425 
0.101606 90.62834785321 0.30126626166 
0.102113 90.30076957205 0.29738504840 
0.102620 89.43691180434 0.30144853593 
0.103127 89.00893514184 0.30278991757 
0.103633 89.08580284701 0.30301294515 
0.104140 88.24983438471 0.29942991039 
0.104647 88.40759040985 0.29123498032 
0.105154 88.05962229624 0.29996878929 
0.105660 88.66865559018 0.30651776876 
0.106167 88.36848328254 0.31128421459 
0.106674 88.04749435471 0.31010058563 
0.107181 88.18855141193 0.31061871734 
0.107687 88.35651385795 0.29683267837 
0.108194 88.25951875650 0.29472844180 
0.108701 87.77676260836 0.29284960108 
0.109208 88.00417216216 0.29694860590 
0.109714 87.56993150430 0.29363122492 
0.110221 87.25350171015 0.28988249531 
0.110728 87.28796995833 0.29206183611 
0.111235 87.38636510652 0.29093657998 
0.111741 87.30815010432 0.28384530023 
0.112248 87.31204410264 0.28872656497 
0.112755 87.57848327865 0.28142946479 
0.113262 87.01171940807 0.28725339601 
0.113768 87.23355364434 0.28003061048 
0.114275 86.95642455846 0.27400864635 
0.114782 86.40905811791 0.28229061812 
0.115289 87.11006177701 0.28248773662 
0.115795 86.63151914369 0.27724168080 
0.116302 86.48963730294 0.26836801108 
0.116809 86.23504354462 0.26217821647 
0.117316 86.36923588898 0.27488973676 
0.117822 86.08667758935 0.27618501882 
0.118329 86.11069445964 0.27064712703 
0.118836 86.52447203388 0.27183217513 
0.119342 86.01454996248 0.26395446578 
0.119849 86.01597639813 0.26073138188 
0.120356 85.36492370879 0.26218143613 
0.120863 85.77261225033 0.27133585254 
0.121369 85.44775128331 0.26264665311 
0.121876 85.66869023327 0.27399501672 
0.122383 85.60588704540 0.26801722350 
0.122890 85.76198202009 0.27297747663 
0.123396 85.48602665266 0.26608626794 
0.123903 85.02503958988 0.25383623050 
0.124410 85.51599908819 0.25815157915 
0.124917 85.30112295210 0.26079785211 
0.125423 84.76174240226 0.26328085521 
0.125930 84.72231510848 0.25483808157 
0.126437 84.79858405836 0.26451994150 
0.126944 85.02009277180 0.25593421606 
0.127450 84.86249161187 0.25866319531 
0.127957 84.92010880169 0.25731600828 
0.128464 84.83396785790 0.25278252215 
0.128970 84.61593613101 0.26092750920 
0.129477 84.97226420532 0.26045667104 
0.129984 84.44090522169 0.25059875319 
0.130491 84.69248262639 0.24780474113 
0.130997 84.39743797011 0.25904002710 
0.131504 84.48237846072 0.24994574717 
0.132011 83.73748601311 0.25087368762 
0.132518 84.06720829096 0.25362430413 
0.133024 83.86420215555 0.24415175844 
0.133531 83.77695062881 0.24917585065 
0.134038 84.27221674324 0.24999904968 
0.134545 84.18258876336 0.25098154443 
0.135051 83.62653151322 0.25246198438 
0.135558 83.55808939595 0.24834576313 
0.136065 83.87342325939 0.24441240450 
0.136571 83.74799333121 0.24512844719 
0.137078 83.56615986269 0.24845075593 
0.137585 83.21704791333 0.24371865331 
0.138092 83.38299780654 0.24509645023 
0.138598 83.00767945738 0.24710553724 
0.139105 83.75332852083 0.24725183391 
0.139612 83.30285074014 0.24347083995 
0.140119 83.28505999842 0.24326404409 
0.140625 82.78176292266 0.24675762788 
0.141132 82.46546265367 0.23455719630 
0.141639 82.60136497027 0.24406978202 
0.142145 82.59310617500 0.24218799517 
0.142652 82.41857115558 0.23859677940 
0.143159 82.34770120487 0.24329972254 
0.143666 82.16670293420 0.24049938469 
0.144172 82.79923643124 0.24890394033 
0.144679 82.65132784660 0.24179453366 
0.145186 82.05154633929 0.24291531523 
0.145692 82.08158479715 0.23785096572 
0.146199 81.98261860061 0.24429042174 
0.146706 81.90744252840 0.23869451090 
0.147213 82.00646300369 0.24912192428 
0.147719 82.03701623518 0.24393722218 
0.148226 81.84498353862 0.23595280213 
0.148733 81.43819782438 0.24075063655 
0.149240 81.88435467749 0.24093513606 
0.149746 81.44361775850 0.24606125707 
0.150253 81.08242237984 0.23716483374 
0.150760 81.66219706188 0.24144643180 
0.151266 81.20450130821 0.24246953247 
0.151773 81.29509619108 0.23827960250 
0.152280 80.85319846974 0.24131954950 
0.152787 80.72243440074 0.24562389010 
0.153293 81.07465531058 0.23695484786 
0.153800 80.69812520823 0.23799626800 
0.154307 80.74965549925 0.24293519151 
0.154813 80.91833097545 0.24151737094 
0.155320 80.71498518244 0.23586555139 
0.155827 80.42693800696 0.24295907637 
0.156334 80.31536443964 0.23425375841 
0.156840 80.45311682504 0.24153666644 
0.157347 80.00631175009 0.23540612591 
0.157854 79.79938788326 0.23392996799 
0.158360 80.62663103703 0.23804175623 
0.158867 80.23051539341 0.23794402304 
0.159374 80.18042030326 0.23945924502 
0.159881 79.89026785426 0.23518908005 
0.160387 79.91670150937 0.23441037176 
0.160894 79.84537041348 0.24078654826 
0.161401 80.06362564935 0.23589135732 
0.161907 80.01380616541 0.23377102911 
0.162414 79.51135554174 0.22893812655 
0.162921 79.63568034759 0.22847646757 
0.163427 79.54828088358 0.22848946714 
0.163934 79.71093952396 0.22872821020 
0.164441 79.06419683377 0.22950107841 
0.164948 79.17232323458 0.23171203418 
0.165454 79.36007851386 0.23413832330 
0.165961 79.42996834425 0.23245333906 
0.166468 79.21349115814 0.23337266696 
0.166974 79.13685580398 0.23014572556 
0.167481 79.15451301230 0.23191366839 
0.167988 79.32521179673 0.22630294751 
0.168495 79.17369025642 0.23004639048 
0.169001 79.36850180174 0.22979810672 
0.169508 79.08334227016 0.23612602601 
0.170015 79.39696906850 0.23386069314 
0.170521 79.57320320459 0.22778791235 
0.171028 78.58985242203 0.24088522335 
0.171535 79.16573672980 0.23957064851 
0.172041 78.90978622362 0.23678412479 
0.172548 78.77258813350 0.23042419706 
0.173055 79.09368836121 0.23379575953 
0.173562 79.12237528062 0.23929128478 
0.174068 78.60461978387 0.23572672248 
0.174575 78.89636342468 0.23551738539 
0.175082 78.81230334402 0.23033428827 
0.175588 78.77332768539 0.23591628092 
0.176095 78.85860517434 0.23204171439 
0.176602 78.56337409770 0.23007002750 
0.177108 78.75746084643 0.23871451313 
0.177615 78.82633932095 0.23867250090 
0.178122 78.78243244782 0.23987452749 
0.178629 78.52504323996 0.24466072745 
0.179135 78.64776583757 0.23908441325 
0.179642 78.42736233478 0.23732343378 
0.180149 78.75644125215 0.24180211636 
0.180655 78.14069559965 0.23721082177 
0.181162 78.42777974171 0.23834862341 
0.181669 78.52622442931 0.24080162587 
0.182175 79.02942810553 0.24098160611 
0.182682 78.50649673130 0.24267706155 
0.183189 78.43815161644 0.23926919457 
0.183695 78.50186871631 0.24651289486 
0.184202 78.49752767716 0.24672952479 
0.184709 78.41837000260 0.24205711153 
0.185216 78.39606139916 0.23935805647 
0.185722 78.22466008048 0.24249529280 
0.186229 77.89053904971 0.23704089790 
0.186736 78.25874542895 0.24905173925 
0.187242 78.26785634398 0.24475249371 
0.187749 77.99200730684 0.24157768483 
0.188256 78.09180864370 0.24408640114 
0.188762 77.75149137304 0.25135000376 
0.189269 77.68397249405 0.25015911219 
0.189776 77.72961877314 0.24496536332 
0.190282 77.87433491017 0.24639200130 
0.190789 77.68596980719 0.24527812065 
0.191296 77.46361290045 0.24435426316 
0.191802 77.37997311908 0.24394666734 
0.192309 77.28037346878 0.24000685103 
0.192816 77.07726955752 0.24224702453 
0.193323 77.03728676404 0.23631642749 
0.193829 76.56600494691 0.23551508717 
0.194336 76.49935758480 0.23610888805 
0.194843 76.70858992561 0.22794041758 
0.195349 76.43197188017 0.23137164205 
0.195856 76.14679088293 0.23508385921 
0.196363 76.09714540828 0.23491378712 
0.196869 76.25270769330 0.22766221337 
0.197376 76.02962034481 0.22760022524 
0.197883 76.16970367388 0.23265732211 
0.198389 76.20574353793 0.23026654373 
0.198896 75.75373634118 0.22741993826 
0.199403 76.19590591539 0.22277847478 
0.199909 76.16751974781 0.22526427532 
0.200416 75.79814658073 0.22841528920 
0.200923 75.74842322666 0.22810841158 
0.201429 76.06445683834 0.22199964462 
0.201936 75.99470811220 0.22598081311 
0.202443 75.75596977736 0.21998428729 
0.202949 75.36578306480 0.22207959943 
0.203456 75.88440984602 0.22340152017 
0.203963 75.59036921918 0.22175300321 
0.204469 75.57473757960 0.22037884770 
0.204976 76.14989381988 0.21923650209 
0.205483 75.63198098145 0.21650491250 
0.205989 75.45881259831 0.21822142908 
0.206496 75.21046935472 0.21837626505 
0.207003 75.18139085519 0.21516683620 
0.207509 75.23456020498 0.21577195130 
0.208016 75.36758765436 0.21575284085 
0.208523 75.24166130126 0.21332444995 
0.209029 75.45134725400 0.21437546717 
0.209536 75.46685778840 0.21673354766 
0.210043 75.21279291276 0.21634111286 
0.210549 75.20951971044 0.21077265432 
0.211056 74.95338164766 0.21170244217 
0.211563 74.87649972805 0.20908096892 
0.212069 74.89681304708 0.20971234439 
0.212576 75.06917931157 0.20918060013 
0.213083 74.89317973543 0.20879149716 
0.213589 75.08749627961 0.20657751124 
0.214096 74.59051780881 0.20418795488 
0.214603 74.57821259768 0.20956638187 
0.215109 74.71038969469 0.21029666972 
0.215616 74.55427723080 0.20611671632 
0.216123 74.55353234440 0.20699959149 
0.216629 74.30193647907 0.20552450794 
0.217136 74.28112567859 0.21265408153 
0.217643 74.11804432450 0.20896928041 
0.218149 73.99503730559 0.20735623257 
0.218656 73.86375226981 0.20023571942 
0.219163 74.26405368154 0.20577689492 
0.219669 73.91238427256 0.20992463404 
0.220176 74.09256210849 0.20584381129 
0.220683 73.79170982097 0.20804324353 
0.221189 74.06990719290 0.20400205944 
0.221696 73.87341109816 0.19961351698 
0.222203 73.59181842797 0.20964926736 
0.222709 73.88761557028 0.20358279399 
0.223216 73.75207522084 0.20341795574 
0.223722 73.87592123281 0.20261373097 
0.224229 73.66280089191 0.20255154603 
0.224736 73.87226099629 0.20330038491 
0.225242 73.75565900018 0.20308254362 
0.225749 73.87248272832 0.20381793941 
0.226256 73.34393608201 0.20390755095 
0.226762 73.35366797331 0.20422787205 
0.227269 73.44962122783 0.20100523148 
0.227776 73.44807393794 0.20463656214 
0.228282 73.54437136107 0.19948565176 
0.228789 73.06397465356 0.20172294137 
0.229296 73.07342664520 0.20395104753 
0.229802 73.63645330023 0.20523916644 
0.230309 73.23408838064 0.19885250569 
0.230816 72.98626026194 0.20260017532 
0.231322 73.34999478715 0.20234704896 
0.231829 73.07586801035 0.20201901867 
0.232335 72.99373116903 0.19883580634 
0.232842 72.91985134758 0.20090953425 
0.233349 72.70515176798 0.20186014431 
0.233855 72.80674960431 0.19974083313 
0.234362 73.02202185731 0.20055926771 
0.234869 72.47965351959 0.20284175174 
0.235375 72.81283024358 0.19953025141 
0.235882 72.57861414709 0.20012717946 
0.236389 72.49098627087 0.20117317089 
0.236895 72.50489010588 0.19882468231 
0.237402 72.41322562121 0.19703528743 
0.237908 72.52791437879 0.19971865816 
0.238415 72.59958913878 0.20093613303 
0.238922 72.45067909485 0.19980837954 
0.239428 72.29619919218 0.19993082074 
0.239935 72.31000968513 0.19856530330 
0.240442 72.24878179529 0.19816060093 
0.240948 71.98979344851 0.19691073130 
0.241455 71.92990158621 0.20136375319 
0.241962 71.74902309273 0.20032180187 
0.242468 72.05244588527 0.19821236744 
0.242975 71.97416952070 0.19890482254 
0.243481 71.89549323277 0.19868994835 
0.243988 71.90081213358 0.20475140123 
0.244495 71.86744842100 0.19680524443 
0.245001 71.63885823134 0.19860200430 
0.245508 72.02740233888 0.19592030739 
0.246015 71.84346358752 0.19673688988 
0.246521 71.88378647662 0.19978427821 
0.247028 71.42178327117 0.19502247746 
0.247534 71.47001314730 0.19919288282 
0.248041 71.56741875967 0.19621610980 
0.248548 71.21320199028 0.19803264188 
0.249054 71.46717090603 0.19682091232 
0.249561 71.32868133598 0.19613536267 
0.250068 70.87863793547 0.19996562170 
0.250574 71.37076546298 0.19707779160 
0.251081 71.16035799841 0.19664206987 
0.251587 71.29134822123 0.19971237481 
0.252094 71.11829820703 0.19628867812 
0.252601 70.95362417051 0.19463741943 
0.253107 71.05963851211 0.19893683538 
0.253614 71.11108823292 0.19566442355 
0.254120 71.03507597342 0.19205134917 
0.254627 70.81920943405 0.19610405354 
0.255134 71.10862169688 0.19322726398 
0.255640 71.18835199236 0.19769818589 
0.256147 71.16323542712 0.19921504922 
0.256654 70.75558356834 0.19742677533 
0.257160 71.08921335926 0.19857381579 
0.257667 71.34535997148 0.19744475588 
0.258173 71.44342586889 0.19681861265 
0.258680 71.73239200278 0.19560410073 
0.259187 71.22651556585 0.19861504266 
0.259693 71.23781550019 0.19812408320 
0.260200 71.49482303940 0.19311619863 
0.260706 71.65420153004 0.19641191772 
0.261213 71.55647897375 0.19312894238 
0.261720 71.37679926127 0.19411283339 
0.262226 71.54538897907 0.19397355121 
0.262733 71.46218308385 0.19277882371 
0.263239 71.62466764046 0.19580786372 
0.263746 71.66511267192 0.19494367813 
0.264253 71.84786728462 0.19244087627 
0.264759 71.67896047221 0.18826573236 
0.265266 71.61931792898 0.19219426550 
0.265772 71.51847566486 0.18942583436 
0.266279 71.74885995783 0.19361190326 
0.266786 71.52893294337 0.19005699982 
0.267292 71.91354238684 0.19202201496 
0.267799 71.77953443028 0.19412446694 
0.268305 71.80338304374 0.19015066690 
0.268812 71.73442901900 0.19465695453 
0.269319 71.58247106570 0.18643940269 
0.269825 71.75212509887 0.18994598748 
0.270332 71.79115108212 0.19233907359 
0.270838 72.16214099317 0.18999510570 
0.271345 72.25796895680 0.19207066502 
0.271852 72.36227369900 0.19236311890 
0.272358 72.03510075769 0.19575804791 
0.272865 72.32851963392 0.19435003032 
0.273371 72.41227023820 0.18725507277 
0.273878 72.30270895768 0.19258226280 
0.274385 72.53038272741 0.19131669230 
0.274891 72.58419093043 0.19180511078 
0.275398 72.38969974246 0.19093614110 
0.275904 72.23612949062 0.18472749380 
0.276411 72.20903624410 0.18543941225 
0.276917 72.38114888487 0.18372377837 
0.277424 72.08017635613 0.18435709951 
0.277931 72.18661084230 0.18684131135 
0.278437 72.12210135054 0.18493929762 
0.278944 72.35114258795 0.18324550267 
0.279450 72.26161536342 0.18099818635 
0.279957 72.19366198232 0.18492245053 
0.280464 72.17140182990 0.18055810610 
0.280970 72.01782516046 0.18286361012 
0.281477 71.91262707847 0.17903641371 
0.281983 72.05933521045 0.18202752318 
0.282490 72.28501626401 0.18536096328 
0.282996 72.14902491597 0.18052446261 
0.283503 72.13505011993 0.17959400852 
0.284010 71.96193553836 0.18158525697 
0.284516 71.56077498034 0.17742667226 
0.285023 71.77047349026 0.17973767444 
0.285529 71.57761603394 0.17191065603 
0.286036 71.51485924075 0.17660857696 
0.286542 71.73195469594 0.17055070897 
0.287049 71.65029579032 0.16925011872 
0.287556 71.23471243151 0.17332394526 
0.288062 71.60672885936 0.17120297401 
0.288569 71.44911876939 0.17197074924 
0.289075 71.34412612189 0.17109397225 
0.289582 71.30488204832 0.17101608600 
0.290088 71.13201295412 0.16932843376 
0.290595 71.19165681950 0.17088028616 
0.291102 71.19605273503 0.16719560037 
0.291608 71.02191001547 0.17094084785 
0.292115 71.21667586309 0.16953253603 
0.292621 71.24178697723 0.16492063254 
0.293128 70.77341496239 0.16641726667 
0.293634 71.07167170761 0.16726376448 
0.294141 70.86771432745 0.16385963016 
0.294647 71.09177455278 0.16566209391 
0.295154 71.00063773014 0.16556806214 
0.295661 70.92029337882 0.16533732069 
0.296167 71.03168064899 0.16565815479 
0.296674 70.94425408659 0.16867912019 
0.297180 70.72947710261 0.16486851633 
0.297687 70.72815547553 0.16252214523 
0.298193 70.56049096159 0.16202501639 
0.298700 70.59665452085 0.16431597586 
0.299207 70.39988948625 0.16599622902 
0.299713 70.50517161475 0.16403996436 
0.300220 70.47444599212 0.16310843414 
0.300726 70.48913848167 0.16292048522 
0.301233 70.57564638474 0.16603228425 
0.301739 70.24633499189 0.16474084685 
0.302246 70.13289135804 0.16342072474 
0.302752 70.36009465047 0.16152163403 
0.303259 70.14389538087 0.16386778698 
0.303765 70.11464347463 0.16441345951 
0.304272 70.05088308732 0.16224378558 
0.304779 70.32592175746 0.16075950428 
0.305285 70.15238453300 0.16184183134 
0.305792 70.24125897992 0.15994297449 
0.306298 70.08049706550 0.16088418022 
0.306805 70.35103807244 0.16680926365 
0.307311 70.00451173278 0.16060276782 
0.307818 69.74134036961 0.15818030630 
0.308324 69.82032955283 0.16046810145 
0.308831 69.48519388800 0.15576962145 
0.309337 69.01904968781 0.15700506929 
0.309844 69.47075184181 0.15607521067 
0.310350 69.34480395679 0.15588723101 
0.310857 69.06268083998 0.15075739294 
0.311364 68.56251929477 0.15350803696 
0.311870 68.84265422682 0.15262649946 
0.312377 68.17358504746 0.14758947338 
0.312883 67.98527106464 0.15164820515 
0.313390 68.21094300408 0.14974575995 
0.313896 67.78708264576 0.14557381893 
0.314403 67.61863604235 0.14689115171 
0.314909 67.57862751293 0.14251810576 
0.315416 67.35604782604 0.14377036378 
0.315922 67.40353556787 0.14315966969 
0.316429 67.20240934633 0.14274493767 
0.316935 67.19271771646 0.14437720731 
0.317442 66.94990310003 0.14455394581 
0.317948 67.00822086199 0.14345925960 
0.318455 66.93815607757 0.14255307147 
0.318961 67.05237190845 0.14299287598 
0.319468 66.95785447597 0.14336082999 
0.319975 66.83434821073 0.14553815705 
0.320481 67.02843714122 0.14470796208 
0.320988 66.57462552748 0.14353190375 
0.321494 66.56630101886 0.13944607414 
0.322001 66.62475011637 0.15532064642 
0.322507 66.72235355980 0.14331621441 
0.323014 66.64959057689 0.14297593084 
0.323520 66.69116546502 0.14304710264 
0.324027 66.38987813288 0.14304184563 
0.324533 66.38977887847 0.14043053672 
0.325040 66.48819663256 0.13983594136 
0.325546 66.44133151515 0.14076498879 
0.326053 66.19786765058 0.13676124471 
0.326559 66.24760214973 0.13809464533 
0.327066 66.07922029233 0.13775805642 
0.327572 66.13403890941 0.13644579674 
0.328079 66.29317508501 0.13953263074 
0.328585 66.30033053484 0.13743725974 
0.329092 66.20891325927 0.13808531540 
0.329598 66.01795512497 0.14073303978 
0.330105 65.94166475126 0.13779805602 
0.330611 65.96641864044 0.13740931158 
0.331118 66.28684880458 0.13896492719 
0.331624 65.82131125300 0.13820087211 
0.332131 65.94366210803 0.13934817793 
0.332637 65.74458835311 0.13812465784 
0.333144 65.72108664372 0.14029248626 
0.333650 65.79345904573 0.13989954995 
0.334157 65.86119929527 0.13812993003 
0.334663 65.76286403818 0.14030878317 
0.335170 65.69807308228 0.13934319581 
0.335676 65.64205191483 0.13631174040 
0.336183 65.61631360489 0.13998797140 
0.336689 65.54377264765 0.13755124245 
0.337196 65.44071568473 0.13728622691 
0.337702 65.45295572010 0.13897362972 
0.338209 65.43826380846 0.13784174611 
0.338715 65.53490150749 0.14070998983 
0.339222 65.50323445604 0.13804267208 
0.339728 65.47025743509 0.14162496777 
0.340235 65.07298476587 0.21203803054 
0.340741 65.34245864814 0.14030754948 
0.341248 65.21418979245 0.13879834260 
0.341754 65.47390968045 0.13853699144 
0.342261 64.86817301976 0.13625819279 
0.342767 65.09716537752 0.14109434853 
0.343274 65.34897556909 0.13730930770 
0.343780 64.93560565368 0.13982023334 
0.344287 65.04227917200 0.14001656293 
0.344793 65.19950328001 0.14125766888 
0.345300 65.34737147058 0.14231753430 
0.345806 65.14305717368 0.13968607862 
0.346313 64.95603543391 0.14448157077 
0.346819 64.81369753177 0.14130806787 
0.347325 65.08807775309 0.14468903747 
0.347832 64.75873697463 0.14626945211 
0.348338 64.88423904939 0.14351596424 
0.348845 64.54921010511 0.14375970481 
0.349351 64.80998656043 0.14657675706 
0.349858 64.79265494346 0.15035161965 
0.350364 64.52883486046 0.14857951303 
0.350871 64.87066958014 0.14457871607 
0.351377 64.51389233717 0.14864999342 
0.351884 64.53549781067 0.14903604216 
0.352390 64.64950438242 0.14960523855 
0.352897 64.83476440210 0.14730852142 
0.353403 64.48113774172 0.14944670713 
0.353910 64.36778792269 0.15113974309 
0.354416 64.34352591886 0.15275804699 
0.354923 64.22591320181 0.15047695068 
0.355429 63.94979341341 0.15102912136 
0.355935 64.10758490243 0.15192537228 
0.356442 64.00093596425 0.15235770629 
0.356948 63.79186366188 0.15303757034 
0.357455 63.99627778449 0.15763884298 
0.357961 64.21770853581 0.15931258334 
0.358468 63.68716712939 0.15321055875 
0.358974 63.95441517956 0.22080765426 
0.359481 63.68249793616 0.20237273332 
0.359987 63.73380781633 0.19852185493 
0.360494 63.76459021147 0.18921768378 
0.361000 63.87113827426 0.18823561272 
0.361506 63.92047697716 0.18712032051 
0.362013 63.61798694537 0.18663739170 
0.362519 63.89930908499 0.18515146542 
0.363026 63.76508899851 0.18619998346 
0.363532 63.75641710880 0.18595813957 
0.364039 63.77530887003 0.18407006295 
0.364545 63.81742360496 0.18133050579 
0.365052 63.65561132037 0.18124387198 
0.365558 63.86931396876 0.18486311771 
0.366064 63.75251933525 0.18347994850 
0.366571 63.54659293651 0.18583795468 
0.367077 63.43741465110 0.18246209029 
0.367584 63.49243842363 0.18558686870 
0.368090 63.92620698244 0.18444068042 
0.368597 63.80894974113 0.18996299185 
0.369103 63.77790383084 0.18503444000 
0.369610 63.59642911687 0.19039348511 
0.370116 63.80002492732 0.18859831772 
0.370622 63.32203758944 0.18990854503 
0.371129 63.62503233736 0.19467396995 
0.371635 63.46682037736 0.19284850177 
0.372142 63.60960541734 0.19517982679 
0.372648 63.53447061645 0.19310584432 
0.373155 63.36104875070 0.19601068788 
0.373661 63.78182459414 0.19623233116 
0.374167 63.46846022517 0.19623044135 
0.374674 63.47918361157 0.19881978589 
0.375180 63.37580497349 0.19497228217 
0.375687 63.67534576157 0.20114955684 
0.376193 63.38723348644 0.19783566606 
0.376700 63.16604087761 0.19844078149 
0.377206 63.40850023761 0.19968515759 
0.377712 63.29969987784 0.20328632338 
0.378219 63.32107654044 0.20895358431 
0.378725 63.41107620319 0.20768967674 
0.379232 63.51240366266 0.20780258435 
0.379738 63.39530688778 0.19855465025 
0.380245 63.21187303698 0.21010781353 
0.380751 63.48511704476 0.20812313844 
0.381257 63.35434389695 0.20462092263 
0.381764 63.35715053119 0.21059090610 
0.382270 62.97175648747 0.20884766975 
0.382777 62.96809921908 0.21136551622 
0.383283 62.89574973890 0.20901246240 
0.383789 63.19861548732 0.20767835173 
0.384296 63.04284867156 0.20870042526 
0.384802 63.30169147351 0.21556315313 
0.385309 62.93328880240 0.20551622449 
0.385815 63.14696990551 0.21469300296 
0.386321 63.21263091907 0.21399149258 
0.386828 63.19526909753 0.21360423825 
0.387334 63.06445278459 0.21835471794 
0.387841 62.67839742358 0.21408473579 
0.388347 63.28100221936 0.21443299900 
0.388853 63.20782801557 0.21648558329 
0.389360 62.76599177972 0.22133110743 
0.389866 63.00281404949 0.21996832953 
0.390373 62.68894271403 0.21317875083 
0.390879 62.86497406606 0.21526334279 
0.391385 62.75793514959 0.21850664481 
0.391892 62.86448266165 0.22013206293 
0.392398 63.01921665944 0.21752418931 
0.392905 62.62898674450 0.22122503831 
0.393411 62.89668889290 0.22448793094 
0.393917 62.66366403321 0.22473984580 
0.394424 62.52254632661 0.23074149652 
0.394930 62.47591206909 0.22364837751 
0.395437 62.72863751645 0.23218348006 
0.395943 62.64740563241 0.22712555659 
0.396449 62.57945876663 0.29843947282 
0.396956 62.85108493177 0.22852621750 
0.397462 62.86743185961 0.23993022809 
0.397969 62.46846741048 0.23448342862 
0.398475 62.46153519193 0.23386573895 
0.398981 62.37024010181 0.23642381562 
0.399488 63.04094761205 0.23517024697 
0.399994 62.67283245909 0.23996892851 
0.400500 62.79133578988 0.23914012051 
0.401007 62.49586864606 0.23215543056 
0.401513 62.31848008446 0.24031347122 
0.402020 62.31668925768 0.24124152959 
0.402526 62.53092810645 0.25125182784 
0.403032 62.25633706769 0.24553751706 
0.403539 61.96869790339 0.25055591306 
0.404045 62.08739292353 0.24666783527 
0.404551 62.64904228821 0.26397770737 
0.405058 62.23846179102 0.26595127977 
0.405564 62.19929983185 0.26761545022 
0.406071 62.23172582447 0.26190885459 
0.406577 61.82402859298 0.25576659822 
0.407083 61.86161217266 0.26965600128 
0.407590 62.45958751500 0.26383826572 
0.408096 61.68944846665 0.26910058123 
0.408602 62.06890785480 0.27287882374 
0.409109 62.19459267738 0.26980418102 
0.409615 61.91557298369 0.26729921587 
0.410121 62.12714976340 0.26243818608 
0.410628 61.83141693521 0.26254951600 
0.411134 61.65237414021 0.26263805949 
0.411641 62.18619809133 0.27309538885 
0.412147 61.82066800856 0.26584177688 
0.412653 61.93607346688 0.27852140991 
0.413160 61.98259643012 0.26487502669 
0.413666 62.29539180933 0.26887223605 
0.414172 62.13063011229 0.28360740278 
0.414679 61.78714696216 0.26911713277 
0.415185 61.91214906909 0.28675418795 
0.415691 62.16651993565 0.26798235742 
0.416198 61.96822085183 0.27157341385 
0.416704 61.90590071022 0.28510556615 
0.417210 62.22060798604 0.28574825532 
0.417717 61.75676551079 0.28631572539 
0.418223 61.87223542152 0.27837481271 
0.418729 61.78945986695 0.27785102967 
0.419236 61.95915472590 0.28349553969 
0.419742 61.74202836585 0.26264275151 
0.420248 61.67981453795 0.27798514141 
0.420755 62.34778623904 0.29109563224 
0.421261 61.33736123987 0.27560217241 
0.421767 61.88542546757 0.28639584168 
0.422274 61.51129845557 0.28208018981 
0.422780 61.95210521909 0.27369937364 
0.423286 61.70753108475 0.28464835167 
0.423793 61.28063771534 0.27238767340 
0.424299 62.02784808588 0.28945390655 
0.424805 61.53785220416 0.28640203911 
0.425312 61.39940320280 0.29719810557 
0.425818 61.87564699877 0.27528779874 
0.426324 61.68926084358 0.29625069200 
0.426831 62.10755313490 0.29106814681 
0.427337 61.47508059436 0.29547137572 
0.427843 62.02357998329 0.29324261935 
0.428350 61.87095523610 0.31913117345 
0.428856 61.40705240510 0.30936421195 
0.429362 61.62432724209 0.30939836373 
0.429869 61.28971952288 0.32546631121 
0.430375 61.63375489173 0.32138820288 
0.430881 61.69025097631 0.31995318668 
0.431388 61.13107304242 0.31398596136 
0.431894 61.63337954152 0.31446311504 
0.432400 61.55031465856 0.32306189649 
0.432907 61.09587268558 0.31167402980 
0.433413 61.87571747791 0.33233530541 
0.433919 61.32061637687 0.33675788080 
0.434425 61.80537414740 0.33210050092 
0.434932 61.43952277148 0.35163851479 
0.435438 61.76881267264 0.36225339079 
0.435944 60.96079463133 0.33889668307 
0.436451 60.97535179456 0.34245032870 
0.436957 61.34280283367 0.36031956233 
0.437463 61.26306168033 0.35255720519 
0.437970 61.56234492604 0.35637088991 
0.438476 61.34522459776 0.35535872471 
0.438982 61.57398570742 0.36658884083 
0.439489 61.05987475343 0.37338482520 
0.439995 60.47813775588 0.36608138314 
0.440501 61.62044021395 0.38066627247 
0.441007 61.00429714228 0.38146805304 
0.441514 61.36609132336 0.38324001024 
0.442020 61.51187896085 0.40267997943 
0.442526 61.71259770572 0.39086143219 
0.443033 61.63823310716 0.38942532902 
0.443539 61.12203110142 0.40599425108 
0.444045 61.21969441600 0.40891276118 
0.444551 60.80302284143 0.40292586570 
0.445058 61.34107895944 0.41160877247 
0.445564 61.28831296080 0.44018530271 
0.446070 60.46186683575 0.41902582133 
0.446577 60.64557735731 0.43903542479 
0.447083 60.81584941103 0.45928230345 
0.447589 60.15241124060 0.44623412960 
0.448095 61.01663359596 0.44248221875 
0.448602 60.97035940365 0.45678008304 
0.449108 59.98555188287 0.48428375229 
0.449614 60.32020281276 0.47101098452 
0.450121 60.30697217354 0.47669300762 
0.450627 60.14688726896 0.50602276516 
0.451133 60.32494343563 0.48759466071 
0.451639 60.71921207638 0.53831769419 
0.452146 61.25294040677 0.52113273739 
0.452652 60.43634703400 0.53901168419 
0.453158 60.35641031330 0.57446041609 
0.453664 60.01222410805 0.55960083112 
0.454171 60.98727980940 0.60398305274 
0.454677 60.11184939952 0.60940344732 
0.455183 59.94314048292 0.61996227541 
0.455689 60.08436986120 0.64216233993 
0.456196 60.22445396727 0.63416652926 
0.456702 60.80849319477 0.65968690592 
0.457208 60.92150063303 0.72713738771 
0.457714 59.39849210991 0.74059820216 
0.458221 60.28648772406 0.75996314912 
0.458727 60.09003801865 0.76489809711 
0.459233 59.31045389663 0.82017620153 
0.459740 60.67290013846 0.89146088575 
0.460246 59.82522822591 0.88397234899 
0.460752 60.52148437434 0.99090258257 
0.461258 59.92090198574 0.99188902260 
0.461765 60.21417211592 1.04731721347 
0.462271 59.31029499551 1.04115045218 
0.462777 60.75386045384 1.19390310240 
0.463283 60.42209059913 1.20814371037 
0.463789 59.92047079038 1.37608218771 
0.464296 59.58411852504 1.30284754598 
0.464802 60.74415312186 1.32208448156 
0.465308 62.16019993853 1.52495334349 
0.465814 58.78882354047 1.68428963736 
0.466321 58.82742193060 1.76122011624 
0.466827 59.30555307070 1.82020526108 
0.467333 60.78241427618 2.00433907838 
0.467839 60.71865863530 2.04471242136 
0.468346 58.88291097784 2.27020067769 
0.468852 58.81128697429 2.51069533267 
0.469358 58.94692504243 2.80138412037 
0.469864 61.89905375284 3.01073367064 
0.470371 58.96605812222 3.78590776333 
0.470877 56.61820556289 4.29183431335 
0.471383 54.17243673985 5.10843824312 
0.471889 55.91900396967 7.35635361099 
0.472395 53.98751825164 5.96612834627 
0.472902 54.98604560162 13.27629821241 
