0.010896 1362.28662307131 14.62231938676 
0.011402 1199.72181572122 10.16427187708 
0.011909 1079.15316541919 11.23162362616 
0.012416 986.47669265940 8.98663332354 
0.012923 896.13847329281 9.01801829074 
0.013430 826.90638587180 11.38764218964 
0.013936 790.91919396405 9.23287400836 
0.014443 736.68780742624 7.68179117865 
0.014950 675.00831872249 6.33620669931 
0.015457 627.67562854752 5.44045218878 
0.015963 575.81176726798 4.83430650916 
0.016470 541.82886516935 4.28991748812 
0.016977 508.59512565746 3.96353969191 
0.017484 473.69750197056 3.15877034058 
0.017990 448.33975357573 3.01359852072 
0.018497 419.67600911032 2.67507750494 
0.019004 401.39802225487 2.42314697711 
0.019511 379.56420417549 2.35835436844 
0.020018 360.33661746236 2.01497964766 
0.020524 346.20181081250 2.06978341177 
0.021031 329.15248474861 2.16819322401 
0.021538 317.46434768572 1.68234382947 
0.022045 302.57401173254 1.66715331188 
0.022551 289.99572989352 1.54625005634 
0.023058 280.76908803079 1.58655550330 
0.023565 269.34588158475 1.55040862982 
0.024072 261.19021546250 1.65796895249 
0.024579 252.19947236672 1.70081121542 
0.025085 243.83064074335 2.19434487886 
0.025592 236.68962057184 2.16174043090 
0.026099 229.94316629420 2.22530159092 
0.026606 222.67557764295 1.66861743766 
0.027112 218.50960061066 1.79900497574 
0.027619 212.04416448776 1.48691673087 
0.028126 207.75105312196 1.52066477196 
0.028633 203.09150560185 1.36095096737 
0.029139 198.50534993872 1.17111419066 
0.029646 194.47513090313 1.10860780147 
0.030153 189.74433131075 1.21751688821 
0.030660 188.70921687721 1.06163404297 
0.031167 183.70735441045 0.98158965609 
0.031673 180.71121018323 0.92094286154 
0.032180 176.82674049251 0.85833190007 
0.032687 173.63072002119 0.86973516595 
0.033194 170.92381285905 0.82362247980 
0.033700 167.48206916950 0.78823551900 
0.034207 164.86405747729 0.76500935787 
0.034714 162.22459769770 0.73310676188 
0.035221 160.61717867294 0.74270403590 
0.035727 159.70924244184 0.69964719640 
0.036234 157.56345380259 0.68493044418 
0.036741 155.28873717310 0.68900490104 
0.037248 153.69566602593 0.67616203783 
0.037755 152.18144817620 0.62698490741 
0.038261 148.92856153370 0.62821075260 
0.038768 146.85220435444 0.59000054488 
0.039275 146.53153287159 0.58384570180 
0.039782 144.42362033860 0.56808357703 
0.040288 143.51359779728 0.56033512991 
0.040795 142.26207807612 0.55799044654 
0.041302 140.65112691580 0.53818494899 
0.041809 138.81858213265 0.56450946748 
0.042315 138.02745057668 0.57759228528 
0.042822 136.97377079169 0.53933963353 
0.043329 136.22737598617 0.54756826104 
0.043836 134.01290987781 0.53407336159 
0.044343 132.96581034880 0.51546843289 
0.044849 132.81412361750 0.50514865735 
0.045356 130.62084097111 0.52494140941 
0.045863 130.03813264730 0.52821552321 
0.046370 129.34323974331 0.50893353782 
0.046876 128.56771317516 0.49421700399 
0.047383 127.47838321848 0.51877226810 
0.047890 126.94038014098 0.48511663164 
0.048397 126.04772909462 0.46461256260 
0.048903 124.28933129707 0.49358695960 
0.049410 123.55421484610 0.47403230923 
0.049917 122.47139425786 0.46618574223 
0.050424 122.67396837482 0.46898901774 
0.050931 121.99140345365 0.45293579543 
0.051437 121.43551415019 0.43278952981 
0.051944 120.80409012827 0.44897312612 
0.052451 119.35614843775 0.42782672575 
0.052958 118.78120371159 0.43563911714 
0.053464 118.58706085365 0.44078832340 
0.053971 118.00061255485 0.43944871205 
0.054478 116.06963477630 0.43486618184 
0.054985 116.02484900497 0.43448154468 
0.055491 114.91572219353 0.43584993117 
0.055998 114.81449948018 0.43044232797 
0.056505 114.55439770221 0.42412596202 
0.057012 114.14625797530 0.42217242161 
0.057519 113.27231488237 0.42458576592 
0.058025 112.67846786837 0.42219960142 
0.058532 112.56283633392 0.40646451456 
0.059039 111.50218933014 0.40644826453 
0.059546 111.40418643299 0.43347925631 
0.060052 111.35550665790 0.41068633458 
0.060559 110.53651376887 0.41214094690 
0.061066 109.63203680511 0.41241151463 
0.061573 109.00555879710 0.40201369143 
0.062079 108.86839753472 0.40135344089 
0.062586 108.55948994962 0.39199975371 
0.063093 108.35415945390 0.38562611039 
0.063600 107.77803767163 0.40040508971 
0.064106 107.39419989082 0.39367809039 
0.064613 106.48891385620 0.38497753381 
0.065120 106.30304702639 0.37108481215 
0.065627 106.12817852340 0.38870582055 
0.066134 105.35387491239 0.37228075867 
0.066640 105.25439526727 0.37956560075 
0.067147 104.48714015817 0.38418890133 
0.067654 104.06729072071 0.37473472274 
0.068161 103.82825780096 0.37067103782 
0.068667 102.88067654439 0.36904108484 
0.069174 103.09134932197 0.37209820898 
0.069681 103.42270316282 0.35799606460 
0.070188 103.59634891219 0.35336052968 
0.070694 101.95106207508 0.36500808653 
0.071201 102.22705328996 0.35674296734 
0.071708 101.71553696875 0.35268600419 
0.072215 101.21583855949 0.34436878722 
0.072721 101.80996020092 0.35851104734 
0.073228 100.27832509396 0.34270394686 
0.073735 100.49917169130 0.33713692768 
0.074242 100.07652586309 0.35513268017 
0.074748 99.67357385364 0.35854392679 
0.075255 99.08473494420 0.34394595256 
0.075762 99.31003569458 0.33143535890 
0.076269 98.68271541396 0.33654659258 
0.076776 98.50871373589 0.34248557542 
0.077282 98.42507015916 0.32912919729 
0.077789 98.48336570568 0.32745733709 
0.078296 98.32157452845 0.33354498164 
0.078803 97.92874253772 0.32830171325 
0.079309 97.27836200109 0.32898222356 
0.079816 97.68678247215 0.32752538485 
0.080323 97.88564259707 0.33347401189 
0.080830 97.75279001247 0.32582236776 
0.081336 97.41594797992 0.33998937094 
0.081843 97.33029006219 0.34068800930 
0.082350 97.08040876789 0.33314876501 
0.082857 96.65344318359 0.33875399877 
0.083363 96.54273513126 0.32613417730 
0.083870 96.30229142829 0.33379018338 
0.084377 95.82478692425 0.32327261239 
0.084884 95.87336568033 0.33536239739 
0.085390 95.95349502498 0.32535559060 
0.085897 95.71598245240 0.33340355307 
0.086404 95.28530247073 0.32968104860 
0.086911 95.22547371138 0.33956796224 
0.087417 95.62822737398 0.32570750465 
0.087924 95.19149109372 0.33017902658 
0.088431 94.39474810727 0.32740290648 
0.088938 95.21153808897 0.33396674914 
0.089444 94.45326610005 0.34168634875 
0.089951 94.22093026881 0.32629316141 
0.090458 94.25227633377 0.32944853846 
0.090965 94.21223114623 0.32303164018 
0.091471 94.02580902604 0.32481223848 
0.091978 94.08453598734 0.33805246961 
0.092485 92.60615740394 0.34525297984 
0.092992 93.21947071382 0.34951265735 
0.093498 92.91380246086 0.33682216997 
0.094005 92.84356543660 0.32876956025 
0.094512 93.24509710818 0.33660433558 
0.095019 93.13917493091 0.33517099939 
0.095525 92.99548323310 0.32861284780 
0.096032 92.37904547924 0.32351563800 
0.096539 91.83547356941 0.32094306495 
0.097046 91.84283763088 0.33178549061 
0.097552 91.38743994226 0.33648818038 
0.098059 91.83394981812 0.32395326318 
0.098566 91.70024300329 0.32811815605 
0.099073 91.89925669121 0.32624831169 
0.099579 91.60111462507 0.32291742433 
0.100086 91.86973536293 0.32643561560 
0.100593 91.16906964449 0.32708525401 
0.101100 91.32637099624 0.31568152170 
0.101606 91.34281704258 0.30430784196 
0.102113 90.34142958292 0.31439567373 
0.102620 89.51778258334 0.29406027402 
0.103127 89.68689268016 0.29173295412 
0.103633 88.79443206362 0.29465313175 
0.104140 88.80315012861 0.30334356402 
0.104647 88.49635443344 0.30888189317 
0.105154 88.25839153292 0.30934636580 
0.105660 88.76000934015 0.31397625863 
0.106167 88.43759226785 0.30408714154 
0.106674 87.99330079144 0.29179222115 
0.107181 87.81311365670 0.30093155301 
0.107687 87.85634969499 0.29920380339 
0.108194 88.07374597112 0.29426124754 
0.108701 88.01832258803 0.29119763588 
0.109208 87.72144253753 0.29231058208 
0.109714 88.35735344959 0.28402818704 
0.110221 87.34909983602 0.29428387817 
0.110728 87.30707439597 0.29045574557 
0.111235 87.78347960556 0.28599215783 
0.111741 87.66688740419 0.28956949680 
0.112248 87.29939598455 0.27680956241 
0.112755 87.14913189689 0.29093829854 
0.113262 87.23708483210 0.28889458803 
0.113768 87.00188277171 0.27925454444 
0.114275 86.83150965174 0.28241176305 
0.114782 86.14387762256 0.27468894758 
0.115289 86.60561154518 0.28138722642 
0.115795 86.63771101622 0.27793410683 
0.116302 86.27144937951 0.27292107308 
0.116809 86.29937653457 0.27745023446 
0.117316 86.59664072264 0.26885286695 
0.117822 85.79502018153 0.27100233738 
0.118329 86.09132020716 0.27004761392 
0.118836 85.87601516675 0.26946493124 
0.119342 85.90330410894 0.27451033562 
0.119849 85.93841804879 0.26999232154 
0.120356 85.62212459061 0.27320811773 
0.120863 85.59968022225 0.27420961176 
0.121369 85.33871970389 0.26471261724 
0.121876 85.76174257741 0.26345917111 
0.122383 85.79982567632 0.26473972902 
0.122890 85.55918771760 0.26352117817 
0.123396 85.65663481890 0.27056915290 
0.123903 85.04968795160 0.26324650584 
0.124410 85.47581255957 0.25745934321 
0.124917 85.23446854208 0.25904060039 
0.125423 84.47331464320 0.26026632025 
0.125930 85.14295130275 0.26277352626 
0.126437 85.01507039821 0.25453227650 
0.126944 84.80410275615 0.25679087490 
0.127450 84.68308846177 0.25492237089 
0.127957 84.67431163972 0.25527505788 
0.128464 84.29604741562 0.25013406563 
0.128970 84.64644530657 0.25169795503 
0.129477 83.99964306388 0.25525669913 
0.129984 84.50757963838 0.25260502768 
0.130491 84.36226744967 0.24989717660 
0.130997 83.85287631834 0.24577603649 
0.131504 84.48355375377 0.24943048495 
0.132011 83.86548614579 0.25198441758 
0.132518 84.04186381974 0.24397381005 
0.133024 83.91877487383 0.24440624123 
0.133531 83.94767845572 0.24452122081 
0.134038 83.56178894708 0.24588573570 
0.134545 83.53629511925 0.24391248050 
0.135051 83.74945116035 0.24642458452 
0.135558 83.44729832763 0.24654435446 
0.136065 83.49141173931 0.24965309584 
0.136571 83.63634970447 0.24697645589 
0.137078 83.39075176120 0.25190930468 
0.137585 83.33145026856 0.25148993204 
0.138092 83.64344702734 0.23444045807 
0.138598 82.97205048591 0.24482664064 
0.139105 83.43646304149 0.24971171279 
0.139612 82.59956619249 0.24369667700 
0.140119 83.17611836510 0.24523235699 
0.140625 82.85999735296 0.24073048896 
0.141132 83.00329563943 0.24428491536 
0.141639 82.40732418904 0.23463057275 
0.142145 82.52956418578 0.23905890146 
0.142652 82.92168340600 0.24034424555 
0.143159 82.44920032244 0.23961446999 
0.143666 82.57169215971 0.24443253889 
0.144172 82.48585137863 0.25007124764 
0.144679 82.04221642926 0.23548083090 
0.145186 81.84733959835 0.23730878196 
0.145692 81.86868853565 0.24084996261 
0.146199 81.98915063817 0.24739351429 
0.146706 81.76594479341 0.24499117089 
0.147213 81.92120027264 0.24247454066 
0.147719 81.55701354653 0.24592473446 
0.148226 81.40354351749 0.23905777539 
0.148733 81.65275568372 0.23958024870 
0.149240 81.64751524604 0.24597555698 
0.149746 81.65514571955 0.24495625581 
0.150253 81.01141673207 0.24575281921 
0.150760 81.35199205110 0.24011787745 
0.151266 81.41009803895 0.24028570824 
0.151773 81.16528631810 0.24347253815 
0.152280 80.99289613550 0.23877844517 
0.152787 81.19548768972 0.23712860123 
0.153293 81.33348585833 0.23913897439 
0.153800 80.54753473422 0.23733686782 
0.154307 80.75293994732 0.23900726296 
0.154813 80.57138733126 0.23888938163 
0.155320 80.47986838178 0.23624180641 
0.155827 80.64896704205 0.23764329807 
0.156334 80.34020267806 0.24054522663 
0.156840 80.32486992423 0.24268146744 
0.157347 80.23404704002 0.24200100539 
0.157854 80.41838239256 0.24169475373 
0.158360 80.38425931669 0.23479345103 
0.158867 80.28905207942 0.23551913113 
0.159374 80.16733983792 0.24496614916 
0.159881 80.35374096117 0.23181911673 
0.160387 79.73571512204 0.23698049178 
0.160894 79.79550524063 0.23770986859 
0.161401 79.82293055404 0.23175958271 
0.161907 79.54360518148 0.23351063052 
0.162414 79.30663425164 0.22936772268 
0.162921 79.53499505935 0.23492471006 
0.163427 79.47483430057 0.23388567605 
0.163934 79.43324249018 0.23117934752 
0.164441 79.20432228276 0.22926971351 
0.164948 79.39231187258 0.23289105055 
0.165454 79.26391754064 0.22873200200 
0.165961 79.34910031534 0.23242322364 
0.166468 79.33445493776 0.22883747972 
0.166974 79.06114243990 0.22972129307 
0.167481 78.85433859998 0.23001914202 
0.167988 79.16917937410 0.23062881560 
0.168495 78.96067667793 0.22815141844 
0.169001 79.00695960061 0.23853441772 
0.169508 78.73223952505 0.23709025632 
0.170015 79.12122285504 0.23532159148 
0.170521 79.26725985230 0.23160665877 
0.171028 78.97063506494 0.23637627519 
0.171535 78.98221653148 0.23789389492 
0.172041 79.09108856917 0.23504359396 
0.172548 79.31797201510 0.23547100021 
0.173055 78.90162565248 0.23477678446 
0.173562 78.79282991239 0.23038251509 
0.174068 78.57987244572 0.24061712781 
0.174575 78.98413197786 0.23903813812 
0.175082 78.63686856297 0.23965101466 
0.175588 78.56494740086 0.23730814332 
0.176095 78.98620422784 0.23775841268 
0.176602 78.69682931251 0.23856790164 
0.177108 78.81471314505 0.23697461417 
0.177615 78.49696578515 0.23325398929 
0.178122 78.52427949466 0.23552133016 
0.178629 78.80495307544 0.24021640565 
0.179135 78.74174365871 0.23932923459 
0.179642 78.80865430275 0.23675965975 
0.180149 78.24823320849 0.23907391162 
0.180655 78.71993691946 0.23594513348 
0.181162 78.39948571510 0.23864930791 
0.181669 78.66005584677 0.24076188360 
0.182175 78.89875132455 0.23802307486 
0.182682 78.96420402674 0.24323870215 
0.183189 78.74322114245 0.24620766052 
0.183695 78.72949035415 0.24854136179 
0.184202 78.06824648222 0.24400785740 
0.184709 78.59378806680 0.24316429830 
0.185216 78.27952460395 0.24328092017 
0.185722 78.26134561913 0.24761073092 
0.186229 78.15174431833 0.24175230610 
0.186736 78.12613180720 0.25037463286 
0.187242 78.12600254064 0.24987101898 
0.187749 77.46741623132 0.24587333008 
0.188256 77.84262732673 0.24415924178 
0.188762 77.95890891690 0.24501809606 
0.189269 77.66019945657 0.24902172853 
0.189776 77.80123870092 0.24537116271 
0.190282 77.58202638741 0.24311499849 
0.190789 77.55347277093 0.24163692094 
0.191296 77.28687328201 0.24060617435 
0.191802 77.26640006438 0.24732713291 
0.192309 77.11253922675 0.24003258951 
0.192816 76.71217132352 0.24028173881 
0.193323 76.84928837324 0.23630767296 
0.193829 76.86771780218 0.23543499865 
0.194336 76.43034263921 0.23833499680 
0.194843 76.62880111527 0.23357709299 
0.195349 76.48540056195 0.23428226475 
0.195856 76.25009816043 0.23479298591 
0.196363 76.44153457865 0.22779953122 
0.196869 76.13213661449 0.22959236438 
0.197376 76.17708244709 0.23027436766 
0.197883 76.23609217981 0.23021111242 
0.198389 75.96405913403 0.23005249065 
0.198896 76.07120539980 0.22174884325 
0.199403 75.79055658363 0.22416726724 
0.199909 75.60003657862 0.22024158108 
0.200416 75.84217625558 0.22376980414 
0.200923 75.82506294187 0.22442997940 
0.201429 75.77289516082 0.22202268665 
0.201936 75.85013560932 0.22367071085 
0.202443 75.62126767131 0.21626803278 
0.202949 75.54381233920 0.22164748106 
0.203456 75.60859466414 0.22413846623 
0.203963 75.49654986090 0.21779828847 
0.204469 75.48605774224 0.21731593947 
0.204976 75.60887928337 0.21854297868 
0.205483 75.56199098588 0.21914286590 
0.205989 75.10637675258 0.21736205109 
0.206496 75.10721469946 0.21939121281 
0.207003 75.20650750863 0.21390184483 
0.207509 75.53440824586 0.21752004010 
0.208016 75.26149936444 0.20900557511 
0.208523 75.30184713738 0.21494297430 
0.209029 75.25792303077 0.21224594677 
0.209536 75.14834814466 0.21704185680 
0.210043 75.12245876576 0.21135657731 
0.210549 74.81627865782 0.21013465691 
0.211056 75.34382944535 0.21272826922 
0.211563 75.08853409431 0.20772241405 
0.212069 74.92846628787 0.21107629787 
0.212576 74.84055200686 0.21198613367 
0.213083 74.92132359992 0.21010393558 
0.213589 74.95564164794 0.20889814203 
0.214096 74.80392315751 0.20358806039 
0.214603 74.99193047372 0.20636759315 
0.215109 74.28527632021 0.20894809368 
0.215616 74.69797633521 0.21064928627 
0.216123 74.33457573155 0.20614750195 
0.216629 74.25768298957 0.20650397590 
0.217136 74.37667547361 0.20812401669 
0.217643 74.18345632047 0.20882523915 
0.218149 74.14964653009 0.20582643942 
0.218656 73.98611015981 0.20177427862 
0.219163 74.20450571822 0.20568251203 
0.219669 73.99362477467 0.20565858140 
0.220176 74.01951789896 0.20699433923 
0.220683 73.93942277639 0.20829465988 
0.221189 74.08479438473 0.20865841152 
0.221696 73.83010161247 0.20399884551 
0.222203 74.06243129943 0.20353047458 
0.222709 73.49509111175 0.20555557153 
0.223216 73.88168324944 0.20562262054 
0.223722 73.64408107229 0.20695363283 
0.224229 73.57816648605 0.20480379049 
0.224736 73.81749841449 0.20179731371 
0.225242 73.62868201224 0.20307604915 
0.225749 73.60857149913 0.20247923121 
0.226256 73.48747632334 0.20456762055 
0.226762 73.32779508854 0.20150364082 
0.227269 73.45134556236 0.20662937905 
0.227776 73.48358334767 0.20415056171 
0.228282 73.24888013252 0.20385804950 
0.228789 73.30251568720 0.19720106475 
0.229296 73.21144052940 0.20138668195 
0.229802 73.19861551635 0.19941646475 
0.230309 73.21040125480 0.20077059128 
0.230816 73.20964261244 0.19736004551 
0.231322 73.09867793416 0.20037842687 
0.231829 73.19934548808 0.20075681516 
0.232335 73.11347175709 0.20052872151 
0.232842 72.86020556578 0.20142050578 
0.233349 72.54508547845 0.20112297150 
0.233855 72.97210287715 0.19929073195 
0.234362 72.79636680446 0.20027838554 
0.234869 72.87341943210 0.20041512894 
0.235375 72.80850617914 0.20004764097 
0.235882 72.51911517000 0.19601078930 
0.236389 72.52737732284 0.20209905427 
0.236895 72.56862030556 0.20177084406 
0.237402 72.54539694046 0.19965750462 
0.237908 72.48182497606 0.20118585016 
0.238415 71.96685932715 0.20034811148 
0.238922 72.33605020612 0.19893490922 
0.239428 72.10148998873 0.20016611445 
0.239935 72.17630155127 0.19643085173 
0.240442 71.94755233914 0.19522292708 
0.240948 72.22582065613 0.19720724266 
0.241455 72.27171294851 0.19995454739 
0.241962 71.89720938536 0.19647997157 
0.242468 71.76375400301 0.19995193159 
0.242975 71.90693014316 0.19801387942 
0.243481 71.82039637476 0.19929712596 
0.243988 71.68520048854 0.19512401648 
0.244495 71.85972438797 0.19897879667 
0.245001 71.51106377213 0.19668689017 
0.245508 71.76905857764 0.19826129512 
0.246015 71.58510122769 0.19806506698 
0.246521 71.59961754251 0.20466101910 
0.247028 71.78536948694 0.20052076797 
0.247534 71.56937680850 0.19602868366 
0.248041 71.55002780991 0.20003239849 
0.248548 71.33224227251 0.19638316740 
0.249054 71.61055021647 0.19645292651 
0.249561 71.34158036774 0.19579467285 
0.250068 71.14082091237 0.19640442978 
0.250574 71.36229864047 0.19543294240 
0.251081 70.99372325429 0.19989460227 
0.251587 71.22139197537 0.19580643877 
0.252094 71.09675441239 0.19618830594 
0.252601 71.25424927453 0.19668819995 
0.253107 71.07152120680 0.19966929919 
0.253614 71.20532936535 0.19808857841 
0.254120 70.67510106882 0.19204361305 
0.254627 71.07064079402 0.19713197766 
0.255134 71.37664914831 0.19337746097 
0.255640 70.86811515193 0.19788080051 
0.256147 70.87379066900 0.19409145550 
0.256654 70.81715056924 0.19638402576 
0.257160 71.18802053783 0.19681244592 
0.257667 71.13519652739 0.19520740962 
0.258173 71.08482464182 0.19666775539 
0.258680 71.30374434291 0.19627612780 
0.259187 71.51076273208 0.19786764236 
0.259693 71.26282607759 0.19557583727 
0.260200 71.49472204955 0.18968267600 
0.260706 71.53463989939 0.19127717345 
0.261213 71.53606298826 0.19508889427 
0.261720 71.79771290281 0.19902312612 
0.262226 71.54425382473 0.19250745655 
0.262733 71.74391382725 0.19322879305 
0.263239 71.49355260359 0.19333822546 
0.263746 71.63268043280 0.19206383466 
0.264253 71.39058427449 0.19162632104 
0.264759 71.45237388083 0.19269954178 
0.265266 71.80575567021 0.19325324002 
0.265772 71.71399451749 0.19631837536 
0.266279 71.74099031651 0.19018589495 
0.266786 71.74211506135 0.19472630767 
0.267292 71.79628870510 0.19274782158 
0.267799 71.86123460611 0.19003527988 
0.268305 71.73471444518 0.19031344956 
0.268812 71.66017191656 0.18945446733 
0.269319 71.85422769675 0.19159108127 
0.269825 71.87012743618 0.19027005684 
0.270332 71.88100737492 0.18933851468 
0.270838 72.25473036243 0.18719349104 
0.271345 72.05986104522 0.19114778700 
0.271852 72.24300722845 0.19376738412 
0.272358 72.10142354702 0.19355973395 
0.272865 72.13548694734 0.18913800121 
0.273371 72.42470902177 0.19176510198 
0.273878 72.22177297580 0.19268150110 
0.274385 72.46148070486 0.19206924980 
0.274891 72.26353732305 0.19335363429 
0.275398 72.34947597504 0.18758129194 
0.275904 72.22040379116 0.18447527217 
0.276411 72.34634053787 0.18375596800 
0.276917 72.13209272675 0.18575299626 
0.277424 72.37355099075 0.18905965185 
0.277931 72.25115129078 0.18481996922 
0.278437 72.36924690784 0.18471105628 
0.278944 72.22802254324 0.18284118488 
0.279450 72.17046464600 0.18356358091 
0.279957 72.27997862682 0.18767940281 
0.280464 72.11590054067 0.18164153328 
0.280970 72.43080137121 0.18195756376 
0.281477 72.16212443222 0.18171587702 
0.281983 72.09366493150 0.18260328682 
0.282490 72.20780708810 0.18150795359 
0.282996 71.71912477151 0.18336524649 
0.283503 71.66283689460 0.17603899013 
0.284010 72.06339125964 0.17928539288 
0.284516 71.99855209889 0.18157550406 
0.285023 71.76311483361 0.17363529751 
0.285529 71.63574461223 0.17685241345 
0.286036 71.62609902323 0.17716350114 
0.286542 71.59356402284 0.17594131072 
0.287049 71.41619764828 0.17053918002 
0.287556 71.58115413920 0.17364439738 
0.288062 71.52917246828 0.17433052961 
0.288569 71.31721976665 0.17267727524 
0.289075 71.44389640792 0.17266203817 
0.289582 71.39184285017 0.17200023317 
0.290088 71.35097172957 0.17045610794 
0.290595 71.31421735338 0.16804079051 
0.291102 71.30313359697 0.16687110284 
0.291608 71.21705420794 0.16776351946 
0.292115 71.08604633021 0.16941465816 
0.292621 71.21826735727 0.16887488300 
0.293128 71.08885533160 0.16722966439 
0.293634 70.96852411377 0.16736181376 
0.294141 71.20563223449 0.17001997788 
0.294647 71.14666563604 0.16854635174 
0.295154 70.83580850530 0.16673560241 
0.295661 70.49184233027 0.16471514107 
0.296167 70.92499277673 0.16528782849 
0.296674 70.80479348723 0.16661006841 
0.297180 70.45074816035 0.16668099714 
0.297687 70.88108228701 0.16125437881 
0.298193 70.47443567883 0.16483101737 
0.298700 70.70450076295 0.16422707353 
0.299207 70.70913011339 0.16482829411 
0.299713 70.65989673054 0.16445204750 
0.300220 70.40687119945 0.16425212340 
0.300726 70.28237572633 0.16027336700 
0.301233 70.43508299244 0.16473783884 
0.301739 70.30927705193 0.16447041035 
0.302246 70.51767268912 0.15914615497 
0.302752 70.37119075316 0.16272762653 
0.303259 70.55118090401 0.16355629030 
0.303765 70.44107521588 0.16563509017 
0.304272 70.13111310217 0.15825194286 
0.304779 70.35179916853 0.15881231594 
0.305285 70.29409303574 0.16160322888 
0.305792 70.21625478639 0.16214516226 
0.306298 69.94916334341 0.15887414975 
0.306805 70.10155526988 0.16303578483 
0.307311 69.91310629339 0.15873964818 
0.307818 69.73734868250 0.16073770957 
0.308324 69.53750921552 0.15629492383 
0.308831 69.47447888700 0.15581096346 
0.309337 69.33716587178 0.15459995214 
0.309844 69.53406419897 0.15409363376 
0.310350 69.18881419979 0.15218047089 
0.310857 68.79692217131 0.15304671570 
0.311364 68.75663082049 0.14813507965 
0.311870 68.15423430554 0.14939135072 
0.312377 68.31220420194 0.15430497266 
0.312883 68.21525275393 0.14844588721 
0.313390 67.99799769452 0.14824957812 
0.313896 67.77622721750 0.14517258630 
0.314403 67.79109623343 0.14675896456 
0.314909 67.57075626136 0.14486861899 
0.315416 67.60213978425 0.14658953649 
0.315922 67.56114010060 0.14359524762 
0.316429 67.36809295856 0.14178880966 
0.316935 67.31109323302 0.14209361603 
0.317442 67.11575828281 0.14211438058 
0.317948 67.11354761129 0.14026256504 
0.318455 67.16771476884 0.14213859029 
0.318961 67.06219095130 0.14048978954 
0.319468 67.07379317076 0.14378296072 
0.319975 66.99235661913 0.14148553338 
0.320481 66.62683644992 0.14047675116 
0.320988 66.93553191182 0.14335734865 
0.321494 66.91679940481 0.14309092140 
0.322001 66.55130757108 0.15393042579 
0.322507 66.46798292117 0.13961169328 
0.323014 66.53451675114 0.14336432370 
0.323520 66.77358327057 0.14198653912 
0.324027 66.56905406003 0.14170128511 
0.324533 66.45015703338 0.14313531786 
0.325040 66.41774926597 0.14067263984 
0.325546 66.44382284681 0.14219330788 
0.326053 66.27286829116 0.13746096650 
0.326559 66.14208113493 0.13770244947 
0.327066 66.09206394758 0.13689373626 
0.327572 66.16784269786 0.13686910525 
0.328079 66.29353520017 0.14032671610 
0.328585 65.93649672961 0.13648292736 
0.329092 66.19846203424 0.13490855227 
0.329598 66.11778085692 0.13767827187 
0.330105 66.12112149591 0.13803224095 
0.330611 66.17993087392 0.13787027241 
0.331118 65.80466990493 0.14000102541 
0.331624 65.80955649858 0.14227410845 
0.332131 66.03811277713 0.13968500226 
0.332637 65.82935546873 0.13969851826 
0.333144 65.79170526935 0.13992088569 
0.333650 65.71629052634 0.13958047776 
0.334157 65.84719954050 0.13582308120 
0.334663 65.66257023916 0.13904808778 
0.335170 65.70191096869 0.13945403590 
0.335676 65.90033182073 0.13888697609 
0.336183 65.56965699798 0.13879806331 
0.336689 65.39501565025 0.13916909502 
0.337196 65.49240154710 0.13725909560 
0.337702 65.67348398003 0.13877614668 
0.338209 65.50673113678 0.13996728278 
0.338715 65.64523460647 0.13900406146 
0.339222 65.59623834109 0.13659180684 
0.339728 65.31860522185 0.13886158908 
0.340235 65.17238624259 0.20873029194 
0.340741 65.39523039153 0.14291432419 
0.341248 65.33720269196 0.13891033053 
0.341754 65.25088593396 0.14268633183 
0.342261 65.33494484042 0.13861615195 
0.342767 65.45452657157 0.14091476434 
0.343274 65.04428184831 0.13626848809 
0.343780 65.23416546934 0.13836771733 
0.344287 64.79770871713 0.14019605315 
0.344793 64.88220417721 0.13946167203 
0.345300 65.06563890686 0.14057205333 
0.345806 65.07570033372 0.14049948020 
0.346313 64.92749563773 0.14323655637 
0.346819 65.06113210256 0.14173394554 
0.347325 65.12039323863 0.14346859682 
0.347832 64.86651367237 0.14512346744 
0.348338 64.97707822749 0.14593880092 
0.348845 64.61346275603 0.14852758539 
0.349351 64.65791371575 0.14661304956 
0.349858 64.93924250427 0.14990149968 
0.350364 64.71021833166 0.14565809457 
0.350871 64.59882729175 0.15003120731 
0.351377 64.76961173018 0.14574801750 
0.351884 64.51154279025 0.14433767736 
0.352390 64.60795263869 0.15069773154 
0.352897 64.36233238445 0.14935405638 
0.353403 64.42515064294 0.14709520562 
0.353910 64.33898973975 0.14891726295 
0.354416 64.59482489548 0.15353809825 
0.354923 64.45912561671 0.15219214420 
0.355429 64.18873875689 0.15395597241 
0.355935 64.30412753161 0.14784486758 
0.356442 63.92895796921 0.15197860178 
0.356948 63.96409699864 0.15165242863 
0.357455 63.77148498825 0.15677460483 
0.357961 63.91069047409 0.15669521967 
0.358468 63.66492069029 0.15032243926 
0.358974 63.72437504495 0.22004229098 
0.359481 63.68921644453 0.20436414887 
0.359987 63.58398982068 0.20178859983 
0.360494 63.70793314680 0.18975697646 
0.361000 63.65113094473 0.18768511692 
0.361506 63.80464240615 0.18981816401 
0.362013 63.98315154376 0.18445581128 
0.362519 64.02280960394 0.18898502453 
0.363026 64.01117611133 0.18288906751 
0.363532 63.88513650075 0.18555923802 
0.364039 63.71076860095 0.18354094629 
0.364545 63.85773671042 0.18367722763 
0.365052 63.67755673084 0.18598723592 
0.365558 63.99276584754 0.18429361984 
0.366064 63.79878115682 0.18165341528 
0.366571 63.84312462281 0.18416561967 
0.367077 63.59459162231 0.18533321266 
0.367584 63.72859193670 0.18655778930 
0.368090 63.92984196060 0.18608411359 
0.368597 63.71522434650 0.18975063824 
0.369103 63.53918678552 0.18577502941 
0.369610 63.71867210653 0.18451824119 
0.370116 63.54212215876 0.18728459670 
0.370622 63.56808282057 0.19360273531 
0.371129 63.70231261603 0.19384670767 
0.371635 63.55043032619 0.19311609931 
0.372142 63.47462763580 0.19196078677 
0.372648 63.49256047135 0.19424630630 
0.373155 63.73687398791 0.19860321022 
0.373661 63.58164692979 0.19409536956 
0.374167 63.39598012148 0.19380981968 
0.374674 63.66097506121 0.19673833202 
0.375180 63.05444270601 0.19405578116 
0.375687 63.56332547191 0.19825093724 
0.376193 63.37100866428 0.19792451890 
0.376700 63.36905541446 0.19868656790 
0.377206 63.35564273128 0.20349098055 
0.377712 63.14103981593 0.19988623999 
0.378219 63.17854187241 0.20478298692 
0.378725 63.37295872094 0.20471081427 
0.379232 63.09198025747 0.20549594692 
0.379738 63.47971325447 0.20819177031 
0.380245 63.32522013779 0.21099290506 
0.380751 63.43409748121 0.20741945783 
0.381257 63.21702368646 0.20712285126 
0.381764 63.14747923505 0.20632336694 
0.382270 63.20712757022 0.20863654512 
0.382777 63.36085589759 0.20804695647 
0.383283 63.05460037566 0.20980981775 
0.383789 63.03093585007 0.21228737373 
0.384296 63.09034872418 0.21188159224 
0.384802 63.25404755955 0.20991838328 
0.385309 63.08571501495 0.21447600280 
0.385815 62.87867418265 0.21195446681 
0.386321 63.04539436737 0.20497196849 
0.386828 63.50780003687 0.21672851213 
0.387334 63.10275373442 0.21093858770 
0.387841 63.09276425133 0.22026503160 
0.388347 63.17993360471 0.21265550361 
0.388853 62.85378623315 0.21796182342 
0.389360 62.80453394127 0.21989335477 
0.389866 62.71458591921 0.21914444803 
0.390373 62.79461755746 0.21350969099 
0.390879 63.06941095684 0.21690082420 
0.391385 62.94284689814 0.21740206747 
0.391892 62.68504651174 0.21898771490 
0.392398 62.85633024157 0.22352652680 
0.392905 62.42152270988 0.21788826519 
0.393411 62.73267448754 0.22489270944 
0.393917 63.06611419555 0.22225601692 
0.394424 62.77912559067 0.21814595251 
0.394930 62.20338253168 0.22603904931 
0.395437 62.60351986396 0.23031770437 
0.395943 62.67416811009 0.22878087783 
0.396449 62.67589413288 0.38177169838 
0.396956 62.45715965919 0.22360710402 
0.397462 62.61353203540 0.23116279701 
0.397969 62.71065642993 0.23677186286 
0.398475 62.52752747829 0.23013061429 
0.398981 62.74796685666 0.23850188698 
0.399488 63.08896367132 0.23082221614 
0.399994 62.25163919273 0.23694110016 
0.400500 62.89311113758 0.23857156719 
0.401007 62.52547725280 0.24152356288 
0.401513 62.32258187733 0.24205390115 
0.402020 61.78099746994 0.24701977865 
0.402526 62.57622963179 0.24641019424 
0.403032 62.75596393968 0.24614814676 
0.403539 62.23358371831 0.25854383976 
0.404045 62.36776060509 0.24747360970 
0.404551 62.68130832376 0.26931916886 
0.405058 62.26467967972 0.26199463583 
0.405564 62.26384186932 0.25691351993 
0.406071 62.34905058912 0.25596049293 
0.406577 62.21037915528 0.24995052794 
0.407083 62.19465779866 0.25847094915 
0.407590 62.23205687929 0.26505734438 
0.408096 61.90623483654 0.27061973900 
0.408602 61.96540872873 0.27279407252 
0.409109 62.07737101519 0.25934208782 
0.409615 62.00211812446 0.27343886998 
0.410121 62.30391614726 0.26298039518 
0.410628 62.43747216108 0.26613232656 
0.411134 62.16379781410 0.26536770420 
0.411641 62.00152817986 0.26876797287 
0.412147 62.16079591613 0.27371673824 
0.412653 62.10167098119 0.27080393633 
0.413160 62.18957538582 0.26596508169 
0.413666 61.83962810237 0.26184801244 
0.414172 61.94712522050 0.27755459769 
0.414679 62.11126282096 0.27059706390 
0.415185 61.89439341851 0.28642224583 
0.415691 62.30110300406 0.27449622492 
0.416198 61.86421718729 0.27162728708 
0.416704 61.81173609838 0.27851932345 
0.417210 62.02274305847 0.28024416567 
0.417717 62.06768840458 0.28586643589 
0.418223 61.50390679499 0.27730167442 
0.418729 61.81048794425 0.28659918837 
0.419236 61.72095839881 0.28774436849 
0.419742 61.93483305281 0.26971319966 
0.420248 61.42899598496 0.27249189206 
0.420755 61.73220491499 0.27336925898 
0.421261 62.06615034175 0.26609225696 
0.421767 61.72716401765 0.27619745590 
0.422274 61.65460432526 0.29241864052 
0.422780 61.47345920944 0.27852938015 
0.423286 61.35047105709 0.28798513812 
0.423793 61.70206371873 0.27787314368 
0.424299 62.31018558715 0.29129202814 
0.424805 61.88606410246 0.29538501025 
0.425312 61.24641455253 0.29641259208 
0.425818 62.25930105212 0.27909805844 
0.426324 61.51591055249 0.29639823626 
0.426831 61.49050921578 0.30162444014 
0.427337 61.47943788547 0.29818264450 
0.427843 61.72277251921 0.30570423841 
0.428350 61.97749900561 0.30144917479 
0.428856 61.95158182247 0.30359345422 
0.429362 61.39501871937 0.30073276517 
0.429869 61.57500983015 0.31539723350 
0.430375 61.31377438776 0.31830250438 
0.430881 61.53512991880 0.31129627135 
0.431388 62.01667375019 0.32095171520 
0.431894 61.53468585797 0.31370137455 
0.432400 61.20835289415 0.32029238043 
0.432907 61.32410871147 0.31485994063 
0.433413 61.46488736350 0.33438425691 
0.433919 61.53147231164 0.33711337097 
0.434425 60.96423591786 0.33701291694 
0.434932 61.81731044458 0.33286208381 
0.435438 61.70594237582 0.34933447660 
0.435944 61.37469353489 0.34182109720 
0.436451 61.40534970925 0.34496561343 
0.436957 61.75871972509 0.35511148089 
0.437463 60.91189957147 0.34156965274 
0.437970 61.66742878910 0.35073983785 
0.438476 61.42362903116 0.35488689809 
0.438982 61.79526564524 0.37145885660 
0.439489 61.97150484204 0.38906249488 
0.439995 61.25840548091 0.37307402100 
0.440501 61.61674101009 0.37165413920 
0.441007 60.71837306034 0.38621338818 
0.441514 61.35862005375 0.37797939489 
0.442020 61.42594163912 0.41060663389 
0.442526 61.48454133765 0.39001499273 
0.443033 61.11803376018 0.38941211688 
0.443539 60.75358608146 0.40420793508 
0.444045 61.28258270866 0.40172330874 
0.444551 60.86612473660 0.41767565462 
0.445058 61.16714928331 0.41212225614 
0.445564 60.60845295648 0.43084621616 
0.446070 61.29642408232 0.42388563507 
0.446577 61.13961960389 0.44606391247 
0.447083 60.97424485521 0.47662587888 
0.447589 61.01243557750 0.46234153464 
0.448095 60.89593500855 0.44477656440 
0.448602 60.36451697667 0.46381170497 
0.449108 60.75718499010 0.49051073527 
0.449614 60.77789580317 0.46526609537 
0.450121 59.93847000550 0.48349112559 
0.450627 59.97594331502 0.49503184358 
0.451133 60.23876310014 0.48005976917 
0.451639 60.66114631327 0.51597618654 
0.452146 60.64002216896 0.53985073052 
0.452652 60.90656127491 0.54294411791 
0.453158 60.84799744416 0.58324996624 
0.453664 60.44101006971 0.60251756122 
0.454171 60.94008697871 0.58172813522 
0.454677 60.32350332118 0.61171167310 
0.455183 60.77736412841 0.61996509626 
0.455689 60.25103209574 0.61970374035 
0.456196 60.40305073423 0.65087990720 
0.456702 59.51864506218 0.64220398880 
0.457208 60.91966217416 0.72017539358 
0.457714 60.53474020119 0.74340444907 
0.458221 59.89335146273 0.75148641175 
0.458727 59.84794478141 0.78253338774 
0.459233 60.39872088410 0.80575909594 
0.459740 59.99618943939 0.89339824432 
0.460246 60.52652833316 0.88132170247 
0.460752 60.32995539311 0.94076126781 
0.461258 59.89734140801 0.99759931458 
0.461765 59.55942946725 1.04621204289 
0.462271 60.34847411089 1.00801197541 
0.462777 59.68260152426 1.19690115495 
0.463283 59.97207318571 1.24775771096 
0.463789 60.30865582523 1.35258517825 
0.464296 59.63550348695 1.34942317774 
0.464802 58.88393041609 1.33125921182 
0.465308 59.53683809240 1.45641623180 
0.465814 59.54366631212 1.63824832125 
0.466321 58.69041948624 1.65847056694 
0.466827 60.29826893114 1.76088685485 
0.467333 60.28657788505 2.03548691738 
0.467839 60.55642944073 2.02519747651 
0.468346 58.71392565636 2.30845888615 
0.468852 59.86690401692 2.54544088048 
0.469358 58.49892897388 2.87767867299 
0.469864 58.06338439527 2.88765274461 
0.470371 61.99266456611 4.14235336383 
0.470877 58.09664289399 4.44499758614 
0.471383 56.97684507577 5.36991448442 
0.471889 57.72515549553 7.45515484167 
0.472395 56.16955308101 6.40529927956 
0.472902 57.72743990024 13.91276222507 
