0.010896 1340.44387272055 15.52494603559 
0.011402 1203.87549491203 12.33764623789 
0.011909 1086.30100278760 11.25178281316 
0.012416 973.32211484510 10.05622342744 
0.012923 889.47664451804 7.36954813790 
0.013430 825.75646437898 10.44148900875 
0.013936 781.97565340581 9.06608549181 
0.014443 738.08506655356 7.64489065327 
0.014950 677.80860478173 6.85808273346 
0.015457 620.08057776299 5.56360716107 
0.015963 579.75476481051 4.84360029254 
0.016470 540.92737724788 4.10593163427 
0.016977 507.85587298817 3.97457344627 
0.017484 475.64226560042 3.14701674486 
0.017990 448.59225529533 3.10769351479 
0.018497 420.98806525848 2.57336205021 
0.019004 399.06313570743 2.53766419291 
0.019511 379.83273269753 2.27406715717 
0.020018 360.49406965033 2.19127218631 
0.020524 344.63326946333 1.96803419711 
0.021031 327.26915149901 1.79903475973 
0.021538 315.77692132491 1.75552161324 
0.022045 303.18922440397 1.64383399853 
0.022551 291.35771777590 1.50583653780 
0.023058 279.35724688820 1.45996207829 
0.023565 269.26737591863 1.55330620225 
0.024072 261.04656633652 1.66085823889 
0.024579 250.17872917675 1.67965913734 
0.025085 240.92637579403 2.12621567292 
0.025592 237.57346629366 2.10800137084 
0.026099 226.86925157265 2.10825965516 
0.026606 221.17748924799 1.72037960883 
0.027112 216.85760928920 1.71596858924 
0.027619 212.19672378468 1.48831123350 
0.028126 205.44871338479 1.49249479336 
0.028633 202.53407508920 1.37046491567 
0.029139 197.26642118724 1.19219302683 
0.029646 192.90823187172 1.12527033186 
0.030153 189.71671094799 1.11844272568 
0.030660 185.64381678752 0.99758206305 
0.031167 181.77715068029 0.92472455190 
0.031673 179.08815007071 0.91810581900 
0.032180 176.40415407949 0.84670590508 
0.032687 172.88171724472 0.85373652413 
0.033194 169.72041088267 0.82619115492 
0.033700 166.50492871769 0.78342291862 
0.034207 164.60948320977 0.76390504164 
0.034714 161.91761468186 0.75362460067 
0.035221 159.95727600432 0.75773369983 
0.035727 158.44990081708 0.69596737748 
0.036234 156.59071086107 0.69063989681 
0.036741 154.23093056246 0.66633938057 
0.037248 152.72740501560 0.67930881413 
0.037755 149.58630127789 0.59181023497 
0.038261 148.33392480316 0.64016903344 
0.038768 147.43213467054 0.56308866263 
0.039275 145.32851843034 0.60870295013 
0.039782 144.66591058102 0.56202296610 
0.040288 142.95060866429 0.59155090654 
0.040795 141.03603681040 0.55935392545 
0.041302 138.60674633049 0.55421163054 
0.041809 137.94766735836 0.56050226426 
0.042315 137.65052264718 0.53583376930 
0.042822 135.71272419912 0.54508730375 
0.043329 135.54516024452 0.54667051784 
0.043836 133.96277053771 0.51624794660 
0.044343 132.19180344144 0.52377334870 
0.044849 132.57903007968 0.50485890115 
0.045356 131.32446892072 0.50484451024 
0.045863 129.70102846148 0.52627492786 
0.046370 128.50499908056 0.49234692480 
0.046876 127.30322490222 0.50060371446 
0.047383 126.85383719967 0.51125854206 
0.047890 126.04200758816 0.50251103438 
0.048397 124.77093231788 0.49206960822 
0.048903 124.05095013565 0.45818311047 
0.049410 123.81004563622 0.48136494451 
0.049917 122.24965614258 0.47467669367 
0.050424 122.86946249127 0.47277461326 
0.050931 121.72968994635 0.45801478769 
0.051437 120.26231383937 0.46283090588 
0.051944 119.91239235227 0.43882632097 
0.052451 119.38812483423 0.44951136107 
0.052958 119.05149606089 0.42178875834 
0.053464 117.83306785947 0.43473589320 
0.053971 117.08351100507 0.42373108426 
0.054478 116.66193220162 0.44979863083 
0.054985 116.18055220425 0.43426176336 
0.055491 115.38493185305 0.41361530414 
0.055998 114.60439285772 0.43184778500 
0.056505 114.25338033486 0.43247439584 
0.057012 113.98813001599 0.43398891234 
0.057519 113.40659609874 0.43861372209 
0.058025 112.36064435241 0.43114667060 
0.058532 111.11654878913 0.41303397086 
0.059039 111.77566780115 0.41778620214 
0.059546 111.07741156487 0.41766072804 
0.060052 110.07604548558 0.41221146448 
0.060559 109.56947201977 0.40188762534 
0.061066 109.16283325618 0.41006197135 
0.061573 108.84000081776 0.39910927631 
0.062079 108.50618717840 0.38916108828 
0.062586 107.72916014073 0.40193597429 
0.063093 107.92250894221 0.37554912102 
0.063600 106.87918642112 0.39123823047 
0.064106 106.36697293008 0.39485391810 
0.064613 105.97702035829 0.40621817572 
0.065120 105.55403231180 0.38622478051 
0.065627 105.25976344838 0.39015980092 
0.066134 105.85367999861 0.38310464135 
0.066640 105.66874294630 0.38365065831 
0.067147 104.40378222520 0.37703772897 
0.067654 103.10364233176 0.37199144036 
0.068161 103.86053313756 0.36557915861 
0.068667 103.42988181084 0.37218025773 
0.069174 102.86671754202 0.36236356941 
0.069681 102.83508692225 0.36724297731 
0.070188 102.39278686462 0.35533129940 
0.070694 101.49317118419 0.35759201154 
0.071201 101.87139502975 0.35996568074 
0.071708 102.07859575381 0.34742755313 
0.072215 100.76406516620 0.35046201572 
0.072721 100.63600772016 0.35390376650 
0.073228 100.11994031017 0.34039985724 
0.073735 99.88100815739 0.34570688633 
0.074242 100.50222369835 0.34876801198 
0.074748 99.51171744849 0.34159637467 
0.075255 99.43731899928 0.34594445421 
0.075762 99.41458205862 0.34539722086 
0.076269 98.66226090008 0.34296920340 
0.076776 98.48785824127 0.33883025745 
0.077282 98.47640166339 0.32244596945 
0.077789 98.05037125090 0.32685099995 
0.078296 97.79407399487 0.32071166308 
0.078803 97.34845870848 0.33467347202 
0.079309 97.81187713060 0.33403757143 
0.079816 97.33037323684 0.32823327744 
0.080323 97.20089193643 0.32307594596 
0.080830 96.77041915259 0.33131120707 
0.081336 97.10134934231 0.33361188136 
0.081843 96.50874383441 0.32167298249 
0.082350 96.71573241153 0.33234591288 
0.082857 96.64189166424 0.32769050856 
0.083363 96.26469664553 0.33980424915 
0.083870 96.22259205616 0.32924933949 
0.084377 96.53551885344 0.32615997830 
0.084884 95.63485142560 0.33374452230 
0.085390 95.35221432135 0.32604573307 
0.085897 95.75626143765 0.33361524527 
0.086404 95.21295807409 0.33259947352 
0.086911 94.99807546587 0.33478127939 
0.087417 94.87373907066 0.33107210164 
0.087924 94.90223416890 0.33185913731 
0.088431 94.95911647991 0.33448063356 
0.088938 94.23589430028 0.32109664834 
0.089444 94.75685462067 0.34122135129 
0.089951 94.71586735091 0.31721503795 
0.090458 94.04807029626 0.32968284659 
0.090965 94.02131833814 0.32617877816 
0.091471 93.72426245493 0.33974955805 
0.091978 93.55854420800 0.32415486924 
0.092485 93.36946533111 0.34917406846 
0.092992 93.06116803495 0.34506713010 
0.093498 92.98675444888 0.33010051962 
0.094005 92.84048518593 0.33614373691 
0.094512 92.65503263208 0.34283873068 
0.095019 92.80761708112 0.34037125883 
0.095525 92.99201175553 0.32036293593 
0.096032 92.16234834839 0.34439542945 
0.096539 92.22647509930 0.33738367387 
0.097046 92.43600334237 0.32743374964 
0.097552 92.69855380762 0.33661684866 
0.098059 92.40834649876 0.32841871248 
0.098566 92.25716937977 0.32938028445 
0.099073 92.02617911689 0.32489183155 
0.099579 91.44668671243 0.31939414035 
0.100086 91.53153524649 0.33159183888 
0.100593 91.51045564263 0.33206845232 
0.101100 91.06877378443 0.31459030737 
0.101606 91.32513034569 0.31276675998 
0.102113 90.11194742567 0.30530992358 
0.102620 89.12435760256 0.30407875880 
0.103127 89.28264730464 0.29773259626 
0.103633 89.54966483870 0.29231627327 
0.104140 88.67393334266 0.29234305281 
0.104647 88.68525773646 0.29097218328 
0.105154 88.89527087106 0.30610637624 
0.105660 88.66957406432 0.30054734615 
0.106167 88.16221381723 0.31433417796 
0.106674 88.55609329074 0.30377487828 
0.107181 88.11673719264 0.30460789044 
0.107687 87.72083745306 0.29319825472 
0.108194 87.73921003059 0.29074906039 
0.108701 88.02130974413 0.30142981724 
0.109208 87.77533980327 0.29041406665 
0.109714 88.04931611451 0.30537457923 
0.110221 88.03003192714 0.28803825377 
0.110728 87.53225182670 0.29940525632 
0.111235 87.37823834842 0.27673890704 
0.111741 87.17895025186 0.28611195508 
0.112248 87.25801237001 0.28287098970 
0.112755 86.57934101709 0.28162723019 
0.113262 87.20262617558 0.28513210066 
0.113768 87.18297819519 0.28855375831 
0.114275 86.92871799393 0.28745290615 
0.114782 87.07271997916 0.27655679417 
0.115289 86.79839664459 0.27872195580 
0.115795 86.62473712168 0.27163118875 
0.116302 86.43507478923 0.27427778985 
0.116809 86.30953971372 0.27051263785 
0.117316 86.09722350581 0.27023310510 
0.117822 85.68615202120 0.27731090416 
0.118329 86.67211272125 0.26923692618 
0.118836 85.76722133006 0.26179060704 
0.119342 86.09353668154 0.26004246899 
0.119849 85.94710029871 0.26600726101 
0.120356 85.93348253262 0.26663579643 
0.120863 86.07739328269 0.27114475164 
0.121369 85.78897445407 0.26972288704 
0.121876 85.77147881920 0.27154730527 
0.122383 85.25231219578 0.25870860925 
0.122890 85.41530360703 0.26526232562 
0.123396 85.15995428851 0.25843279488 
0.123903 85.29864029809 0.26220387864 
0.124410 85.25379107922 0.25653888192 
0.124917 85.05346832460 0.26164987303 
0.125423 85.28998816411 0.25614579871 
0.125930 84.89916192181 0.25934129823 
0.126437 84.71456701925 0.25453316563 
0.126944 85.08336046040 0.25781533394 
0.127450 84.56110271125 0.26082791718 
0.127957 84.72888160767 0.25718530826 
0.128464 84.97488333434 0.25539007870 
0.128970 84.78881300570 0.24839042929 
0.129477 84.65828824457 0.25521408775 
0.129984 84.66580600456 0.25825059954 
0.130491 84.49576072411 0.25389280706 
0.130997 84.25824813237 0.24880723455 
0.131504 83.87723163342 0.24751098872 
0.132011 84.42711595747 0.25226139664 
0.132518 84.04257916985 0.25250613168 
0.133024 84.19512076589 0.25693725103 
0.133531 84.08644387738 0.24419859886 
0.134038 83.91434626598 0.25058735928 
0.134545 83.93386035054 0.24844231368 
0.135051 83.67059846180 0.24549571817 
0.135558 83.60981375056 0.24903599160 
0.136065 83.49821808777 0.23973649776 
0.136571 83.18969493419 0.24523119161 
0.137078 83.76377015213 0.24727776881 
0.137585 83.11291910804 0.24338460177 
0.138092 83.66718910337 0.24563964171 
0.138598 83.33202997282 0.24516838230 
0.139105 83.20352531453 0.24339302234 
0.139612 83.15278054173 0.24877247143 
0.140119 83.00208521218 0.24313418265 
0.140625 83.00208340932 0.24600344756 
0.141132 82.86140535843 0.23782436279 
0.141639 82.99138306293 0.24107755478 
0.142145 82.86457717735 0.24232641110 
0.142652 82.63099015451 0.24366179430 
0.143159 82.78624738251 0.23553567532 
0.143666 82.33861192621 0.24614422712 
0.144172 82.14505570690 0.24399487978 
0.144679 82.34933900291 0.24724208062 
0.145186 82.26069185541 0.24664326453 
0.145692 81.77597982254 0.24494923119 
0.146199 81.95746282550 0.23607814772 
0.146706 81.91502493283 0.23796524069 
0.147213 81.71017141415 0.24426806849 
0.147719 81.87526140455 0.24554006291 
0.148226 81.38627516992 0.23834865726 
0.148733 81.62600353822 0.23227575305 
0.149240 81.47398190771 0.24104568193 
0.149746 81.45244028278 0.24754320035 
0.150253 81.23760437748 0.24178846361 
0.150760 81.33436205439 0.24089261000 
0.151266 81.35026138790 0.24233028217 
0.151773 81.02042354964 0.23791058722 
0.152280 80.74981021480 0.23609834704 
0.152787 80.82271163260 0.23871290691 
0.153293 80.60909070928 0.24243017571 
0.153800 81.02085626850 0.24612198507 
0.154307 80.43867593737 0.24201659702 
0.154813 80.98242392437 0.24091712209 
0.155320 80.58564591602 0.23485550530 
0.155827 80.82914494082 0.23996739812 
0.156334 80.58339449909 0.23520577936 
0.156840 80.29098546523 0.23777930249 
0.157347 80.40207921250 0.23761021929 
0.157854 80.37414313779 0.24176653723 
0.158360 80.18266031075 0.23952840484 
0.158867 80.31987659496 0.23781953907 
0.159374 80.13708159076 0.23326906727 
0.159881 79.74607738103 0.23572222306 
0.160387 79.87211342018 0.23237346294 
0.160894 79.80339568441 0.24007763258 
0.161401 79.94095347187 0.23674093139 
0.161907 79.56363444169 0.23456853278 
0.162414 79.65351686976 0.23424261535 
0.162921 79.45408730201 0.22823688305 
0.163427 79.26852620588 0.23087440844 
0.163934 78.96280319395 0.23193551945 
0.164441 79.22334662431 0.22631700948 
0.164948 79.58547255623 0.23475452962 
0.165454 79.16598425384 0.22996924578 
0.165961 79.10582584169 0.22927022264 
0.166468 79.17622256657 0.23242952747 
0.166974 79.19459819043 0.23144563483 
0.167481 79.17861437229 0.23075341826 
0.167988 79.20578572104 0.23104082440 
0.168495 79.11992435920 0.22986827456 
0.169001 79.01540148702 0.23069085795 
0.169508 78.81921991806 0.23578639773 
0.170015 79.05982736720 0.23153067896 
0.170521 78.84653560854 0.23086389100 
0.171028 78.87717632663 0.22935070446 
0.171535 79.29341070445 0.23489285413 
0.172041 79.27880220227 0.23706013595 
0.172548 78.70866213868 0.23566192911 
0.173055 79.28944315420 0.23263526867 
0.173562 79.33425289620 0.23769860136 
0.174068 79.13587063853 0.23710201312 
0.174575 79.12599490384 0.23736809462 
0.175082 79.18366276809 0.23680660015 
0.175588 78.96325555151 0.23667225135 
0.176095 78.59622906627 0.23963201147 
0.176602 78.78939067626 0.23724576970 
0.177108 78.83775489375 0.23538345599 
0.177615 78.57595812934 0.23805935983 
0.178122 78.47172651163 0.23452325650 
0.178629 78.56868418502 0.23600054519 
0.179135 78.72740760651 0.24223573213 
0.179642 78.32011372581 0.23522116999 
0.180149 78.74397750571 0.23651732513 
0.180655 78.29121370101 0.23854295289 
0.181162 78.88719599893 0.23348036896 
0.181669 78.82322865285 0.22914705072 
0.182175 78.94894054400 0.24055289271 
0.182682 78.77503844019 0.24618788441 
0.183189 78.61147231110 0.23909749101 
0.183695 78.60041100645 0.23791619335 
0.184202 78.45503513372 0.24051477719 
0.184709 78.26952280316 0.24233747351 
0.185216 78.25580196982 0.23748012429 
0.185722 77.77196725165 0.24277033351 
0.186229 78.02284488689 0.24352468913 
0.186736 78.05901454693 0.24059634286 
0.187242 77.88658537289 0.24562595282 
0.187749 78.19641847596 0.24516004349 
0.188256 78.03687580756 0.25285750236 
0.188762 77.85290634843 0.24664691173 
0.189269 77.62400200334 0.25304659919 
0.189776 77.70811942322 0.25310913705 
0.190282 77.56805914203 0.24646532861 
0.190789 77.85356761144 0.24607788828 
0.191296 77.34280659975 0.24678499707 
0.191802 77.39592337729 0.24168150561 
0.192309 77.23803644969 0.24142281430 
0.192816 76.78051531801 0.24171728307 
0.193323 76.51239233469 0.23726527600 
0.193829 76.47947304781 0.23554124670 
0.194336 76.61263123821 0.23630379971 
0.194843 76.74979603902 0.23626183918 
0.195349 76.76435854092 0.23284696989 
0.195856 76.61598295000 0.23862321553 
0.196363 76.17734903150 0.23170690406 
0.196869 76.16474798177 0.23178778847 
0.197376 75.91690565019 0.22695837451 
0.197883 76.40855715693 0.22395838759 
0.198389 76.09190970289 0.22225325867 
0.198896 75.99262852279 0.22597969417 
0.199403 76.07083689342 0.22696515850 
0.199909 75.94406748758 0.22780621817 
0.200416 75.71201014914 0.22433731577 
0.200923 75.92162237696 0.22834595573 
0.201429 75.65822287142 0.22318345192 
0.201936 75.53192262935 0.21982465976 
0.202443 75.77440381354 0.22001462034 
0.202949 75.57362219041 0.22230331487 
0.203456 75.70528991128 0.22218334297 
0.203963 75.74346982537 0.21615049394 
0.204469 75.27312405742 0.21411273908 
0.204976 75.45238669524 0.21902126696 
0.205483 75.76947799357 0.21654655680 
0.205989 75.48510359863 0.21902774670 
0.206496 75.35485334275 0.21559048779 
0.207003 75.49222210771 0.21507432934 
0.207509 75.43435220375 0.22042209085 
0.208016 75.05892615000 0.21524876799 
0.208523 75.21926890822 0.21005258994 
0.209029 74.99775656680 0.21106829471 
0.209536 75.09886717129 0.20799845787 
0.210043 74.79629285572 0.21153714749 
0.210549 74.94940085290 0.21091705996 
0.211056 74.97292020052 0.21224778710 
0.211563 75.17859637264 0.21373826055 
0.212069 74.87468805355 0.21159022013 
0.212576 74.71105754295 0.21178362116 
0.213083 74.99766125168 0.20827965326 
0.213589 74.64512920210 0.20983699995 
0.214096 74.76400848602 0.20357399163 
0.214603 74.61510387647 0.20732845790 
0.215109 74.45602935113 0.20662148902 
0.215616 74.75090334485 0.20566879881 
0.216123 74.33303869851 0.20788908484 
0.216629 74.55676424619 0.20369030738 
0.217136 74.38863307509 0.20742978941 
0.217643 74.05261948990 0.20929494674 
0.218149 74.07626396759 0.20798954946 
0.218656 74.03346592825 0.20880015029 
0.219163 74.32502176669 0.20542476673 
0.219669 74.30533599360 0.20849429503 
0.220176 74.02480165218 0.20468679664 
0.220683 73.91157569583 0.20570806419 
0.221189 74.07359079079 0.20770099799 
0.221696 74.11002930631 0.20339324234 
0.222203 73.88457332836 0.20580564108 
0.222709 73.60285070117 0.20528345079 
0.223216 73.80572745834 0.20573137328 
0.223722 73.89571118922 0.20443034339 
0.224229 73.57937942309 0.20411239765 
0.224736 73.60554128529 0.20271057915 
0.225242 73.65327959792 0.19970025214 
0.225749 73.76769360913 0.20048247722 
0.226256 73.71488711291 0.20249826475 
0.226762 73.39300879953 0.20170774360 
0.227269 73.42072041546 0.20194990609 
0.227776 73.34473714381 0.20599050293 
0.228282 73.18130396503 0.20049317907 
0.228789 73.30521396811 0.20106364604 
0.229296 73.43580640794 0.20144970977 
0.229802 73.22688440887 0.20035377107 
0.230309 73.15728656296 0.20056011166 
0.230816 73.12783562826 0.20129323994 
0.231322 73.30912703890 0.20749007778 
0.231829 73.02226872443 0.20330025294 
0.232335 72.90138953298 0.19723680826 
0.232842 72.90148807432 0.20032329260 
0.233349 72.66859000448 0.20226651809 
0.233855 73.10994114276 0.19981669176 
0.234362 72.89524494206 0.19909560398 
0.234869 72.61487956567 0.20101600701 
0.235375 72.49540073270 0.19431643131 
0.235882 72.65857751887 0.19746275948 
0.236389 72.42372769270 0.19470976651 
0.236895 72.70108747145 0.19786225012 
0.237402 72.37912965558 0.19953203525 
0.237908 72.48453149095 0.20087971554 
0.238415 72.57435216630 0.20198917183 
0.238922 72.27434263893 0.19881301627 
0.239428 72.20093834978 0.20131948163 
0.239935 72.26157959309 0.19909682119 
0.240442 72.19568473790 0.19941554127 
0.240948 71.88129797277 0.20079913866 
0.241455 71.79873022894 0.19893333816 
0.241962 71.98100568215 0.19892852641 
0.242468 72.07492116446 0.20071779266 
0.242975 71.73684747891 0.19574575968 
0.243481 71.98601335762 0.19809393010 
0.243988 71.91242113130 0.19879463598 
0.244495 71.69134153818 0.20030454680 
0.245001 71.79107255190 0.19643712163 
0.245508 71.43091048175 0.19771077103 
0.246015 71.66713887924 0.19957674118 
0.246521 71.71600964338 0.19820594526 
0.247028 71.27742787398 0.19805410921 
0.247534 71.16408710936 0.19934856043 
0.248041 71.58181945681 0.19720972825 
0.248548 71.36405516240 0.19251273461 
0.249054 71.39435435265 0.19649489964 
0.249561 71.36500956305 0.20120841402 
0.250068 71.46567196736 0.19918250065 
0.250574 71.37762618080 0.19994251667 
0.251081 71.17619063604 0.19555061882 
0.251587 71.12865255816 0.19748922023 
0.252094 71.04377976785 0.19859158917 
0.252601 71.36926806946 0.19868648837 
0.253107 71.14252557872 0.19796653705 
0.253614 71.08613259692 0.19871525562 
0.254120 71.16005704638 0.19512425082 
0.254627 70.99606074776 0.19442347578 
0.255134 71.27345639513 0.19761138896 
0.255640 71.11738615898 0.19563787084 
0.256147 71.06001163193 0.19634249638 
0.256654 70.79363372190 0.19701896663 
0.257160 71.14668858868 0.19657138327 
0.257667 71.38966154978 0.19478017619 
0.258173 71.07640075862 0.19674750017 
0.258680 71.78605829346 0.19087396442 
0.259187 71.59097224301 0.19875185785 
0.259693 71.53573238163 0.19343929140 
0.260200 71.50065000237 0.19781479384 
0.260706 71.50681467815 0.19681198293 
0.261213 71.68169774867 0.19797734392 
0.261720 71.67619886988 0.19347690500 
0.262226 71.48698524372 0.19491105700 
0.262733 71.70447953147 0.19407668238 
0.263239 71.93259025236 0.19201805041 
0.263746 71.56583883434 0.19290036636 
0.264253 71.98500824493 0.19234447818 
0.264759 71.57522312061 0.19289450154 
0.265266 71.58433435539 0.19357927938 
0.265772 71.50581688973 0.19149008908 
0.266279 71.65517749121 0.19466162961 
0.266786 71.50463770769 0.19280888329 
0.267292 71.68980146818 0.19312869256 
0.267799 71.65241176455 0.18843108408 
0.268305 71.67061814244 0.19012689305 
0.268812 71.82462223998 0.19083518248 
0.269319 71.82936495979 0.19134315250 
0.269825 71.72443245843 0.18706931484 
0.270332 71.70836722629 0.19239438741 
0.270838 72.10789063760 0.18772940486 
0.271345 72.03943616797 0.19237622989 
0.271852 71.95161241606 0.19026546973 
0.272358 72.44339255978 0.19647766386 
0.272865 72.08017081237 0.19245119790 
0.273371 72.16652931869 0.19190332201 
0.273878 72.21099671293 0.19654857686 
0.274385 72.58128779955 0.18997170395 
0.274891 72.30141158758 0.19153442772 
0.275398 72.39508816934 0.19043621969 
0.275904 72.26950178663 0.18683885037 
0.276411 72.27756378410 0.18874678058 
0.276917 72.46856500201 0.18571959463 
0.277424 72.31228225652 0.18827504141 
0.277931 72.08607473259 0.18080871534 
0.278437 72.35321774622 0.18019456309 
0.278944 72.25240465279 0.18590358863 
0.279450 72.13633187647 0.18252825082 
0.279957 72.42519759244 0.18183525675 
0.280464 72.10350693699 0.18449819675 
0.280970 72.02523380170 0.18106807176 
0.281477 72.07450880316 0.18427945453 
0.281983 72.18213989920 0.18489197723 
0.282490 71.97684313402 0.18344596008 
0.282996 72.05229339237 0.18299711648 
0.283503 72.02283444668 0.17791026985 
0.284010 72.22717547402 0.17956479781 
0.284516 71.80598634015 0.18287486743 
0.285023 71.66094151894 0.17636781564 
0.285529 72.04393849776 0.17463234637 
0.286036 71.57447605920 0.17518869130 
0.286542 71.83379079879 0.17506281486 
0.287049 71.48459515929 0.17258454612 
0.287556 71.33743404855 0.17497682454 
0.288062 71.56227341772 0.17262752316 
0.288569 71.24682669167 0.17090363832 
0.289075 71.60624789024 0.17017715384 
0.289582 71.36607275449 0.17346212339 
0.290088 71.26760882039 0.17090873202 
0.290595 71.26405644420 0.16635750346 
0.291102 71.30902909197 0.17107018590 
0.291608 71.11909985858 0.16777272462 
0.292115 71.43640260641 0.16580573513 
0.292621 70.97694616572 0.17050602436 
0.293128 71.00772466358 0.16872699449 
0.293634 71.25667720045 0.16677372794 
0.294141 71.24456006555 0.16622562899 
0.294647 71.21695314965 0.17041936471 
0.295154 70.92148632094 0.16655167154 
0.295661 70.90263833989 0.16494195838 
0.296167 70.92977239438 0.16835017024 
0.296674 70.75173378045 0.16826700158 
0.297180 70.89377237414 0.16232618323 
0.297687 70.39479716354 0.16607825860 
0.298193 70.50782287980 0.16487642137 
0.298700 70.45854486767 0.16349714031 
0.299207 70.50535205020 0.16625567014 
0.299713 70.48899176387 0.16538057401 
0.300220 70.44093447412 0.16405221412 
0.300726 70.58334728066 0.16288341502 
0.301233 70.58299211481 0.16352354766 
0.301739 70.50692706125 0.16431496080 
0.302246 70.19583744771 0.16415261190 
0.302752 70.25454284787 0.16249324649 
0.303259 70.22843386556 0.16270940746 
0.303765 70.36863212169 0.16365461488 
0.304272 70.12887054632 0.15959542282 
0.304779 69.93572995494 0.16056635569 
0.305285 70.21158107890 0.16017014472 
0.305792 69.97139074592 0.15901923937 
0.306298 69.96836174775 0.16086718243 
0.306805 70.06819265816 0.16345839228 
0.307311 69.74758617687 0.15701748689 
0.307818 69.72606008102 0.15881165012 
0.308324 69.71767420334 0.15432164032 
0.308831 69.60065190094 0.15794513207 
0.309337 69.24712219826 0.15310799125 
0.309844 69.12475854122 0.15253701314 
0.310350 69.54257581822 0.15580438754 
0.310857 68.93900311890 0.15225068891 
0.311364 68.92426919074 0.15105549135 
0.311870 68.54533529975 0.14943993092 
0.312377 68.40207430362 0.14758207037 
0.312883 68.04504347140 0.14844611045 
0.313390 67.91959219138 0.14731001864 
0.313896 67.86742233606 0.14985736625 
0.314403 67.54411338829 0.14548579379 
0.314909 67.69762512244 0.14257071286 
0.315416 67.53458084714 0.14526810560 
0.315922 67.31319558046 0.14788886958 
0.316429 67.17376389323 0.14144871233 
0.316935 67.13700380858 0.14469110650 
0.317442 67.16887811249 0.14239965055 
0.317948 66.96230202251 0.13944181504 
0.318455 67.00385794041 0.14271480417 
0.318961 67.13808081052 0.14337026073 
0.319468 66.95058454135 0.14196751259 
0.319975 66.98049944799 0.14156320528 
0.320481 66.88731634265 0.14470508470 
0.320988 67.04218331200 0.14261758743 
0.321494 66.57912209768 0.14247534957 
0.322001 66.65224236304 0.16072528899 
0.322507 66.54405751591 0.14135663903 
0.323014 66.58079040275 0.14009990436 
0.323520 66.59013447475 0.14263737016 
0.324027 66.14254421972 0.14139037712 
0.324533 66.51227016239 0.14243627613 
0.325040 66.40310054046 0.13750802515 
0.325546 66.48267737297 0.14285224266 
0.326053 66.26684385755 0.13898245659 
0.326559 66.16649683660 0.13748556873 
0.327066 66.10283709552 0.13570221733 
0.327572 66.27391474605 0.13763395081 
0.328079 66.24793794322 0.14030025700 
0.328585 66.28011095985 0.13856445035 
0.329092 66.17288080869 0.13860510965 
0.329598 66.03973684195 0.13750687850 
0.330105 65.91620500821 0.13785237686 
0.330611 65.73597459878 0.14026059786 
0.331118 65.83495795912 0.13634824351 
0.331624 66.02689853507 0.13963697294 
0.332131 66.07252422093 0.13781844674 
0.332637 65.76564882358 0.13964117162 
0.333144 65.83916730105 0.13989600360 
0.333650 65.86139496576 0.13978020097 
0.334157 65.70314580187 0.14035042975 
0.334663 65.83938342582 0.14180697469 
0.335170 65.65171328996 0.13894548662 
0.335676 65.61479666049 0.13520017320 
0.336183 65.71395152467 0.13841799652 
0.336689 65.45152088019 0.13779436535 
0.337196 65.59791751240 0.14254056625 
0.337702 65.37101193571 0.13874446806 
0.338209 65.46963968633 0.13968125012 
0.338715 65.35965250638 0.13925086600 
0.339222 65.33694699535 0.13730387494 
0.339728 65.27423990411 0.14129838854 
0.340235 65.25798058234 0.21692238439 
0.340741 65.65293325636 0.13884991019 
0.341248 65.48879326095 0.13721966675 
0.341754 65.25698861037 0.14211120941 
0.342261 65.39089431864 0.14215038856 
0.342767 65.16630282729 0.13858542104 
0.343274 65.36495603037 0.13695414295 
0.343780 65.06173623209 0.13907971566 
0.344287 65.31356292754 0.14154911697 
0.344793 64.92297105915 0.14046294449 
0.345300 65.06726120018 0.14202250540 
0.345806 65.15290667815 0.14108171337 
0.346313 64.94533126532 0.14155531564 
0.346819 64.84237563861 0.14518805343 
0.347325 64.93670361087 0.14345373279 
0.347832 64.84468632990 0.14535254302 
0.348338 65.08228854456 0.14706756935 
0.348845 64.86131814884 0.14830664061 
0.349351 64.86014208669 0.14852202619 
0.349858 64.67016975698 0.14990923763 
0.350364 64.61170063556 0.14941178416 
0.350871 64.91236395183 0.14922478069 
0.351377 64.78374855478 0.14900713296 
0.351884 64.57091558718 0.14734293751 
0.352390 64.75652626747 0.14784660223 
0.352897 64.40276989349 0.14888773197 
0.353403 64.25475076355 0.14965455139 
0.353910 64.09676795823 0.15142099197 
0.354416 64.21545849761 0.15309381937 
0.354923 64.25690387661 0.15178309196 
0.355429 64.12539428168 0.15086356193 
0.355935 64.22357477432 0.15030782785 
0.356442 63.79814836450 0.15025182833 
0.356948 64.12204113389 0.15137400297 
0.357455 63.86190334550 0.15506379452 
0.357961 63.64655895908 0.15581617145 
0.358468 63.66387874042 0.15737665989 
0.358974 63.82271985083 0.22259038579 
0.359481 63.86558287965 0.20698958685 
0.359987 63.73981788704 0.19796584750 
0.360494 63.80061434380 0.18842875988 
0.361000 63.60707550727 0.18912156346 
0.361506 63.86978360764 0.18476168231 
0.362013 63.65879733853 0.18514621781 
0.362519 63.81990359597 0.18374481799 
0.363026 63.58651278545 0.18298115925 
0.363532 63.86670205258 0.18739326636 
0.364039 64.01681300788 0.18240219027 
0.364545 63.70541259103 0.18509779114 
0.365052 64.00258164669 0.18679609402 
0.365558 63.96158637177 0.18094544451 
0.366064 63.87903070885 0.18246333174 
0.366571 63.98141402186 0.18328640574 
0.367077 63.64005212330 0.18438042727 
0.367584 63.79077058322 0.18709871301 
0.368090 63.55269918258 0.18519813858 
0.368597 63.65251795429 0.18593441726 
0.369103 63.71521582282 0.19211910700 
0.369610 63.72586441363 0.19038590033 
0.370116 63.58355000917 0.18923409056 
0.370622 63.45632016529 0.18923642525 
0.371129 63.80750201585 0.19514662994 
0.371635 63.54842560456 0.18680129788 
0.372142 63.61441826304 0.19324017288 
0.372648 63.60458592602 0.19185960598 
0.373155 63.34855485935 0.19640998152 
0.373661 63.24720633107 0.19516875172 
0.374167 63.56341513631 0.19641742748 
0.374674 63.48507730321 0.19624931455 
0.375180 63.52755024149 0.19727452684 
0.375687 63.24654806746 0.19522585749 
0.376193 63.33784231959 0.19794736349 
0.376700 63.40056791324 0.20183705710 
0.377206 63.55223035956 0.20156341862 
0.377712 63.19115879459 0.20655768530 
0.378219 63.33936095576 0.20808235758 
0.378725 63.29386217306 0.20412331822 
0.379232 63.39821528782 0.20540272827 
0.379738 63.07004917633 0.20335584776 
0.380245 63.20377923349 0.21247076098 
0.380751 63.22756234941 0.20693042122 
0.381257 62.99735256177 0.20578103762 
0.381764 63.08003923277 0.20892268197 
0.382270 63.06761467989 0.20834912805 
0.382777 62.89857611567 0.20991960974 
0.383283 62.89893405405 0.20524764031 
0.383789 63.27740553892 0.20949952499 
0.384296 62.75464959777 0.21076497239 
0.384802 63.03984300299 0.21184792131 
0.385309 63.11859583378 0.21211633191 
0.385815 62.95358869785 0.21140884378 
0.386321 63.01440134688 0.21421366638 
0.386828 62.55030158248 0.21385733313 
0.387334 62.85906707003 0.21270686933 
0.387841 62.89131373988 0.21468159380 
0.388347 63.38037271118 0.21493818948 
0.388853 62.88938860619 0.21346552257 
0.389360 62.98652979418 0.21963779650 
0.389866 62.96892066374 0.21902019727 
0.390373 62.71032662974 0.21582993096 
0.390879 62.81992446610 0.21626419941 
0.391385 62.58054074426 0.21533956336 
0.391892 62.43572704947 0.21677694276 
0.392398 62.64266248403 0.22146929677 
0.392905 62.72193841779 0.21850060555 
0.393411 62.55880453813 0.22504017945 
0.393917 63.12176433572 0.22583864844 
0.394424 62.50509472339 0.21868667729 
0.394930 62.61223698569 0.22119097115 
0.395437 62.61159055898 0.22423555862 
0.395943 62.50005363099 0.22381553941 
0.396449 62.35759765996 0.31808221935 
0.396956 62.89562225402 0.22881811829 
0.397462 62.94253361934 0.23076750783 
0.397969 62.42093792445 0.23601073653 
0.398475 62.39589858159 0.23335940504 
0.398981 62.47327794216 0.23911412612 
0.399488 62.25423335877 0.22938579221 
0.399994 62.29283898752 0.23484852719 
0.400500 62.39619412434 0.24223411671 
0.401007 62.51361543012 0.23485793198 
0.401513 62.37103838507 0.23958011644 
0.402020 62.16869927464 0.24632586331 
0.402526 62.13149203130 0.24721815454 
0.403032 62.52427659124 0.24871000186 
0.403539 61.98120118157 0.25695880630 
0.404045 62.29269006967 0.24766104655 
0.404551 62.36782575243 0.26144202820 
0.405058 62.39773810314 0.27243981717 
0.405564 62.27858643765 0.25945803253 
0.406071 62.49602178771 0.25910362431 
0.406577 62.49147138928 0.25298694824 
0.407083 61.72550727723 0.25483403525 
0.407590 62.38714514057 0.27026199757 
0.408096 62.27893146506 0.27494456040 
0.408602 62.02694444368 0.27464252663 
0.409109 62.04442066501 0.25886447075 
0.409615 61.91188980966 0.27934261190 
0.410121 61.92738527994 0.25734704107 
0.410628 62.18834127149 0.26419879296 
0.411134 62.26491196154 0.26208691324 
0.411641 62.09892775069 0.27328089768 
0.412147 62.10626094105 0.26430097797 
0.412653 62.33165576412 0.26566501003 
0.413160 61.57875290850 0.26161488574 
0.413666 61.99242982265 0.27212116572 
0.414172 62.37884715826 0.26985339494 
0.414679 62.40209525975 0.27038778271 
0.415185 62.16876037450 0.28709274959 
0.415691 62.07050909824 0.26824046420 
0.416198 61.66218250941 0.27652557588 
0.416704 62.22601123665 0.28499426860 
0.417210 62.37057767610 0.28352890156 
0.417717 61.83481957974 0.28823467103 
0.418223 61.58642088440 0.27660376314 
0.418729 61.81953049636 0.27790829109 
0.419236 61.69816609160 0.27900016848 
0.419742 61.61434959424 0.27623755470 
0.420248 61.47383597882 0.26836238247 
0.420755 61.96265085689 0.27902114667 
0.421261 61.62163504577 0.27611084291 
0.421767 62.10354225436 0.28899114418 
0.422274 61.53273333207 0.28013195536 
0.422780 61.74500011959 0.28047587251 
0.423286 61.37337853335 0.29289150898 
0.423793 61.80754919012 0.28866465109 
0.424299 61.72422723017 0.28653097549 
0.424805 61.39780071601 0.27924317178 
0.425312 61.49004146286 0.29342766850 
0.425818 61.44512671161 0.29072182238 
0.426324 61.38432891738 0.29224172620 
0.426831 61.88221841643 0.29095702221 
0.427337 61.46447012706 0.30399672772 
0.427843 61.47113915725 0.30680230871 
0.428350 61.52507340597 0.30732722373 
0.428856 61.32918054275 0.30455670306 
0.429362 61.49424624506 0.31063804611 
0.429869 62.19144361085 0.31670331954 
0.430375 61.68247906447 0.31487396429 
0.430881 61.73664757428 0.32196525226 
0.431388 61.39561790415 0.31953173405 
0.431894 61.50552438913 0.31776451301 
0.432400 61.61837027779 0.33798467206 
0.432907 61.73792980622 0.32849308434 
0.433413 61.85215551116 0.34462970263 
0.433919 61.85047665609 0.33219552218 
0.434425 61.36302088553 0.34119507436 
0.434932 61.27973877070 0.33050382719 
0.435438 61.04566651326 0.34776686003 
0.435944 61.34784173507 0.34969953955 
0.436451 61.89231572723 0.34860098680 
0.436957 61.39819407916 0.36225265392 
0.437463 61.21963187118 0.35012624196 
0.437970 61.47238180304 0.34471961882 
0.438476 61.56191661383 0.35145587716 
0.438982 61.42345152350 0.36180240660 
0.439489 61.28512881543 0.38508934421 
0.439995 61.63865127420 0.37465504532 
0.440501 61.14694128830 0.38132992153 
0.441007 61.70116224261 0.38184437148 
0.441514 61.07165914711 0.39146675794 
0.442020 61.20116730750 0.41083374529 
0.442526 61.12697596783 0.39728088217 
0.443033 61.92310532566 0.39332790388 
0.443539 60.83347830984 0.39895066876 
0.444045 60.76440707832 0.41316484672 
0.444551 61.32054600046 0.42396881645 
0.445058 61.75735501162 0.41188203829 
0.445564 60.86463789244 0.41945981070 
0.446070 61.02573093308 0.43270751260 
0.446577 61.43465515714 0.42495515894 
0.447083 60.80948966785 0.47156345217 
0.447589 60.57013684117 0.45395907491 
0.448095 60.44142476841 0.44990236409 
0.448602 60.56952963170 0.47690781026 
0.449108 61.18147546274 0.45771819932 
0.449614 61.08680787177 0.48010071026 
0.450121 60.84247427732 0.49979398534 
0.450627 60.19712058532 0.50475615646 
0.451133 60.40330581608 0.50309576390 
0.451639 59.89390960978 0.50496968539 
0.452146 60.40966635063 0.53344632473 
0.452652 60.77249258840 0.53278181485 
0.453158 60.38911997749 0.54839378949 
0.453664 60.25936674607 0.56236376196 
0.454171 60.60445283793 0.57497489779 
0.454677 60.87370925481 0.58201365180 
0.455183 60.79619827682 0.61392807009 
0.455689 59.97684503437 0.63916487244 
0.456196 60.26602108342 0.63201133894 
0.456702 60.19577124177 0.63012447413 
0.457208 60.36688264618 0.70228983528 
0.457714 60.48979782917 0.76266617156 
0.458221 61.14339852059 0.74783211706 
0.458727 60.46189693810 0.81692402304 
0.459233 60.22565541810 0.81922755144 
0.459740 60.51104953971 0.86294632779 
0.460246 59.93352030288 0.91091343953 
0.460752 59.94500089882 0.94424082837 
0.461258 59.51242074821 0.98550527600 
0.461765 61.28009856807 1.09179282258 
0.462271 60.47438823284 1.03117004046 
0.462777 60.76491825096 1.17535483264 
0.463283 59.52447275773 1.26689208364 
0.463789 59.91540688736 1.34784228867 
0.464296 61.04255461543 1.36543644070 
0.464802 60.16162942532 1.28365395284 
0.465308 59.69583692286 1.48866282816 
0.465814 61.18075756748 1.68173011423 
0.466321 59.99117772942 1.72976774015 
0.466827 58.94735885177 1.88959018910 
0.467333 60.07375380904 1.94679794028 
0.467839 58.11728344849 1.87311771100 
0.468346 59.65688834632 2.40968698616 
0.468852 59.70731005435 2.51502710971 
0.469358 59.34192971431 2.90793854357 
0.469864 59.63941319630 2.92569845095 
0.470371 59.06674846043 3.84621901810 
0.470877 59.59485259283 4.47564223759 
0.471383 57.39908949465 5.53390843679 
0.471889 59.45684382189 7.52065725816 
0.472395 52.10368218278 5.51825279416 
0.472902 51.32561941559 12.17264572848 
