0.010896 1335.66461678951 13.55024410819 
0.011402 1188.21903806532 11.39688057755 
0.011909 1075.10201199470 11.54813730331 
0.012416 978.64216985974 8.45892587525 
0.012923 882.89141113930 7.53774756259 
0.013430 818.33919760750 11.68739435059 
0.013936 785.93793178328 9.56086288789 
0.014443 730.28973069033 7.55794417257 
0.014950 677.25887792112 6.19884734395 
0.015457 624.64471287639 5.04968061441 
0.015963 576.69977202364 4.79808616274 
0.016470 539.14918586951 4.28123090503 
0.016977 507.86586685440 3.72642727935 
0.017484 473.93493403664 3.43841494507 
0.017990 445.68947916242 3.08589507681 
0.018497 422.04609430319 2.47798323671 
0.019004 397.27380427716 2.28975973290 
0.019511 377.42329017255 2.25656897519 
0.020018 358.47089364977 2.11704991047 
0.020524 342.53871774921 2.00719202355 
0.021031 328.09682268683 1.90236713905 
0.021538 314.71094873277 1.72175128837 
0.022045 301.58725145514 1.57180031920 
0.022551 288.51833546495 1.58151010125 
0.023058 280.00736454198 1.52300872657 
0.023565 269.95740261035 1.57238418900 
0.024072 260.22183403346 1.68238072563 
0.024579 251.91759145804 1.69342100607 
0.025085 243.50338176780 2.14416215384 
0.025592 235.54249024627 2.18478239632 
0.026099 228.29583757315 2.21610567349 
0.026606 223.85919939774 1.63638930460 
0.027112 217.70052487096 1.73936163601 
0.027619 212.05262626660 1.47705427178 
0.028126 207.85701867983 1.47668565988 
0.028633 201.78270190029 1.35205339557 
0.029139 197.34224249058 1.25885937475 
0.029646 193.02350378486 1.13864560948 
0.030153 189.37036809020 1.13631430163 
0.030660 185.62442967549 1.07629028053 
0.031167 183.03415711328 0.95071645475 
0.031673 180.06779122335 0.95235224685 
0.032180 175.87428452828 0.90740194287 
0.032687 173.44596610312 0.91969029326 
0.033194 169.79960590431 0.83891248256 
0.033700 167.08327306161 0.80102382360 
0.034207 165.02750198185 0.72523022456 
0.034714 162.60694593014 0.78114515933 
0.035221 160.71161526138 0.72955728301 
0.035727 158.33136359108 0.68496132582 
0.036234 156.47067831500 0.71424768342 
0.036741 155.78908393210 0.67449132462 
0.037248 152.63057296345 0.66957028662 
0.037755 151.48538942227 0.63818310369 
0.038261 148.30717526991 0.60143973757 
0.038768 146.88735256309 0.59392869658 
0.039275 145.64361119925 0.61122827918 
0.039782 143.56022860568 0.56780671212 
0.040288 142.58621516733 0.55523973832 
0.040795 141.49576386462 0.55303863286 
0.041302 140.40044998276 0.56282330902 
0.041809 138.44704076008 0.57929772459 
0.042315 137.38698232024 0.56520000293 
0.042822 136.47716857680 0.52380469425 
0.043329 134.42760593208 0.53352124179 
0.043836 133.60144088526 0.52570468875 
0.044343 133.32518777475 0.52468934279 
0.044849 131.79683094324 0.53037425788 
0.045356 131.60856179542 0.49264438998 
0.045863 129.96476732379 0.51353270241 
0.046370 129.17655048377 0.48953481351 
0.046876 129.41312940384 0.50264833640 
0.047383 127.26344801192 0.48165232428 
0.047890 126.18792788904 0.50525735723 
0.048397 125.22203574406 0.46720771876 
0.048903 124.26356394197 0.49713929041 
0.049410 124.50501065352 0.48777305488 
0.049917 122.87358915119 0.48056314716 
0.050424 122.36954077336 0.47833790888 
0.050931 121.53714703609 0.45503230308 
0.051437 121.33034943581 0.46426109902 
0.051944 120.46590522482 0.45636151369 
0.052451 119.31831986417 0.43203055577 
0.052958 118.73502008676 0.44927721702 
0.053464 118.93577835184 0.44112442266 
0.053971 117.17550666262 0.44936816203 
0.054478 116.99272137745 0.45803522150 
0.054985 116.04946286903 0.41934943681 
0.055491 115.31841045924 0.43958129948 
0.055998 114.91762585598 0.42753326952 
0.056505 113.84947225600 0.44113205724 
0.057012 113.38834981913 0.44194246527 
0.057519 113.09837056700 0.42149824764 
0.058025 111.92701932340 0.43006462806 
0.058532 112.16405034195 0.41614860351 
0.059039 111.67148024186 0.38745909346 
0.059546 110.50182125490 0.40822378715 
0.060052 109.95612004087 0.40991853713 
0.060559 110.10078314052 0.41778309906 
0.061066 109.99296915465 0.40305757162 
0.061573 108.46961288217 0.41315986849 
0.062079 108.81697527790 0.40475074781 
0.062586 107.80534997013 0.41521185407 
0.063093 108.19800967243 0.39540117384 
0.063600 107.17177130064 0.39252323136 
0.064106 107.25166625268 0.38398729016 
0.064613 106.75333188423 0.39523946523 
0.065120 106.02465954036 0.37977686775 
0.065627 105.65619594719 0.38596550563 
0.066134 104.67849232826 0.37920713389 
0.066640 104.92151398211 0.38500789134 
0.067147 104.84234894070 0.38829093314 
0.067654 104.43392031635 0.36786934952 
0.068161 103.54721351243 0.35672805999 
0.068667 102.93334335574 0.37317692790 
0.069174 102.66088745965 0.37013684084 
0.069681 102.73304130414 0.36514094902 
0.070188 102.65541236548 0.34136221962 
0.070694 102.15650705406 0.34716397589 
0.071201 102.16153881106 0.35768662664 
0.071708 101.83678741939 0.35305481501 
0.072215 101.02299151420 0.35565495839 
0.072721 100.76302759083 0.34179250626 
0.073228 100.37825849438 0.35245795422 
0.073735 100.29722026578 0.34949873575 
0.074242 100.25569878751 0.34801454010 
0.074748 99.46083477542 0.34407712953 
0.075255 99.13381826898 0.33620134167 
0.075762 98.68785504938 0.33430504749 
0.076269 99.03778237017 0.34448423764 
0.076776 99.01926055520 0.33303323449 
0.077282 98.96936889785 0.33824695936 
0.077789 98.28301157125 0.33312513190 
0.078296 97.78882138117 0.33028212563 
0.078803 97.60124782574 0.31054567489 
0.079309 97.43571246786 0.33036578288 
0.079816 97.49780335968 0.32200462971 
0.080323 97.33433336059 0.32881550545 
0.080830 97.76746680527 0.32687681503 
0.081336 97.74119166932 0.33423413592 
0.081843 96.95137916024 0.34064872720 
0.082350 96.44870650117 0.33513032074 
0.082857 96.17675216959 0.32259485342 
0.083363 96.80646619766 0.34524265752 
0.083870 96.81385787899 0.34070462283 
0.084377 96.17048390241 0.34476600404 
0.084884 96.33822038793 0.33442868055 
0.085390 95.83905988372 0.32260430201 
0.085897 95.41400830941 0.33492551319 
0.086404 95.58211143768 0.32118183243 
0.086911 95.06857751525 0.33486913669 
0.087417 95.21636839079 0.32805993338 
0.087924 95.21590508939 0.33339589775 
0.088431 95.16570092234 0.32378883319 
0.088938 94.73595115739 0.32056433921 
0.089444 94.23576619478 0.34180010055 
0.089951 94.14415484305 0.32646362071 
0.090458 93.80654629488 0.32595145702 
0.090965 94.14439737678 0.33314295431 
0.091471 94.03591923133 0.32659739078 
0.091978 93.67207556448 0.32659833530 
0.092485 92.86466052188 0.34639826088 
0.092992 92.87232587785 0.34160835877 
0.093498 93.24441237273 0.33709034166 
0.094005 92.33623075860 0.33142731344 
0.094512 92.97719940033 0.32626818849 
0.095019 92.76886833816 0.32439960635 
0.095525 92.63115981680 0.33434995491 
0.096032 92.46418764933 0.32198954271 
0.096539 92.53629634057 0.33481649716 
0.097046 92.15434120860 0.32554719436 
0.097552 91.92005174291 0.33960527104 
0.098059 91.85558359216 0.33275993867 
0.098566 91.81184255652 0.31643162010 
0.099073 91.84395138990 0.32487161007 
0.099579 91.69408296135 0.32287490750 
0.100086 91.59940908226 0.33322723070 
0.100593 91.50049451447 0.32305847559 
0.101100 91.24902207060 0.32545923100 
0.101606 90.88560167533 0.31388362648 
0.102113 90.17617158625 0.29520211883 
0.102620 89.44233497203 0.29767386950 
0.103127 89.47663851570 0.30150017724 
0.103633 89.17140921122 0.30235385989 
0.104140 88.53221068416 0.30631943680 
0.104647 88.13040645308 0.29539299125 
0.105154 88.88298749616 0.30183923288 
0.105660 88.41903727388 0.30682489470 
0.106167 88.74227237112 0.30695594081 
0.106674 88.52417923277 0.30598183197 
0.107181 88.01462926595 0.30171078761 
0.107687 87.40611097631 0.29750516513 
0.108194 88.13432603012 0.29286047566 
0.108701 87.74450380351 0.29732097387 
0.109208 87.75444544338 0.29182587307 
0.109714 87.80969084402 0.29439628941 
0.110221 87.85316929925 0.29024145845 
0.110728 87.89937793969 0.28576300196 
0.111235 87.46347265314 0.28868139809 
0.111741 87.19463525957 0.28399067897 
0.112248 87.71943510085 0.28472087885 
0.112755 87.27871533748 0.28495646660 
0.113262 87.51406737710 0.28620691823 
0.113768 87.03373356165 0.28057429535 
0.114275 86.92732651069 0.28149053223 
0.114782 86.79428445818 0.28239518824 
0.115289 86.18842068380 0.26963468577 
0.115795 86.44216835127 0.26657576580 
0.116302 86.33141424372 0.27337367675 
0.116809 85.99414829585 0.26640902840 
0.117316 86.36485657650 0.27311234018 
0.117822 86.15183300938 0.26995703347 
0.118329 86.05986619997 0.28387394774 
0.118836 86.02161698562 0.26871694254 
0.119342 85.86410447871 0.26337376921 
0.119849 86.16949547365 0.27271194146 
0.120356 86.05828951127 0.26996406160 
0.120863 85.78631021601 0.27415507315 
0.121369 85.60085801074 0.26256123543 
0.121876 85.34556107525 0.26591492606 
0.122383 85.41073968892 0.27027620129 
0.122890 85.50562441836 0.26814096941 
0.123396 85.36705600568 0.26171060305 
0.123903 84.92399219763 0.26456765712 
0.124410 85.29981523629 0.26712954699 
0.124917 85.18719616636 0.26486301776 
0.125423 85.12894956991 0.26009958499 
0.125930 85.03478435360 0.26012519387 
0.126437 84.93733521725 0.25745309937 
0.126944 85.10097048718 0.25858569311 
0.127450 84.72546472995 0.25901739572 
0.127957 85.00779344651 0.26169317659 
0.128464 84.33749753182 0.25294894298 
0.128970 84.34399508277 0.25721237167 
0.129477 84.12077852659 0.25859423903 
0.129984 84.13361683675 0.25541425282 
0.130491 84.26327982736 0.25509793970 
0.130997 84.42926034569 0.25048222492 
0.131504 84.12081312341 0.24593184137 
0.132011 84.17868657196 0.24888520573 
0.132518 83.64757817328 0.25599930217 
0.133024 83.91777451722 0.25911304504 
0.133531 83.88003000065 0.24296831673 
0.134038 83.48060780289 0.24780575902 
0.134545 83.53908313092 0.24624639199 
0.135051 83.83062109925 0.24938905072 
0.135558 83.16908555389 0.24471930718 
0.136065 83.64731633221 0.24799334186 
0.136571 83.44634285454 0.24474440403 
0.137078 83.54270974645 0.25375107673 
0.137585 83.22411757456 0.25086351472 
0.138092 83.04116181424 0.24434837518 
0.138598 83.09640892842 0.24021290617 
0.139105 83.19015327840 0.23538097993 
0.139612 83.05306802022 0.24858416356 
0.140119 82.88059002025 0.23975783293 
0.140625 82.87760554917 0.23503039451 
0.141132 82.58340200939 0.24465702583 
0.141639 82.35098444421 0.23797638652 
0.142145 82.70999438756 0.24389225325 
0.142652 82.73311857675 0.24010075199 
0.143159 82.66278017662 0.24076711580 
0.143666 82.33218186136 0.24013822977 
0.144172 82.32678548559 0.24349048212 
0.144679 82.09965681338 0.23697020075 
0.145186 82.37666653889 0.24568071310 
0.145692 82.33029302545 0.24185315516 
0.146199 82.03542192003 0.24495603395 
0.146706 81.90405911468 0.24277309318 
0.147213 82.00947373196 0.24645804901 
0.147719 81.90159575181 0.24007699366 
0.148226 81.45313275330 0.23910058003 
0.148733 82.02080556750 0.24180247412 
0.149240 81.40966898172 0.24143112047 
0.149746 81.56458502331 0.23768924011 
0.150253 81.21390870704 0.23822538308 
0.150760 81.37708788773 0.24588637085 
0.151266 80.86520924974 0.24235499663 
0.151773 81.35120679856 0.24395413779 
0.152280 80.96799212272 0.23479185554 
0.152787 80.88758935874 0.23905936936 
0.153293 80.85059379400 0.23430277777 
0.153800 80.54395779870 0.24156433813 
0.154307 80.78631785520 0.24113663681 
0.154813 80.29344967996 0.23266961459 
0.155320 80.20059077518 0.24141042661 
0.155827 80.43797483006 0.24001179967 
0.156334 80.22335953386 0.24121232542 
0.156840 80.59875474859 0.24180130902 
0.157347 80.06246302811 0.23153395954 
0.157854 79.94322509661 0.23172290953 
0.158360 80.21430019806 0.23941187501 
0.158867 80.10737841605 0.23621236688 
0.159374 79.94111607464 0.23689609507 
0.159881 79.82998382005 0.23602690921 
0.160387 79.82055876493 0.23283251742 
0.160894 79.71689595565 0.23670574411 
0.161401 79.50166876992 0.23508245447 
0.161907 79.64200260109 0.23631535605 
0.162414 79.19435350278 0.23538709243 
0.162921 79.73248705967 0.23484891309 
0.163427 79.44393179075 0.23434215307 
0.163934 79.58460069680 0.23697091345 
0.164441 79.66019617120 0.23123242572 
0.164948 79.15358656588 0.23593402340 
0.165454 79.31050100588 0.23186584756 
0.165961 79.15428378983 0.23025685619 
0.166468 79.11716724231 0.23419984318 
0.166974 79.39066152819 0.23019431361 
0.167481 78.73250677143 0.22720525417 
0.167988 79.00350558268 0.23405313347 
0.168495 78.98846349194 0.22963082967 
0.169001 78.89499588408 0.23718323875 
0.169508 79.24844826823 0.23539243720 
0.170015 78.66460259057 0.23528801049 
0.170521 79.00350029218 0.23044581120 
0.171028 79.28390544995 0.22625657650 
0.171535 79.02339800626 0.23264130697 
0.172041 78.98989723516 0.23600985878 
0.172548 78.82522783518 0.23730213936 
0.173055 79.00914487586 0.23733373505 
0.173562 78.91880428319 0.23734657505 
0.174068 78.98232544439 0.23642669835 
0.174575 79.01974325847 0.23463172291 
0.175082 78.59412264996 0.23540085781 
0.175588 79.03158021981 0.23658029069 
0.176095 78.73431859286 0.23447286084 
0.176602 78.63546712206 0.23649625845 
0.177108 78.57083165857 0.23961195030 
0.177615 78.49496514570 0.23469496753 
0.178122 78.76237131326 0.23465908636 
0.178629 78.49710136625 0.23598485012 
0.179135 78.71500488514 0.24473770744 
0.179642 78.59748937198 0.23365600069 
0.180149 78.17964420209 0.23422064441 
0.180655 78.58738406813 0.23989491200 
0.181162 78.35392201294 0.23764376385 
0.181669 78.49941180545 0.23292917723 
0.182175 78.58380886292 0.23633447297 
0.182682 79.12686921165 0.24183506177 
0.183189 78.75305743940 0.24414703615 
0.183695 78.63911172959 0.24539963517 
0.184202 78.41158056666 0.24491547771 
0.184709 78.19007276573 0.24466635547 
0.185216 78.20604548274 0.24375636243 
0.185722 78.33793007237 0.24497789759 
0.186229 77.98533192292 0.24266934606 
0.186736 78.05289926132 0.24399767782 
0.187242 77.64543179151 0.24657082361 
0.187749 77.67580270139 0.24562768611 
0.188256 77.99592405914 0.25155618567 
0.188762 77.66174537750 0.24850055824 
0.189269 77.67623908494 0.24868328847 
0.189776 77.88070146470 0.24455368734 
0.190282 77.75230513205 0.24858057226 
0.190789 77.52591556347 0.24594300601 
0.191296 77.42930567912 0.24338796408 
0.191802 77.58666353333 0.24197458825 
0.192309 76.92198376476 0.24093987245 
0.192816 76.96143696393 0.24182675417 
0.193323 76.93210315038 0.23829884827 
0.193829 76.73100165799 0.23380734893 
0.194336 76.51312973989 0.23199558725 
0.194843 76.74207362739 0.23230209276 
0.195349 76.51950537684 0.23565621701 
0.195856 76.16521840785 0.23306903358 
0.196363 76.31876021597 0.23082256467 
0.196869 76.20170355823 0.22997032700 
0.197376 76.36569761816 0.23510270939 
0.197883 75.86527195121 0.22677742280 
0.198389 76.05869150881 0.22252836476 
0.198896 75.74988627390 0.22436667870 
0.199403 75.91570891477 0.22330919128 
0.199909 76.02235656351 0.22584074852 
0.200416 75.59451038466 0.22592211053 
0.200923 75.59726701511 0.22328714199 
0.201429 75.70353021826 0.21933270135 
0.201936 75.72272802811 0.22134221703 
0.202443 75.60575317503 0.21999013233 
0.202949 75.53993574238 0.22354115299 
0.203456 75.66028890054 0.22248453593 
0.203963 75.62715303618 0.21993301160 
0.204469 75.82720947479 0.21795332076 
0.204976 75.40468424899 0.22096011056 
0.205483 75.54310417894 0.21793889195 
0.205989 75.25104355944 0.21570573031 
0.206496 75.10861338239 0.21710547329 
0.207003 75.48481162867 0.21667557337 
0.207509 75.48410679852 0.21277476176 
0.208016 75.38388048695 0.21577088343 
0.208523 75.58246827407 0.21558485542 
0.209029 75.27107886036 0.21204707077 
0.209536 75.00686692311 0.21519598659 
0.210043 74.97132264331 0.21356748830 
0.210549 75.25029926177 0.21262611335 
0.211056 75.14742383095 0.20836267329 
0.211563 74.97602595110 0.20710741137 
0.212069 75.13252975413 0.20971115422 
0.212576 74.84216172798 0.20971720793 
0.213083 74.75431404948 0.20731740384 
0.213589 75.09281417952 0.21187112818 
0.214096 74.82261492097 0.20973652651 
0.214603 74.70972130887 0.21070359307 
0.215109 74.43079031109 0.21257396521 
0.215616 74.66891486490 0.20657218053 
0.216123 74.52552673065 0.20730226760 
0.216629 74.34983585944 0.20736141309 
0.217136 74.38134997665 0.20791465558 
0.217643 74.17428655079 0.21403256252 
0.218149 74.34645154590 0.20836176299 
0.218656 73.99827197213 0.20611959755 
0.219163 74.16520830149 0.20786464156 
0.219669 73.91578431936 0.20786800514 
0.220176 73.90079047849 0.20283622536 
0.220683 73.82284120604 0.20350865762 
0.221189 73.70837145013 0.20223344357 
0.221696 73.92005762024 0.20371485041 
0.222203 73.97186303980 0.20587146064 
0.222709 73.81598508327 0.20212900104 
0.223216 73.62858841747 0.20246737139 
0.223722 73.81948125789 0.20456012088 
0.224229 73.76528289055 0.20452277230 
0.224736 73.57917543975 0.20032297600 
0.225242 73.81311413228 0.20309379193 
0.225749 73.63288990504 0.19838692748 
0.226256 73.73404444013 0.20483845830 
0.226762 73.36461775103 0.20390858813 
0.227269 73.56003527704 0.20721424493 
0.227776 73.37398429630 0.20335466784 
0.228282 73.36648709947 0.20250606961 
0.228789 73.21284303455 0.20144547317 
0.229296 73.31710285908 0.20143878781 
0.229802 73.37215442564 0.20418503818 
0.230309 73.32349459122 0.20156466362 
0.230816 72.99586405143 0.20031682371 
0.231322 73.64022556014 0.20120603358 
0.231829 73.18753755598 0.20254489679 
0.232335 73.15541364582 0.19888713874 
0.232842 72.83331145387 0.20008184116 
0.233349 72.65663454036 0.19986141329 
0.233855 72.64151684334 0.19971980395 
0.234362 73.08437658814 0.20303286624 
0.234869 72.68885712656 0.19870100772 
0.235375 72.50155927069 0.19729606547 
0.235882 72.76925323001 0.19632001675 
0.236389 72.99047173660 0.20275977067 
0.236895 72.68981732570 0.19903033908 
0.237402 72.21694069155 0.19901985568 
0.237908 72.35076126590 0.20022790208 
0.238415 72.32672419597 0.19633342498 
0.238922 72.26767153214 0.19951275646 
0.239428 72.27292947310 0.19987843048 
0.239935 72.32172865661 0.19595696560 
0.240442 71.99971102114 0.20041147293 
0.240948 72.16181443102 0.19950636779 
0.241455 72.23395403597 0.19719775464 
0.241962 72.21932584686 0.19863917888 
0.242468 71.86526252142 0.19985948434 
0.242975 71.90975766079 0.19540603749 
0.243481 71.58725608265 0.19616064518 
0.243988 71.80683897248 0.19993212978 
0.244495 71.66002128476 0.19743928809 
0.245001 71.56338509977 0.20043820007 
0.245508 71.96910896356 0.19740425961 
0.246015 71.67382164514 0.19960772056 
0.246521 71.73293952510 0.19717486074 
0.247028 71.85451124751 0.19784258703 
0.247534 71.70415976878 0.19724163758 
0.248041 71.70636826967 0.19986778630 
0.248548 71.42653038908 0.19903304353 
0.249054 71.25529026089 0.19756788544 
0.249561 71.41435590467 0.19713743822 
0.250068 71.26055892158 0.19735969156 
0.250574 71.08352087207 0.19218212055 
0.251081 71.45523801911 0.19729756891 
0.251587 71.17501418862 0.19571129941 
0.252094 71.10003819815 0.19481556649 
0.252601 71.14660703446 0.19906385416 
0.253107 71.04947446241 0.19777299002 
0.253614 71.18861792320 0.19549390424 
0.254120 71.07764910690 0.19752954298 
0.254627 71.02018071012 0.19848800219 
0.255134 70.99702596016 0.19623551966 
0.255640 71.00824387516 0.19539320534 
0.256147 70.98966414661 0.19442013590 
0.256654 70.78631748802 0.19396878227 
0.257160 71.25745173859 0.19623600484 
0.257667 71.19616269633 0.19160317471 
0.258173 71.25652436009 0.19681334056 
0.258680 71.17790274428 0.19466405310 
0.259187 71.57091680344 0.19525222659 
0.259693 71.49538981381 0.19867111422 
0.260200 71.51835166601 0.19602037692 
0.260706 71.75312110934 0.19155336524 
0.261213 71.64840412913 0.19515087479 
0.261720 71.78895044839 0.19468724983 
0.262226 71.57290274947 0.19288694176 
0.262733 71.58799900202 0.19359771968 
0.263239 71.48490860250 0.19475986150 
0.263746 71.63275905358 0.19367554364 
0.264253 71.72209660300 0.19426045455 
0.264759 71.78244022478 0.19245679536 
0.265266 71.74853291289 0.19566515449 
0.265772 71.76832632265 0.19188425107 
0.266279 72.08243452774 0.18974006751 
0.266786 71.70651754844 0.19256979823 
0.267292 71.93966146267 0.19265696925 
0.267799 71.81362671520 0.19384022300 
0.268305 71.70236975106 0.19131978142 
0.268812 71.71164808574 0.18981823628 
0.269319 71.79506236943 0.19109078108 
0.269825 71.75156252395 0.19217652095 
0.270332 71.97184204531 0.19132424182 
0.270838 71.95702632872 0.19276048620 
0.271345 72.01515359296 0.19336450558 
0.271852 71.86291618253 0.19127975587 
0.272358 72.26379130078 0.19676034636 
0.272865 72.05874903574 0.19177319193 
0.273371 72.25629111813 0.19075699764 
0.273878 72.43030676325 0.19342932500 
0.274385 72.09542791077 0.18861090094 
0.274891 72.28290247396 0.19156584271 
0.275398 72.28073717854 0.18710811015 
0.275904 72.38137516096 0.18868609687 
0.276411 72.24396884997 0.18729900139 
0.276917 72.18729155874 0.18453545802 
0.277424 72.37915358980 0.18598951503 
0.277931 72.24779966297 0.18121207943 
0.278437 72.21859999167 0.18335613119 
0.278944 72.29454219578 0.18287183122 
0.279450 72.44879733668 0.18635024208 
0.279957 72.17677533755 0.18518662007 
0.280464 72.08085888236 0.18311251092 
0.280970 72.11472329746 0.18011464762 
0.281477 72.14423878498 0.18187723230 
0.281983 72.16199249134 0.18320044537 
0.282490 71.84150548869 0.17958034912 
0.282996 72.06337147237 0.18380638902 
0.283503 72.18307039529 0.17960010026 
0.284010 72.03779163214 0.18041639892 
0.284516 71.86747301083 0.17825648666 
0.285023 71.75308658969 0.17733640614 
0.285529 71.95351785628 0.17695631035 
0.286036 71.60051380355 0.17569123759 
0.286542 71.42215595776 0.17244733139 
0.287049 71.69107106333 0.17516102782 
0.287556 71.76633663053 0.17492526128 
0.288062 71.49516214049 0.17193368417 
0.288569 71.30582718718 0.17312360101 
0.289075 71.47344285197 0.17030583628 
0.289582 71.32656438936 0.16923167533 
0.290088 71.29616177923 0.16872154073 
0.290595 71.39516437281 0.17012473851 
0.291102 71.40310224314 0.16859682365 
0.291608 71.11267865730 0.16962674467 
0.292115 71.13275952053 0.16400723829 
0.292621 71.10415513675 0.16533994198 
0.293128 70.89245043660 0.16522706499 
0.293634 71.01977957781 0.16662827934 
0.294141 71.09122005392 0.16599853045 
0.294647 71.15936002644 0.16331636459 
0.295154 70.86825466748 0.16521772284 
0.295661 70.86049324841 0.16627623002 
0.296167 70.85094555393 0.16381804766 
0.296674 70.72200214041 0.16631742042 
0.297180 70.81951140263 0.16491819883 
0.297687 70.77619136543 0.16569470646 
0.298193 70.60751175695 0.16608000213 
0.298700 70.76858802428 0.16488174401 
0.299207 70.56114270573 0.16414937590 
0.299713 70.81099519374 0.16584408598 
0.300220 70.36754288590 0.16341923865 
0.300726 70.35168379187 0.16343132722 
0.301233 70.60115364356 0.16159044258 
0.301739 70.35795353221 0.16586035769 
0.302246 70.46342852597 0.16205967555 
0.302752 70.37179750474 0.16146618134 
0.303259 70.34761816060 0.16192067527 
0.303765 70.19795863324 0.16240803143 
0.304272 70.13681110857 0.16051365366 
0.304779 70.25582512553 0.16246683975 
0.305285 70.11491529667 0.16057858231 
0.305792 69.98977005633 0.16082234197 
0.306298 70.02896197021 0.16337028473 
0.306805 70.12110345249 0.16570778684 
0.307311 69.92612699077 0.15614138193 
0.307818 69.86892421979 0.16319197847 
0.308324 69.69906521446 0.15842415827 
0.308831 69.54760938536 0.16001907545 
0.309337 69.41743579384 0.15610189151 
0.309844 69.34162300798 0.15384070889 
0.310350 69.22684836047 0.15501068776 
0.310857 68.79793504491 0.15168191739 
0.311364 68.77927689534 0.15012525387 
0.311870 68.71582759758 0.14903801846 
0.312377 68.27543756143 0.14955213050 
0.312883 68.16618742676 0.14939731006 
0.313390 68.11902955788 0.14590939732 
0.313896 68.09333042773 0.14578909887 
0.314403 67.73406202188 0.14531620213 
0.314909 67.90389378686 0.14666142935 
0.315416 67.48510281652 0.14569323699 
0.315922 67.46749261725 0.14532635152 
0.316429 67.35765548087 0.14236534743 
0.316935 67.09091702930 0.14037578097 
0.317442 67.30211568445 0.14362617228 
0.317948 67.20480902284 0.14121151780 
0.318455 67.17804132012 0.14043966668 
0.318961 67.01224526525 0.13979393863 
0.319468 66.79408862570 0.14328531952 
0.319975 67.12269607428 0.14410891650 
0.320481 66.79781987895 0.14258491594 
0.320988 66.67221441714 0.14265301607 
0.321494 66.84895423365 0.13816221657 
0.322001 66.61288385673 0.15426516741 
0.322507 66.91875425599 0.14169474238 
0.323014 66.59798570246 0.14202491565 
0.323520 66.52706220430 0.14029166277 
0.324027 66.68650625658 0.13926056108 
0.324533 66.44829867008 0.14366933896 
0.325040 66.37021348937 0.14167644869 
0.325546 66.33883951847 0.13958050376 
0.326053 66.28063996670 0.13718762503 
0.326559 66.23129322193 0.13942262073 
0.327066 66.35387255666 0.13988335058 
0.327572 66.06127808134 0.14002257202 
0.328079 66.23685862760 0.13762166713 
0.328585 66.20182120919 0.14015215727 
0.329092 66.10784113675 0.13601102731 
0.329598 66.23981391594 0.13810270580 
0.330105 66.02195774214 0.13773821825 
0.330611 66.09475704813 0.13831594402 
0.331118 65.97690961365 0.13588039268 
0.331624 65.91422522131 0.13832432282 
0.332131 66.23180813558 0.13829321477 
0.332637 65.90706071987 0.13783921313 
0.333144 65.76601650306 0.13952762836 
0.333650 65.89893284300 0.14033261117 
0.334157 65.84899790077 0.13770724317 
0.334663 65.77925380773 0.13744195580 
0.335170 65.69708623882 0.13837166443 
0.335676 65.62833033146 0.13817660353 
0.336183 65.75651500396 0.14112535768 
0.336689 65.71877643426 0.13762803281 
0.337196 65.81493847155 0.14114167593 
0.337702 65.65936659401 0.14009588093 
0.338209 65.58922622580 0.13791672809 
0.338715 65.43849677541 0.13909159741 
0.339222 65.23617995805 0.13897312643 
0.339728 65.33084501622 0.13865478641 
0.340235 65.29981682987 0.21244778471 
0.340741 65.41681961691 0.13832354864 
0.341248 65.34582045612 0.13973614913 
0.341754 65.22569861834 0.13927300677 
0.342261 65.32709739336 0.14072596043 
0.342767 65.28501242490 0.13767410532 
0.343274 65.30196203005 0.14034620798 
0.343780 64.95077363622 0.13871313362 
0.344287 64.97591827750 0.14046613860 
0.344793 65.24786331497 0.13790700121 
0.345300 65.29248046643 0.13994832145 
0.345806 65.07469789628 0.14048188802 
0.346313 64.92682290962 0.14430591065 
0.346819 65.09875917472 0.14787355093 
0.347325 64.96895759460 0.14269127516 
0.347832 64.90111552493 0.14649707553 
0.348338 64.69350588408 0.14451619326 
0.348845 64.82147580670 0.14642582052 
0.349351 64.75889125800 0.14719213653 
0.349858 64.48864338392 0.15054208633 
0.350364 64.72996623985 0.14834506822 
0.350871 64.94143163969 0.14669670366 
0.351377 64.83919345378 0.14642449395 
0.351884 64.57458234874 0.14585274694 
0.352390 64.62194320886 0.14654885466 
0.352897 64.38903406951 0.14913877488 
0.353403 64.29303280526 0.14565396860 
0.353910 64.48728001448 0.14857933986 
0.354416 64.07531857595 0.15457019995 
0.354923 64.59528690166 0.15251469422 
0.355429 64.04485354600 0.15319012151 
0.355935 64.05696232718 0.14810595495 
0.356442 64.06342381378 0.15174200243 
0.356948 63.85277149686 0.15434989698 
0.357455 63.94717043962 0.15598816364 
0.357961 63.94716764555 0.15382665924 
0.358468 64.00254086063 0.15581135815 
0.358974 63.96742457031 0.22086828851 
0.359481 63.90784753763 0.20002769038 
0.359987 63.96753979007 0.20185284757 
0.360494 63.96616682331 0.18812620035 
0.361000 63.96307055856 0.18998538726 
0.361506 63.84848099668 0.18636431004 
0.362013 63.97568835991 0.18734744359 
0.362519 63.85946360490 0.18602070830 
0.363026 63.85093478829 0.18561024820 
0.363532 63.71302877658 0.18521453939 
0.364039 63.97444951703 0.18189572665 
0.364545 63.74434275575 0.18294034232 
0.365052 63.71790798971 0.18217398143 
0.365558 63.46658178775 0.18092983628 
0.366064 63.99715330121 0.18322763870 
0.366571 63.74720183336 0.18877753154 
0.367077 63.34842473275 0.18457590013 
0.367584 64.03945085412 0.18829636053 
0.368090 63.60165231645 0.18360775034 
0.368597 63.41960852195 0.19234656063 
0.369103 63.40114795669 0.18407176211 
0.369610 63.81410888067 0.19116115599 
0.370116 63.68040314972 0.18922936629 
0.370622 63.79933467747 0.19003164385 
0.371129 63.73306403541 0.19423060665 
0.371635 63.74253497683 0.19039162137 
0.372142 63.58713460743 0.19624051912 
0.372648 63.60350540543 0.19336175302 
0.373155 63.33898793675 0.19690937712 
0.373661 63.45634303637 0.19600545906 
0.374167 63.21696010135 0.19480080652 
0.374674 63.36783774814 0.19590199540 
0.375180 63.30759201493 0.19522444752 
0.375687 63.53905706034 0.19573440861 
0.376193 63.44117175942 0.20128945131 
0.376700 63.45498715292 0.20194974479 
0.377206 63.34337603139 0.19821044644 
0.377712 63.57070251769 0.20135640674 
0.378219 63.32676487348 0.20341769439 
0.378725 62.89098569920 0.20477409696 
0.379232 63.41070948384 0.20682505284 
0.379738 63.36312362389 0.20315246705 
0.380245 62.97081359343 0.20590834040 
0.380751 63.43325881568 0.21079197541 
0.381257 63.37237163036 0.20810892877 
0.381764 63.16165234699 0.20694325713 
0.382270 62.78522138670 0.20600578368 
0.382777 63.34385614563 0.20821322854 
0.383283 63.16168310143 0.20544308035 
0.383789 63.22426142629 0.21404355065 
0.384296 63.32172078818 0.21004821058 
0.384802 63.01822171972 0.20806103433 
0.385309 63.00443928008 0.20864544413 
0.385815 62.99038891601 0.20881826633 
0.386321 63.04622071049 0.20815720040 
0.386828 62.94387542681 0.21342259304 
0.387334 62.68220634114 0.20575674911 
0.387841 63.30627868785 0.21440038111 
0.388347 63.05411444914 0.21517104307 
0.388853 62.83239949761 0.21371686218 
0.389360 63.07375927872 0.21748041275 
0.389866 62.47156681287 0.21419368192 
0.390373 62.74969807339 0.21764584638 
0.390879 62.87525926795 0.22501618814 
0.391385 62.85232281411 0.22400526371 
0.391892 62.86564596241 0.21777142017 
0.392398 62.50474262564 0.22201020301 
0.392905 62.67749102282 0.22229434119 
0.393411 63.10582769774 0.22090096104 
0.393917 63.05377420302 0.22686821668 
0.394424 62.61923027097 0.22453091905 
0.394930 62.55684153987 0.23156940226 
0.395437 62.98204804281 0.22737051148 
0.395943 62.69475198715 0.22628929136 
0.396449 62.82338181926 0.36816730254 
0.396956 62.63629625220 0.22487021457 
0.397462 62.89516016478 0.23223071610 
0.397969 62.82004135372 0.23445421483 
0.398475 62.26147591657 0.23031785547 
0.398981 62.76025295389 0.23515018089 
0.399488 62.57984643179 0.23411407064 
0.399994 62.20871196518 0.23886925783 
0.400500 62.51794001202 0.23728700668 
0.401007 62.43254452903 0.23520489687 
0.401513 62.70559618648 0.24322199742 
0.402020 62.32090965633 0.24633088568 
0.402526 62.41697651972 0.24696891659 
0.403032 62.33319842754 0.24187444680 
0.403539 62.17665314370 0.25357971788 
0.404045 62.40572077987 0.24390665091 
0.404551 62.71654446643 0.26437315429 
0.405058 62.80545151386 0.27345700840 
0.405564 62.00397014342 0.26848230255 
0.406071 62.09547230832 0.26174349127 
0.406577 61.92002185715 0.25522625422 
0.407083 61.93705618406 0.25908567608 
0.407590 62.67784150195 0.26040593737 
0.408096 62.34163287696 0.27609934808 
0.408602 62.22887700495 0.27951570415 
0.409109 62.23923873111 0.25960390235 
0.409615 62.32464432064 0.26800671877 
0.410121 62.03227426782 0.26323625444 
0.410628 61.89360914398 0.26274781253 
0.411134 62.06016600551 0.26275863146 
0.411641 61.66291678704 0.27692739091 
0.412147 62.05670052239 0.26380072631 
0.412653 61.83765644674 0.26593990491 
0.413160 62.17485992524 0.26354342500 
0.413666 62.09660115124 0.26944510733 
0.414172 61.80549444113 0.28252518759 
0.414679 61.92706448663 0.27058823033 
0.415185 62.31469544234 0.29000577242 
0.415691 61.98859130369 0.26907367340 
0.416198 61.71007647561 0.28008027201 
0.416704 61.60419020301 0.28246747150 
0.417210 61.97326752303 0.28642899320 
0.417717 61.99010369766 0.30340942559 
0.418223 62.14946496934 0.28019836424 
0.418729 61.57122616040 0.27392489650 
0.419236 62.18185694533 0.27159212595 
0.419742 61.72078998186 0.26709851924 
0.420248 61.71955228523 0.28073860265 
0.420755 61.90422417536 0.29049854105 
0.421261 61.64535658685 0.27388746791 
0.421767 61.44637050276 0.28834119164 
0.422274 61.45223230866 0.27457679283 
0.422780 62.05208347327 0.28576900897 
0.423286 62.08753349970 0.27985499458 
0.423793 61.30043630628 0.28152552204 
0.424299 61.86832454576 0.28835348799 
0.424805 61.61244350549 0.27421874611 
0.425312 61.99249895397 0.29019587625 
0.425818 61.84076022320 0.29674987102 
0.426324 61.67455547845 0.29955906844 
0.426831 60.98686964072 0.29950228612 
0.427337 61.35982758196 0.30730312529 
0.427843 61.56517091367 0.30311944312 
0.428350 61.76003875796 0.30601893412 
0.428856 61.45586364338 0.29524377577 
0.429362 61.41013931989 0.30206136320 
0.429869 61.75651636438 0.31740419634 
0.430375 61.56021280776 0.31232564038 
0.430881 61.24023341732 0.32031054561 
0.431388 61.41500419234 0.31672980275 
0.431894 61.45561090977 0.32730475152 
0.432400 61.00263458736 0.32554324772 
0.432907 61.60645110001 0.32462898817 
0.433413 61.58529524731 0.33271811715 
0.433919 61.32070905837 0.32898514369 
0.434425 61.41810753849 0.32170558214 
0.434932 61.32627440717 0.34506181142 
0.435438 60.75190664026 0.34884225766 
0.435944 61.62802585557 0.33018054837 
0.436451 61.50411712411 0.33619557024 
0.436957 61.41515811769 0.35224648936 
0.437463 61.43065517821 0.35449558561 
0.437970 61.32806419306 0.35696379895 
0.438476 61.27516053304 0.35666405138 
0.438982 61.31873188834 0.35774994302 
0.439489 61.08678498700 0.37377993095 
0.439995 61.01045668217 0.35229396070 
0.440501 61.46122203250 0.36704003130 
0.441007 61.14939800789 0.37640107609 
0.441514 60.83592834499 0.37490404760 
0.442020 61.21330686833 0.40353731621 
0.442526 61.41125246724 0.37811049022 
0.443033 61.58665628292 0.40227754589 
0.443539 61.18390926298 0.40770641048 
0.444045 61.09044820935 0.40560331253 
0.444551 61.36979721836 0.41826714943 
0.445058 61.42611171621 0.40149988581 
0.445564 61.11987501870 0.44469328253 
0.446070 60.43860722614 0.41889343066 
0.446577 60.86456255117 0.43077852699 
0.447083 60.62742320347 0.46509164057 
0.447589 60.91165360900 0.45115497220 
0.448095 61.31284745553 0.46237304129 
0.448602 60.93635562464 0.46270928010 
0.449108 60.28711423169 0.47833419486 
0.449614 61.53906401025 0.48652907359 
0.450121 61.02237276587 0.47807961628 
0.450627 60.25862257765 0.50297946399 
0.451133 60.39127174409 0.50821190034 
0.451639 60.82052311109 0.53720998028 
0.452146 60.42228129912 0.52605048952 
0.452652 60.16509785267 0.54163961881 
0.453158 60.39461849943 0.57420470159 
0.453664 59.91317639062 0.55918707114 
0.454171 60.34971120263 0.58065221712 
0.454677 59.80477223923 0.60349571984 
0.455183 60.92010510743 0.64515548061 
0.455689 60.72935159511 0.63620882538 
0.456196 60.42980119701 0.68518862838 
0.456702 58.75388458935 0.61275437153 
0.457208 60.05320536312 0.70201529327 
0.457714 60.50310858351 0.74270309196 
0.458221 60.02628062104 0.73580565043 
0.458727 60.27107847436 0.85456380932 
0.459233 60.62012878636 0.84190842688 
0.459740 60.12870350827 0.82751822334 
0.460246 60.92283154480 0.92475745394 
0.460752 61.03888892005 0.98131242297 
0.461258 60.29208420378 1.00628501033 
0.461765 60.48030816786 1.14670542270 
0.462271 59.91426105237 1.02169902485 
0.462777 60.69063894326 1.17521368721 
0.463283 60.69260822146 1.29738908896 
0.463789 61.02692280379 1.30997680224 
0.464296 60.88319362077 1.40285734973 
0.464802 60.64884455198 1.42150317478 
0.465308 61.12242259173 1.49489372938 
0.465814 59.87487154293 1.69979647400 
0.466321 59.35286584977 1.79192372125 
0.466827 59.95530402024 1.89225880123 
0.467333 61.78489461413 1.98878222761 
0.467839 59.65611556245 1.93542866274 
0.468346 59.15920130042 2.25618482615 
0.468852 58.05195359749 2.54154886837 
0.469358 57.98180182350 2.78595399326 
0.469864 55.19615183520 2.76198568179 
0.470371 60.51623482883 3.85881129435 
0.470877 58.26648933367 4.33219112772 
0.471383 58.81271408246 5.71592209699 
0.471889 56.44627892412 7.51375828282 
0.472395 59.93645620401 6.48442236404 
0.472902 53.83168072422 13.41109245074 
