0.010896 1331.75623148279 13.75009647145 
0.011402 1207.53680098517 13.05306460429 
0.011909 1074.42530949461 10.72163441085 
0.012416 966.98412982992 8.63921084440 
0.012923 878.93892441908 7.38843833146 
0.013430 808.83334755193 11.45084857195 
0.013936 781.56991614347 9.17877290872 
0.014443 728.15025179192 7.38603471091 
0.014950 674.43473683212 6.50881332629 
0.015457 625.72655952355 5.37467800596 
0.015963 575.92695990217 4.60103597430 
0.016470 537.51249158157 4.13609805259 
0.016977 500.92937675004 3.76017944436 
0.017484 471.12707968379 3.23002061133 
0.017990 445.16762436901 2.98290685754 
0.018497 416.42557619303 2.86069498600 
0.019004 399.68522295664 2.43069197201 
0.019511 379.22558601697 2.31010110468 
0.020018 360.21587422551 1.99935220312 
0.020524 341.55028733571 1.95311721548 
0.021031 327.17787336424 2.02251117777 
0.021538 311.98480501878 1.52659080018 
0.022045 299.07653012790 1.71897130791 
0.022551 288.77384945316 1.56210515152 
0.023058 277.76765844102 1.53521914605 
0.023565 267.28552025924 1.55022640360 
0.024072 260.31296794612 1.72553686327 
0.024579 249.46752454431 1.58232470330 
0.025085 241.56384259769 2.17183554952 
0.025592 237.00879494341 2.18603900385 
0.026099 228.11337419439 2.12086542370 
0.026606 221.88043646740 1.58117975450 
0.027112 216.65360008321 1.77919679955 
0.027619 211.47762499260 1.62458936115 
0.028126 206.21477253493 1.51457254704 
0.028633 200.75571554502 1.28800950968 
0.029139 195.38133927779 1.14802214788 
0.029646 194.36861197136 1.18465467889 
0.030153 188.38057484344 1.10452461022 
0.030660 184.85759182196 1.04845160675 
0.031167 182.33544466419 0.90061680868 
0.031673 179.69350756713 0.95039783824 
0.032180 175.05961577879 0.93107757449 
0.032687 172.32455039289 0.88549397436 
0.033194 170.17793821398 0.83207819110 
0.033700 167.41556886958 0.76993832490 
0.034207 163.99184059946 0.75854889766 
0.034714 161.88771267324 0.75024679867 
0.035221 160.92300973216 0.69586096575 
0.035727 157.51270407983 0.71124874961 
0.036234 156.33163094234 0.65073545697 
0.036741 154.59253328455 0.65135136533 
0.037248 152.22667911079 0.65771296022 
0.037755 150.22978106522 0.62406056985 
0.038261 148.84354864819 0.60994009616 
0.038768 146.84289700185 0.58990128975 
0.039275 146.84077088716 0.56583566284 
0.039782 143.76511455778 0.61717715923 
0.040288 142.32757831213 0.56787229424 
0.040795 140.82428235562 0.56794779128 
0.041302 139.33673522805 0.55833021101 
0.041809 139.13937301540 0.54557770350 
0.042315 137.72818294059 0.55276559497 
0.042822 136.47823244898 0.53904963009 
0.043329 135.64332694236 0.54995054656 
0.043836 134.25316097359 0.54462611851 
0.044343 133.04798466941 0.51097019719 
0.044849 131.56600018031 0.55610977127 
0.045356 131.20839427456 0.53074458929 
0.045863 130.08345277312 0.52904879592 
0.046370 128.91209614077 0.52772417838 
0.046876 128.02160080403 0.51945534337 
0.047383 127.11431607655 0.48491920618 
0.047890 126.25130135799 0.51308880747 
0.048397 125.19673180644 0.49999993059 
0.048903 124.05366412276 0.47974966928 
0.049410 124.01733136815 0.47901365453 
0.049917 122.90539101279 0.48699543015 
0.050424 121.99536038583 0.46288338513 
0.050931 120.48339198674 0.46017968496 
0.051437 120.35794719313 0.45076702331 
0.051944 119.18257895502 0.46932631009 
0.052451 118.71770380650 0.44647768293 
0.052958 118.50183537723 0.45262854088 
0.053464 118.56933754457 0.42416414469 
0.053971 116.86303777556 0.44008071887 
0.054478 116.61565917687 0.45089759176 
0.054985 115.69266404409 0.45235765374 
0.055491 115.25254567411 0.40864333932 
0.055998 114.55649457241 0.44691727091 
0.056505 113.85076493477 0.43163467085 
0.057012 113.72349242109 0.44747004147 
0.057519 113.53204280613 0.45518324990 
0.058025 112.46248863836 0.40902146265 
0.058532 111.66323909753 0.41734122250 
0.059039 111.34059687763 0.41063713191 
0.059546 111.12937406835 0.42888037648 
0.060052 111.11977802627 0.41612092078 
0.060559 110.54840440116 0.38618892809 
0.061066 109.45182910458 0.39966221073 
0.061573 108.73300653744 0.40245044224 
0.062079 108.83857239765 0.40609620668 
0.062586 107.84765000938 0.40549470165 
0.063093 107.71588056877 0.40540054491 
0.063600 107.28748146730 0.37981102682 
0.064106 106.55433836940 0.38703616608 
0.064613 106.51656965344 0.37493052269 
0.065120 105.59961703866 0.38678787305 
0.065627 105.33866519591 0.38945808931 
0.066134 105.18380096960 0.36913671106 
0.066640 104.71676616850 0.37620015972 
0.067147 104.68392082362 0.37768343778 
0.067654 103.74192979819 0.37744216990 
0.068161 103.88982675391 0.36153193510 
0.068667 103.27042968498 0.37484846878 
0.069174 102.66416858323 0.37302902722 
0.069681 102.68241839901 0.35674717832 
0.070188 102.35893685351 0.35528383055 
0.070694 102.35588689381 0.36047728130 
0.071201 101.59447782808 0.35259854846 
0.071708 101.76010322064 0.36456908341 
0.072215 100.57787212194 0.34327778797 
0.072721 101.32917420442 0.34401531930 
0.073228 100.06119143493 0.34037255751 
0.073735 100.45835957998 0.34516227643 
0.074242 99.87373666463 0.36087053377 
0.074748 99.19102036312 0.33096919683 
0.075255 99.30844542741 0.33354237320 
0.075762 99.15177433916 0.33531729557 
0.076269 99.49103212274 0.34321989410 
0.076776 97.91726429417 0.33725469015 
0.077282 99.06219550626 0.32578477618 
0.077789 98.17460901662 0.32880268393 
0.078296 97.49677568708 0.33130437446 
0.078803 97.52771104179 0.33415634580 
0.079309 97.15560377951 0.33203273998 
0.079816 97.47187546671 0.32029467445 
0.080323 96.95913430589 0.32555282858 
0.080830 97.31028588538 0.32890778975 
0.081336 97.17752988496 0.33593498399 
0.081843 97.17262899986 0.32800211314 
0.082350 97.04255439820 0.33182190929 
0.082857 96.92965440483 0.33416477720 
0.083363 96.24193669434 0.32812003113 
0.083870 96.23620838986 0.33744740593 
0.084377 95.94441552580 0.33040457115 
0.084884 95.58725202716 0.31740728183 
0.085390 95.85765965106 0.32400908636 
0.085897 95.83905648935 0.34346001752 
0.086404 95.68948037254 0.33651129818 
0.086911 95.18790786013 0.33752486554 
0.087417 95.01827330539 0.33847292830 
0.087924 95.05947848750 0.33036415001 
0.088431 95.05950950485 0.33903367761 
0.088938 94.64611519199 0.32312042804 
0.089444 94.65614352423 0.32096670198 
0.089951 94.25174924937 0.33576119975 
0.090458 93.77245769560 0.32237035463 
0.090965 93.97226771800 0.33120701699 
0.091471 94.06088115144 0.32409309817 
0.091978 93.54627786729 0.33448641684 
0.092485 92.25586053060 0.34234287230 
0.092992 92.67806999390 0.34217261707 
0.093498 93.12546304951 0.32967775306 
0.094005 92.61124838970 0.33203848138 
0.094512 92.37600316462 0.33304351610 
0.095019 93.15951640511 0.33801514723 
0.095525 92.49679367089 0.34047095623 
0.096032 92.55620027596 0.33535987277 
0.096539 92.42903742809 0.32191194308 
0.097046 92.22307371471 0.32106498452 
0.097552 92.14041317367 0.33708366445 
0.098059 92.02471728285 0.32544867030 
0.098566 91.16471944581 0.32491409571 
0.099073 91.82912585959 0.31456327169 
0.099579 91.56381123431 0.32491945289 
0.100086 91.93045738961 0.33441025823 
0.100593 91.67615046865 0.32374504009 
0.101100 90.56955937408 0.31447701393 
0.101606 91.06929040147 0.30599682193 
0.102113 90.00572301500 0.30074311471 
0.102620 89.48728179386 0.30090139632 
0.103127 89.05950184950 0.30173564977 
0.103633 89.20418622602 0.29677884582 
0.104140 88.84073201732 0.29709122692 
0.104647 88.57851252995 0.29188641575 
0.105154 88.72961677634 0.31353411946 
0.105660 88.51991011105 0.30428105792 
0.106167 87.92554673531 0.30462297696 
0.106674 88.28564441839 0.30448313526 
0.107181 88.37125743838 0.30573197556 
0.107687 87.18670852857 0.29834898715 
0.108194 87.70745021898 0.30598712787 
0.108701 88.35776924509 0.29522013841 
0.109208 87.43150986347 0.28934930220 
0.109714 87.70797339919 0.28986473259 
0.110221 87.35205895106 0.30215082911 
0.110728 87.68602219139 0.28459206382 
0.111235 87.42532358999 0.29241571253 
0.111741 87.50963009359 0.28733470181 
0.112248 87.14844074299 0.28323992304 
0.112755 87.11689964833 0.27917359142 
0.113262 86.97336880881 0.28133592359 
0.113768 86.48419654133 0.28406290720 
0.114275 87.04908533255 0.28217344659 
0.114782 87.03487875744 0.27326425199 
0.115289 86.58910259082 0.28295083247 
0.115795 86.83514562306 0.27678496187 
0.116302 86.33296672054 0.28406943720 
0.116809 86.59022222367 0.26595164805 
0.117316 86.29493023405 0.26938892805 
0.117822 86.19185849648 0.27637641920 
0.118329 86.07079987443 0.27403966114 
0.118836 86.05153658725 0.27108184605 
0.119342 85.83271185574 0.27198914571 
0.119849 85.49093774465 0.27164930622 
0.120356 85.68743037229 0.25943000606 
0.120863 85.34697233086 0.27019413558 
0.121369 85.43104041807 0.26703474992 
0.121876 85.50853742998 0.25988282986 
0.122383 85.12547129691 0.27289125062 
0.122890 85.58527832213 0.26458035186 
0.123396 85.10166754563 0.26195019686 
0.123903 85.08767568998 0.25457911553 
0.124410 85.23706466236 0.26365448124 
0.124917 85.21260714398 0.26176223669 
0.125423 84.81695816710 0.26041624687 
0.125930 85.10358927033 0.26205312579 
0.126437 85.00773096585 0.25466276982 
0.126944 84.71713314123 0.25511073827 
0.127450 84.42978170631 0.24992316528 
0.127957 84.33605435967 0.25696425322 
0.128464 84.24789977116 0.25991317653 
0.128970 84.74209878884 0.25246380366 
0.129477 84.33622966413 0.25640389200 
0.129984 84.39847581946 0.25838031792 
0.130491 84.41002009631 0.25347195766 
0.130997 84.43619220309 0.25623551907 
0.131504 84.24553848141 0.24998935060 
0.132011 84.18754891106 0.25530120485 
0.132518 84.28279284617 0.24569845460 
0.133024 84.03352866242 0.25469955624 
0.133531 83.63188449030 0.24428904756 
0.134038 83.82782913571 0.24981302654 
0.134545 83.74823815903 0.24712870140 
0.135051 83.55076940059 0.24899648530 
0.135558 83.18930404572 0.24296179767 
0.136065 83.67727233341 0.24125143872 
0.136571 83.60931680957 0.24420328974 
0.137078 83.35107201985 0.24540052542 
0.137585 82.85844303399 0.25069307529 
0.138092 83.00747116526 0.24597280903 
0.138598 83.52760410619 0.24730247163 
0.139105 83.06633453851 0.24595889615 
0.139612 82.79581869614 0.24592916725 
0.140119 83.06750175829 0.24595024204 
0.140625 83.21833258888 0.24167095481 
0.141132 82.79190920874 0.23502021242 
0.141639 82.87963927192 0.24724058345 
0.142145 82.76462490508 0.24418615509 
0.142652 82.52251404835 0.24415351263 
0.143159 82.32932255165 0.24321001849 
0.143666 82.61406875111 0.23721038772 
0.144172 82.17714718050 0.24456716077 
0.144679 81.92625975245 0.23970008441 
0.145186 82.47170216835 0.24316108392 
0.145692 81.73847124738 0.23826139081 
0.146199 81.90286469566 0.23836301573 
0.146706 81.81411835750 0.24292161313 
0.147213 81.93864391865 0.24527980258 
0.147719 81.84374272812 0.23977490239 
0.148226 81.60570350136 0.23568180142 
0.148733 81.48696688470 0.23628804180 
0.149240 81.49218234803 0.23712584745 
0.149746 81.35591301569 0.24282089530 
0.150253 81.07351015290 0.24000757585 
0.150760 81.07560044449 0.23851330494 
0.151266 81.00746421052 0.24179784512 
0.151773 80.95169357527 0.24156269059 
0.152280 80.97596540892 0.24604358445 
0.152787 80.19681978721 0.24235883466 
0.153293 80.70719324810 0.23817334224 
0.153800 80.44545130951 0.23638712969 
0.154307 80.48346831358 0.24595990901 
0.154813 80.92710314966 0.23906298606 
0.155320 80.40611989070 0.23350541767 
0.155827 80.53617323698 0.23787702464 
0.156334 80.66378789874 0.24238038704 
0.156840 80.14614218015 0.23765023451 
0.157347 80.04541843804 0.24711546205 
0.157854 80.31471526997 0.23941255968 
0.158360 79.79166028974 0.23673235701 
0.158867 80.01062350386 0.23525405748 
0.159374 79.73007917866 0.23616931870 
0.159881 79.77361791707 0.23498383050 
0.160387 79.71653773641 0.23020269962 
0.160894 79.75679426795 0.23136317111 
0.161401 79.53820664094 0.23603836358 
0.161907 79.54210791411 0.23537990311 
0.162414 79.78294738997 0.23702704110 
0.162921 79.30050537101 0.23665309435 
0.163427 79.40430499054 0.23015207123 
0.163934 79.43882922647 0.23235182713 
0.164441 79.29452442539 0.22951242817 
0.164948 79.19150931084 0.23423527111 
0.165454 79.14153920069 0.22651495198 
0.165961 78.95659479854 0.22547192038 
0.166468 79.20069837124 0.23041972593 
0.166974 79.18402330239 0.23267001135 
0.167481 78.49668608991 0.23143548706 
0.167988 79.07284225520 0.23241094902 
0.168495 78.84595273412 0.24146930970 
0.169001 78.82712128933 0.23663231884 
0.169508 79.01941119826 0.23276113433 
0.170015 78.96385434550 0.23607474408 
0.170521 79.14124267230 0.22946181213 
0.171028 79.07372523473 0.23841726020 
0.171535 79.14543040742 0.23412996071 
0.172041 78.61153653545 0.23990369178 
0.172548 78.78583834636 0.23753716853 
0.173055 78.92168015607 0.23367527925 
0.173562 78.87697214390 0.22826249314 
0.174068 78.61277845117 0.22687443551 
0.174575 78.74190344782 0.23983814195 
0.175082 78.85603390964 0.23363044780 
0.175588 78.95671842265 0.23212912076 
0.176095 78.46514673094 0.23137455693 
0.176602 78.43835006333 0.23623338669 
0.177108 78.63328023023 0.23152625335 
0.177615 78.45700284230 0.23626198948 
0.178122 78.53895109285 0.24003933441 
0.178629 78.68250086317 0.23941989723 
0.179135 78.67694592511 0.24590070807 
0.179642 78.60122510704 0.24004231076 
0.180149 78.34122577307 0.23562471472 
0.180655 78.38871785448 0.24277518283 
0.181162 78.24054884851 0.23001739486 
0.181669 78.67698820619 0.23760234610 
0.182175 78.56864593631 0.23924320675 
0.182682 78.80020085819 0.23842136913 
0.183189 78.47706423198 0.23715584424 
0.183695 78.29109788880 0.24222762514 
0.184202 78.41102779759 0.24075714979 
0.184709 78.13921765351 0.24795486250 
0.185216 78.29453746306 0.23960778492 
0.185722 78.13963839847 0.23715236760 
0.186229 78.06355268675 0.24059930975 
0.186736 78.05782251055 0.24390233927 
0.187242 78.13366585311 0.23890472464 
0.187749 77.47400169427 0.24320362860 
0.188256 77.75785815102 0.24104883855 
0.188762 77.37625662390 0.24010720884 
0.189269 77.47144692980 0.24341969711 
0.189776 77.68573755978 0.25030988178 
0.190282 77.80759066159 0.24677427451 
0.190789 77.69802388646 0.24422539977 
0.191296 77.30912396090 0.24175360582 
0.191802 77.38536649562 0.24430330576 
0.192309 77.01080686013 0.23908391888 
0.192816 76.66099395502 0.23734185683 
0.193323 76.97160753400 0.23397098115 
0.193829 77.00202924589 0.24232929853 
0.194336 76.66394425805 0.24049709818 
0.194843 77.07325297516 0.23216133954 
0.195349 76.15027415366 0.23169519575 
0.195856 75.97024542370 0.23245158047 
0.196363 76.29296912576 0.23064766160 
0.196869 75.93103129929 0.23206958390 
0.197376 76.42666319770 0.22683192941 
0.197883 75.89623829428 0.22574514975 
0.198389 76.01075459946 0.23069706052 
0.198896 75.58069720797 0.22522564961 
0.199403 75.96171375815 0.22571914193 
0.199909 75.85387611121 0.22445710426 
0.200416 75.72052101446 0.22697585734 
0.200923 75.60955068364 0.22326011370 
0.201429 75.76229490330 0.22485449781 
0.201936 75.56108238170 0.22681213273 
0.202443 75.20565635317 0.22573641706 
0.202949 75.63085349347 0.22461079127 
0.203456 75.55765961247 0.22253086500 
0.203963 75.45574924421 0.21632857849 
0.204469 75.54891142448 0.21690256426 
0.204976 75.39969400952 0.21583901380 
0.205483 75.33039404976 0.21856017995 
0.205989 75.21485591586 0.21530893135 
0.206496 75.46009556854 0.21613516031 
0.207003 75.15504167326 0.21418275233 
0.207509 75.38740330756 0.21410859569 
0.208016 75.17984316213 0.21399112315 
0.208523 75.25022915987 0.21320054395 
0.209029 75.27357534488 0.21114344195 
0.209536 74.91796477449 0.21464308726 
0.210043 75.09466020066 0.21180465594 
0.210549 74.93687282236 0.21325823379 
0.211056 74.95935284157 0.20757673488 
0.211563 74.69346628103 0.20911856291 
0.212069 74.87650205257 0.21106872259 
0.212576 74.99676299183 0.20634534541 
0.213083 75.17558964386 0.20962582150 
0.213589 74.57473954473 0.20990572826 
0.214096 74.84765233223 0.20845194694 
0.214603 74.74185372659 0.21458714008 
0.215109 74.59027455910 0.20576361582 
0.215616 74.58821376169 0.20929384814 
0.216123 74.29812916899 0.20738570504 
0.216629 74.43984882364 0.20513408821 
0.217136 74.32549570376 0.20465414132 
0.217643 74.26770204506 0.21081215459 
0.218149 74.13322837769 0.20556573210 
0.218656 73.89301888967 0.20255275394 
0.219163 74.20692361132 0.20493409039 
0.219669 74.00954485180 0.20775087216 
0.220176 73.95699799409 0.20456136335 
0.220683 74.04665403032 0.20099746870 
0.221189 74.13346492880 0.20451582551 
0.221696 74.01663552675 0.20579912720 
0.222203 73.89120423810 0.20667744367 
0.222709 74.13094041115 0.20652557267 
0.223216 73.73340836469 0.20571992008 
0.223722 73.69751270426 0.20851322549 
0.224229 73.72425441383 0.20250235977 
0.224736 73.61922622782 0.20422298888 
0.225242 73.84219965139 0.20401372271 
0.225749 73.41787813762 0.20329067122 
0.226256 73.75058930854 0.19879899041 
0.226762 73.54784994233 0.20162261224 
0.227269 73.43551472647 0.20405610695 
0.227776 73.31693460359 0.20434381066 
0.228282 73.30562595654 0.20250157987 
0.228789 73.38200346451 0.20154043874 
0.229296 73.39618944119 0.20062261798 
0.229802 73.24845966312 0.19765012329 
0.230309 73.05060803536 0.20100721859 
0.230816 72.86650013222 0.20078724034 
0.231322 73.23225701095 0.20390469881 
0.231829 72.96672120720 0.19708323819 
0.232335 72.94226584271 0.20141739174 
0.232842 72.91122840625 0.20309080478 
0.233349 72.81913756500 0.20028909566 
0.233855 73.16541800033 0.20013081789 
0.234362 73.06548667661 0.20096739442 
0.234869 72.58293086310 0.20188225699 
0.235375 72.54934777905 0.20063406286 
0.235882 72.67467843788 0.19737634607 
0.236389 72.61012222515 0.19766760721 
0.236895 72.63600537980 0.19897844211 
0.237402 72.48641564777 0.19861532447 
0.237908 72.55585144120 0.20141635559 
0.238415 72.17570211149 0.20047806156 
0.238922 72.31250878652 0.20062946131 
0.239428 72.14632108288 0.19863357626 
0.239935 72.19623828442 0.20139750143 
0.240442 71.93789372414 0.19890121787 
0.240948 71.99441731219 0.20037482799 
0.241455 72.09367272391 0.19492563780 
0.241962 72.32398596335 0.19783962081 
0.242468 71.77405611412 0.19975855995 
0.242975 71.95005506160 0.19645112747 
0.243481 72.14538168599 0.20001449212 
0.243988 71.86527897297 0.19397044521 
0.244495 71.97791616550 0.19737214816 
0.245001 71.60508556574 0.19329206237 
0.245508 71.84223546291 0.19783201312 
0.246015 71.82887540532 0.19852596999 
0.246521 71.69630886509 0.19647710997 
0.247028 71.48237203560 0.19894847329 
0.247534 71.38890047484 0.19538503725 
0.248041 71.29029240448 0.19166546349 
0.248548 71.05961824154 0.19444394462 
0.249054 71.59918088810 0.19638905254 
0.249561 71.33598997221 0.19794128000 
0.250068 71.34382428498 0.19890311301 
0.250574 71.11675040729 0.19763752025 
0.251081 71.23820192493 0.19519710749 
0.251587 71.07208891992 0.19675049484 
0.252094 71.04598907556 0.19687832933 
0.252601 71.09829052439 0.19547481948 
0.253107 71.09848029365 0.19492124628 
0.253614 70.99464062028 0.19608836805 
0.254120 70.92536368219 0.19760878992 
0.254627 70.96724355814 0.19642387198 
0.255134 70.99412264798 0.19360890185 
0.255640 71.09699961920 0.19527708328 
0.256147 70.98765223293 0.19309382309 
0.256654 70.99044684219 0.20044909734 
0.257160 71.32366279732 0.19504856634 
0.257667 71.34594812514 0.19104740816 
0.258173 71.32511998593 0.19478782702 
0.258680 71.26774009371 0.19369393923 
0.259187 71.51778305419 0.19710338405 
0.259693 71.24486416228 0.19520773781 
0.260200 71.50413435452 0.19790658225 
0.260706 71.67884751904 0.19684946714 
0.261213 71.40286841654 0.19031514829 
0.261720 71.56852702776 0.19659040324 
0.262226 71.92234465470 0.19415892713 
0.262733 71.63343403915 0.19332261940 
0.263239 71.51489033455 0.19250574365 
0.263746 71.25510028789 0.19424543090 
0.264253 71.57801088127 0.19548349560 
0.264759 71.70462371372 0.18919731167 
0.265266 71.55335512690 0.19255880703 
0.265772 71.48635851239 0.19301863672 
0.266279 71.71848067130 0.19344064093 
0.266786 71.76351415235 0.19342420195 
0.267292 71.71936138133 0.19357154956 
0.267799 71.48854455531 0.19320204835 
0.268305 71.69176417988 0.19194053475 
0.268812 71.41845133225 0.19044581971 
0.269319 71.77412769165 0.18910796397 
0.269825 71.90586768808 0.18668670810 
0.270332 71.83205672102 0.19006203908 
0.270838 71.90805266059 0.19412156725 
0.271345 72.13402110701 0.19340664004 
0.271852 72.33734562141 0.19316080342 
0.272358 72.25116332482 0.19140920388 
0.272865 72.04651367503 0.19233376437 
0.273371 72.30775000154 0.18819779849 
0.273878 72.64773485650 0.19196763915 
0.274385 72.24154304581 0.18788110798 
0.274891 72.15913631214 0.19054193695 
0.275398 72.13642115650 0.18847802405 
0.275904 72.05555347166 0.18416261304 
0.276411 72.32087530158 0.18781580443 
0.276917 72.23454977946 0.18776910963 
0.277424 72.14454485250 0.18393536925 
0.277931 72.18162516834 0.18248121892 
0.278437 72.11550921808 0.18462158422 
0.278944 72.00434036621 0.17797096090 
0.279450 72.15616322665 0.18543815300 
0.279957 72.09742319105 0.18119593051 
0.280464 72.17011665590 0.18050455235 
0.280970 72.17071344422 0.18481077533 
0.281477 72.09840087082 0.18072709674 
0.281983 71.93726636197 0.18177710916 
0.282490 71.99919386152 0.17991147860 
0.282996 72.05315797807 0.18109161781 
0.283503 71.96240428072 0.18087515910 
0.284010 71.93397356157 0.17797017731 
0.284516 71.94056011165 0.17986349069 
0.285023 71.74317880563 0.17719149275 
0.285529 71.71174552245 0.17464068332 
0.286036 71.66495171561 0.17243618039 
0.286542 71.61050520355 0.17516206688 
0.287049 71.38471755827 0.17311178334 
0.287556 71.70689616481 0.17264518242 
0.288062 71.74259685323 0.17189468631 
0.288569 71.63995644654 0.17231326814 
0.289075 71.29381093813 0.17209275449 
0.289582 71.35626766302 0.17422385262 
0.290088 71.30221265141 0.17204548335 
0.290595 71.46624394748 0.16935045636 
0.291102 71.18116261192 0.16455659473 
0.291608 71.25384360004 0.16922354930 
0.292115 71.13743463818 0.16595321281 
0.292621 70.90887102253 0.16740974762 
0.293128 70.99743548954 0.16917516479 
0.293634 71.28028608002 0.16397618021 
0.294141 71.12668078830 0.16778650464 
0.294647 70.86657972330 0.16596810104 
0.295154 70.92243829105 0.16433461821 
0.295661 71.19866967598 0.16355007898 
0.296167 70.76287500121 0.16898215846 
0.296674 70.91729546825 0.16995749824 
0.297180 70.70986438770 0.16889672765 
0.297687 70.67284593996 0.16273470994 
0.298193 70.54928041801 0.16279937798 
0.298700 70.41115857644 0.16260400545 
0.299207 70.72489269014 0.16371595073 
0.299713 70.55873700469 0.16373160560 
0.300220 70.55113235229 0.16666493975 
0.300726 70.41664199738 0.16253985421 
0.301233 70.40642353802 0.16346262806 
0.301739 70.55754606068 0.16485028045 
0.302246 70.17274751182 0.16187642546 
0.302752 70.28978572179 0.16335145896 
0.303259 70.30373835598 0.15872450291 
0.303765 70.22423641565 0.16197470561 
0.304272 70.08826385164 0.16185606282 
0.304779 70.06553771268 0.16079796929 
0.305285 70.09179457301 0.15978530383 
0.305792 70.13386067591 0.15906572764 
0.306298 70.04338118411 0.15869905684 
0.306805 69.99963905648 0.16337910460 
0.307311 69.87766424040 0.16127019804 
0.307818 69.95750449671 0.15972691646 
0.308324 69.81079438813 0.15768357686 
0.308831 69.65414808519 0.15733104967 
0.309337 69.20062482223 0.15256163723 
0.309844 69.16562153706 0.15429482538 
0.310350 69.11179393582 0.15275786167 
0.310857 68.84538746506 0.15027663185 
0.311364 68.56636343513 0.15161160073 
0.311870 68.28191123995 0.14794045730 
0.312377 68.03382122580 0.14905123728 
0.312883 68.26826292076 0.14664508059 
0.313390 68.15458215739 0.14654883619 
0.313896 68.17758871308 0.14716778844 
0.314403 67.74666595452 0.14393550594 
0.314909 67.55940191787 0.14660385484 
0.315416 67.46948969712 0.14395890539 
0.315922 67.37772928930 0.14666166929 
0.316429 67.30415093988 0.14135487868 
0.316935 66.96784373921 0.14000358390 
0.317442 67.14382834223 0.14231231562 
0.317948 67.00454677854 0.14269882764 
0.318455 67.06694155363 0.14221030008 
0.318961 66.86679891156 0.14287420473 
0.319468 66.72269302058 0.14096424589 
0.319975 66.88177602446 0.14241275126 
0.320481 66.69895298907 0.14296253735 
0.320988 66.75484211958 0.14275368925 
0.321494 66.65396011633 0.14133013134 
0.322001 66.46803128798 0.16193911769 
0.322507 66.21415871783 0.14184779158 
0.323014 66.61759592394 0.14243404905 
0.323520 66.76186583546 0.14080043028 
0.324027 66.46396763699 0.14180594875 
0.324533 66.63624194133 0.14043900726 
0.325040 66.36741136420 0.13898755372 
0.325546 66.31161500525 0.14164972151 
0.326053 66.24243927488 0.14003148700 
0.326559 66.40218781196 0.13964213886 
0.327066 66.50339793245 0.13699411372 
0.327572 66.27835831093 0.13933169500 
0.328079 66.41307780896 0.13996666010 
0.328585 66.08160363187 0.13838145646 
0.329092 65.92526399325 0.13760496198 
0.329598 65.95611714132 0.13932714410 
0.330105 66.26260147557 0.13940902274 
0.330611 66.20216090368 0.13773864127 
0.331118 65.96620480376 0.13676703492 
0.331624 65.89820662770 0.13995425011 
0.332131 66.03554384852 0.13830441418 
0.332637 65.81299531227 0.13762242728 
0.333144 65.84656432050 0.14037527510 
0.333650 65.95533381849 0.13585944891 
0.334157 65.91997952817 0.13762715417 
0.334663 65.53350819789 0.13830047080 
0.335170 65.92025451218 0.13729684341 
0.335676 65.69813131665 0.13823197291 
0.336183 65.77130403146 0.13579771823 
0.336689 65.51867889945 0.13635677683 
0.337196 65.55114825767 0.13953682373 
0.337702 65.52807703764 0.13919233327 
0.338209 65.59021663256 0.13918751350 
0.338715 65.57667513828 0.13787508060 
0.339222 65.36573438671 0.13717336324 
0.339728 65.25498106613 0.13983731517 
0.340235 65.54006796945 0.23658285298 
0.340741 65.25235485290 0.13972873290 
0.341248 65.37798577061 0.13813194078 
0.341754 65.24080481190 0.14152042969 
0.342261 65.51745888112 0.13973262875 
0.342767 65.25070102110 0.13690743122 
0.343274 65.46466183355 0.14014253889 
0.343780 65.45419913427 0.13781986786 
0.344287 65.32619290550 0.13846561543 
0.344793 65.20411182837 0.14062871372 
0.345300 64.93798057094 0.14005101509 
0.345806 64.69193429413 0.14116273662 
0.346313 64.75396866888 0.14204532228 
0.346819 64.81484791820 0.14624708093 
0.347325 64.92005279241 0.14320677968 
0.347832 64.89899432931 0.14639432875 
0.348338 64.82451788994 0.14536245986 
0.348845 64.72434828492 0.14498807574 
0.349351 64.69353630380 0.14712404410 
0.349858 64.72549168499 0.15004263177 
0.350364 64.52487033462 0.14987641643 
0.350871 64.62059771160 0.14593535683 
0.351377 64.56636290740 0.14688795306 
0.351884 64.55339118075 0.14674893381 
0.352390 64.67211002943 0.14559544455 
0.352897 64.55801321440 0.15067801955 
0.353403 64.38821771895 0.15032226853 
0.353910 64.54654617615 0.15370459981 
0.354416 64.23017762433 0.15233016552 
0.354923 64.02845391702 0.14933968026 
0.355429 63.99395395021 0.15283496009 
0.355935 64.18988841006 0.15070142497 
0.356442 63.83708034878 0.15391749362 
0.356948 64.07913602319 0.15600873255 
0.357455 63.84196895458 0.15517990815 
0.357961 63.53369351532 0.15704784524 
0.358468 64.00964620273 0.15367450008 
0.358974 63.86220528094 0.22161427758 
0.359481 63.83153711947 0.20419493659 
0.359987 63.92961158770 0.19924712124 
0.360494 63.75162484238 0.18790129012 
0.361000 63.66620067954 0.18628122503 
0.361506 64.10699542920 0.18479490406 
0.362013 63.74758286961 0.18745355249 
0.362519 63.80991288731 0.18199945107 
0.363026 64.08930887571 0.18431287850 
0.363532 63.96406765574 0.18694248625 
0.364039 64.04640403204 0.18221748017 
0.364545 63.81699685954 0.18144062892 
0.365052 63.98298108459 0.18096759967 
0.365558 63.81580796061 0.17989444999 
0.366064 63.86423610598 0.18160165885 
0.366571 63.26408383553 0.18131472982 
0.367077 63.56326582135 0.18436109448 
0.367584 63.64139166553 0.18721762573 
0.368090 63.85041014406 0.18725515871 
0.368597 63.36759253540 0.19125764623 
0.369103 63.74298695182 0.18695533815 
0.369610 63.70627476703 0.18964296799 
0.370116 63.70665195124 0.18997598903 
0.370622 63.40197571653 0.19421497864 
0.371129 63.78777797874 0.19011125818 
0.371635 63.45328542449 0.18918931620 
0.372142 63.53467659632 0.19712613234 
0.372648 63.59788440023 0.19332096900 
0.373155 63.61991947627 0.19377821753 
0.373661 63.69461960437 0.19470965320 
0.374167 63.51559057496 0.19894637889 
0.374674 63.19760243479 0.20407085711 
0.375180 63.24154500298 0.19878943124 
0.375687 63.49126671781 0.19795007225 
0.376193 63.14803685535 0.20374636943 
0.376700 63.31887259171 0.20075058187 
0.377206 63.76868055365 0.20400790968 
0.377712 63.38952862542 0.20188521345 
0.378219 63.50017348910 0.20699381470 
0.378725 63.28726855877 0.20855247999 
0.379232 63.35585414332 0.21086902479 
0.379738 63.64056880998 0.20412681631 
0.380245 63.25379071441 0.21414187209 
0.380751 63.47949319398 0.20730179373 
0.381257 63.03301202354 0.20927776233 
0.381764 63.07163942942 0.20962655217 
0.382270 63.11081502716 0.20478497349 
0.382777 63.60947403175 0.21459050370 
0.383283 63.06421860230 0.20210161599 
0.383789 63.33432240110 0.21240837300 
0.384296 62.94239771188 0.21014168578 
0.384802 63.36642324765 0.21147111011 
0.385309 63.17382104368 0.21011428640 
0.385815 63.27799141186 0.20823812992 
0.386321 63.01784205514 0.20635229020 
0.386828 63.05245996839 0.21199892118 
0.387334 63.03929096011 0.21375512128 
0.387841 63.30020012528 0.21455043055 
0.388347 63.50461666089 0.21790714260 
0.388853 63.20049349990 0.21324440627 
0.389360 62.72277609708 0.21804832785 
0.389866 62.56541516171 0.21784883406 
0.390373 63.00783127357 0.21868838372 
0.390879 62.48671796481 0.21565309444 
0.391385 62.91728885736 0.22216621760 
0.391892 62.78865098560 0.21705271991 
0.392398 62.51233062947 0.22340536407 
0.392905 62.86786401520 0.22364917989 
0.393411 62.92279462580 0.21995274283 
0.393917 62.95609272192 0.22551561939 
0.394424 62.66677721992 0.22815247206 
0.394930 62.82904543858 0.22707446403 
0.395437 62.88893292228 0.22588170879 
0.395943 62.83620924414 0.22702328553 
0.396449 62.45938394586 0.44352625067 
0.396956 62.32469411781 0.22685283731 
0.397462 62.51296758051 0.23153841305 
0.397969 62.96384597619 0.23529740860 
0.398475 62.50411771705 0.22791052409 
0.398981 62.70248327732 0.23616325701 
0.399488 62.51469493368 0.23411629109 
0.399994 62.43775739293 0.23358614738 
0.400500 62.41045587785 0.23628160447 
0.401007 62.38207574542 0.23541633580 
0.401513 62.28221575003 0.24532408354 
0.402020 62.33301380484 0.24453007575 
0.402526 62.41278424832 0.24441496138 
0.403032 62.45248215917 0.24375551876 
0.403539 62.17876015598 0.25410227734 
0.404045 62.06418593276 0.24598426214 
0.404551 62.70959054888 0.26556114476 
0.405058 61.95298323082 0.26717436816 
0.405564 62.33837624950 0.26112261228 
0.406071 62.39452578295 0.25897443577 
0.406577 62.08958663376 0.26200838034 
0.407083 62.26573728854 0.25716548332 
0.407590 61.84561172404 0.26747447737 
0.408096 62.11956660403 0.27365926536 
0.408602 62.06790350814 0.27493382350 
0.409109 62.39503229458 0.25856689011 
0.409615 62.43704411371 0.27234950246 
0.410121 62.28512085103 0.26020560112 
0.410628 61.85404253501 0.26680165766 
0.411134 61.96075024230 0.26263363559 
0.411641 62.13497067979 0.26564725913 
0.412147 61.50650110776 0.27083259150 
0.412653 61.97104035907 0.26414134791 
0.413160 61.94616154038 0.26241023416 
0.413666 61.97671133721 0.26507580951 
0.414172 62.28449647244 0.27770884513 
0.414679 62.03460453470 0.27061771180 
0.415185 62.17156411151 0.28141170832 
0.415691 62.35912616026 0.26484560460 
0.416198 62.01058879320 0.27865983423 
0.416704 61.72506036686 0.28139831487 
0.417210 61.84787791645 0.28194520298 
0.417717 61.87013542041 0.29724224429 
0.418223 61.85813033996 0.27989271225 
0.418729 62.25866971557 0.28449310774 
0.419236 61.73908526477 0.28370070287 
0.419742 61.37036154705 0.26542764429 
0.420248 62.00932005587 0.27446957051 
0.420755 61.85242243376 0.27971681764 
0.421261 61.85120887481 0.28095926947 
0.421767 61.95853623250 0.28412455094 
0.422274 61.67900653600 0.27493735581 
0.422780 62.17629680154 0.27421325445 
0.423286 61.58266756089 0.28868519167 
0.423793 61.71490965584 0.29461617219 
0.424299 61.99395663256 0.29725876262 
0.424805 61.68545407096 0.29182986442 
0.425312 61.65335875616 0.29735359556 
0.425818 61.84152460614 0.28659400702 
0.426324 62.10558382143 0.30509710577 
0.426831 61.29048351002 0.28706496652 
0.427337 61.73281246814 0.31507407801 
0.427843 61.46954801978 0.30809135278 
0.428350 62.00506368456 0.30443464114 
0.428856 61.20879774130 0.31068421815 
0.429362 61.49305977631 0.30308318622 
0.429869 61.74519720768 0.31931912632 
0.430375 62.17322340867 0.31688743146 
0.430881 61.27890586113 0.32652123902 
0.431388 61.72234325257 0.31291918524 
0.431894 61.80626178089 0.31451662658 
0.432400 61.45920208761 0.32811206270 
0.432907 61.41614408929 0.31826295591 
0.433413 61.51467080172 0.34069812293 
0.433919 61.78037488254 0.34392304972 
0.434425 61.64259775442 0.32808004564 
0.434932 61.37069050730 0.33113627962 
0.435438 61.26991593047 0.36240611827 
0.435944 61.79622664161 0.34497885511 
0.436451 60.93277900804 0.33169739200 
0.436957 61.70724667004 0.36087626045 
0.437463 61.16299650589 0.33474693771 
0.437970 61.38680408527 0.35285910719 
0.438476 61.30360675398 0.37200908123 
0.438982 61.15301579058 0.36594783379 
0.439489 61.48180404900 0.38406599021 
0.439995 61.33607308614 0.36826156077 
0.440501 61.03286371151 0.37115298355 
0.441007 60.72895690592 0.36710751134 
0.441514 61.69395736394 0.40006934179 
0.442020 61.44404571731 0.38586022780 
0.442526 61.00839381614 0.38332221586 
0.443033 61.15874771343 0.40125258585 
0.443539 61.39100275031 0.41207695685 
0.444045 60.96878231683 0.40025316471 
0.444551 61.09525917763 0.40907326392 
0.445058 60.55052599534 0.41510790869 
0.445564 60.80623881537 0.39991749473 
0.446070 60.89817934319 0.42725038035 
0.446577 60.65236883157 0.43187097207 
0.447083 60.77056429342 0.45728003656 
0.447589 61.00162684129 0.46327239394 
0.448095 60.77480792263 0.45502056670 
0.448602 60.91143626751 0.45361260240 
0.449108 60.56356494527 0.48923569489 
0.449614 60.36872024099 0.46902300292 
0.450121 60.52578241847 0.48765437460 
0.450627 60.66509217252 0.49206864415 
0.451133 60.66130429374 0.52028521190 
0.451639 60.25893351799 0.51350201314 
0.452146 60.62859665306 0.54379816971 
0.452652 60.81406318650 0.54265218303 
0.453158 61.06796361766 0.56430056501 
0.453664 61.34319366628 0.58574031424 
0.454171 59.85102577924 0.55990322951 
0.454677 60.49953461710 0.55648174166 
0.455183 60.13311762128 0.59229565361 
0.455689 60.53927371781 0.61473531489 
0.456196 60.04171515709 0.64993538909 
0.456702 60.54474509096 0.64389970649 
0.457208 60.25103331925 0.69135269162 
0.457714 59.96357729197 0.75030506171 
0.458221 60.53214963288 0.74338917054 
0.458727 60.78829417251 0.79909766886 
0.459233 60.52557337775 0.83207555008 
0.459740 60.10891499997 0.85883830056 
0.460246 59.75195955239 0.90649768049 
0.460752 60.15980923002 0.95310666150 
0.461258 60.39717039154 1.05270165314 
0.461765 60.61433760416 1.09308767896 
0.462271 60.08412552852 1.05323998732 
0.462777 59.91831632029 1.20304950046 
0.463283 60.67848305820 1.27909023539 
0.463789 61.19576245427 1.34250897439 
0.464296 59.40686340455 1.33560679494 
0.464802 59.50640285253 1.33310483564 
0.465308 61.33030111182 1.54916659166 
0.465814 61.10007377409 1.67418822680 
0.466321 59.81700277204 1.73679528327 
0.466827 60.74984902089 1.84196984420 
0.467333 59.24067150978 1.96707437938 
0.467839 62.62839465779 2.00666776433 
0.468346 59.49045371793 2.34955959222 
0.468852 60.47373439578 2.54611160853 
0.469358 61.38174192114 3.05348768848 
0.469864 58.37123296359 2.74667388256 
0.470371 58.72067923357 3.78687673761 
0.470877 58.65399788235 4.49874889892 
0.471383 58.56152576923 5.50320712749 
0.471889 51.35923001102 6.65003482655 
0.472395 50.14411100888 5.38863013956 
0.472902 53.04525752635 12.67548042531 
