0.010896 1347.81646297445 12.42217525955 
0.011402 1203.87360430995 11.80226510549 
0.011909 1080.74758096399 9.87535455617 
0.012416 976.80451057661 9.85111504893 
0.012923 894.99952971316 8.18945534453 
0.013430 823.57450113612 11.13910073504 
0.013936 790.15262106549 8.93777518444 
0.014443 731.42712967044 7.10626181150 
0.014950 680.24105156181 6.54792050717 
0.015457 627.17278069358 5.41500144771 
0.015963 578.28572566310 4.85948011442 
0.016470 541.11841536097 4.18340246248 
0.016977 511.32840707791 3.82614971858 
0.017484 474.19572764811 3.14875860555 
0.017990 450.80841783569 3.05984296667 
0.018497 422.91100611485 2.79320314430 
0.019004 400.38695759151 2.35708323848 
0.019511 380.78911960563 2.15150934080 
0.020018 362.79565996462 2.20275415992 
0.020524 343.88179711146 1.75912517387 
0.021031 327.08807789446 1.97803625659 
0.021538 315.79093497815 1.60757323955 
0.022045 302.77692163196 1.63062336814 
0.022551 288.60896663253 1.48954673019 
0.023058 278.84499134762 1.52760347410 
0.023565 269.80620565995 1.55747489363 
0.024072 261.93030524606 1.77791319452 
0.024579 251.12174738016 1.74324561176 
0.025085 243.79447989382 2.16410324172 
0.025592 237.79218317144 2.13646430829 
0.026099 230.15829819918 2.09035344271 
0.026606 224.51292945217 1.66070261238 
0.027112 219.26228231654 1.73485395081 
0.027619 212.76776030701 1.55786678032 
0.028126 208.25090140766 1.60931492379 
0.028633 202.06439645409 1.31997852508 
0.029139 200.15423746817 1.13899980896 
0.029646 193.91091794325 1.20304406501 
0.030153 189.86820407219 1.20760184172 
0.030660 186.99748427241 1.07646192292 
0.031167 183.04295902160 0.92895667977 
0.031673 180.28990147432 0.97121016887 
0.032180 175.52030294005 0.88973768851 
0.032687 173.55912435508 0.93337584022 
0.033194 171.25597163310 0.80795349529 
0.033700 168.67065884735 0.81633334624 
0.034207 166.15223836193 0.74433238202 
0.034714 162.46940916570 0.80516712900 
0.035221 160.92959487990 0.73052663981 
0.035727 158.50157525884 0.73500565811 
0.036234 157.23507079708 0.68029826341 
0.036741 155.13662289700 0.67609509049 
0.037248 152.81672636954 0.64478892734 
0.037755 150.70768088622 0.61216693215 
0.038261 149.28446462103 0.62427544621 
0.038768 147.32797970868 0.61641628489 
0.039275 145.22926643914 0.61901142635 
0.039782 145.02878483465 0.57653241561 
0.040288 143.50283691511 0.57934839484 
0.040795 142.34992428777 0.56733900523 
0.041302 140.32604000926 0.56084414070 
0.041809 138.81914698382 0.54655738100 
0.042315 138.06889872985 0.53180337299 
0.042822 137.07137407490 0.54609355962 
0.043329 136.09837036484 0.52438160355 
0.043836 133.95964963380 0.51933320652 
0.044343 133.68067950825 0.51731073236 
0.044849 132.81320335215 0.50768106474 
0.045356 130.50078701497 0.51232299302 
0.045863 129.93723646125 0.49644813442 
0.046370 129.93095251350 0.50112215535 
0.046876 129.04453892373 0.47985961103 
0.047383 127.80920339114 0.50208428778 
0.047890 125.86287666716 0.47835570219 
0.048397 125.98942114175 0.47626015730 
0.048903 125.11809347970 0.48138088055 
0.049410 124.14248509735 0.47578848522 
0.049917 123.52099657996 0.48563962340 
0.050424 122.65726762756 0.47306590091 
0.050931 122.17841675532 0.46303023043 
0.051437 121.27218168223 0.44703089361 
0.051944 120.24560877943 0.42016804450 
0.052451 120.10590658394 0.44879125401 
0.052958 119.17842202020 0.44194367677 
0.053464 118.18717230720 0.45301118379 
0.053971 117.73224673502 0.44812723420 
0.054478 116.81331102383 0.44453588513 
0.054985 115.81993420466 0.43606284137 
0.055491 115.47703852784 0.43106724316 
0.055998 115.87603232928 0.42661246077 
0.056505 114.23551063119 0.43021235045 
0.057012 114.09085538870 0.43302476609 
0.057519 113.35101932042 0.43054785169 
0.058025 111.52910775823 0.41939329040 
0.058532 113.00746922499 0.42055274694 
0.059039 112.08970359235 0.41373445800 
0.059546 112.07498076382 0.42687536767 
0.060052 110.84921826696 0.40898610484 
0.060559 110.14589479624 0.39285584739 
0.061066 109.16050492873 0.40398876509 
0.061573 109.09850755362 0.40495515194 
0.062079 107.96286618211 0.40854966201 
0.062586 107.96718545493 0.38836222254 
0.063093 107.34401224009 0.39740715847 
0.063600 107.79510714196 0.38669924829 
0.064106 107.04188193784 0.39109969875 
0.064613 106.29135635227 0.38834910896 
0.065120 106.92067699819 0.38265285814 
0.065627 105.54916030067 0.38845038483 
0.066134 104.89317167953 0.38440191006 
0.066640 105.01371125978 0.37866852547 
0.067147 104.81500888634 0.39164249484 
0.067654 104.08840137154 0.36613275838 
0.068161 103.61754309363 0.34973029732 
0.068667 103.59342948647 0.36070171046 
0.069174 102.92088694053 0.37513278997 
0.069681 102.29461522530 0.36324680063 
0.070188 102.35629248569 0.36085439303 
0.070694 102.22693714144 0.35406173666 
0.071201 101.72868510928 0.36115815772 
0.071708 101.82187818792 0.35980411591 
0.072215 100.90770553415 0.34436719759 
0.072721 100.52723335146 0.34846513961 
0.073228 100.35599363844 0.33947008556 
0.073735 100.19494760977 0.34583440282 
0.074242 99.61317562886 0.35683727360 
0.074748 99.73190363470 0.34172161575 
0.075255 99.50508903597 0.34488280823 
0.075762 99.76584345397 0.33356006829 
0.076269 98.91265511232 0.35164274688 
0.076776 98.69177643955 0.33417511883 
0.077282 98.70867539499 0.33202746951 
0.077789 97.88448752534 0.32655247425 
0.078296 98.37362992263 0.31600063936 
0.078803 97.60775736178 0.33108967279 
0.079309 97.54679547238 0.32245443605 
0.079816 97.44993548537 0.33244833819 
0.080323 97.97497281655 0.32658343502 
0.080830 97.14363203029 0.32916143201 
0.081336 97.29725585726 0.33204729684 
0.081843 97.30833961704 0.32711020486 
0.082350 96.75156351200 0.33317537007 
0.082857 96.83437428747 0.33426614678 
0.083363 96.37752120888 0.34347451653 
0.083870 95.63039398542 0.33164970439 
0.084377 96.31974139798 0.33428307283 
0.084884 95.99925084574 0.33428904450 
0.085390 95.95825466081 0.32919527880 
0.085897 95.40319281101 0.32898451703 
0.086404 95.42920091968 0.33649366455 
0.086911 95.45609616931 0.32442859048 
0.087417 95.23309601268 0.33708614524 
0.087924 94.78699199193 0.33228195895 
0.088431 94.26119324729 0.33116955037 
0.088938 94.95864888862 0.33716904571 
0.089444 94.16549096709 0.32460671677 
0.089951 93.94714955674 0.33678224127 
0.090458 94.15205717571 0.33100933585 
0.090965 94.02809619310 0.32878335463 
0.091471 93.66911590629 0.31664979715 
0.091978 93.35566331904 0.32992459831 
0.092485 92.36761145042 0.34005928745 
0.092992 92.81675003444 0.34286819479 
0.093498 93.06939379477 0.33862079731 
0.094005 92.87565345797 0.32614928699 
0.094512 92.78912879339 0.32363215000 
0.095019 92.61003084513 0.33737328917 
0.095525 92.90151477748 0.32286332151 
0.096032 92.61865031517 0.32894962377 
0.096539 92.61984432522 0.33949878336 
0.097046 92.40364640536 0.32724808052 
0.097552 92.18995027288 0.32825098780 
0.098059 92.12614185150 0.32492679319 
0.098566 92.08525564495 0.32224738198 
0.099073 91.48927614787 0.33061097384 
0.099579 91.28731568304 0.31559635710 
0.100086 91.23140920130 0.32656552514 
0.100593 91.38522543291 0.32264912101 
0.101100 91.53684083465 0.31382997286 
0.101606 90.95451328024 0.29707558172 
0.102113 90.18327195918 0.30637280130 
0.102620 89.48343594408 0.29669518596 
0.103127 89.17850237787 0.29248744847 
0.103633 89.29161799892 0.29278467040 
0.104140 88.69689985120 0.30195085090 
0.104647 88.94143676066 0.30110171458 
0.105154 88.29375791568 0.31056524784 
0.105660 88.80804587975 0.29786779978 
0.106167 88.23493955383 0.29858835712 
0.106674 88.17608372077 0.30506911225 
0.107181 88.37721400057 0.30604002982 
0.107687 88.41619143921 0.30843460322 
0.108194 87.56074621851 0.30212972836 
0.108701 88.14352324374 0.29517269384 
0.109208 87.60372735834 0.28839700515 
0.109714 87.54851945328 0.28762517715 
0.110221 87.54374759449 0.29487500942 
0.110728 87.01171183948 0.28392952917 
0.111235 87.27039008537 0.28758672754 
0.111741 87.13713024455 0.27308302109 
0.112248 87.38846469437 0.28854984199 
0.112755 87.25085277184 0.29775351669 
0.113262 87.12973058319 0.29256237589 
0.113768 86.84994190180 0.27758602768 
0.114275 86.56330722404 0.28516205874 
0.114782 86.63900363246 0.28593060916 
0.115289 86.49821404746 0.27854830504 
0.115795 86.76862691571 0.28766657812 
0.116302 86.22789709274 0.26472321265 
0.116809 86.39298395197 0.27318354579 
0.117316 86.40384069840 0.26881469486 
0.117822 85.93401244839 0.27419786017 
0.118329 86.46834333836 0.27508650567 
0.118836 86.03723096821 0.27523746346 
0.119342 86.34413965338 0.26515352727 
0.119849 85.89286479183 0.26616806678 
0.120356 85.96988149313 0.26581437267 
0.120863 85.90773911777 0.26658390453 
0.121369 85.57465699474 0.26709917739 
0.121876 85.38321004055 0.26524138212 
0.122383 84.99201501591 0.25883566192 
0.122890 85.23702659614 0.27008454666 
0.123396 85.51873603366 0.25992730829 
0.123903 85.26298224461 0.26197526061 
0.124410 85.12911407406 0.26108291809 
0.124917 84.86357373183 0.26713065785 
0.125423 84.69335354193 0.26194196074 
0.125930 84.84018649119 0.25714250680 
0.126437 84.62555719358 0.26363100098 
0.126944 84.56449484545 0.25394210584 
0.127450 84.75059903668 0.25716990393 
0.127957 84.24094943887 0.25892577823 
0.128464 84.50181225680 0.25609294313 
0.128970 84.19210806418 0.25841924765 
0.129477 84.08773447899 0.25557299443 
0.129984 84.45597446651 0.25141513000 
0.130491 84.57329972093 0.25450151532 
0.130997 84.73988423877 0.25188401798 
0.131504 84.11150302565 0.25528420253 
0.132011 84.41591505592 0.25410348663 
0.132518 83.84754592638 0.24370521763 
0.133024 84.25357275705 0.25821290358 
0.133531 83.96889224929 0.24959223270 
0.134038 84.15199141627 0.24734270321 
0.134545 83.47084097532 0.24185620376 
0.135051 83.84473097146 0.25137828073 
0.135558 83.62843141980 0.24673130940 
0.136065 83.58725958200 0.25171803682 
0.136571 83.32654090869 0.24780714529 
0.137078 83.29297956677 0.24678078045 
0.137585 83.57012496543 0.24788935107 
0.138092 83.35205895350 0.24566414895 
0.138598 83.15937495390 0.24795228277 
0.139105 83.07841727344 0.24315846390 
0.139612 83.10720845573 0.24879303654 
0.140119 82.98292283401 0.24270242059 
0.140625 82.43549383034 0.23717693752 
0.141132 82.49259611018 0.23830102811 
0.141639 82.59480496961 0.24069166202 
0.142145 82.81671339615 0.23577547276 
0.142652 82.49913292606 0.23794455674 
0.143159 82.40576269276 0.24038239932 
0.143666 82.37864727698 0.23384429947 
0.144172 82.29003786462 0.24326930870 
0.144679 82.33340820213 0.24156263345 
0.145186 81.97001719795 0.24093929390 
0.145692 81.99515947320 0.24036364383 
0.146199 81.76336360266 0.23659418233 
0.146706 81.99124136647 0.23481369682 
0.147213 81.79845223343 0.23842511950 
0.147719 81.66261188757 0.23697189642 
0.148226 81.85078945110 0.24112738735 
0.148733 81.60535798937 0.24983461198 
0.149240 81.43059036299 0.24358915689 
0.149746 81.38871977841 0.24420053852 
0.150253 81.08068861260 0.24790351853 
0.150760 81.04939258598 0.23962766246 
0.151266 80.97335787030 0.24317641123 
0.151773 81.44604821887 0.24084405455 
0.152280 80.70460878134 0.24012474853 
0.152787 81.02389435042 0.23958095654 
0.153293 80.71322903260 0.23529625775 
0.153800 80.42984097181 0.23769955130 
0.154307 80.49237521597 0.23948969723 
0.154813 80.46894520685 0.24451091805 
0.155320 80.62291063188 0.23899817227 
0.155827 80.70688680674 0.23518111722 
0.156334 80.22707388347 0.23602648031 
0.156840 80.52211167672 0.23652079925 
0.157347 80.24995655640 0.23662942434 
0.157854 80.25251186332 0.23681888957 
0.158360 80.09730790832 0.23921664067 
0.158867 80.20576012484 0.23618523066 
0.159374 79.75265260745 0.23741085392 
0.159881 79.72494150427 0.23726812893 
0.160387 80.26620918843 0.23660162291 
0.160894 79.92530583161 0.23051854132 
0.161401 79.83030860725 0.23525754841 
0.161907 79.58397155142 0.23572329643 
0.162414 79.80219489258 0.23529523302 
0.162921 79.50912863279 0.23193155580 
0.163427 79.23252756031 0.23141391647 
0.163934 79.39436119036 0.22991331932 
0.164441 79.75397567697 0.22868490772 
0.164948 79.15928441132 0.22647107602 
0.165454 79.05266157558 0.23120232389 
0.165961 79.21568294355 0.23415838334 
0.166468 78.95115525564 0.22987157558 
0.166974 78.68563118532 0.22689249767 
0.167481 78.86365361036 0.22865477701 
0.167988 79.04310554815 0.22934803020 
0.168495 78.62206316993 0.22982880372 
0.169001 78.99120617227 0.22511608567 
0.169508 79.08506720549 0.23381453058 
0.170015 79.19557466105 0.23689143173 
0.170521 78.71875573983 0.23098040794 
0.171028 79.07318652098 0.23813035902 
0.171535 79.25355168212 0.23524683144 
0.172041 78.95068356527 0.23695103189 
0.172548 78.92115954690 0.23176604291 
0.173055 78.90097850250 0.23486994617 
0.173562 78.76086182384 0.23748196589 
0.174068 78.62682123399 0.23726409976 
0.174575 78.88008407707 0.23104905144 
0.175082 78.69609350843 0.23134768419 
0.175588 79.02074135113 0.23592462299 
0.176095 78.60424178980 0.24008094171 
0.176602 78.55290379356 0.23713152908 
0.177108 78.79103511010 0.23667341451 
0.177615 78.81761349755 0.24099627667 
0.178122 78.84064783578 0.23649704854 
0.178629 78.47339905852 0.24021438296 
0.179135 78.46585471081 0.24133592361 
0.179642 78.40323804947 0.23671078857 
0.180149 78.66038370726 0.24257151113 
0.180655 78.16369088929 0.23596834219 
0.181162 78.03221578486 0.23164733116 
0.181669 78.62969067460 0.23847657166 
0.182175 78.99642463414 0.24733863326 
0.182682 78.79503899013 0.24756373485 
0.183189 78.67108321515 0.24381748359 
0.183695 78.18128108868 0.24364110907 
0.184202 78.62519836414 0.24423639438 
0.184709 78.44407009846 0.23676656774 
0.185216 77.93490954151 0.23931051149 
0.185722 78.05086003821 0.24500743110 
0.186229 78.16095412191 0.24349266605 
0.186736 77.88506320623 0.24330009429 
0.187242 77.43664565005 0.24101662921 
0.187749 77.64121222073 0.24649160391 
0.188256 77.59100585227 0.24959069108 
0.188762 77.66627515993 0.24535787736 
0.189269 77.87677457359 0.24862164389 
0.189776 77.52494409252 0.24643738765 
0.190282 77.51737472018 0.24852110147 
0.190789 77.24282698806 0.24219666073 
0.191296 77.31441720453 0.24660724034 
0.191802 77.21673538456 0.24046510077 
0.192309 77.05487215900 0.23961839816 
0.192816 76.49803926759 0.24368446058 
0.193323 77.02152720094 0.23586498817 
0.193829 76.64454027700 0.23535001431 
0.194336 76.64490395333 0.23347563497 
0.194843 76.68569290084 0.23202884146 
0.195349 76.10246662449 0.23545109060 
0.195856 76.19104177968 0.23858912013 
0.196363 76.29859190950 0.22991571813 
0.196869 76.27552557463 0.23033662983 
0.197376 76.12872192883 0.22962076045 
0.197883 75.91487954983 0.22935310286 
0.198389 75.87867174597 0.22584568112 
0.198896 75.75493736516 0.22611857750 
0.199403 76.12874537223 0.22733215792 
0.199909 75.85503099859 0.22903162786 
0.200416 75.89713033831 0.22216197296 
0.200923 75.82865522305 0.22090619370 
0.201429 75.82400294516 0.22343577427 
0.201936 75.80783681336 0.21669172215 
0.202443 75.39362599224 0.22184495645 
0.202949 75.42141147306 0.22374456798 
0.203456 75.73481532971 0.22205078889 
0.203963 75.35823334674 0.21746866764 
0.204469 75.42921880573 0.21536444082 
0.204976 75.39769779998 0.21560660289 
0.205483 75.26755121964 0.21327143358 
0.205989 75.52228767672 0.22074673588 
0.206496 75.27744863531 0.21596972334 
0.207003 75.52295931963 0.21360208725 
0.207509 75.11485879339 0.21299775448 
0.208016 75.25085747762 0.21428845923 
0.208523 75.30331435122 0.21501111472 
0.209029 74.80621823790 0.21037297513 
0.209536 74.83503295058 0.21285528270 
0.210043 75.20595717405 0.21283735596 
0.210549 75.46886125520 0.20827977971 
0.211056 74.97329638424 0.20963319847 
0.211563 74.89284078926 0.20582754856 
0.212069 74.77707871238 0.20810021153 
0.212576 74.87480629593 0.20976244456 
0.213083 74.94088763827 0.20684187036 
0.213589 74.92371663470 0.20831978369 
0.214096 74.79719148067 0.20818576618 
0.214603 74.47983748155 0.21156047786 
0.215109 74.91745957968 0.20503427527 
0.215616 74.66442638731 0.20882476583 
0.216123 74.34147330321 0.20214243311 
0.216629 74.18770846519 0.20874737720 
0.217136 74.16201030996 0.20674418989 
0.217643 74.43926545072 0.20824798247 
0.218149 74.20175263783 0.20745236077 
0.218656 74.02345832751 0.21225396090 
0.219163 74.23374859880 0.20694942592 
0.219669 73.83737783987 0.20833796482 
0.220176 73.93894836463 0.20046653305 
0.220683 73.92936048643 0.20520909735 
0.221189 73.78746164526 0.20350716749 
0.221696 73.87149305617 0.20768288590 
0.222203 73.99438707865 0.20383387454 
0.222709 73.73307834340 0.20396144314 
0.223216 73.82963454984 0.19930977841 
0.223722 73.87947135057 0.20380730357 
0.224229 73.64672745400 0.20574002000 
0.224736 73.57778351635 0.20466666707 
0.225242 73.29239778847 0.20575326352 
0.225749 73.34954932748 0.20255997509 
0.226256 73.36913108529 0.20274170823 
0.226762 73.72198088292 0.20277871233 
0.227269 73.53113140806 0.20362026204 
0.227776 73.48194688961 0.20382224017 
0.228282 73.21208889705 0.20418256283 
0.228789 73.04575833745 0.19963191758 
0.229296 73.11132525625 0.19987764876 
0.229802 72.97574751987 0.20260405553 
0.230309 73.28792199881 0.20523650515 
0.230816 72.97422743837 0.20035892170 
0.231322 72.96583360459 0.20052764253 
0.231829 72.96928297348 0.20035855760 
0.232335 73.06137486118 0.20094500532 
0.232842 73.12442976399 0.19866327562 
0.233349 72.51019133804 0.19932299559 
0.233855 72.69474818428 0.19980938750 
0.234362 72.76920482251 0.19689759859 
0.234869 72.74337638734 0.20086372427 
0.235375 72.61770154147 0.19498600285 
0.235882 72.38263545441 0.20230460051 
0.236389 72.78073227651 0.19922698541 
0.236895 72.57088115383 0.20102354145 
0.237402 72.47081841729 0.20113573075 
0.237908 72.43072762520 0.19778027166 
0.238415 72.23940620873 0.19764967102 
0.238922 72.33611953268 0.19887403534 
0.239428 72.13508334585 0.20317102243 
0.239935 72.35079688100 0.19906647023 
0.240442 72.08671432014 0.19726846421 
0.240948 72.07445629911 0.19886207855 
0.241455 72.09827714973 0.20038201931 
0.241962 71.94383611511 0.19515022890 
0.242468 71.82696865242 0.19919057949 
0.242975 71.86423502564 0.19656632915 
0.243481 71.79755309999 0.19716599147 
0.243988 71.93591051792 0.20234858264 
0.244495 71.71876052266 0.20009384388 
0.245001 71.50574333551 0.19655780651 
0.245508 71.38272514511 0.19803553450 
0.246015 71.82262083386 0.19848939908 
0.246521 71.52406582123 0.19395004591 
0.247028 71.71199426535 0.20034958321 
0.247534 71.28543059756 0.19967622038 
0.248041 71.36822363783 0.19918866952 
0.248548 71.43001352987 0.19923101620 
0.249054 71.52598639240 0.19612422078 
0.249561 71.13995112575 0.19575476496 
0.250068 71.33812013495 0.19637081547 
0.250574 71.33508912225 0.19889145728 
0.251081 71.24289293676 0.19671436274 
0.251587 71.25796869250 0.19418699949 
0.252094 70.96376203248 0.19638337579 
0.252601 71.24689867954 0.19735366657 
0.253107 71.19537728761 0.19966530526 
0.253614 70.98012296762 0.19423715773 
0.254120 71.06228794883 0.19570952784 
0.254627 70.71560929335 0.19478778803 
0.255134 70.97816072693 0.19566914794 
0.255640 71.22864984107 0.19913038924 
0.256147 71.00481876232 0.19735397445 
0.256654 70.82389916538 0.19497044583 
0.257160 70.99916046586 0.19542231681 
0.257667 71.36285263492 0.19295246618 
0.258173 71.07954704142 0.19631033941 
0.258680 71.47725557093 0.19574331690 
0.259187 71.30792138728 0.19265371889 
0.259693 71.47204661139 0.19581210426 
0.260200 71.56129421901 0.19549373248 
0.260706 71.49508293009 0.19352774942 
0.261213 71.81793465657 0.19507834368 
0.261720 71.61114673407 0.19532414432 
0.262226 71.52373562066 0.19196877574 
0.262733 71.40920897376 0.19266786487 
0.263239 71.47990648008 0.19590055046 
0.263746 71.80916281521 0.19383973574 
0.264253 71.15629438349 0.19204236663 
0.264759 71.60969149249 0.19111654303 
0.265266 71.63058301272 0.19465287604 
0.265772 71.58039388497 0.18779683128 
0.266279 71.67524667967 0.18984319422 
0.266786 71.79971216869 0.19320148615 
0.267292 71.65127624634 0.19136861239 
0.267799 71.63144205832 0.19129778095 
0.268305 71.44922993975 0.19153015988 
0.268812 71.63276011475 0.19335282757 
0.269319 71.91938192124 0.19149284006 
0.269825 71.68463301389 0.18626289725 
0.270332 71.80058662215 0.19257091001 
0.270838 71.76061817099 0.18770299006 
0.271345 71.82323592057 0.18910929372 
0.271852 72.07515533502 0.19183698758 
0.272358 72.07264844366 0.19339212602 
0.272865 72.04578246861 0.18949298921 
0.273371 72.12382161558 0.19522600719 
0.273878 72.06318758725 0.19320360466 
0.274385 72.29172703717 0.18980053702 
0.274891 72.25523493556 0.18523929518 
0.275398 72.30835296276 0.18838708782 
0.275904 72.21424579561 0.18943636896 
0.276411 72.22336036041 0.18475055128 
0.276917 72.01487412705 0.18575144860 
0.277424 72.67719214026 0.18964537500 
0.277931 72.31491471394 0.18692454497 
0.278437 72.21915892911 0.18411577766 
0.278944 72.14655390339 0.18287696821 
0.279450 72.18788167339 0.18157058564 
0.279957 72.03835802136 0.18466801043 
0.280464 72.36455373314 0.18058728496 
0.280970 71.99963807082 0.17856467521 
0.281477 72.31875281535 0.18002075918 
0.281983 71.84926994587 0.18047837543 
0.282490 71.92217842529 0.18109618082 
0.282996 71.86117447193 0.17901829342 
0.283503 72.11081287259 0.18137290716 
0.284010 72.13921687022 0.17922362715 
0.284516 71.92408269419 0.17785987875 
0.285023 71.82731560644 0.17741024357 
0.285529 71.76650930278 0.17444057146 
0.286036 71.42085183289 0.17502646742 
0.286542 71.62847639402 0.17170496362 
0.287049 71.68231483920 0.17609826597 
0.287556 71.57603230026 0.17314122836 
0.288062 71.42016233683 0.17286614779 
0.288569 71.49131692200 0.17150047160 
0.289075 71.56025113292 0.17302057427 
0.289582 71.51985728971 0.17117201427 
0.290088 71.19293814398 0.17265439207 
0.290595 71.23475157757 0.16976025840 
0.291102 71.22199452169 0.16895416290 
0.291608 71.18555441362 0.16920020177 
0.292115 71.16845980282 0.16781887054 
0.292621 71.24339749187 0.16700146981 
0.293128 71.03658749806 0.16660892514 
0.293634 71.21238070465 0.16769407749 
0.294141 71.23114726840 0.16503233022 
0.294647 71.13010593780 0.16721207796 
0.295154 71.00673749380 0.16311000680 
0.295661 70.89529308179 0.16235511376 
0.296167 70.81866563540 0.16373696763 
0.296674 70.67609155314 0.16658654831 
0.297180 70.77509090319 0.16753195628 
0.297687 70.64391652709 0.16472877835 
0.298193 70.79267256848 0.16463256698 
0.298700 70.72816492228 0.16218212076 
0.299207 70.45098916299 0.16144899721 
0.299713 70.67617129797 0.16419990715 
0.300220 70.24182740901 0.16144171382 
0.300726 70.41900408264 0.16223799150 
0.301233 70.55657544520 0.16439888492 
0.301739 70.32726086526 0.16328957171 
0.302246 70.44831841385 0.16138858757 
0.302752 70.16328388688 0.16236044234 
0.303259 70.21892733611 0.16118210612 
0.303765 70.34533082235 0.16064333596 
0.304272 70.06513186570 0.16177850269 
0.304779 70.23250882790 0.16033122348 
0.305285 70.10278145407 0.16101832745 
0.305792 69.92490523614 0.16130964427 
0.306298 70.15858484744 0.16114296376 
0.306805 70.18299692322 0.16088071942 
0.307311 69.79076744220 0.16136885530 
0.307818 69.74634357343 0.15933238826 
0.308324 69.66373937147 0.15686180679 
0.308831 69.58993875921 0.15648127582 
0.309337 69.46633672152 0.15596281914 
0.309844 69.45771495339 0.15390586332 
0.310350 69.34757020630 0.15282753894 
0.310857 68.94648106175 0.15153734645 
0.311364 68.44466352305 0.15124038025 
0.311870 68.29081479183 0.14986414531 
0.312377 68.20144369290 0.14694128309 
0.312883 68.04209466976 0.14724368489 
0.313390 67.78879536759 0.14811752427 
0.313896 68.02923113178 0.14655277045 
0.314403 67.92323770038 0.14744790357 
0.314909 67.34909023253 0.14507829992 
0.315416 67.50684809516 0.14292055961 
0.315922 67.52188836796 0.14437111027 
0.316429 67.17819743901 0.14454953772 
0.316935 67.16703523818 0.14440841300 
0.317442 67.18517142793 0.14293403615 
0.317948 67.06621438348 0.14051781780 
0.318455 67.11735763638 0.13861165104 
0.318961 66.96466240876 0.13981067768 
0.319468 66.76852284642 0.14231125648 
0.319975 66.71881163508 0.14374345153 
0.320481 66.69043010946 0.14292403638 
0.320988 66.49858948663 0.14148283965 
0.321494 66.65061046471 0.14005088732 
0.322001 66.84352351080 0.15577654566 
0.322507 66.62032719595 0.14182403037 
0.323014 66.70297550274 0.14081093545 
0.323520 66.33567452485 0.14144077173 
0.324027 66.53034487690 0.14169341392 
0.324533 66.42876640699 0.14144850633 
0.325040 66.53392878936 0.13899443397 
0.325546 66.29329005735 0.14322674975 
0.326053 66.44586511059 0.14113801797 
0.326559 66.20782789977 0.13836389253 
0.327066 66.09164924255 0.13684017812 
0.327572 66.25278654368 0.13827320326 
0.328079 66.11104773246 0.14127240139 
0.328585 66.37180067387 0.13896209435 
0.329092 66.20529437613 0.13707476424 
0.329598 65.95062886831 0.13859557714 
0.330105 66.02450391199 0.14120737141 
0.330611 66.31780945068 0.13950147715 
0.331118 65.66079742341 0.13653303969 
0.331624 65.98476390493 0.13894832700 
0.332131 65.86364046106 0.13764805065 
0.332637 66.03756708793 0.14123123899 
0.333144 65.61446546366 0.14028515362 
0.333650 65.79595288645 0.13673618345 
0.334157 65.93379027970 0.14022487128 
0.334663 65.64208522512 0.13962438387 
0.335170 65.55034559103 0.13672131411 
0.335676 65.71907750380 0.13573079864 
0.336183 65.69622113810 0.13713788924 
0.336689 65.57354026293 0.13669074810 
0.337196 65.62976685297 0.13918898125 
0.337702 65.51411085009 0.14024295570 
0.338209 65.39274471229 0.13799255402 
0.338715 65.39739467241 0.13975535179 
0.339222 65.62389555521 0.14138244755 
0.339728 65.33675344932 0.13793003356 
0.340235 65.39868222565 0.20285201980 
0.340741 65.43340455659 0.13861041366 
0.341248 65.39562378604 0.13634105184 
0.341754 65.16963316779 0.13737621632 
0.342261 65.29483706324 0.14267881064 
0.342767 65.29595219672 0.14263902538 
0.343274 65.11202825708 0.14014455171 
0.343780 64.99199702110 0.14132525231 
0.344287 65.05490681378 0.13924068308 
0.344793 65.18327488574 0.13812811660 
0.345300 65.17706198072 0.14162603527 
0.345806 65.06743214550 0.14140050327 
0.346313 65.15886632477 0.14157394499 
0.346819 64.90246266949 0.14476781806 
0.347325 65.05069003902 0.14420989091 
0.347832 64.90502742682 0.14424140483 
0.348338 65.24886107657 0.14599413894 
0.348845 64.77482428651 0.14615235473 
0.349351 64.49286012024 0.14934814327 
0.349858 64.62284935772 0.14837729987 
0.350364 64.69476570573 0.14724953144 
0.350871 64.47357079465 0.14655853992 
0.351377 64.45517780058 0.14727360339 
0.351884 64.50266622833 0.14945084965 
0.352390 64.68037283158 0.15004407321 
0.352897 64.41175773648 0.15044445934 
0.353403 64.41056151028 0.14453447306 
0.353910 64.33549787641 0.14330915328 
0.354416 64.23012957383 0.15203143398 
0.354923 64.30235021855 0.15122764315 
0.355429 64.40830301314 0.15201696156 
0.355935 64.19256903867 0.14935084415 
0.356442 64.09810104444 0.15358638688 
0.356948 64.05786309142 0.15230672734 
0.357455 63.72859158381 0.15676138074 
0.357961 63.78883504678 0.15702532429 
0.358468 64.12012169786 0.15424457587 
0.358974 63.78186156135 0.22158090269 
0.359481 63.75906938979 0.20292251269 
0.359987 63.97479115225 0.20016005315 
0.360494 63.69620860121 0.19151862914 
0.361000 63.86399988267 0.18793613878 
0.361506 63.94698117197 0.18604553313 
0.362013 63.95611827137 0.18953601018 
0.362519 63.69959353726 0.18431735159 
0.363026 64.08492146709 0.18405021517 
0.363532 63.47303848749 0.18962112361 
0.364039 63.75289658991 0.18098796326 
0.364545 63.56375937668 0.17993974804 
0.365052 63.82388254642 0.18292147514 
0.365558 63.92011135326 0.18008256257 
0.366064 63.54415666565 0.18188427606 
0.366571 63.63256665725 0.18541623601 
0.367077 63.75811167587 0.19116071304 
0.367584 63.49056935055 0.18745145650 
0.368090 63.75455731319 0.18491831425 
0.368597 63.72455822236 0.18569058888 
0.369103 63.57728445797 0.18547264487 
0.369610 63.57499365749 0.18850977267 
0.370116 63.59677578349 0.18740630133 
0.370622 63.30185881801 0.19006991539 
0.371129 63.46159793534 0.19408928451 
0.371635 63.57216619537 0.19244405332 
0.372142 63.68696887034 0.18868190053 
0.372648 63.38638956209 0.19108665137 
0.373155 63.41272064353 0.19472265453 
0.373661 63.40745342346 0.19358782025 
0.374167 63.65187152511 0.19454059474 
0.374674 63.46352765794 0.19808055826 
0.375180 63.40408003151 0.19382532464 
0.375687 63.25513431645 0.19617961246 
0.376193 63.61557957587 0.20066672224 
0.376700 63.34959378098 0.20081850003 
0.377206 63.41145798960 0.20623033150 
0.377712 63.55620115512 0.20295779619 
0.378219 63.31752599539 0.20104547676 
0.378725 62.99011165689 0.20237547902 
0.379232 63.43336667918 0.21123480836 
0.379738 63.10144251286 0.20096232040 
0.380245 63.40981802605 0.20428484183 
0.380751 63.18904118091 0.20442295744 
0.381257 63.37496492373 0.20959543636 
0.381764 62.87841541781 0.20856925065 
0.382270 63.16192644020 0.20872263443 
0.382777 62.82865249716 0.20859195880 
0.383283 63.57749345983 0.21015507247 
0.383789 63.04591115616 0.20848663018 
0.384296 63.17872804056 0.21411678129 
0.384802 62.91999507362 0.21431488506 
0.385309 62.96260984219 0.21513074235 
0.385815 63.01747995134 0.21042567284 
0.386321 62.88874171390 0.20840879830 
0.386828 63.00185671709 0.21418014381 
0.387334 62.75853494781 0.21447984657 
0.387841 62.78247288762 0.21331100264 
0.388347 62.98321750081 0.21331179399 
0.388853 62.68966174264 0.20985125544 
0.389360 62.73952924317 0.21626009013 
0.389866 62.91602693958 0.21489523990 
0.390373 62.95731533675 0.21396417641 
0.390879 62.56349643848 0.21398915110 
0.391385 62.61215788889 0.21557698662 
0.391892 62.80580440060 0.21809732235 
0.392398 62.93050434599 0.22089810854 
0.392905 62.58174084402 0.22342616477 
0.393411 62.88511535386 0.22568132498 
0.393917 62.75134061528 0.21943351459 
0.394424 62.86913034697 0.22743065736 
0.394930 62.21422769735 0.22539656843 
0.395437 62.92059747163 0.22004680451 
0.395943 62.39257587903 0.22126371770 
0.396449 63.00258332593 0.34621502830 
0.396956 62.77281960959 0.23132348612 
0.397462 62.70474240049 0.22653888375 
0.397969 62.53202560682 0.23686628793 
0.398475 62.57510632368 0.23030258936 
0.398981 62.69297274927 0.23676315467 
0.399488 62.26201945970 0.23209338722 
0.399994 62.39719641198 0.24244900848 
0.400500 62.42189347891 0.24570085062 
0.401007 62.36313100078 0.23812120147 
0.401513 62.45963312174 0.24300030108 
0.402020 62.16103995150 0.24479800904 
0.402526 62.81748610721 0.24968169481 
0.403032 62.44318240314 0.24561814524 
0.403539 62.44962114849 0.25185480291 
0.404045 62.08346677991 0.24536966809 
0.404551 62.51932455113 0.27154273019 
0.405058 61.94821011671 0.26432076735 
0.405564 62.25666513453 0.26062081338 
0.406071 62.03033883864 0.25285818534 
0.406577 62.46585021551 0.25883250513 
0.407083 61.92617923534 0.26831693468 
0.407590 62.48793510633 0.26833882202 
0.408096 62.48309996566 0.26968647355 
0.408602 62.51251991079 0.26953155670 
0.409109 62.30029163824 0.26195380840 
0.409615 62.44203886269 0.26010308397 
0.410121 62.26709953853 0.27007824378 
0.410628 62.17261695706 0.26492168534 
0.411134 61.88448686127 0.26289544525 
0.411641 62.07541320416 0.26911109386 
0.412147 61.98648460669 0.26044931340 
0.412653 62.14779727224 0.27482870684 
0.413160 62.17238745417 0.25629578767 
0.413666 62.47144322435 0.26189589920 
0.414172 62.07076549931 0.28507679395 
0.414679 62.00944347044 0.26397764592 
0.415185 61.79169125132 0.28842280268 
0.415691 62.03353252222 0.26624367344 
0.416198 61.48789719782 0.27405454361 
0.416704 61.99038765543 0.27725079297 
0.417210 62.64108863503 0.28617790812 
0.417717 62.22609667452 0.28910056746 
0.418223 61.97216217346 0.27959331982 
0.418729 61.64049394157 0.28550556744 
0.419236 61.80954470014 0.28652079577 
0.419742 61.52146110786 0.27930816040 
0.420248 62.34287198834 0.28017044302 
0.420755 61.92121009165 0.27412726848 
0.421261 61.90400591979 0.27926196349 
0.421767 62.08423189684 0.28172435089 
0.422274 61.71025557563 0.27847489452 
0.422780 62.02708038586 0.28066977450 
0.423286 61.40983356198 0.28079678966 
0.423793 61.74850759692 0.28347891530 
0.424299 61.85337728788 0.29614044822 
0.424805 61.97419283055 0.29166092752 
0.425312 61.23004282845 0.29167885137 
0.425818 62.37649667275 0.29064469768 
0.426324 62.03757188934 0.30199041112 
0.426831 61.56978049628 0.29887857188 
0.427337 61.72159691528 0.30947673496 
0.427843 61.48562259671 0.29356549416 
0.428350 61.45047689525 0.30323321741 
0.428856 61.09174912054 0.29008997922 
0.429362 61.62576449107 0.30544417533 
0.429869 61.86476048526 0.31697158975 
0.430375 61.91134701651 0.31631066660 
0.430881 62.11052038378 0.31291997338 
0.431388 61.45976299090 0.31070396142 
0.431894 61.70737953349 0.30960825966 
0.432400 61.13188647856 0.31387796216 
0.432907 61.40232654746 0.31512842793 
0.433413 61.62294402651 0.34175001394 
0.433919 61.23845440626 0.32787172667 
0.434425 61.42134752355 0.34026534776 
0.434932 61.28274938184 0.32604802213 
0.435438 61.59692856390 0.36310347141 
0.435944 61.07814597213 0.33074473918 
0.436451 61.44957302391 0.33797155926 
0.436957 61.48632322644 0.35949815431 
0.437463 61.63180290627 0.35180218295 
0.437970 61.15158475582 0.35328188685 
0.438476 61.16551564730 0.35559156482 
0.438982 61.48908677388 0.36406221764 
0.439489 61.02721748784 0.36750566162 
0.439995 61.47306997977 0.36130393028 
0.440501 60.56243701759 0.37619200419 
0.441007 60.83131474772 0.38228275599 
0.441514 60.50957799534 0.39791848331 
0.442020 61.27356089934 0.39465222019 
0.442526 61.32917307379 0.39459263091 
0.443033 60.87768578991 0.39726705722 
0.443539 61.89854280161 0.40693071162 
0.444045 61.01585369694 0.40891820535 
0.444551 60.40866449600 0.42793567471 
0.445058 60.84434390101 0.42347175545 
0.445564 61.08478695686 0.43917805512 
0.446070 61.30315635985 0.44686699234 
0.446577 60.61977280971 0.43734242377 
0.447083 61.04825415105 0.47002751778 
0.447589 60.78906201667 0.44765800308 
0.448095 61.02310213143 0.46360783369 
0.448602 60.51330572915 0.46177820394 
0.449108 61.28749247664 0.48268484796 
0.449614 61.07177758517 0.48906282792 
0.450121 60.83294792646 0.49424808196 
0.450627 60.70312899098 0.49238775958 
0.451133 60.66158834889 0.50268676685 
0.451639 60.77079036648 0.52503947115 
0.452146 61.05879111005 0.55095877023 
0.452652 60.50614829504 0.53174592651 
0.453158 61.06353138192 0.55275687963 
0.453664 60.00325136295 0.58686520350 
0.454171 60.69136899694 0.57500968220 
0.454677 59.91760441726 0.59912485510 
0.455183 60.11736697155 0.60675264301 
0.455689 59.55378862305 0.62400009378 
0.456196 60.04979163086 0.65600908166 
0.456702 59.64032848152 0.63134401457 
0.457208 59.74492308517 0.66728970114 
0.457714 59.91691741330 0.74196938985 
0.458221 60.46571540275 0.77673737601 
0.458727 60.43380387634 0.78764872329 
0.459233 59.75694486051 0.81679835768 
0.459740 59.59859539339 0.88401731004 
0.460246 59.28473623122 0.90420256232 
0.460752 60.15949609246 0.98843892610 
0.461258 59.23605001066 0.99033442126 
0.461765 59.24397572205 1.10573017549 
0.462271 60.28452504851 1.08353638037 
0.462777 61.82750785246 1.21750406834 
0.463283 59.59141495908 1.24435674822 
0.463789 59.77195155806 1.34583188225 
0.464296 59.71263164502 1.33873543921 
0.464802 58.10777479355 1.33926585184 
0.465308 58.38245459659 1.46510554504 
0.465814 60.17476552184 1.60206872350 
0.466321 58.63532546035 1.67540043848 
0.466827 60.12949778413 1.85829727070 
0.467333 59.11884197912 1.90748475985 
0.467839 59.09620666137 1.97375519765 
0.468346 57.80308739884 2.36238311316 
0.468852 60.10284236449 2.61690159594 
0.469358 58.96602501570 2.87278082852 
0.469864 59.12431017152 2.91806189061 
0.470371 56.08167554254 3.58662426007 
0.470877 58.00558696523 4.27746728136 
0.471383 58.34916761824 5.46559691056 
0.471889 54.08451073301 7.17760310751 
0.472395 57.54187323215 6.61221569784 
0.472902 54.36688994405 13.15511086076 
